2 0.6648363095238095 0.3068518518518518 0.0302281746031746 0.03427910052910053
1 0.5820362103174603 0.3459589947089947 0.028769841269841268 0.036904761904761905
1 0.7239087301587303 0.34208333333333335 0.024241071428571428 0.03191468253968254
1 0.1821527777777778 0.6620568783068783 0.022393353174603177 0.029494047619047618
2 0.668266369047619 0.27101190476190473 0.0275 0.033687169312169314
1 0.7075272817460317 0.4053339947089947 0.024399801587301585 0.029011243386243387
1 0.6751066468253969 0.3680555555555556 0.0233234126984127 0.029596560846560847
2 0.18881944444444446 0.37679232804232804 0.023350694444444445 0.029160052910052914
1 0.7101041666666666 0.6607109788359788 0.0218328373015873 0.025625
1 0.7112078373015873 0.3198743386243386 0.02395833333333333 0.029381613756613755
1 0.3775099206349206 0.6674636243386244 0.019595734126984128 0.0261739417989418
2 0.254734623015873 0.48380291005291004 0.020381944444444446 0.024699074074074075
1 0.6476016865079365 0.36765873015873013 0.023442460317460317 0.031259920634920633
1 0.20515873015873018 0.36059523809523814 0.021810515873015874 0.02518187830687831
2 0.301609623015873 0.4819940476190476 0.020044642857142855 0.024080687830687827
2 0.14915178571428572 0.3881084656084656 0.021986607142857145 0.023852513227513226
2 0.09193948412698412 0.9310648148148148 0.02757936507936508 0.02954695767195767
1 0.5440897817460317 0.37383597883597885 0.021812996031746034 0.033167989417989416
2 0.6967832341269841 0.2038260582010582 0.02027281746031746 0.0345734126984127
1 0.5922271825396825 0.452175925925926 0.024231150793650794 0.03220899470899471
1 0.23034474206349206 0.7058928571428571 0.018343253968253967 0.017824074074074072
1 0.6736111111111112 0.45799603174603176 0.021359126984126984 0.023373015873015875
2 0.4664781746031746 0.4993320105820106 0.01913938492063492 0.023551587301587303
1 0.1591344246031746 0.3624603174603174 0.02066964285714286 0.0259755291005291
2 0.25792410714285713 0.853938492063492 0.017415674603174603 0.023174603174603174
2 0.6473189484126983 0.27975198412698415 0.024928075396825396 0.038528439153439155
1 0.7528397817460317 0.4211011904761905 0.018018353174603177 0.024173280423280423
2 0.2426364087301587 0.8387830687830687 0.016001984126984125 0.023733465608465606
2 0.16113095238095237 0.4300628306878307 0.02136160714285714 0.025671296296296296
1 0.6714186507936507 0.5899140211640211 0.018769841269841273 0.02091600529100529
2 0.37294642857142857 0.2240839947089947 0.018258928571428572 0.023339947089947088
1 0.3665625 0.8888888888888888 0.022197420634920636 0.03395502645502646
1 0.7632043650793651 0.5 0.01972222222222222 0.023776455026455028
2 0.30774057539682537 0.2243716931216931 0.02141369047619048 0.02476190476190476
2 0.2956175595238095 0.33498015873015874 0.013774801587301587 0.02119378306878307
1 0.689327876984127 0.5212367724867725 0.017822420634920635 0.023154761904761904
1 0.3185590277777778 0.8195105820105819 0.014918154761904761 0.028346560846560846
2 0.10484623015873017 0.9885019841269841 0.026693948412698412 0.022992724867724867
2 0.2275421626984127 0.20271825396825396 0.019878472222222224 0.024566798941798945
2 0.2927058531746032 0.23794973544973544 0.01890625 0.026908068783068784
2 0.6822916666666666 0.6894146825396825 0.017728174603174603 0.017916666666666668
1 0.208687996031746 0.4946064814814815 0.01716517857142857 0.01716931216931217
1 0.1370858134920635 0.5615112433862434 0.0189484126984127 0.020866402116402116
2 0.6191666666666666 0.37981481481481477 0.022683531746031743 0.026964285714285715
2 0.18729166666666666 0.8607771164021163 0.021354166666666664 0.028048941798941796
2 0.28458829365079363 0.47824404761904765 0.019469246031746032 0.023435846560846563
1 0.5258705357142857 0.4527612433862434 0.026247519841269842 0.03027116402116402
2 0.23837797619047618 0.8513988095238095 0.016567460317460318 0.019173280423280422
2 0.5816641865079365 0.37617394179894176 0.02232886904761905 0.0271494708994709
2 0.4552405753968254 0.932228835978836 0.020905257936507937 0.028660714285714286
2 0.5996130952380953 0.8935019841269841 0.018268849206349205 0.02629298941798942
2 0.6734325396825397 0.7706779100529101 0.01736607142857143 0.02005952380952381
2 0.7955654761904761 0.7064748677248678 0.015959821428571427 0.018978174603174604
1 0.6490575396825397 0.3884920634920635 0.022472718253968255 0.023151455026455027
1 0.6727901785714285 0.38581679894179893 0.02088293650793651 0.020856481481481483
2 0.6539781746031746 0.30648148148148147 0.021200396825396827 0.026577380952380953
1 0.7432366071428571 0.28432870370370367 0.02277529761904762 0.02814484126984127
1 0.7868625992063493 0.35692791005291 0.016378968253968257 0.018895502645502646
1 0.7730605158730158 0.4561772486772487 0.018928571428571427 0.022414021164021164
1 0.7513244047619048 0.48196428571428573 0.015912698412698413 0.02078042328042328
1 0.7391542658730159 0.4676421957671958 0.017395833333333333 0.024166666666666666
1 0.7812028769841269 0.5156845238095238 0.01556547619047619 0.021074735449735447
1 0.7944518849206349 0.5090244708994709 0.01566220238095238 0.02118716931216931
2 0.30991071428571426 0.24116071428571428 0.01763392857142857 0.02199404761904762
2 0.24612103174603175 0.20264219576719575 0.019749503968253968 0.024014550264550266
2 0.28278521825396824 0.3237334656084656 0.01989583333333333 0.024897486772486776
2 0.2755133928571428 0.3474007936507936 0.019238591269841267 0.022840608465608463
2 0.1775545634920635 0.4284391534391534 0.016587301587301585 0.02476851851851852
2 0.18250744047619047 0.4420701058201058 0.01990575396825397 0.022433862433862434
1 0.1921329365079365 0.4822883597883598 0.015307539682539683 0.019560185185185184
1 0.16770833333333335 0.45485449735449734 0.0175421626984127 0.023068783068783072
1 0.20204117063492064 0.4576917989417989 0.018695436507936508 0.023475529100529097
1 0.2306969246031746 0.5068716931216931 0.016721230158730158 0.023111772486772486
1 0.29550843253968256 0.5010615079365079 0.021369047619047617 0.02243716931216931
1 0.35168154761904763 0.48867724867724865 0.021512896825396824 0.02625330687830688
1 0.35330357142857144 0.4565443121693121 0.021765873015873016 0.027668650793650794
1 0.3745758928571428 0.4304100529100529 0.020729166666666667 0.02722222222222222
1 0.25944940476190476 0.41944775132275136 0.02246775793650794 0.027063492063492064
1 0.2544419642857143 0.26683201058201056 0.023563988095238096 0.02577050264550265
1 0.5562152777777778 0.36914021164021166 0.021904761904761903 0.0292228835978836
1 0.514094742063492 0.5894212962962964 0.018854166666666665 0.02705357142857143
1 0.6210342261904762 0.7063988095238095 0.018814484126984127 0.026263227513227513
1 0.6184102182539682 0.7203869047619047 0.019499007936507936 0.022615740740740742
1 0.690607638888889 0.7505522486772487 0.015813492063492064 0.02639219576719577
1 0.6865897817460317 0.7106150793650794 0.018568948412698415 0.023138227513227513
1 0.7009449404761905 0.6900363756613757 0.019769345238095235 0.02577050264550265
1 0.7513144841269842 0.6065839947089947 0.01664186507936508 0.020631613756613758
1 0.39006200396825397 0.6991798941798942 0.017085813492063492 0.023382936507936505
1 0.4696378968253968 0.8019014550264549 0.022219742063492063 0.029960317460317458
1 0.44432539682539685 0.8012433862433862 0.016693948412698414 0.029249338624338626
1 0.4452752976190476 0.8266335978835978 0.021634424603174603 0.03320767195767196
1 0.43061507936507937 0.8236111111111111 0.023392857142857142 0.03384920634920635
1 0.38655257936507936 0.782337962962963 0.01828125 0.022453703703703705
1 0.37890376984126983 0.8546957671957671 0.02671875 0.035205026455026454
1 0.3572371031746032 0.8960449735449735 0.0165625 0.03093915343915344
1 0.21645337301587303 0.8419874338624339 0.019248511904761904 0.022156084656084655
1 0.21864335317460318 0.8606051587301586 0.020438988095238093 0.02208994708994709
1 0.2523511904761905 0.691577380952381 0.021155753968253966 0.028852513227513227
1 0.19795386904761905 0.6495965608465609 0.02484623015873016 0.03104166666666667
1 0.2220188492063492 0.7359722222222222 0.017609126984126984 0.01912037037037037
1 0.17671626984126984 0.7267989417989419 0.02099702380952381 0.023273809523809523
1 0.05343998015873016 0.8090310846560848 0.027636408730158733 0.033270502645502645
1 0.06400545634920635 0.8668253968253969 0.022683531746031743 0.027840608465608464
1 0.05686011904761905 0.8957506613756614 0.02025297619047619 0.026087962962962962
2 0.037083333333333336 0.916140873015873 0.021294642857142856 0.02585648148148148
1 0.13467261904761904 0.5869940476190476 0.01578125 0.02097883597883598
1 0.23831349206349206 0.3583267195767196 0.018271329365079365 0.020972222222222222
1 0.3751760912698413 0.3026785714285714 0.014508928571428572 0.021577380952380952
1 0.41997519841269837 0.31033068783068785 0.01625 0.020459656084656084
1 0.4273735119047619 0.3323611111111111 0.017299107142857144 0.024384920634920634
1 0.43608878968253967 0.3777380952380952 0.017462797619047617 0.02148478835978836
1 0.4081175595238095 0.34957671957671954 0.014761904761904763 0.021716269841269842
2 0.48400297619047616 0.2540476190476191 0.014771825396825398 0.013710317460317461
2 0.49384920634920637 0.2602116402116402 0.012517361111111111 0.016921296296296295
2 0.4998511904761905 0.25078703703703703 0.014997519841269841 0.017526455026455025
2 0.5318923611111112 0.32932208994708995 0.01339781746031746 0.02621031746031746
1 0.5024255952380953 0.3440343915343915 0.01771081349206349 0.023402777777777776
1 0.44875 0.4112037037037037 0.01742311507936508 0.022123015873015874
1 0.5995138888888888 0.4220436507936508 0.015558035714285713 0.0261739417989418
1 0.6114484126984128 0.4196626984126984 0.018142361111111113 0.02688161375661376
1 0.6437202380952382 0.4591369047619048 0.018365575396825397 0.023125000000000003
1 0.5393650793650793 0.5001719576719577 0.017723214285714283 0.022483465608465605
1 0.7486755952380952 0.49639219576719573 0.014114583333333333 0.017962962962962962
1 0.749360119047619 0.6307473544973545 0.01279265873015873 0.018482142857142857
1 0.7227827380952382 0.6897519841269841 0.01623263888888889 0.023379629629629632
1 0.7824305555555556 0.43006613756613754 0.015575396825396824 0.02173941798941799
1 0.8145858134920635 0.3370568783068783 0.012331349206349205 0.01492063492063492
1 0.3538417658730159 0.7036243386243387 0.013199404761904761 0.016749338624338625
1 0.4805729166666667 0.6979034391534392 0.014761904761904763 0.02416005291005291
1 0.4744866071428572 0.6078306878306878 0.01804563492063492 0.01904761904761905
1 0.5096577380952381 0.5595238095238095 0.014124503968253968 0.024246031746031745
2 0.15994791666666666 0.5406051587301587 0.01882688492063492 0.02506283068783069
1 0.7596825396825396 0.5408035714285715 0.012237103174603175 0.022652116402116403
2 0.22639384920634922 0.3473247354497354 0.017395833333333333 0.019298941798941798
1 0.229422123015873 0.6188955026455026 0.018410218253968255 0.021719576719576722
1 0.12624503968253967 0.6152678571428571 0.015310019841269841 0.01974537037037037
1 0.10996279761904762 0.670896164021164 0.01728422619047619 0.02003306878306878
1 0.1753249007936508 0.7713988095238096 0.019484126984126986 0.021752645502645503
1 0.19652281746031747 0.802225529100529 0.015456349206349206 0.019662698412698413
1 0.6929241071428571 0.4569080687830688 0.018603670634920636 0.02138227513227513
2 0.7165848214285714 0.4634093915343915 0.020443948412698414 0.023353174603174605
2 0.8944171626984126 0.261140873015873 0.006245039682539683 0.0075992063492063494
2 0.8666865079365079 0.429702380952381 0.00915922619047619 0.00943452380952381
2 0.918797123015873 0.365734126984127 0.007348710317460317 0.009464285714285715
2 0.921656746031746 0.3724272486772487 0.005920138888888889 0.0064054232804232804
2 0.8214285714285714 0.42235449735449737 0.007991071428571429 0.009037698412698412
2 0.8558878968253968 0.29726851851851854 0.007224702380952381 0.008680555555555556
2 0.8922867063492063 0.30487433862433866 0.006753472222222222 0.008564814814814815
2 0.8544742063492063 0.33251984126984124 0.006778273809523809 0.008091931216931216
1 0.8047420634920635 0.22599537037037035 0.013685515873015874 0.015945767195767194
1 0.3160193452380953 0.6410548941798941 0.022760416666666665 0.024259259259259258
2 0.868077876984127 0.30239417989417994 0.007056051587301587 0.009087301587301587
2 0.8727207341269841 0.30567460317460315 0.0062896825396825395 0.007463624338624339
2 0.8523883928571429 0.465625 0.00742311507936508 0.009209656084656084
2 0.8506423611111111 0.4734589947089947 0.007182539682539683 0.008363095238095237
1 0.7882812499999999 0.4696660052910053 0.014662698412698412 0.016653439153439153
1 0.8506696428571429 0.4327943121693122 0.007053571428571429 0.00958994708994709
1 0.9065873015873016 0.36993716931216936 0.0061879960317460314 0.008981481481481481
1 0.9198561507936508 0.33948743386243385 0.006798115079365079 0.0077744708994709
1 0.11691468253968254 0.2583234126984127 0.006121031746031746 0.008736772486772487
1 0.1397098214285714 0.2610582010582011 0.006964285714285714 0.008237433862433863
1 0.08843253968253968 0.2277380952380952 0.008821924603174604 0.010221560846560847
1 0.09968253968253969 0.2506349206349206 0.0064608134920634925 0.007533068783068784
1 0.0835218253968254 0.27299272486772486 0.00521577380952381 0.006749338624338625
1 0.06559027777777778 0.29323743386243384 0.00664186507936508 0.007705026455026455
1 0.04963293650793651 0.3278009259259259 0.006423611111111111 0.008207671957671957
1 0.04234375 0.329375 0.007532242063492064 0.00837632275132275
1 0.035166170634920633 0.3714980158730159 0.007946428571428571 0.009083994708994708
1 0.03376736111111111 0.3399007936507936 0.006039186507936508 0.009285714285714284
1 0.019813988095238096 0.3412037037037037 0.008315972222222223 0.009990079365079365
1 0.06647569444444444 0.4545436507936508 0.007418154761904762 0.008835978835978836
1 0.0719766865079365 0.47004298941798944 0.005989583333333333 0.006848544973544974
1 0.05474454365079365 0.4595568783068783 0.006951884920634921 0.009583333333333334
1 0.0319047619047619 0.4396230158730159 0.006636904761904762 0.008832671957671958
1 0.03953373015873016 0.4078604497354497 0.007601686507936508 0.01019510582010582
1 0.11668650793650794 0.38964616402116403 0.00769593253968254 0.009573412698412697
1 0.12350694444444445 0.3917592592592593 0.00580109126984127 0.007833994708994709
1 0.12158234126984127 0.4123974867724867 0.006297123015873016 0.008832671957671958
1 0.11881448412698413 0.43023809523809525 0.00511656746031746 0.007966269841269842
1 0.12310267857142858 0.43314153439153436 0.004372519841269841 0.006306216931216932
1 0.12764136904761905 0.4312533068783068 0.005367063492063492 0.009249338624338624
1 0.07412450396825397 0.3166931216931217 0.0072271825396825395 0.008369708994708994
1 0.0820188492063492 0.3175429894179894 0.0074751984126984125 0.009156746031746031
2 0.0450843253968254 0.24655753968253968 0.007130456349206349 0.008330026455026455
2 0.04935515873015873 0.251468253968254 0.006976686507936507 0.008455687830687831
2 0.03666170634920635 0.2607738095238095 0.007065972222222222 0.010572089947089946
2 0.06815724206349207 0.2630522486772487 0.008531746031746031 0.008498677248677249