2 0.3696701388888889 0.720218253968254 0.016339285714285712 0.017483465608465608
2 0.7667088293650793 0.6305654761904762 0.016917162698412695 0.0215707671957672
2 0.6287723214285714 0.6730853174603175 0.02236359126984127 0.021455026455026453
2 0.4545436507936508 0.4317460317460317 0.017842261904761906 0.021167328042328043
2 0.06222718253968254 0.9198710317460318 0.017373511904761905 0.01685185185185185
2 0.35687748015873016 0.8077876984126984 0.017495039682539685 0.014950396825396825
2 0.6477604166666666 0.3808399470899471 0.01425843253968254 0.01818452380952381
2 0.433139880952381 0.8095568783068783 0.015930059523809523 0.014692460317460318
2 0.8058903769841269 0.36414351851851856 0.013234126984126984 0.011921296296296296
2 0.16343005952380954 0.4594047619047619 0.014347718253968255 0.01607473544973545
2 0.45849702380952384 0.7069775132275132 0.016587301587301585 0.017800925925925925
2 0.34864087301587304 0.47155092592592596 0.015421626984126984 0.01595568783068783
2 0.805421626984127 0.31982473544973544 0.01300595238095238 0.016474867724867726
2 0.7187673611111112 0.48519510582010583 0.015337301587301589 0.017450396825396827
2 0.1799751984126984 0.4062202380952381 0.013266369047619048 0.015267857142857144
2 0.25609126984126984 0.7420568783068783 0.010597718253968253 0.013382936507936507
2 0.6126711309523809 0.18308862433862433 0.019625496031746032 0.02830026455026455
2 0.20171626984126986 0.7722652116402117 0.013501984126984126 0.012486772486772485
2 0.177437996031746 0.590406746031746 0.012686011904761905 0.013478835978835977
2 0.14903521825396823 0.6066137566137566 0.007346230158730159 0.008455687830687831
2 0.477437996031746 0.9261871693121693 0.018410218253968255 0.015558862433862434
2 0.37218501984126984 0.6598941798941799 0.012477678571428572 0.012585978835978836
2 0.2782465277777778 0.8072453703703704 0.014625496031746031 0.014791666666666665
2 0.7546205357142858 0.2114451058201058 0.01601438492063492 0.015353835978835979
2 0.19525297619047619 0.5626388888888889 0.013291170634920637 0.013862433862433863
2 0.7146205357142857 0.7029530423280423 0.013970734126984127 0.01501984126984127
2 0.09556795634920634 0.5726951058201057 0.008735119047619047 0.00816468253968254
2 0.5959151785714286 0.2903670634920635 0.017941468253968255 0.020757275132275134
2 0.5943030753968254 0.8988690476190475 0.015865575396825395 0.01550595238095238
2 0.4286483134920635 0.8636210317460318 0.01310267857142857 0.012232142857142858
2 0.721577380952381 0.4354166666666667 0.01693452380952381 0.01558862433862434
2 0.63609375 0.6401455026455026 0.01631200396825397 0.01650793650793651
2 0.1488045634920635 0.4471097883597883 0.010930059523809524 0.013015873015873015
2 0.04307043650793651 0.5164351851851852 0.008747519841269842 0.008508597883597884
2 0.01509672619047619 0.5319477513227513 0.00769593253968254 0.010849867724867726
2 0.07726686507936509 0.5516269841269841 0.008975694444444444 0.00806547619047619
2 0.10188492063492063 0.615707671957672 0.006431051587301587 0.008902116402116403
2 0.11128224206349206 0.60744708994709 0.005052083333333334 0.007628968253968254
2 0.5226884920634921 0.804239417989418 0.01082093253968254 0.013872354497354498