2 0.0030257936507936505 0.4497354497354497 0.006051587301587301 0.005866402116402116
2 0.031475694444444445 0.43066468253968254 0.005265376984126984 0.005658068783068783
2 0.04601438492063492 0.4323941798941799 0.00667906746031746 0.006183862433862434
2 0.021257440476190475 0.4916468253968254 0.002750496031746032 0.0033531746031746036
2 0.027073412698412697 0.49777777777777776 0.006051587301587301 0.005763888888888889
2 0.04550347222222222 0.490651455026455 0.005815972222222222 0.006812169312169313
2 0.04530505952380952 0.5073148148148148 0.0065228174603174606 0.006392195767195767
2 0.0015724206349206349 0.5630588624338625 0.003142361111111111 0.006600529100529101
2 0.03701388888888889 0.5559325396825398 0.00330109126984127 0.005135582010582011
2 0.04043402777777778 0.5577149470899471 0.005265376984126984 0.005552248677248677
2 0.05049355158730159 0.5565112433862435 0.005265376984126984 0.005029761904761905
2 0.05654513888888889 0.5647883597883598 0.0035367063492063493 0.004821428571428571
2 0.07729166666666666 0.5580820105820106 0.005109126984126984 0.00691468253968254
2 0.08271329365079365 0.5566137566137567 0.005895337301587302 0.006078042328042327
2 0.09560267857142858 0.5726455026455026 0.005895337301587302 0.00691468253968254
2 0.09033730158730159 0.5433068783068783 0.003851686507936508 0.005029761904761905
2 0.09874503968253968 0.5497519841269841 0.004479166666666666 0.0053439153439153435
2 0.059883432539682535 0.4958399470899471 0.005657242063492063 0.006078042328042327
2 0.06420634920634921 0.501550925925926 0.0042435515873015875 0.0045072751322751325
2 0.07037698412698412 0.48839947089947094 0.005421626984126984 0.006706349206349207
2 0.0667609126984127 0.48929232804232803 0.0030654761904761905 0.003875661375661376
2 0.07784226190476191 0.4922255291005291 0.005265376984126984 0.007228835978835979
2 0.07477678571428571 0.4949503968253968 0.0035367063492063493 0.0047156084656084655
2 0.07980654761904761 0.47540674603174604 0.003851686507936508 0.005029761904761905
2 0.0832638888888889 0.47530092592592593 0.0036929563492063494 0.005029761904761905
2 0.06947172619047619 0.45198743386243384 0.004399801587301587 0.005763888888888889
2 0.01956845238095238 0.3684755291005291 0.007073412698412699 0.006183862433862434
2 0.05277281746031746 0.3497718253968254 0.006051587301587301 0.005029761904761905
2 0.08729910714285714 0.4138161375661376 0.005627480158730159 0.006603835978835978
2 0.08912946428571429 0.40522486772486777 0.005798611111111111 0.005479497354497355
2 0.1050297619047619 0.4487896825396826 0.003152281746031746 0.0033035714285714287
2 0.09613591269841269 0.5013227513227513 0.004503968253968254 0.005403439153439153
2 0.0937450396825397 0.5090542328042328 0.002983630952380952 0.004203042328042328
2 0.09681299603174603 0.5096527777777778 0.003715277777777778 0.00525462962962963
2 0.12555803571428573 0.4815310846560847 0.0029340277777777776 0.003396164021164021
2 0.1692559523809524 0.4627513227513227 0.0031001984126984125 0.0036177248677248678
2 0.16753968253968254 0.4671792328042328 0.00232390873015873 0.003025793650793651
2 0.18171875 0.45628637566137564 0.002591765873015873 0.0032771164021164023
2 0.18683531746031748 0.47253968253968254 0.00232390873015873 0.0026587301587301586
2 0.1903546626984127 0.4455687830687831 0.002857142857142857 0.0032771164021164023
2 0.1489707341269841 0.43132936507936503 0.0026488095238095238 0.0024702380952380952
2 0.15479662698412697 0.4591369047619048 0.0026488095238095238 0.0026488095238095238
2 0.15625248015873017 0.4647850529100529 0.0023834325396825395 0.0026488095238095238
2 0.19678323412698412 0.4008465608465609 0.0041889880952380954 0.004226190476190476
2 0.20164930555555555 0.3908101851851852 0.0035094246031746033 0.004074074074074075
2 0.20151289682539683 0.2838955026455027 0.015128968253968254 0.01951058201058201
2 0.26240079365079366 0.3290343915343915 0.020337301587301588 0.025793650793650792
2 0.24479166666666666 0.35284391534391535 0.010416666666666666 0.01455026455026455
2 0.13425843253968256 0.43273478835978835 0.003179563492063492 0.004394841269841269
2 0.24603174603174602 0.39616402116402116 0.023313492063492064 0.022486772486772486
2 0.2468998015873016 0.41798941798941797 0.019593253968253968 0.021825396825396824
2 0.27393353174603174 0.39203042328042326 0.020089285714285716 0.0248015873015873
2 0.2899305555555556 0.43287037037037035 0.015376984126984126 0.022486772486772486
2 0.24417162698412698 0.4618055555555556 0.005208333333333333 0.006283068783068783
2 0.22780257936507936 0.44229497354497355 0.005208333333333333 0.007605820105820105
2 0.2915426587301587 0.5084325396825397 0.018601190476190476 0.022156084656084655
2 0.25297619047619047 0.58994708994709 0.012896825396825396 0.013227513227513227
2 0.23040674603174602 0.5902777777777778 0.011904761904761904 0.009259259259259259
2 0.2513640873015873 0.6841931216931217 0.02058531746031746 0.023148148148148147
2 0.2630208333333333 0.6469907407407407 0.016617063492063492 0.020833333333333332
2 0.24888392857142858 0.6587301587301587 0.021081349206349208 0.021825396825396824
2 0.21800595238095238 0.7056878306878307 0.013392857142857142 0.011904761904761904
2 0.17137896825396826 0.7619047619047619 0.01488095238095238 0.021825396825396824
2 0.25632440476190477 0.7759589947089947 0.023561507936507936 0.022817460317460316
2 0.23375496031746032 0.7868716931216931 0.010168650793650794 0.01488095238095238
2 0.1896081349206349 0.8311838624338624 0.015625 0.018849206349206348
2 0.2955109126984127 0.8465608465608465 0.022569444444444444 0.023148148148148147
2 0.3033234126984127 0.810681216931217 0.018849206349206348 0.017526455026455025
2 0.4089781746031746 0.9021164021164021 0.022817460317460316 0.0291005291005291
2 0.39955357142857145 0.7838955026455027 0.013392857142857142 0.018187830687830687
2 0.4263392857142857 0.8215939153439153 0.006944444444444444 0.00958994708994709
2 0.33581349206349204 0.6438492063492064 0.02132936507936508 0.027777777777777776
2 0.31237599206349204 0.6051587301587301 0.018601190476190476 0.01521164021164021
2 0.3111359126984127 0.5727513227513228 0.021577380952380952 0.023809523809523808
2 0.3053075396825397 0.5297619047619048 0.01984126984126984 0.027116402116402115
2 0.35949900793650796 0.5568783068783069 0.024057539682539684 0.0291005291005291
2 0.35044642857142855 0.5689484126984127 0.01636904761904762 0.016865079365079364
2 0.376984126984127 0.517691798941799 0.015376984126984126 0.020833333333333332
2 0.45535714285714285 0.5454695767195767 0.02132936507936508 0.026785714285714284
2 0.40054563492063494 0.6570767195767195 0.00744047619047619 0.013888888888888888
2 0.3864087301587302 0.7357804232804233 0.007936507936507936 0.012566137566137565
2 0.43774801587301587 0.6782407407407407 0.01240079365079365 0.0205026455026455
2 0.35949900793650796 0.40674603174603174 0.02554563492063492 0.032407407407407406
2 0.39620535714285715 0.4305555555555556 0.022569444444444444 0.02513227513227513
2 0.33196924603174605 0.2273478835978836 0.016617063492063492 0.01951058201058201
2 0.4751984126984127 0.45783730158730157 0.018353174603174604 0.03273809523809524
2 0.5770089285714286 0.8115079365079365 0.018601190476190476 0.023809523809523808
2 0.6065228174603174 0.8078703703703703 0.01066468253968254 0.017857142857142856
2 0.6237599206349206 0.8629298941798942 0.020833333333333332 0.02546296296296296
2 0.6371527777777778 0.6827050264550265 0.013888888888888888 0.018187830687830687
2 0.6004464285714286 0.6134259259259259 0.018353174603174604 0.021164021164021163
2 0.5824652777777778 0.6076388888888888 0.02058531746031746 0.02414021164021164
2 0.5415426587301587 0.5633267195767195 0.023561507936507936 0.030753968253968252
2 0.5347222222222222 0.5418320105820106 0.01984126984126984 0.020833333333333332
2 0.5778769841269841 0.5588624338624338 0.02132936507936508 0.02513227513227513
2 0.5886656746031746 0.37202380952380953 0.0220734126984127 0.027777777777777776
2 0.630828373015873 0.41121031746031744 0.026041666666666668 0.02943121693121693
2 0.7010168650793651 0.8376322751322751 0.01314484126984127 0.013227513227513227
2 0.6786954365079365 0.6362433862433863 0.022569444444444444 0.025793650793650792
2 0.7043650793650794 0.5305886243386243 0.02132936507936508 0.026124338624338623
2 0.7047371031746031 0.546792328042328 0.02058531746031746 0.022156084656084655
2 0.6625744047619048 0.38673941798941797 0.02058531746031746 0.026124338624338623
2 0.724578373015873 0.4255952380952381 0.014632936507936508 0.017195767195767195
2 0.7125496031746031 0.27199074074074076 0.01984126984126984 0.027447089947089946
2 0.7175099206349206 0.3349867724867725 0.018849206349206348 0.018518518518518517
2 0.7436755952380952 0.37202380952380953 0.016617063492063492 0.021825396825396824
2 0.7431795634920635 0.7139550264550265 0.017609126984126984 0.021825396825396824
2 0.7496279761904762 0.7298280423280423 0.019593253968253968 0.01917989417989418
2 0.7631448412698413 0.7743055555555556 0.017361111111111112 0.016865079365079364
2 0.8035714285714286 0.6663359788359788 0.015376984126984126 0.015873015873015872
2 0.7797619047619048 0.6970899470899471 0.013888888888888888 0.01984126984126984
2 0.855406746031746 0.33895502645502645 0.01488095238095238 0.017195767195767195
2 0.8565228174603174 0.2943121693121693 0.013640873015873016 0.017857142857142856
2 0.8316840277777777 0.41083994708994714 0.002589285714285714 0.002668650793650794
2 0.8587599206349207 0.41327050264550264 0.004709821428571428 0.005651455026455026
2 0.8389831349206349 0.39993055555555557 0.0035317460317460317 0.004394841269841269
2 0.8461036706349205 0.39945767195767196 0.003648313492063492 0.0047089947089947095
2 0.8632911706349207 0.4012632275132275 0.0027083333333333334 0.00392526455026455
2 0.8704141865079366 0.419156746031746 0.003767361111111111 0.00455026455026455
2 0.8737103174603175 0.4543154761904762 0.003767361111111111 0.00392526455026455
2 0.883655753968254 0.4652248677248677 0.00435515873015873 0.004394841269841269
2 0.8854811507936509 0.45188492063492064 0.003767361111111111 0.003766534391534392
2 0.9070238095238095 0.3996957671957672 0.003767361111111111 0.00455026455026455
2 0.9099677579365079 0.3959292328042328 0.0040029761904761905 0.00486441798941799
2 0.9175024801587301 0.41459986772486773 0.0037003968253968254 0.004933862433862434
2 0.9221825396825396 0.44129960317460315 0.0030481150793650793 0.00435515873015873
2 0.925391865079365 0.4418816137566138 0.0042435515873015875 0.004933862433862434
2 0.9277331349206349 0.4264980158730159 0.0037003968253968254 0.0037731481481481483
2 0.9311607142857143 0.4283862433862434 0.0038095238095238095 0.0037731481481481483
2 0.9333928571428571 0.4193154761904762 0.00457093253968254 0.00537037037037037
2 0.8686755952380952 0.49966931216931215 0.004712301587301587 0.004629629629629629
2 0.8830605158730159 0.4958664021164021 0.004712301587301587 0.00496031746031746
2 0.8831845238095238 0.4912367724867725 0.003472222222222222 0.0036375661375661374
2 0.9051339285714286 0.500165343915344 0.003224206349206349 0.004298941798941799
2 0.9270014880952381 0.4917923280423281 0.004213789682539682 0.0042427248677248675
2 0.9213963293650794 0.49719907407407404 0.003816964285714286 0.004027777777777778
2 0.9305406746031746 0.496140873015873 0.003499503968253968 0.004027777777777778
2 0.9332440476190477 0.49444444444444446 0.003816964285714286 0.0042427248677248675
2 0.9005034722222222 0.492172619047619 0.003740079365079365 0.003991402116402117
2 0.9668477182539682 0.5344080687830688 0.009727182539682539 0.009976851851851853
2 0.955374503968254 0.4898445767195767 0.003740079365079365 0.004656084656084656
2 0.9765749007936508 0.4432903439153439 0.012222222222222223 0.013968253968253968
2 0.9621552579365079 0.34390211640211643 0.010553075396825396 0.011190476190476192
2 0.9812723214285713 0.3672751322751323 0.006049107142857143 0.008257275132275132
2 0.9854489087301587 0.37582010582010583 0.010081845238095237 0.01037037037037037
2 0.968640873015873 0.42511243386243386 0.009074900793650795 0.012427248677248677
2 0.9919394841269841 0.41709986772486773 0.005151289682539683 0.005558862433862433
2 0.988015873015873 0.5091534391534391 0.009074900793650795 0.011117724867724867
2 0.9981150793650794 0.530734126984127 0.003767361111111111 0.008501984126984127
2 0.9961532738095238 0.510297619047619 0.007690972222222222 0.01275462962962963
2 0.9959871031746033 0.5636011904761905 0.005885416666666666 0.009484126984126984