1 0.3063020833333333 0.19703703703703704 0.020570436507936506 0.028330026455026455
1 0.6802579365079365 0.6052083333333333 0.02759672619047619 0.0319510582010582
1 0.3798611111111111 0.6456646825396826 0.026195436507936508 0.029543650793650796
1 0.18196924603174605 0.3366005291005291 0.02021825396825397 0.023568121693121693
1 0.49042410714285717 0.21248677248677247 0.02236607142857143 0.02496031746031746
1 0.7758655753968254 0.5823280423280424 0.020525793650793652 0.024890873015873016
1 0.6125248015873015 0.6768849206349207 0.020386904761904762 0.02609457671957672
1 0.17890873015873016 0.5405224867724867 0.01761904761904762 0.018005952380952383
1 0.7879513888888889 0.4905357142857143 0.020538194444444446 0.022665343915343916
1 0.7807142857142858 0.5375595238095238 0.021431051587301585 0.025456349206349208
1 0.37305803571428575 0.38146494708994705 0.021537698412698415 0.025419973544973547
1 0.41893601190476193 0.3179927248677249 0.02163690476190476 0.018171296296296297
1 0.30146329365079366 0.41434193121693125 0.01631448412698413 0.017371031746031745
1 0.35285714285714287 0.3540575396825397 0.022475198412698415 0.024890873015873016
1 0.6156026785714286 0.35791335978835975 0.01763392857142857 0.023406084656084656
1 0.5900272817460317 0.6942294973544973 0.019186507936507936 0.02275462962962963
1 0.08703373015873016 0.47751984126984126 0.01795386904761905 0.022615740740740742
1 0.3494593253968254 0.38346230158730155 0.018380456349206348 0.025052910052910056
1 0.853936011904762 0.4116699735449736 0.01865079365079365 0.01844246031746032
1 0.5716592261904762 0.7127347883597883 0.019995039682539684 0.02560185185185185
1 0.47721230158730155 0.621276455026455 0.025533234126984126 0.024966931216931217
1 0.19313492063492063 0.4531415343915344 0.019342757936507936 0.0247255291005291
1 0.4363988095238095 0.2747255291005291 0.019657738095238096 0.024345238095238097
1 0.264437003968254 0.9549371693121693 0.01792906746031746 0.023283730158730157
1 0.6413740079365079 0.48919642857142853 0.018958333333333334 0.024186507936507937
1 0.49992559523809527 0.3387698412698413 0.01648561507936508 0.023621031746031747
1 0.7788690476190476 0.5142724867724868 0.021996527777777778 0.026494708994708994
1 0.16588789682539684 0.5667063492063492 0.01904265873015873 0.01856150793650794
1 0.4861309523809524 0.314593253968254 0.01930803571428571 0.020185185185185184
1 0.812921626984127 0.7691269841269842 0.01953125 0.024345238095238097
1 0.24193948412698413 0.4903240740740741 0.01958581349206349 0.022037037037037036
1 0.8514434523809524 0.6081481481481481 0.019322916666666665 0.022648809523809522
1 0.1642137896825397 0.32718584656084654 0.022973710317460316 0.02381283068783069
1 0.7585813492063492 0.5408664021164021 0.01460813492063492 0.01974206349206349
1 0.5693154761904762 0.6945833333333333 0.020972222222222222 0.027870370370370372
1 0.7062772817460318 0.568125 0.01916418650793651 0.029804894179894178
1 0.29816468253968254 0.7957804232804233 0.015354662698412697 0.019126984126984128
1 0.47893353174603176 0.36400132275132274 0.018482142857142857 0.02505952380952381
1 0.4219618055555555 0.29047619047619044 0.02187748015873016 0.020558862433862433
1 0.5574131944444444 0.6919444444444445 0.015086805555555555 0.01984126984126984
1 0.49478670634920635 0.3620271164021164 0.01873263888888889 0.02511574074074074
1 0.48482638888888885 0.33305555555555555 0.01945188492063492 0.022728174603174604
1 0.34866319444444444 0.7485119047619048 0.015657242063492064 0.017655423280423282
1 0.6685887896825397 0.6047652116402116 0.017574404761904763 0.026537698412698412
1 0.24004464285714286 0.47221891534391536 0.018821924603174604 0.02150132275132275
1 0.44624255952380953 0.3470667989417989 0.01989831349206349 0.020267857142857143
1 0.5234350198412698 0.27052248677248675 0.01730654761904762 0.023075396825396825
1 0.4743576388888889 0.3412929894179894 0.015756448412698413 0.020664682539682542
1 0.6394097222222223 0.2176554232804233 0.016272321428571428 0.019285714285714285
1 0.6244270833333333 0.2192063492063492 0.015240575396825398 0.018253968253968255
1 0.6306274801587302 0.2028472222222222 0.014206349206349207 0.020664682539682542
1 0.6316592261904762 0.1949272486772487 0.01369047619047619 0.017910052910052907
1 0.6182291666666666 0.20043650793650794 0.015240575396825398 0.020664682539682542
1 0.5775471230158731 0.22764550264550265 0.007748015873015873 0.011709656084656083
1 0.5723809523809524 0.22006613756613758 0.008266369047619047 0.011021825396825396
1 0.5519766865079365 0.18373346560846562 0.016530257936507937 0.020320767195767198
1 0.2132217261904762 0.37556216931216935 0.013172123015873016 0.016875
1 0.05863343253968254 0.39191798941798944 0.011882440476190475 0.014464285714285714
1 0.31834821428571425 0.3101256613756614 0.017822420634920635 0.025830026455026456
1 0.34082093253968254 0.3679828042328042 0.01730654761904762 0.025830026455026456
1 0.3750446428571429 0.3609226190476191 0.016530257936507937 0.019285714285714285
1 0.5599826388888889 0.3245899470899471 0.014464285714285714 0.018253968253968255
1 0.6071230158730159 0.3474933862433862 0.016788194444444442 0.021352513227513224
1 0.8574107142857142 0.3803835978835979 0.016788194444444442 0.018253968253968255
1 0.833000992063492 0.391574074074074 0.013432539682539681 0.017910052910052907
1 0.851468253968254 0.4215376984126984 0.017822420634920635 0.017218915343915345
1 0.9222420634920635 0.5548181216931217 0.014722222222222222 0.015843253968253968
1 0.9257291666666666 0.5704861111111111 0.012398313492063492 0.012053571428571429
1 0.895250496031746 0.6336838624338624 0.016530257936507937 0.019285714285714285
1 0.7601612103174603 0.49334325396825396 0.01859623015873016 0.025830026455026456
1 0.7525421626984127 0.5157275132275132 0.01730654761904762 0.020320767195767198
1 0.882078373015873 0.7683399470899471 0.016530257936507937 0.020664682539682542
1 0.7853447420634921 0.9715343915343916 0.018856646825396825 0.02892857142857143
1 0.7561582341269841 0.9574140211640211 0.020922619047619048 0.029616402116402117
1 0.3827926587301588 0.9057539682539683 0.015498511904761906 0.024794973544973547
1 0.2625570436507937 0.9844477513227513 0.019888392857142858 0.025142195767195768
1 0.25855406746031745 0.8113888888888888 0.01859623015873016 0.023419312169312166
1 0.2205828373015873 0.48284060846560845 0.017048611111111108 0.023419312169312166
1 0.17125 0.9226289682539683 0.017048611111111108 0.023419312169312166
1 0.09298611111111112 0.7487103174603175 0.015498511904761906 0.017910052910052907
1 0.14554811507936508 0.5530952380952381 0.014722222222222222 0.0185978835978836
1 0.0914360119047619 0.5479298941798942 0.005682043650793651 0.006200396825396825
1 0.09531001984126984 0.5210681216931217 0.005682043650793651 0.008263888888888888
1 0.09866815476190476 0.5780654761904762 0.007748015873015873 0.0092989417989418
1 0.09970238095238096 0.5837466931216931 0.008266369047619047 0.008263888888888888
1 0.0772296626984127 0.6254166666666666 0.008266369047619047 0.010330687830687831
1 0.0759375 0.7154761904761905 0.006197916666666667 0.007232142857142857
1 0.05927827380952381 0.7134093915343915 0.0059399801587301584 0.008611111111111111
1 0.060441468253968254 0.7233994708994709 0.006197916666666667 0.007232142857142857
1 0.05734126984126984 0.7194378306878306 0.005682043650793651 0.005509259259259259
1 0.044813988095238094 0.6825859788359788 0.008005952380952381 0.008263888888888888
2 0.12191468253968255 0.4709589947089947 0.015498511904761906 0.017562830687830686
1 0.019461805555555555 0.7222619047619048 0.0067311507936507935 0.007804232804232805
1 0.025607638888888888 0.6325165343915344 0.009657738095238094 0.010925925925925926
1 0.021803075396825397 0.6405158730158731 0.007901785714285714 0.009755291005291005
2 0.07974702380952381 0.762258597883598 0.006145833333333334 0.008194444444444445
2 0.024290674603174602 0.7573809523809525 0.005853174603174603 0.007023809523809523