1 0.653467261904762 0.4883895502645503 0.02646081349206349 0.03495701058201058
1 0.7160119047619048 0.5223578042328042 0.024466765873015873 0.031117724867724867
1 0.9685019841269841 0.9171031746031747 0.0433953373015873 0.05008928571428571
1 0.49311755952380953 0.8663855820105819 0.02994047619047619 0.03874338624338624
1 0.5579836309523809 0.4386441798941799 0.02367063492063492 0.031970899470899476
1 0.7650272817460317 0.4158234126984127 0.02279761904761905 0.026276455026455023
1 0.8515699404761905 0.48726521164021164 0.029836309523809522 0.032582671957671956
1 0.29130704365079363 0.3771891534391534 0.010937500000000001 0.01534722222222222
2 0.18110863095238094 0.39218915343915345 0.013893849206349207 0.013713624338624338
1 0.5765649801587301 0.5422123015873016 0.022633928571428572 0.02554232804232804
1 0.44152529761904763 0.9479431216931217 0.028082837301587303 0.03577050264550265
1 0.20650545634920633 0.3700330687830688 0.01163938492063492 0.015281084656084656
1 0.6611904761904762 0.3548082010582011 0.020461309523809524 0.02593915343915344
1 0.1110639880952381 0.44017195767195766 0.010260416666666666 0.012013888888888888
1 0.06557043650793651 0.49836309523809524 0.010972222222222223 0.013716931216931216
1 0.18204861111111112 0.6436706349206349 0.011574900793650793 0.014434523809523809
1 0.05695684523809524 0.541875 0.012242063492063492 0.014957010582010582
1 0.23137400793650792 0.5803935185185185 0.011001984126984127 0.011167328042328043
1 0.23510664682539684 0.3060152116402116 0.010128968253968255 0.01501653439153439
1 0.6717881944444445 0.6933498677248677 0.015287698412698413 0.017662037037037035
2 0.43673859126984127 0.46655423280423275 0.010734126984126985 0.014877645502645503
1 0.16310515873015874 0.3677017195767196 0.013675595238095238 0.018505291005291004
1 0.14087549603174604 0.51369708994709 0.013479662698412699 0.013062169312169311
1 0.19195188492063492 0.4560945767195767 0.010887896825396825 0.012662037037037038
1 0.28099950396825396 0.5610813492063492 0.011021825396825396 0.014226190476190477
1 0.429967757936508 0.41098214285714285 0.012358630952380953 0.01322420634920635
1 0.15530009920634918 0.45009589947089945 0.011155753968253967 0.011286375661375662
1 0.2775967261904762 0.6492129629629629 0.010473710317460317 0.015466269841269841
1 0.15659970238095236 0.473125 0.011584821428571429 0.014302248677248677
1 0.12760168650793652 0.5463525132275132 0.010813492063492063 0.014537037037037038
1 0.12077380952380952 0.49624669312169317 0.01084077380952381 0.011617063492063493
1 0.32135664682539683 0.6437896825396825 0.009833829365079365 0.011888227513227514
1 0.043742559523809524 0.5569708994708995 0.011078869047619047 0.01291005291005291
1 0.836326884920635 0.27864087301587304 0.021396329365079365 0.027546296296296294
2 0.7559176587301588 0.2825595238095238 0.01667906746031746 0.02162367724867725
2 0.7863045634920636 0.3088425925925926 0.01681795634920635 0.02258267195767196
1 0.9950570436507937 0.2936011904761905 0.009885912698412698 0.03337962962962963
1 0.9942509920634921 0.24918320105820105 0.011498015873015873 0.03141203703703704
1 0.9953794642857142 0.3694113756613756 0.009241071428571428 0.03277116402116402
1 0.8875074404761905 0.6234060846560847 0.03473958333333333 0.04193121693121693
1 0.8284375 0.6677744708994708 0.03141617063492064 0.03778108465608466
1 0.754858630952381 0.46083002645502646 0.018745039682539683 0.026769179894179894
1 0.7730580357142857 0.6833134920634921 0.01945684523809524 0.031335978835978835
1 0.7308829365079366 0.6882837301587301 0.021101190476190475 0.027681878306878304
1 0.7751934523809524 0.7425033068783069 0.020783730158730158 0.03236441798941799
1 0.7151686507936508 0.4418617724867725 0.023286210317460317 0.028419312169312167
1 0.7770039682539683 0.3867228835978836 0.019184027777777776 0.02488095238095238
1 0.6947247023809524 0.433832671957672 0.018449900793650793 0.02649801587301587
1 0.6309623015873016 0.5892691798941799 0.010992063492063492 0.015023148148148148
1 0.650250496031746 0.7393353174603174 0.019598214285714285 0.023908730158730157
1 0.7863492063492064 0.6941269841269841 0.01673115079365079 0.023978174603174605
1 0.4378125 0.8434854497354497 0.026850198412698412 0.038521825396825395
1 0.46146329365079364 0.8966468253968254 0.016654265873015873 0.022546296296296297
1 0.5225768849206349 0.8377513227513228 0.0178125 0.025638227513227512
1 0.47970734126984127 0.8856878306878307 0.017859623015873016 0.023250661375661376
1 0.554327876984127 0.7679662698412698 0.016867559523809524 0.027447089947089946
1 0.817983630952381 0.5697023809523809 0.011783234126984126 0.016183862433862432
1 0.6665178571428572 0.5206911375661375 0.022239583333333333 0.027728174603174602
1 0.7187227182539683 0.3797585978835979 0.0061879960317460314 0.007417328042328042
1 0.7118154761904761 0.38046626984126986 0.006448412698412698 0.006005291005291006
1 0.7095486111111111 0.3562929894179894 0.004920634920634921 0.006431878306878307
1 0.7494270833333333 0.31962632275132274 0.005751488095238096 0.005916005291005291
1 0.5806299603174603 0.4157142857142857 0.019935515873015872 0.027728174603174602
1 0.5929836309523809 0.44458333333333333 0.01720238095238095 0.021841931216931215
1 0.2909077380952381 0.6425892857142858 0.010880456349206348 0.012800925925925926
1 0.284796626984127 0.6535284391534392 0.011356646825396825 0.011349206349206348
1 0.2834424603174603 0.6654298941798942 0.011711309523809523 0.009543650793650793
1 0.31117063492063496 0.6539616402116402 0.00958829365079365 0.013627645502645502
1 0.301937003968254 0.6630522486772487 0.010647321428571428 0.012724867724867724
1 0.3350719246031746 0.6620138888888889 0.009759424603174603 0.012450396825396825
1 0.3651711309523809 0.6695337301587302 0.009211309523809524 0.011547619047619048
1 0.36861855158730156 0.5970304232804233 0.010401785714285714 0.01357804232804233
1 0.379796626984127 0.5995833333333334 0.010186011904761904 0.011617063492063493
1 0.3918253968253968 0.5953207671957672 0.008921130952380953 0.012281746031746033
1 0.38288690476190473 0.6250925925925925 0.009303075396825396 0.01244378306878307
1 0.38418402777777777 0.6322222222222222 0.00777281746031746 0.0076157407407407415
1 0.312953869047619 0.6377777777777778 0.008439980158730159 0.012212301587301588
1 0.2963095238095238 0.7515145502645503 0.01068204365079365 0.015042989417989419
1 0.2988566468253968 0.7653571428571428 0.00929811507936508 0.010922619047619047
1 0.204375 0.7196825396825397 0.010580357142857141 0.014292328042328042
1 0.1940798611111111 0.7288128306878306 0.01177579365079365 0.01488095238095238
1 0.23261904761904761 0.6596097883597883 0.009935515873015874 0.011884920634920634
1 0.18051587301587302 0.6540343915343915 0.012214781746031746 0.014480820105820106
1 0.21722718253968254 0.5795304232804233 0.010885416666666667 0.015340608465608465
1 0.22139632936507936 0.5893320105820106 0.010999503968253969 0.01302579365079365
1 0.249375 0.5993452380952381 0.00982390873015873 0.011848544973544973
1 0.2695808531746032 0.7431481481481482 0.00953125 0.013154761904761905
1 0.2789608134920635 0.7172652116402117 0.008266369047619047 0.01228505291005291
1 0.23592757936507935 0.5898875661375661 0.010565476190476191 0.011312830687830688
1 0.28954613095238096 0.536984126984127 0.008834325396825396 0.00871031746031746
1 0.21521825396825398 0.4771891534391534 0.009040178571428572 0.011412037037037037
1 0.1634250992063492 0.4450396825396825 0.010300099206349207 0.012860449735449735
1 0.16637152777777778 0.47259259259259256 0.00853422619047619 0.011177248677248676
1 0.14968501984126983 0.4734556878306878 0.008345734126984127 0.011018518518518518
1 0.1320014880952381 0.4768551587301587 0.011651785714285713 0.01286706349206349
1 0.055057043650793655 0.48989417989417994 0.01206845238095238 0.013495370370370371
1 0.06872271825396825 0.47161044973544974 0.009375 0.011567460317460317
1 0.051875 0.4622420634920635 0.00782986111111111 0.009093915343915343
1 0.13953869047619047 0.5445866402116402 0.009789186507936507 0.013310185185185185
1 0.06637648809523809 0.5833201058201058 0.011088789682539683 0.012787698412698414
1 0.011341765873015872 0.5629993386243386 0.01 0.012671957671957673
1 0.020679563492063492 0.5715608465608466 0.009263392857142857 0.01283068783068783
1 0.0026413690476190478 0.5606018518518519 0.0052827380952380956 0.01353505291005291
1 0.006820436507936508 0.5705390211640211 0.00785218253968254 0.009371693121693121
1 0.09812251984126984 0.650271164021164 0.010193452380952381 0.013313492063492062
1 0.06871279761904762 0.7323842592592593 0.012041170634920634 0.014957010582010582
1 0.11642857142857142 0.6397982804232805 0.009923115079365078 0.010042989417989418
1 0.12339285714285714 0.6264616402116402 0.01090029761904762 0.012357804232804232
1 0.07095238095238095 0.6059854497354498 0.009402281746031745 0.01240079365079365
1 0.10906498015873016 0.4888525132275132 0.00875 0.01283068783068783
1 0.007837301587301587 0.39119708994708996 0.010260416666666666 0.012622354497354498
1 0.09959573412698412 0.3436739417989418 0.009429563492063493 0.009474206349206349
1 0.13814980158730158 0.30363756613756615 0.01130952380952381 0.012503306878306879
1 0.21419642857142857 0.2531283068783069 0.010024801587301587 0.012179232804232804
1 0.2027529761904762 0.24776785714285715 0.01109623015873016 0.0134755291005291
1 0.14758928571428573 0.2325925925925926 0.00857390873015873 0.011398809523809523
1 0.13692460317460317 0.2359126984126984 0.010394345238095237 0.010261243386243386
1 0.1435515873015873 0.22342261904761904 0.007743055555555555 0.009315476190476192
1 0.3490525793650794 0.23789682539682538 0.009112103174603176 0.011405423280423281
1 0.3548115079365079 0.24421957671957673 0.007668650793650794 0.011326058201058201
1 0.3647941468253968 0.24351190476190476 0.009967757936507936 0.012741402116402116
1 0.4246081349206349 0.28686838624338623 0.008038194444444443 0.012503306878306879
1 0.46018601190476194 0.30619378306878303 0.007978670634920635 0.011564153439153438
1 0.4628521825396825 0.31868386243386243 0.00853670634920635 0.012509920634920634
1 0.4731597222222222 0.32473214285714286 0.007958829365079367 0.009054232804232804
1 0.47874007936507934 0.34450727513227514 0.007973710317460317 0.011140873015873015
1 0.4958829365079365 0.277718253968254 0.009228670634920635 0.011167328042328043
1 0.4638244047619048 0.23622354497354497 0.007544642857142857 0.010886243386243387
1 0.46210069444444446 0.44176587301587306 0.009402281746031745 0.011967592592592592
1 0.4911979166666667 0.3997222222222222 0.009561011904761904 0.011997354497354498
1 0.48807539682539686 0.421656746031746 0.007757936507936508 0.011335978835978837
1 0.46704613095238096 0.60119708994709 0.008442460317460317 0.013432539682539681
1 0.4746155753968254 0.6019047619047619 0.008462301587301586 0.009662698412698413
1 0.47941716269841267 0.6070502645502646 0.009228670634920635 0.009583333333333334
1 0.4701388888888889 0.615651455026455 0.009325396825396825 0.011233465608465608
1 0.3796974206349206 0.43708664021164023 0.00898561507936508 0.01105489417989418
1 0.32961805555555557 0.44610449735449736 0.008628472222222221 0.012886904761904761
1 0.33215525793650796 0.4666666666666667 0.008177083333333333 0.012116402116402117
1 0.3214707341269841 0.4669312169312169 0.008598710317460317 0.010965608465608465
1 0.3222395833333333 0.449021164021164 0.008457341269841271 0.012020502645502647
1 0.3119047619047619 0.4347420634920635 0.009575892857142857 0.011395502645502646
1 0.30836557539682535 0.3767063492063492 0.011326884920634921 0.012648809523809524
1 0.2879985119047619 0.30102182539682537 0.010161210317460317 0.01267857142857143
1 0.2870833333333333 0.4135615079365079 0.007569444444444445 0.010529100529100529
1 0.21604414682539683 0.3735350529100529 0.008072916666666666 0.009857804232804232
1 0.21731894841269842 0.30843915343915346 0.009873511904761906 0.012797619047619049
1 0.2252876984126984 0.31658399470899473 0.00826140873015873 0.011894841269841269
1 0.1327703373015873 0.3161640211640212 0.00804563492063492 0.010575396825396826
1 0.1090327380952381 0.38942129629629624 0.009640376984126984 0.011435185185185185
1 0.12713541666666667 0.61 0.007881944444444445 0.009897486772486773
1 0.10484126984126985 0.4403968253968254 0.008898809523809524 0.011507936507936507
1 0.09808779761904762 0.4351818783068783 0.008878968253968254 0.010790343915343916
1 0.11118055555555555 0.42813822751322755 0.009347718253968254 0.010548941798941799
1 0.35778521825396825 0.6645072751322751 0.010002480158730159 0.013373015873015872
1 0.34660218253968256 0.6623445767195767 0.00769593253968254 0.0076157407407407415
1 0.33257440476190475 0.6410251322751322 0.009613095238095238 0.009388227513227513
1 0.37400049603174607 0.6425760582010582 0.007708333333333333 0.011061507936507937
1 0.4090327380952381 0.6326951058201058 0.008273809523809524 0.010400132275132274
1 0.40407738095238094 0.6384391534391535 0.006245039682539683 0.008994708994708995
1 0.4577579365079365 0.5353472222222223 0.010327380952380952 0.012275132275132274
1 0.4643055555555555 0.5582903439153439 0.00689484126984127 0.009484126984126984
1 0.4946899801587301 0.5581316137566138 0.009325396825396825 0.011636904761904762
1 0.40322420634920636 0.2614351851851852 0.01078125 0.013075396825396825
1 0.47683531746031743 0.2515806878306878 0.0072048611111111115 0.009864417989417989