1 0.44615327380952385 0.98375 0.026277281746031746 0.0325
2 0.7528125 0.3702017195767196 0.01886904761904762 0.018154761904761903
2 0.8966964285714286 0.4345006613756614 0.01294890873015873 0.013994708994708996
2 0.2156547619047619 0.7157109788359788 0.01375248015873016 0.011097883597883598
2 0.7801934523809523 0.8319907407407408 0.018643353174603174 0.017609126984126984
2 0.9575992063492064 0.2919345238095238 0.00867063492063492 0.012281746031746033
2 0.4651537698412698 0.6023677248677248 0.014466765873015873 0.019143518518518518
2 0.2159499007936508 0.4557175925925926 0.0072420634920634915 0.009533730158730158
2 0.6721378968253968 0.24870701058201058 0.00945188492063492 0.011537698412698413
2 0.10094246031746032 0.346441798941799 0.008787202380952382 0.008786375661375662
2 0.09740079365079365 0.4350760582010582 0.007145337301587301 0.006706349206349207
2 0.10213541666666667 0.44450396825396826 0.007217261904761905 0.01039021164021164
2 0.1268402777777778 0.5060747354497355 0.007666170634920635 0.008912037037037036
2 0.09249751984126983 0.4926488095238095 0.008219246031746032 0.0077777777777777776
2 0.07610863095238095 0.4987632275132275 0.007482638888888889 0.00863425925925926
2 0.014818948412698412 0.4512103174603175 0.007155257936507937 0.009963624338624338
2 0.004340277777777778 0.5519444444444445 0.007864583333333333 0.007678571428571428