1 0.29658234126984123 0.7003902116402116 0.033234126984126984 0.04509920634920635
1 0.2660267857142857 0.7877050264550265 0.021820436507936507 0.03035383597883598
1 0.9494518849206349 0.9597156084656084 0.03236607142857143 0.033134920634920635
1 0.8474603174603175 0.7156481481481481 0.028484623015873015 0.025886243386243388
1 0.668625992063492 0.09569113756613756 0.022274305555555558 0.028892195767195768
1 0.5351860119047619 0.15352843915343914 0.017725694444444443 0.025257936507936507
1 0.14043898809523808 0.42298611111111106 0.028154761904761905 0.028941798941798942
1 0.542688492063492 0.013449074074074075 0.02480406746031746 0.02689484126984127
1 0.7519394841269842 0.14776785714285715 0.016237599206349207 0.022119708994708994
1 0.8123859126984126 0.4402480158730159 0.012336309523809524 0.012417328042328042
1 0.5886607142857143 0.3911375661375661 0.026847718253968252 0.028697089947089947
2 0.7790897817460317 0.15654761904761905 0.02193452380952381 0.029818121693121695
1 0.49262896825396824 0.48062169312169317 0.023529265873015875 0.033822751322751324
1 0.5380332341269841 0.5504695767195766 0.026101190476190476 0.028429232804232804
1 0.5200198412698412 0.11715277777777777 0.02977926587301587 0.036273148148148145
1 0.29318948412698415 0.9605059523809525 0.025367063492063493 0.027939814814814813
1 0.7457465277777777 0.9053604497354497 0.023896329365079363 0.03039021164021164
1 0.7801190476190476 0.9661441798941799 0.016912202380952382 0.031372354497354496
1 0.8012599206349206 0.978151455026455 0.02463045634920635 0.027939814814814813
1 0.8126562500000001 0.8683531746031746 0.02315972222222222 0.03186177248677249
1 0.672219742063492 0.28111772486772485 0.020954861111111108 0.03186177248677249
1 0.908608630952381 0.49336640211640215 0.022425595238095238 0.024999999999999998
1 0.9880431547619047 0.35606481481481483 0.009273313492063492 0.010892857142857142
1 0.9738020833333333 0.39448082010582014 0.007286706349206349 0.009421296296296296
1 0.9736904761904762 0.42789351851851853 0.010597718253968253 0.011481481481481481
1 0.9653000992063493 0.3978670634920635 0.009273313492063492 0.011481481481481481
1 0.958125 0.3906547619047619 0.009052579365079366 0.011187169312169312
1 0.9771130952380952 0.35458994708994707 0.009494047619047619 0.010892857142857142
1 0.9815302579365079 0.36916335978835974 0.010376984126984129 0.008832671957671958
1 0.975126488095238 0.36239417989417994 0.009052579365079366 0.007066798941798942
1 0.9720362103174603 0.36695436507936513 0.009494047619047619 0.00794973544973545
1 0.941344246031746 0.36239417989417994 0.007728174603174603 0.008832671957671958
1 0.9466443452380953 0.3713723544973545 0.008611111111111111 0.008538359788359788
1 0.9054662698412699 0.20459986772486774 0.005300099206349207 0.00765542328042328
1 0.8990625 0.20474867724867724 0.006624503968253969 0.006180555555555556
1 0.865171130952381 0.25920965608465607 0.005520833333333333 0.007361111111111112
1 0.8496056547619047 0.25935515873015874 0.007065972222222222 0.007066798941798942
1 0.846294642857143 0.2640674603174603 0.006183035714285714 0.0058862433862433864
1 0.8473983134920635 0.32250330687830686 0.00574156746031746 0.006772486772486773
1 0.8190252976190476 0.2645072751322751 0.005520833333333333 0.006772486772486773
1 0.8154935515873016 0.2726025132275132 0.008611111111111111 0.014718915343915343
1 0.8033506944444445 0.30910714285714286 0.01081845238095238 0.01648478835978836
1 0.8041220238095238 0.26642195767195764 0.011039186507936508 0.0170734126984127
2 0.6730828373015872 0.22550264550264548 0.02980654761904762 0.03356150793650794
2 0.7436259920634921 0.2627414021164021 0.020753968253968257 0.029143518518518517
2 0.7585292658730158 0.33427910052910054 0.021416170634920635 0.021491402116402113
2 0.6515550595238095 0.3585648148148148 0.023846726190476192 0.021785714285714283
2 0.6800372023809523 0.2421362433862434 0.018988095238095238 0.022080026455026453
2 0.6839012896825396 0.26436177248677245 0.015677083333333335 0.029437830687830686
1 0.753452380952381 0.3916832010582011 0.024950396825396823 0.030909391534391532
1 0.7291641865079365 0.3834424603174603 0.023623511904761904 0.02561177248677249
1 0.7581994047619047 0.6532473544973545 0.020753968253968257 0.01648478835978836
1 0.6880977182539683 0.8831679894179894 0.01965029761904762 0.02531746031746032
2 0.5939285714285714 0.06388227513227514 0.02163690476190476 0.029437830687830686
1 0.5510962301587301 0.14601521164021164 0.018988095238095238 0.027083333333333334
1 0.5780332341269842 0.3183829365079365 0.024729662698412695 0.030320767195767196
1 0.520515873015873 0.5543353174603174 0.017884424603174603 0.03238425925925926
1 0.5007564484126984 0.546385582010582 0.026054067460317458 0.031795634920634926
1 0.569422123015873 0.5543353174603174 0.026054067460317458 0.028849206349206347
1 0.5411607142857143 0.5193022486772486 0.021195436507936507 0.025906084656084658
2 0.5165426587301587 0.5173875661375661 0.028040674603174602 0.030909391534391532
2 0.5421527777777778 0.27540013227513227 0.027157738095238096 0.035621693121693124
2 0.4646552579365079 0.1530820105820106 0.025833333333333333 0.03473875661375661
1 0.5216195436507937 0.2880588624338624 0.021857638888888888 0.026200396825396828
1 0.6097147817460317 0.3242691798941799 0.024067460317460317 0.033267195767195765
1 0.6223015873015872 0.3584193121693121 0.019208829365079366 0.021491402116402113
1 0.4552728174603175 0.03458994708994709 0.020753968253968257 0.02561177248677249
1 0.48883184523809525 0.05534391534391535 0.017222222222222222 0.02414021164021164
1 0.4648759920634921 0.06653108465608465 0.013025793650793652 0.022962962962962963
1 0.44059027777777776 0.1420436507936508 0.02229910714285714 0.030320767195767196
1 0.3817485119047619 0.12202380952380952 0.02163690476190476 0.029732142857142856
1 0.3933407738095238 0.21858465608465608 0.013025793650793652 0.026200396825396828
1 0.3629811507936508 0.21284391534391534 0.00794890873015873 0.018250661375661375
1 0.3878199404761905 0.8437169312169313 0.012142857142857143 0.014130291005291003
1 0.39709325396825396 0.908779761904762 0.011259920634920635 0.02414021164021164
2 0.27124255952380955 0.937334656084656 0.02450892857142857 0.03415013227513227
1 0.33449900793650794 0.8535813492063492 0.020753968253968257 0.029732142857142856
1 0.2749950396825397 0.7161011904761904 0.026274801587301586 0.028554894179894177
2 0.32566716269841267 0.07889550264550264 0.022961309523809523 0.03356150793650794
2 0.3061284722222222 0.09037698412698413 0.022740575396825398 0.031795634920634926
2 0.23083829365079364 0.2353637566137566 0.015677083333333335 0.015013227513227513
2 0.1005952380952381 0.7708531746031746 0.009077380952380953 0.012103174603174604
2 0.12645833333333334 0.7114583333333333 0.014779265873015875 0.01097883597883598
1 0.8970411706349206 0.8708167989417989 0.021505456349206347 0.024146825396825396