1 0.7154712301587302 0.6273611111111111 0.01808779761904762 0.023571428571428573
1 0.750062003968254 0.35057208994709 0.01972222222222222 0.024285714285714285
1 0.046195436507936505 0.3228141534391535 0.02589781746031746 0.023740079365079367
1 0.9123462301587302 0.566306216931217 0.015208333333333334 0.02201058201058201
1 0.5413368055555555 0.38282076719576724 0.020151289682539684 0.02970899470899471
1 0.48182043650793654 0.23031415343915346 0.021140873015873016 0.027337962962962963
1 0.3572594246031746 0.3878935185185185 0.015183531746031745 0.020856481481481483
1 0.48730902777777774 0.5493948412698413 0.01626240079365079 0.025433201058201058
1 0.5313690476190476 0.6106018518518519 0.017864583333333333 0.022900132275132275
1 0.6642683531746032 0.3101488095238095 0.019908234126984125 0.02127314814814815
1 0.10079365079365078 0.4902579365079365 0.017829861111111112 0.019930555555555556
1 0.20887648809523812 0.540138888888889 0.017492559523809525 0.018700396825396825
1 0.8155654761904763 0.38993055555555556 0.019846230158730157 0.01669973544973545
1 0.7842683531746032 0.5153968253968254 0.018211805555555557 0.023373015873015875
1 0.3089186507936508 0.4506283068783069 0.02054811507936508 0.019077380952380953
1 0.09409722222222222 0.31827050264550266 0.017356150793650795 0.013733465608465608
1 0.34708333333333335 0.44107142857142856 0.018323412698412696 0.0179728835978836
1 0.3231125992063492 0.3614451058201058 0.01281498015873016 0.020949074074074075
1 0.6185912698412698 0.19169973544973545 0.01984126984126984 0.022275132275132274
1 0.43020585317460314 0.3840046296296296 0.017720734126984126 0.023802910052910055
1 0.3540649801587301 0.3199537037037037 0.015094246031746032 0.018816137566137564
1 0.5189657738095238 0.4854298941798942 0.024784226190476193 0.027407407407407405
1 0.3967981150793651 0.212390873015873 0.017631448412698415 0.023075396825396825
1 0.7801909722222222 0.6010780423280424 0.019032738095238096 0.022152777777777775
1 0.08280753968253968 0.29087632275132275 0.016081349206349207 0.0194973544973545
1 0.23625992063492063 0.2554497354497355 0.017760416666666667 0.016458333333333335
1 0.42928075396825394 0.5242757936507937 0.020004960317460317 0.027341269841269843
1 0.4968849206349206 0.6327248677248677 0.01718253968253968 0.02751984126984127
1 0.6199603174603174 0.8587070105820106 0.01658482142857143 0.02662037037037037
1 0.176827876984127 0.38479828042328046 0.013506944444444445 0.014828042328042329
1 0.5758506944444445 0.29180555555555554 0.021269841269841272 0.018756613756613756
1 0.5143874007936509 0.7528902116402115 0.017938988095238095 0.01814814814814815
1 0.1906795634920635 0.44702050264550264 0.0146875 0.01789021164021164
1 0.3576190476190476 0.2818783068783069 0.02219246031746032 0.024126984126984125
1 0.3651587301587301 0.27694444444444444 0.024774305555555556 0.028399470899470897
1 0.5433184523809523 0.9903604497354497 0.016279761904761905 0.019279100529100528
1 0.761453373015873 0.6101322751322751 0.022115575396825397 0.022962962962962963
1 0.5824107142857143 0.30484126984126986 0.02036210317460317 0.019345238095238096
1 0.47928323412698415 0.34624338624338624 0.018301091269841273 0.021669973544973544
1 0.7475967261904761 0.5189285714285714 0.01617311507936508 0.023776455026455028
1 0.8802876984126985 0.6078670634920635 0.01564236111111111 0.02056878306878307
1 0.6981795634920634 0.35159060846560847 0.017482638888888888 0.017701719576719576
1 0.7385143849206349 0.5655291005291005 0.015297619047619048 0.017387566137566136
1 0.01195436507936508 0.3513624338624339 0.01316220238095238 0.017910052910052907
1 0.026594742063492063 0.3585284391534392 0.014506448412698414 0.017192460317460318
2 0.015848214285714285 0.4156547619047619 0.0075223214285714286 0.008237433862433863
2 0.010074404761904762 0.4197751322751323 0.006716269841269841 0.006448412698412698
1 0.08152777777777778 0.2582407407407407 0.015848214285714285 0.020773809523809524
1 0.1425074404761905 0.25967261904761907 0.013700396825396826 0.01934193121693122
1 0.16036954365079364 0.2845667989417989 0.014506448412698414 0.016117724867724868
1 0.17527777777777778 0.27972883597883597 0.01423611111111111 0.01934193121693122
1 0.16533978174603173 0.27525132275132275 0.014774305555555556 0.011104497354497355
1 0.11658482142857143 0.33506613756613757 0.012894345238095238 0.01253637566137566
1 0.07843998015873016 0.34795965608465607 0.013968253968253968 0.014685846560846559
1 0.07024553571428573 0.379837962962963 0.01316220238095238 0.01683531746031746
1 0.08475198412698413 0.3791203703703704 0.011550099206349206 0.014685846560846559
1 0.04015873015873016 0.3665873015873016 0.0153125 0.014685846560846559
1 0.08864583333333334 0.4360714285714286 0.011820436507936507 0.013968253968253968
1 0.07508184523809525 0.4319510582010582 0.012088293650793652 0.016474867724867726
1 0.1063764880952381 0.41010251322751323 0.012894345238095238 0.015042989417989419
1 0.10221230158730159 0.40043320105820107 0.011550099206349206 0.01361111111111111
1 0.19475446428571427 0.5587433862433863 0.016118551587301588 0.018624338624338623
1 0.07534970238095239 0.5651917989417989 0.012626488095238095 0.014325396825396826
1 0.06823164682539683 0.6878637566137565 0.016118551587301588 0.019699074074074074
1 0.1214186507936508 0.6995039682539683 0.015580357142857142 0.017910052910052907
1 0.1490873015873016 0.7414087301587301 0.011820436507936507 0.015042989417989419
1 0.16547371031746033 0.7851058201058201 0.011820436507936507 0.014325396825396826
1 0.17702380952380953 0.7781216931216931 0.00967013888888889 0.013250661375661376
1 0.17098214285714286 0.7743617724867725 0.008328373015873015 0.007880291005291005
1 0.22107886904761903 0.7543022486772487 0.013432539682539681 0.01576058201058201
1 0.1678918650793651 0.7192030423280423 0.010208333333333333 0.012179232804232804
1 0.17850198412698412 0.7020105820105821 0.01101438492063492 0.012179232804232804
1 0.18897817460317462 0.7329927248677249 0.010476190476190477 0.010386904761904762
1 0.2076488095238095 0.7115013227513227 0.013432539682539681 0.015400132275132275
1 0.2765500992063492 0.7716765873015874 0.01316220238095238 0.013968253968253968
1 0.3043551587301587 0.8014021164021164 0.016654265873015873 0.017549603174603176
1 0.3097271825396825 0.7344246031746032 0.011282242063492064 0.01253637566137566
1 0.33376984126984127 0.7263657407407408 0.010476190476190477 0.014325396825396826
1 0.2966989087301587 0.6545535714285714 0.01101438492063492 0.014685846560846559
1 0.3098611111111111 0.6740740740740742 0.01101438492063492 0.01361111111111111
1 0.3387375992063492 0.6608234126984127 0.009134424603174603 0.014325396825396826
1 0.3462599206349206 0.6644047619047619 0.00967013888888889 0.016474867724867726
1 0.33282738095238096 0.6724636243386243 0.00967013888888889 0.013968253968253968
1 0.15271329365079364 0.6615376984126984 0.01316220238095238 0.01361111111111111
1 0.09079613095238094 0.645598544973545 0.012894345238095238 0.014685846560846559
1 0.09200396825396825 0.7009358465608466 0.01423611111111111 0.016474867724867726
1 0.10382440476190476 0.6957440476190475 0.012088293650793652 0.01683531746031746
1 0.08945188492063492 0.6610019841269841 0.013432539682539681 0.008955026455026454
1 0.19676835317460317 0.590082671957672 0.012626488095238095 0.015400132275132275
1 0.2342435515873016 0.5865013227513227 0.014506448412698414 0.01826719576719577
1 0.24324156746031747 0.5684126984126985 0.011550099206349206 0.017192460317460318
1 0.2671502976190476 0.5719973544973546 0.008328373015873015 0.01074404761904762
1 0.2735962301587302 0.5802347883597884 0.009937996031746032 0.01576058201058201
1 0.2811185515873016 0.5736078042328042 0.009402281746031745 0.016117724867724868
1 0.2918625992063492 0.5651917989417989 0.01423611111111111 0.017192460317460318
1 0.23558531746031747 0.515406746031746 0.00967013888888889 0.01361111111111111
1 0.21705109126984126 0.28241732804232805 0.012894345238095238 0.016117724867724868
1 0.1678918650793651 0.3167989417989418 0.012356150793650794 0.013968253968253968
1 0.12329861111111111 0.3427678571428571 0.012894345238095238 0.016474867724867726
1 0.10100446428571429 0.35172288359788356 0.015042162698412699 0.015042989417989419
1 0.22698908730158732 0.35405092592592596 0.015042162698412699 0.015400132275132275
1 0.22161706349206348 0.3298743386243386 0.012894345238095238 0.01576058201058201
1 0.23128720238095238 0.3198445767195767 0.012894345238095238 0.01576058201058201
1 0.2354513888888889 0.30229497354497353 0.0153125 0.018624338624338623
1 0.2445858134920635 0.3155456349206349 0.011550099206349206 0.016474867724867726
1 0.24485367063492064 0.3307705026455027 0.009937996031746032 0.013250661375661376
1 0.23437748015873017 0.3354265873015873 0.012088293650793652 0.013968253968253968
1 0.28434027777777776 0.3368584656084656 0.011550099206349206 0.013968253968253968
1 0.27346230158730156 0.33148478835978834 0.012356150793650794 0.017549603174603176
2 0.3121453373015873 0.3631845238095238 0.013968253968253968 0.016474867724867726
2 0.2993849206349206 0.36461640211640206 0.01316220238095238 0.017192460317460318
2 0.382390873015873 0.17371031746031745 0.015848214285714285 0.01934193121693122
1 0.3083829365079365 0.38270502645502646 0.011282242063492064 0.01683531746031746
1 0.2981746031746032 0.38126984126984126 0.00967013888888889 0.015400132275132275
1 0.3183234126984127 0.37876322751322755 0.013432539682539681 0.014685846560846559
1 0.38198660714285715 0.3585284391534392 0.00967013888888889 0.01934193121693122
1 0.36936259920634923 0.3608564814814815 0.015580357142857142 0.019699074074074074
1 0.34840773809523806 0.3603174603174603 0.012894345238095238 0.014325396825396826
1 0.35445188492063495 0.4086706349206349 0.011550099206349206 0.015042989417989419
1 0.34773809523809524 0.39559854497354496 0.011550099206349206 0.013968253968253968
1 0.48325892857142855 0.3210978835978836 0.015042162698412699 0.01898148148148148
1 0.49051339285714285 0.29960978835978835 0.01826636904761905 0.02184854497354497
1 0.49870535714285713 0.31876984126984126 0.01853422619047619 0.023637566137566138
1 0.48527529761904764 0.48406415343915343 0.015848214285714285 0.01898148148148148
1 0.38467261904761907 0.3089219576719577 0.015580357142857142 0.019699074074074074
1 0.36828621031746034 0.2987136243386243 0.010744047619047618 0.01074404761904762
1 0.43033978174603177 0.1592063492063492 0.016654265873015873 0.013968253968253968
1 0.5204637896825397 0.23101851851851854 0.0153125 0.02650462962962963
1 0.472514880952381 0.19842592592592592 0.01826636904761905 0.02650462962962963
1 0.4858110119047619 0.16869708994708993 0.016386408730158727 0.023637566137566138
2 0.5051537698412698 0.2217063492063492 0.016386408730158727 0.02435515873015873
1 0.5673387896825397 0.23746693121693122 0.016118551587301588 0.022205687830687833
1 0.5805034722222222 0.2324503968253968 0.012894345238095238 0.02005621693121693
1 0.5764732142857143 0.25626984126984126 0.015580357142857142 0.02184854497354497
1 0.5594146825396825 0.2521494708994709 0.015848214285714285 0.02005621693121693
2 0.5169717261904762 0.32593253968253966 0.01853422619047619 0.02578703703703704
2 0.5349702380952381 0.3384689153439153 0.016924603174603172 0.017192460317460318
2 0.5267782738095238 0.35512566137566143 0.015042162698412699 0.017549603174603176
2 0.5210019841269841 0.3760780423280423 0.020146329365079367 0.02435515873015873
2 0.5169717261904762 0.3544080687830688 0.009402281746031745 0.017549603174603176
2 0.6805654761904761 0.2437334656084656 0.01853422619047619 0.023998015873015872
2 0.541954365079365 0.4835284391534392 0.020684523809523812 0.02722222222222222
2 0.7954042658730159 0.5483564814814815 0.01934027777777778 0.017910052910052907
2 0.9623561507936508 0.24821097883597884 0.010476190476190477 0.014325396825396826
2 0.9158829365079365 0.24946428571428572 0.012626488095238095 0.015400132275132275
2 0.8937202380952382 0.2734623015873016 0.008058035714285715 0.013250661375661376
2 0.9627579365079365 0.33309854497354496 0.014506448412698414 0.012179232804232804
2 0.9383134920634921 0.33882936507936506 0.010208333333333333 0.01576058201058201
2 0.9246130952380952 0.33435185185185184 0.012894345238095238 0.013250661375661376
2 0.9689360119047619 0.379837962962963 0.006984126984126984 0.008237433862433863
2 0.883782242063492 0.25752314814814814 0.011282242063492064 0.011461640211640211
2 0.9330753968253968 0.429265873015873 0.005104166666666667 0.007523148148148148
2 0.9204489087301587 0.4256845238095238 0.005104166666666667 0.006805555555555555
2 0.868201884920635 0.4093882275132275 0.009134424603174603 0.01289351851851852
2 0.883782242063492 0.4489649470899471 0.005910218253968254 0.006805555555555555
2 0.909437003968254 0.42514550264550266 0.005104166666666667 0.008594576719576719
2 0.9368353174603175 0.4280125661375661 0.006178075396825397 0.007162698412698413
2 0.9364335317460317 0.44090608465608466 0.005372023809523809 0.007162698412698413
2 0.9064806547619048 0.4174470899470899 0.0029538690476190476 0.007523148148148148
2 0.945969742063492 0.42031084656084655 0.006716269841269841 0.006805555555555555
2 0.7681374007936508 0.6284060846560846 0.006178075396825397 0.011104497354497355
1 0.9016468253968254 0.8631878306878308 0.020684523809523812 0.02578703703703704
1 0.8827083333333333 0.870707671957672 0.014506448412698414 0.020773809523809524
1 0.9414012896825397 0.8678439153439154 0.016386408730158727 0.01934193121693122
1 0.7024578373015873 0.8268320105820106 0.014506448412698414 0.019699074074074074
1 0.7298586309523809 0.8350694444444444 0.017192460317460315 0.01826719576719577
1 0.7506770833333334 0.8135813492063492 0.017998511904761903 0.01253637566137566
1 0.7062202380952382 0.7458862433862433 0.01826636904761905 0.02542989417989418
1 0.7297247023809523 0.6262599206349206 0.01423611111111111 0.023998015873015872
1 0.7508110119047618 0.6257208994708995 0.015042162698412699 0.014325396825396826
1 0.7509449404761904 0.5460284391534391 0.016924603174603172 0.023280423280423283
1 0.8755877976190476 0.6255423280423281 0.008864087301587302 0.015400132275132275
1 0.9191071428571429 0.6192757936507937 0.009937996031746032 0.01576058201058201
2 0.9302554563492064 0.6201686507936508 0.010208333333333333 0.019699074074074074
1 0.8326091269841269 0.5379695767195767 0.01423611111111111 0.018624338624338623
1 0.8170287698412699 0.549431216931217 0.008864087301587302 0.015042989417989419
1 0.6984300595238095 0.4009689153439153 0.015580357142857142 0.02184854497354497
1 0.7087723214285714 0.40580687830687834 0.008328373015873015 0.017192460317460318
1 0.7129365079365079 0.318234126984127 0.015580357142857142 0.020416666666666666
1 0.7204563492063493 0.29799603174603173 0.013432539682539681 0.01576058201058201
1 0.7219345238095238 0.31876984126984126 0.007251984126984127 0.01576058201058201
1 0.6902356150793652 0.2231382275132275 0.0153125 0.020773809523809524
1 0.6618973214285714 0.23907738095238096 0.016654265873015873 0.02184854497354497
1 0.6511507936507936 0.22331679894179893 0.014506448412698414 0.017549603174603176
1 0.6209300595238095 0.22600529100529101 0.015848214285714285 0.02005621693121693
1 0.5903075396825397 0.2636111111111111 0.011550099206349206 0.017192460317460318
1 0.6092460317460318 0.262718253968254 0.013432539682539681 0.014685846560846559
1 0.5967534722222223 0.30229497354497353 0.008864087301587302 0.016474867724867726
1 0.6534350198412698 0.37213624338624335 0.011550099206349206 0.017192460317460318
1 0.6813715277777778 0.35351190476190475 0.009402281746031745 0.016474867724867726
1 0.8489955357142858 0.3900462962962963 0.0153125 0.01289351851851852
1 0.7874801587301588 0.3773313492063492 0.015848214285714285 0.019699074074074074
1 0.8042683531746032 0.37195767195767193 0.014506448412698414 0.019699074074074074
1 0.7984920634920635 0.4527248677248677 0.012088293650793652 0.015042989417989419
1 0.7114583333333333 0.5236441798941799 0.016924603174603172 0.017910052910052907
1 0.7346949404761904 0.4960648148148148 0.00967013888888889 0.02005621693121693
1 0.7737797619047619 0.5010780423280423 0.012626488095238095 0.01361111111111111
1 0.7819717261904762 0.5281216931216931 0.016654265873015873 0.011818783068783069
1 0.6747891865079365 0.5195238095238095 0.016654265873015873 0.01683531746031746
1 0.6839236111111111 0.5368948412698412 0.013968253968253968 0.01289351851851852
1 0.6758655753968255 0.5358201058201058 0.013432539682539681 0.014325396825396826
1 0.6260342261904762 0.6858928571428571 0.01853422619047619 0.022205687830687833
1 0.6622991071428571 0.6411210317460317 0.02122271825396825 0.023637566137566138
1 0.6875496031746031 0.6276917989417989 0.019072420634920637 0.02471230158730159
1 0.7247544642857143 0.4507572751322751 0.004836309523809524 0.011104497354497355
1 0.598499503968254 0.4210284391534392 0.011282242063492064 0.01826719576719577
2 0.8907663690476191 0.35620039682539684 0.012894345238095238 0.015400132275132275
2 0.8793501984126985 0.3814484126984127 0.01101438492063492 0.012179232804232804
1 0.8664558531746033 0.3778670634920635 0.01316220238095238 0.01576058201058201
1 0.8828422619047619 0.3445601851851852 0.01101438492063492 0.01361111111111111
1 0.6443005952380952 0.15365410052910053 0.011550099206349206 0.017192460317460318
1 0.5575347222222222 0.37894179894179897 0.015848214285714285 0.016474867724867726
1 0.4996453373015873 0.4588128306878307 0.014506448412698414 0.014325396825396826
1 0.5034077380952381 0.6065575396825397 0.012894345238095238 0.02184854497354497
1 0.5199280753968254 0.5877546296296295 0.013700396825396826 0.021491402116402113
1 0.5463864087301588 0.5805919312169312 0.013968253968253968 0.02435515873015873
1 0.5330902777777778 0.6278703703703704 0.016924603174603172 0.014325396825396826
1 0.5547147817460317 0.6867890211640212 0.014506448412698414 0.017549603174603176
1 0.5505505952380952 0.710787037037037 0.01316220238095238 0.01826719576719577
1 0.5443725198412698 0.7648710317460317 0.012626488095238095 0.023280423280423283
1 0.5304042658730159 0.7507208994708994 0.01316220238095238 0.021491402116402113
1 0.4913194444444444 0.7645105820105821 0.009134424603174603 0.015400132275132275
1 0.4933333333333333 0.6864318783068784 0.01423611111111111 0.021130952380952382
1 0.4792311507936508 0.6387929894179895 0.013432539682539681 0.029011243386243387
1 0.4482043650793651 0.36784060846560845 0.01101438492063492 0.01934193121693122
1 0.45948660714285716 0.6665509259259259 0.015848214285714285 0.014325396825396826
1 0.49521329365079364 0.867665343915344 0.010476190476190477 0.017549603174603176
1 0.4683506944444445 0.9156580687830688 0.0153125 0.019699074074074074
1 0.30421875 0.28814814814814815 0.008328373015873015 0.013250661375661376
1 0.15580357142857143 0.4235350529100529 0.010744047619047618 0.01253637566137566
1 0.1579513888888889 0.44323412698412695 0.010208333333333333 0.00966931216931217
1 0.14787946428571427 0.45147156084656087 0.009402281746031745 0.008237433862433863
1 0.1539236111111111 0.47905092592592596 0.008596230158730157 0.006087962962962963
1 0.14035714285714285 0.47063492063492063 0.009937996031746032 0.01361111111111111
1 0.16869791666666667 0.6738955026455026 0.010208333333333333 0.011818783068783069
1 0.18253224206349208 0.6687003968253968 0.011550099206349206 0.01576058201058201
1 0.23343750000000002 0.7263657407407408 0.012356150793650794 0.01289351851851852
1 0.24230158730158732 0.7535879629629629 0.010744047619047618 0.01361111111111111
1 0.258015873015873 0.6348544973544974 0.012626488095238095 0.01826719576719577
1 0.28272569444444445 0.6191269841269841 0.008273809523809524 0.012569444444444444
1 0.29349950396825397 0.46764880952380955 0.010967261904761905 0.008207671957671957
1 0.3347668650793651 0.44545965608465604 0.01154265873015873 0.014623015873015873
1 0.3633382936507937 0.43365740740740744 0.008273809523809524 0.010003306878306879
1 0.37343998015873014 0.4571296296296296 0.00884920634920635 0.011798941798941798
1 0.464640376984127 0.4559160052910053 0.014275793650793652 0.01359457671957672
1 0.628812003968254 0.30817460317460316 0.013596230158730158 0.014503968253968253
1 0.6328918650793651 0.8560912698412699 0.01087797619047619 0.01812830687830688
1 0.5953323412698412 0.9775496031746033 0.018013392857142856 0.02719246031746032
1 0.4879241071428571 0.9444642857142856 0.013936011904761904 0.01541005291005291
2 0.3495138888888889 0.49975198412698413 0.006282242063492063 0.008842592592592593
2 0.35562003968253963 0.4974272486772487 0.004885912698412698 0.009305555555555556
1 0.14576140873015875 0.4943187830687831 0.006259920634920635 0.008544973544973545
1 0.12382936507936507 0.2511111111111111 0.013375496031746032 0.01783399470899471
1 0.4610590277777778 0.16348544973544973 0.01408234126984127 0.018541666666666668
1 0.44143105158730156 0.18273478835978837 0.014962797619047619 0.017605820105820107
1 0.4262896825396825 0.18238095238095237 0.01425843253968254 0.021593915343915342
1 0.4608829365079365 0.21899801587301587 0.01232390873015873 0.016901455026455025
1 0.5121999007936509 0.43224537037037036 0.016723710317460318 0.016666666666666666
1 0.5125520833333334 0.45794973544973544 0.009330357142857142 0.01361441798941799
1 0.4674851190476191 0.5866964285714286 0.01425843253968254 0.020889550264550263
1 0.690329861111111 0.6490410052910053 0.014853670634920635 0.015403439153439153
1 0.7189384920634921 0.7093121693121693 0.01888888888888889 0.02151785714285714
1 0.676577380952381 0.6882837301587301 0.01778769841269841 0.018091931216931218
2 0.831624503968254 0.2905952380952381 0.010634920634920636 0.010512566137566137
1 0.833000992063492 0.38265211640211644 0.01375248015873016 0.014179894179894181