2 0.0031001984126984125 0.32993055555555556 0.006197916666666667 0.010072751322751324
2 0.03360615079365079 0.38197089947089946 0.010652281746031746 0.012913359788359788
2 0.04067708333333333 0.39372354497354495 0.010071924603174603 0.01058862433862434
2 0.04387152777777777 0.379130291005291 0.007941468253968255 0.011881613756613757
2 0.04939236111111111 0.3844246031746032 0.010848214285714286 0.011104497354497355
2 0.054913194444444445 0.3957903439153439 0.010265376984126984 0.011620370370370371
2 0.07612351190476191 0.3702215608465608 0.007748015873015873 0.009556878306878307
2 0.0016468253968253967 0.5 0.0032936507936507935 0.008779761904761905
2 0.036803075396825397 0.5162698412698413 0.008134920634920634 0.008779761904761905
2 0.017916666666666664 0.4576421957671958 0.007554563492063493 0.009814814814814814
2 0.02585813492063492 0.4557076719576719 0.008715277777777778 0.01058862433862434
2 0.04474454365079365 0.4799834656084656 0.008134920634920634 0.010072751322751324
2 0.04900545634920635 0.46784391534391534 0.008521825396825397 0.01058862433862434
2 0.06198412698412698 0.4721064814814815 0.008911210317460318 0.0092989417989418
2 0.07554315476190475 0.4657771164021164 0.010071924603174603 0.013687169312169312
2 0.08503224206349207 0.462936507936508 0.010458829365079365 0.012139550264550264
2 0.13045634920634921 0.4743022486772487 0.005617559523809524 0.008521825396825397
2 0.1573784722222222 0.5293121693121694 0.006391369047619048 0.01058862433862434
2 0.16154513888888888 0.5324107142857143 0.005037202380952381 0.0074900793650793645
2 0.023147321428571427 0.5977513227513227 0.005617559523809524 0.006974206349206349
2 0.05016865079365079 0.5915542328042328 0.006197916666666667 0.006974206349206349
2 0.0436780753968254 0.598396164021164 0.006391369047619048 0.006716269841269841
2 0.04484126984126984 0.6133763227513227 0.005617559523809524 0.0051653439153439154
2 0.05326636904761905 0.6262896825396825 0.008911210317460318 0.0092989417989418
2 0.05811011904761905 0.6071792328042328 0.00929811507936508 0.010330687830687831
2 0.05559027777777777 0.535380291005291 0.005424107142857143 0.008779761904761905
2 0.05326636904761905 0.5442923280423281 0.005811011904761905 0.0074900793650793645
2 0.10314484126984128 0.5761871693121694 0.005617559523809524 0.009814814814814814
2 0.13084325396825394 0.24728835978835978 0.008715277777777778 0.010072751322751324
2 0.11786458333333334 0.2897718253968254 0.009878472222222223 0.011362433862433862
2 0.1240625 0.2802149470899471 0.004841269841269842 0.006716269841269841
2 0.12938988095238096 0.3207638888888889 0.00929811507936508 0.010846560846560846