1 0.5056473214285714 0.8820502645502646 0.02222470238095238 0.028743386243386244
1 0.37943948412698414 0.702146164021164 0.023683035714285712 0.027179232804232803
1 0.6723214285714286 0.45926917989417987 0.017557043650793653 0.02224537037037037
1 0.6779489087301587 0.7851554232804233 0.022294146825396825 0.028346560846560846
1 0.3517212301587302 0.2724107142857143 0.023350694444444445 0.0267228835978836
1 0.37653273809523813 0.2848611111111111 0.021976686507936508 0.027162698412698413
1 0.35592757936507935 0.2978571428571429 0.020027281746031748 0.0268452380952381
1 0.3288516865079365 0.4225892857142857 0.01786954365079365 0.02191468253968254
1 0.2825719246031746 0.31955687830687834 0.019365079365079366 0.020624999999999998
1 0.46652281746031743 0.7858167989417989 0.019248511904761904 0.028330026455026455
1 0.5304141865079365 0.6936375661375661 0.01908234126984127 0.02566137566137566
1 0.3972767857142857 0.7310218253968255 0.016004464285714285 0.02636574074074074
1 0.4455530753968254 0.7516435185185184 0.020481150793650794 0.02668650793650794
1 0.29155257936507933 0.34361441798941794 0.019260912698412697 0.023743386243386243
1 0.5260887896825397 0.0992691798941799 0.018720238095238095 0.02335648148148148
1 0.4862624007936508 0.6209953703703704 0.020101686507936506 0.026875
1 0.2744394841269841 0.34333002645502647 0.019469246031746032 0.024814814814814817
1 0.4759325396825397 0.10588955026455026 0.014575892857142858 0.023587962962962963
2 0.3134449404761905 0.6916005291005292 0.01325892857142857 0.013277116402116401
1 0.6546924603174603 0.4463161375661376 0.018110119047619045 0.01693783068783069
2 0.7100496031746032 0.8368584656084656 0.015181051587301587 0.02158399470899471
1 0.42555059523809524 0.6993518518518519 0.02236607142857143 0.029014550264550264
1 0.2285813492063492 0.22289682539682537 0.015324900793650793 0.018273809523809522
2 0.9104985119047619 0.4479232804232804 0.008861607142857142 0.010188492063492063
2 0.909781746031746 0.40361772486772485 0.008625992063492063 0.01072420634920635
1 0.18208333333333332 0.34972552910052906 0.014506448412698414 0.018210978835978837
1 0.9878199404761905 0.4197255291005291 0.007571924603174604 0.009695767195767195
1 0.31478670634920636 0.41019179894179897 0.01693204365079365 0.021841931216931215
1 0.505657242063492 0.09549603174603173 0.014427083333333333 0.02074074074074074
2 0.008506944444444444 0.9208399470899471 0.016631944444444446 0.022943121693121692
1 0.4920089285714286 0.09950396825396825 0.01711061507936508 0.023343253968253968
1 0.49683531746031745 0.11784722222222223 0.017720734126984126 0.02085978835978836
1 0.47751984126984126 0.08201719576719577 0.01625 0.024738756613756616
1 0.49414434523809525 0.07831679894179895 0.015131448412698412 0.01845899470899471
1 0.5065228174603175 0.08685185185185185 0.014714781746031745 0.018177910052910053
1 0.40367807539682543 0.30433862433862435 0.017135416666666667 0.02228174603174603
1 0.3438095238095238 0.29647156084656084 0.01658482142857143 0.0255787037037037
1 0.30662450396825397 0.3162301587301587 0.017916666666666664 0.022003968253968255
1 0.2611830357142857 0.3438525132275132 0.01542906746031746 0.017936507936507938
1 0.2704637896825397 0.3689748677248677 0.015520833333333333 0.0211739417989418
1 0.49702132936507937 0.6549900793650794 0.016510416666666666 0.023561507936507936
2 0.7673462301587302 0.8225198412698413 0.011788194444444445 0.011686507936507938
1 0.6815178571428572 0.455734126984127 0.01347718253968254 0.020912698412698414
1 0.7203348214285714 0.41160052910052913 0.0071875 0.009060846560846561
1 0.7197767857142857 0.4023677248677249 0.007465277777777778 0.010737433862433862
2 0.14363839285714286 0.7121362433862434 0.015357142857142857 0.01810846560846561
2 0.15136656746031746 0.6769345238095238 0.011091269841269841 0.01597222222222222
1 0.25216517857142856 0.6916534391534391 0.016416170634920634 0.017867063492063493
2 0.3379191468253968 0.7995469576719576 0.012361111111111113 0.014983465608465609
2 0.36952132936507937 0.7299503968253968 0.008836805555555556 0.011769179894179894
1 0.35947420634920635 0.7121825396825396 0.008883928571428572 0.013723544973544973
1 0.3411830357142857 0.6606878306878307 0.01888888888888889 0.02544642857142857
1 0.36353174603174604 0.6678703703703704 0.017415674603174603 0.02414351851851852
1 0.41041666666666665 0.7242824074074075 0.018072916666666668 0.025608465608465608
1 0.47951884920634924 0.7867361111111112 0.01626240079365079 0.021822089947089944
1 0.42452132936507936 0.7959556878306878 0.020496031746031745 0.02514880952380952
1 0.4251860119047619 0.815978835978836 0.01623015873015873 0.019308862433862435
1 0.45214781746031746 0.8746097883597884 0.020905257936507937 0.031927910052910055
2 0.45778025793650795 0.9130324074074074 0.01748015873015873 0.025400132275132277
1 0.4761284722222222 0.9234920634920635 0.019685019841269843 0.02561838624338624
2 0.49181795634920633 0.924785052910053 0.015166170634920635 0.02428240740740741
1 0.478062996031746 0.9369378306878308 0.016076388888888887 0.016137566137566138
1 0.4934623015873016 0.975816798941799 0.017916666666666664 0.02730820105820106
1 0.5048635912698413 0.9797817460317461 0.014677579365079366 0.02684193121693122
1 0.5045610119047619 0.9926917989417989 0.017802579365079365 0.014613095238095238
1 0.5328968253968254 0.9896164021164021 0.019461805555555555 0.020767195767195767
1 0.5445535714285714 0.9947916666666666 0.011535218253968254 0.010416666666666666
1 0.5453819444444444 0.965790343915344 0.01086061507936508 0.01564484126984127
1 0.489672619047619 0.8916732804232804 0.01896577380952381 0.022721560846560844
1 0.4676760912698413 0.8820965608465609 0.015401785714285715 0.025082671957671956
2 0.9278075396825397 0.42915013227513227 0.00898561507936508 0.009467592592592592
2 0.8602430555555556 0.5303339947089947 0.008134920634920634 0.009828042328042328
2 0.8602554563492064 0.5133730158730159 0.007693452380952381 0.00892526455026455
2 0.9197867063492063 0.5120998677248677 0.00798859126984127 0.008984788359788361
1 0.9032118055555556 0.5725066137566137 0.007814980158730158 0.010674603174603175
2 0.9028621031746032 0.40558531746031745 0.008271329365079365 0.009338624338624339
2 0.898888888888889 0.3857705026455026 0.007832341269841269 0.009189814814814814
2 0.8888045634920635 0.3774206349206349 0.007018849206349207 0.0078505291005291
2 0.8936557539682539 0.38230158730158725 0.006644345238095238 0.008660714285714285
2 0.8935391865079365 0.40465608465608466 0.006178075396825397 0.0074834656084656085
2 0.8377604166666667 0.3841997354497354 0.006071428571428571 0.007976190476190477
2 0.8271626984126984 0.3828637566137566 0.006282242063492063 0.007542989417989417
2 0.9196056547619047 0.3690277777777778 0.008601190476190476 0.008409391534391535
2 0.9524553571428572 0.3930588624338624 0.006736111111111111 0.00779100529100529
1 0.98 0.4212433862433862 0.008526785714285714 0.009880952380952381
1 0.9973115079365079 0.4213194444444444 0.005376984126984127 0.0072354497354497355
1 0.9702083333333333 0.33698743386243385 0.006857638888888889 0.009242724867724867
1 0.9549156746031745 0.5032374338624338 0.006619543650793651 0.009914021164021165
1 0.969578373015873 0.5665972222222223 0.009928075396825397 0.011292989417989417
1 0.9771924603174603 0.5666898148148148 0.007160218253968254 0.00923941798941799
1 0.9959474206349206 0.5804596560846561 0.00810515873015873 0.010479497354497354
2 0.9590525793650794 0.5355059523809523 0.008182043650793652 0.010658068783068781
2 0.9791493055555555 0.5922751322751323 0.008085317460317461 0.007807539682539682
2 0.9792435515873016 0.60119708994709 0.00935267857142857 0.007996031746031746
1 0.966140873015873 0.44243386243386246 0.007859623015873016 0.008052248677248677
1 0.9771924603174603 0.36068121693121696 0.007579365079365079 0.007384259259259259
2 0.9005357142857143 0.3624834656084656 0.008655753968253969 0.008753306878306878
1 0.8625595238095238 0.7812896825396825 0.01744047619047619 0.01648809523809524
1 0.8892609126984127 0.7303869047619048 0.015751488095238096 0.01857804232804233
2 0.991297123015873 0.6918683862433862 0.008395337301587301 0.009543650793650793
2 0.07668650793650793 0.3477314814814815 0.006644345238095238 0.007106481481481481
2 0.08351686507936508 0.3618353174603175 0.005927579365079365 0.007159391534391534
2 0.07023561507936509 0.3465707671957672 0.007016369047619047 0.00841931216931217
2 0.07625 0.36375330687830687 0.008606150793650794 0.008373015873015872
2 0.07507936507936509 0.3836342592592592 0.006455853174603175 0.008981481481481481
2 0.07292162698412698 0.5143154761904761 0.006681547619047619 0.008783068783068783
2 0.04051339285714286 0.4619642857142857 0.0054290674603174605 0.008521825396825397
2 0.03440228174603175 0.46842261904761906 0.007552083333333333 0.008726851851851852
2 0.019322916666666665 0.47864087301587305 0.0066840277777777775 0.006458333333333333
2 0.014308035714285714 0.47538690476190476 0.006872519841269842 0.009937169312169312