2 0.45056299603174604 0.5031977513227514 0.14715525793650794 0.18628637566137568
2 0.6109449404761904 0.6161805555555555 0.13227430555555555 0.15432208994708996
2 0.31746031746031744 0.3891104497354498 0.02976190476190476 0.041888227513227516
2 0.5998660714285714 0.8561541005291006 0.05681299603174603 0.05983465608465608
2 0.488390376984127 0.8141435185185184 0.05156001984126984 0.049649470899470895
2 0.5638219246031746 0.8074603174603175 0.039146825396825395 0.03500992063492064
2 0.5423387896825397 0.7896362433862434 0.02673611111111111 0.04137566137566138
2 0.5645362103174604 0.7536706349206349 0.02052827380952381 0.024189814814814817
2 0.5308804563492064 0.9401785714285714 0.039146825396825395 0.048376322751322746
2 0.6872321428571428 0.9901421957671958 0.06444940476190476 0.019718915343915344
2 0.03423115079365079 0.22185515873015874 0.018519345238095238 0.02169973544973545
2 0.06397569444444444 0.34250992063492064 0.019079861111111113 0.022820767195767196
2 0.1069047619047619 0.4242526455026455 0.01683531746031746 0.017956349206349205
2 0.1523611111111111 0.4644708994708995 0.014030257936507936 0.020575396825396827
2 0.16695188492063492 0.46989748677248677 0.015714285714285715 0.019454365079365078
2 0.14268105158730157 0.6318915343915343 0.01375 0.01720899470899471
2 0.16120039682539683 0.6663095238095238 0.017115575396825396 0.02020171957671958
2 0.19360863095238096 0.6107539682539683 0.015151289682539683 0.01982804232804233
2 0.21675595238095238 0.6257175925925926 0.018239087301587305 0.020575396825396827
2 0.051909722222222225 0.7512367724867725 0.023008432539682537 0.029930555555555557
2 0.03759920634920635 0.5999041005291005 0.007294146825396825 0.012344576719576719
2 0.09961061507936508 0.639186507936508 0.006733630952380952 0.010849867724867726
2 0.11967261904761904 0.6500363756613756 0.012626488095238095 0.017582671957671957
2 0.2425719246031746 0.3960085978835979 0.008137400793650794 0.012344576719576719
2 0.2697891865079365 0.46690476190476193 0.01318700396825397 0.014963624338624339
2 0.25631944444444443 0.4756944444444444 0.010381944444444444 0.017582671957671957
2 0.12626736111111111 0.9440972222222221 0.01683531746031746 0.023568121693121693
2 0.21268849206349205 0.882367724867725 0.013467261904761904 0.01683531746031746
2 0.3546676587301587 0.8125925925925926 0.012906746031746031 0.014963624338624339
2 0.35382688492063497 0.7388921957671957 0.010101686507936507 0.012721560846560846
2 0.29167410714285713 0.7323445767195768 0.01375 0.016087962962962964
2 0.23106646825396823 0.684457671957672 0.010942460317460316 0.014589947089947089
2 0.28676339285714286 0.6406845238095238 0.010662202380952382 0.016087962962962964
2 0.2937797619047619 0.6146825396825397 0.012906746031746031 0.019454365079365078
2 0.3096329365079365 0.5937301587301588 0.010381944444444444 0.014216269841269842
2 0.2864831349206349 0.5716567460317461 0.010101686507936507 0.013468915343915342
2 0.27904761904761904 0.5028207671957672 0.008697916666666666 0.014963624338624339