1 0.6912872023809524 0.6103472222222223 0.025223214285714286 0.028964947089947093
1 0.5110193452380952 0.4918386243386243 0.020577876984126983 0.024408068783068785
1 0.3195386904761905 0.6171825396825397 0.0234375 0.027281746031746032
2 0.7597519841269842 0.47863095238095243 0.008970734126984127 0.009742063492063493
1 0.3360391865079365 0.588941798941799 0.02426835317460317 0.02750330687830688
1 0.36034722222222226 0.5968187830687831 0.027001488095238096 0.026802248677248678
1 0.4919196428571429 0.5409060846560847 0.019593253968253968 0.025347222222222222
1 0.15681299603174603 0.7798048941798942 0.02169642857142857 0.019014550264550265
2 0.4262053571428572 0.9280555555555555 0.02263640873015873 0.025049603174603176
1 0.12069692460317459 0.7752843915343915 0.02111607142857143 0.018998015873015875
2 0.753546626984127 0.3873115079365079 0.00792906746031746 0.010089285714285716
1 0.5094593253968254 0.4612334656084656 0.018588789682539682 0.02941468253968254
2 0.8120858134920634 0.4663458994708995 0.010032242063492064 0.010757275132275132
1 0.3978025793650794 0.7213492063492064 0.02011904761904762 0.01985780423280423
1 0.4873263888888889 0.47720238095238093 0.0174578373015873 0.02635912698412698
2 0.8038244047619048 0.3970568783068783 0.008722718253968255 0.010393518518518519
1 0.6296602182539682 0.4041369047619047 0.013246527777777777 0.013429232804232805
1 0.6066418650793651 0.7260582010582011 0.014972718253968254 0.019735449735449734
2 0.7509623015873016 0.4359854497354498 0.008603670634920634 0.009847883597883599
1 0.707938988095238 0.7657242063492065 0.024466765873015873 0.030419973544973545
1 0.15683779761904762 0.7301620370370371 0.01802827380952381 0.021104497354497355
1 0.5027132936507936 0.5500925925925926 0.015930059523809523 0.02259259259259259
1 0.20768353174603174 0.6448148148148148 0.016572420634920634 0.02462962962962963
2 0.28120783730158727 0.1668287037037037 0.020376984126984125 0.024877645502645505
1 0.12406746031746033 0.7134986772486772 0.02307291666666667 0.026124338624338623
1 0.10761656746031746 0.7168055555555555 0.016448412698412698 0.021574074074074072
1 0.1422842261904762 0.7743320105820105 0.015317460317460316 0.02127645502645503
1 0.16056051587301587 0.7424669312169312 0.018129960317460315 0.023541666666666666
1 0.1286235119047619 0.6277810846560847 0.019389880952380954 0.02492063492063492
1 0.1961185515873016 0.6597718253968254 0.016939484126984126 0.021927910052910053
1 0.2270858134920635 0.7459060846560847 0.02166170634920635 0.029540343915343915
1 0.26384672619047617 0.7594973544973544 0.02318452380952381 0.02509920634920635
1 0.29308779761904763 0.754537037037037 0.01832093253968254 0.022615740740740742
1 0.3118874007936508 0.7683630952380953 0.020828373015873015 0.027010582010582013
1 0.36645585317460316 0.8624702380952382 0.015751488095238096 0.023597883597883597
1 0.40996031746031747 0.720734126984127 0.012353670634920636 0.02199074074074074
1 0.42614335317460317 0.6958994708994709 0.01836309523809524 0.02720568783068783
1 0.43972718253968257 0.6788723544973545 0.01840277777777778 0.03128637566137566
1 0.3594022817460317 0.7145667989417989 0.01509672619047619 0.02733134920634921
1 0.33574156746031747 0.7989351851851851 0.017410714285714286 0.019014550264550265
1 0.2948958333333333 0.8050859788359788 0.018836805555555555 0.024368386243386244
2 0.4352529761904762 0.7858630952380952 0.016711309523809524 0.019487433862433862
1 0.6494022817460318 0.8357705026455026 0.020396825396825396 0.03013558201058201
1 0.7070858134920635 0.8109986772486772 0.022973710317460316 0.029229497354497355
1 0.6734647817460317 0.7627215608465607 0.025297619047619048 0.03390542328042328
1 0.6678893849206349 0.611170634920635 0.019620535714285715 0.02351851851851852
1 0.5992832341269841 0.3115873015873016 0.010949900793650793 0.014470899470899471
1 0.4580505952380952 0.4959854497354497 0.019424603174603174 0.02498015873015873
1 0.46960069444444447 0.5329365079365079 0.014561011904761905 0.02674272486772487
1 0.4748363095238095 0.5905191798941799 0.017524801587301585 0.025988756613756613
1 0.48918898809523814 0.6668320105820106 0.017259424603174603 0.023792989417989418
1 0.5079513888888889 0.6680952380952381 0.02161706349206349 0.024874338624338625
1 0.5048611111111111 0.685 0.019486607142857142 0.022552910052910054
1 0.4915203373015873 0.6828174603174604 0.02070436507936508 0.01964616402116402
1 0.36792906746031745 0.4220866402116402 0.01933779761904762 0.02615410052910053
2 0.8665873015873016 0.34534060846560843 0.008549107142857143 0.009017857142857143
1 0.5560416666666667 0.5623412698412699 0.019362599206349206 0.026712962962962963
2 0.31124007936507936 0.19144841269841273 0.015711805555555555 0.022688492063492063
2 0.7940699404761905 0.48358134920634915 0.008097718253968253 0.0075992063492063494
2 0.7906324404761904 0.49523148148148144 0.0061731150793650795 0.007784391534391534
2 0.8048015873015874 0.5748214285714286 0.00974702380952381 0.010806878306878306
2 0.7842609126984127 0.36834325396825396 0.006805555555555556 0.0076157407407407415
2 0.8594915674603174 0.35119047619047616 0.0076760912698412695 0.00962962962962963
1 0.6925744047619048 0.3610251322751323 0.01215029761904762 0.016755952380952382
1 0.6828348214285714 0.4312037037037037 0.011822916666666667 0.01511574074074074
1 0.6698462301587302 0.30803902116402115 0.013586309523809525 0.014837962962962963
2 0.7617782738095238 0.42407738095238096 0.007946428571428571 0.010112433862433863
2 0.744015376984127 0.43224206349206346 0.005567956349206349 0.009930555555555555
2 0.7469196428571429 0.44453373015873016 0.006914682539682539 0.008098544973544973
2 0.7565625 0.48695436507936507 0.006887400793650794 0.0083994708994709
2 0.7216319444444445 0.3410019841269841 0.006862599206349206 0.01039021164021164
2 0.745749007936508 0.39239417989417985 0.007053571428571429 0.008161375661375661
2 0.7506894841269842 0.49166666666666664 0.006530257936507936 0.009242724867724867
2 0.7455704365079365 0.4942195767195767 0.005208333333333333 0.007080026455026455
2 0.7823462301587302 0.4909887566137566 0.005947420634920635 0.009867724867724867
2 0.8081026785714286 0.49355820105820103 0.005942460317460318 0.0083994708994709
1 0.8006026785714286 0.4407771164021164 0.00855654761904762 0.009828042328042328
1 0.8629538690476191 0.4901124338624338 0.006693948412698413 0.008773148148148148
1 0.8146354166666667 0.47585648148148146 0.008559027777777777 0.008660714285714285
1 0.8275 0.5514814814814815 0.0067708333333333336 0.00933531746031746
1 0.823702876984127 0.55551917989418 0.0074280753968253965 0.008601190476190478
1 0.8167559523809523 0.5571693121693122 0.005915178571428572 0.0075
1 0.8045238095238095 0.5351521164021164 0.006713789682539682 0.009699074074074074
1 0.8892857142857142 0.5243419312169312 0.008325892857142856 0.009867724867724867
1 0.8951488095238095 0.5260284391534392 0.00669890873015873 0.007959656084656085
1 0.7372073412698413 0.30776785714285715 0.005575396825396825 0.006663359788359788
1 0.8470783730158731 0.3950066137566138 0.005756448412698413 0.006127645502645503
1 0.7124156746031746 0.3267757936507936 0.006617063492063492 0.009014550264550265
1 0.7693452380952381 0.4826223544973545 0.007671130952380953 0.008984788359788361
1 0.816123511904762 0.502255291005291 0.008229166666666666 0.008621031746031746
1 0.6124999999999999 0.4412433862433862 0.014665178571428572 0.020320767195767198
1 0.6793229166666667 0.4108928571428571 0.012638888888888889 0.013634259259259257