1 0.4747470238095238 0.8487400793650794 0.024588293650793652 0.0319808201058201
2 0.40650049603174604 0.33395502645502645 0.0208953373015873 0.02650132275132275
1 0.4569097222222222 0.9851025132275132 0.019982638888888887 0.029794973544973544
1 0.1718501984126984 0.718125 0.021009424603174603 0.024074074074074074
1 0.30200148809523814 0.369837962962963 0.0200843253968254 0.02720568783068783
1 0.27288690476190475 0.2470899470899471 0.020104166666666666 0.02754298941798942
1 0.41386160714285714 0.5172222222222222 0.02296875 0.02765542328042328
1 0.38213541666666667 0.5960548941798942 0.019729662698412698 0.02673941798941799
1 0.6380133928571428 0.6600892857142857 0.017886904761904764 0.02521164021164021
2 0.6215749007936509 0.1652744708994709 0.016748511904761905 0.022777777777777775
2 0.253499503968254 0.2887070105820106 0.01738343253968254 0.024057539682539684
2 0.44109375 0.6575958994708995 0.01842013888888889 0.02445436507936508
1 0.11331349206349206 0.4792526455026455 0.019903273809523808 0.020522486772486772
1 0.7354712301587302 0.40075727513227516 0.017718253968253966 0.02152116402116402
1 0.45897321428571425 0.7621064814814815 0.019454365079365078 0.03169642857142857
1 0.6756622023809524 0.6460978835978836 0.020431547619047617 0.02662367724867725
1 0.40861359126984126 0.6752777777777778 0.018911210317460316 0.025257936507936507
1 0.5002703373015873 0.696137566137566 0.020443948412698414 0.03093915343915344
1 0.7916666666666666 0.6198578042328042 0.01603670634920635 0.02151785714285714
2 0.4307018849206349 0.3532638888888889 0.018234126984126985 0.02506283068783069
1 0.5958209325396825 0.9411078042328042 0.016862599206349204 0.026626984126984124
2 0.2862301587301587 0.20268187830687828 0.01711061507936508 0.024599867724867726
1 0.6723735119047619 0.8750694444444445 0.014248511904761906 0.020694444444444442
1 0.10880704365079365 0.5533134920634921 0.019260912698412697 0.020942460317460318
1 0.4880704365079365 0.8689980158730158 0.018955853174603177 0.022013888888888885
2 0.3647718253968254 0.125026455026455 0.020406746031746033 0.025142195767195768
1 0.4356324404761905 0.5171957671957672 0.020461309523809524 0.02651455026455027
1 0.7755406746031747 0.612910052910053 0.019055059523809523 0.02478174603174603
1 0.7073809523809523 0.6685218253968254 0.017001488095238094 0.01889219576719577
1 0.37162698412698414 0.6228306878306878 0.023821924603174602 0.0264484126984127
2 0.47468998015873015 0.6945601851851851 0.023122519841269843 0.028703703703703703
2 0.42900297619047617 0.6343882275132275 0.02078125 0.02906746031746032
1 0.4293005952380953 0.30594576719576716 0.023115079365079366 0.03164021164021164
1 0.7254489087301588 0.6198280423280423 0.01880704365079365 0.02497354497354497
1 0.2951264880952381 0.9045403439153439 0.020285218253968257 0.029087301587301585
1 0.3690376984126984 0.1012169312169312 0.018090277777777778 0.02646825396825397
1 0.6295213293650793 0.6159292328042327 0.01826388888888889 0.018468915343915343
1 0.36527777777777776 0.7257043650793652 0.017854662698412696 0.022215608465608466
1 0.4613516865079365 0.8776521164021164 0.02269345238095238 0.0364781746031746
1 0.599469246031746 0.33700066137566137 0.01960565476190476 0.021216931216931217
1 0.6763070436507936 0.669050925925926 0.020518353174603175 0.018253968253968255
1 0.8177380952380953 0.5407440476190476 0.020771329365079364 0.028508597883597882
1 0.7599603174603174 0.5454761904761904 0.020682043650793652 0.0249239417989418
1 0.3878670634920635 0.8657572751322752 0.02156498015873016 0.02761904761904762
1 0.49446428571428575 0.827037037037037 0.022676091269841273 0.028882275132275134
1 0.40166914682539684 0.5294576719576719 0.02396825396825397 0.028697089947089947
1 0.4345411706349206 0.9888690476190477 0.02332093253968254 0.020519179894179892
2 0.4525024801587302 0.6350165343915344 0.021887400793650792 0.029027777777777777
1 0.6647668650793651 0.39806878306878307 0.016949404761904763 0.02074074074074074
1 0.7863268849206348 0.698369708994709 0.017723214285714283 0.02143187830687831
1 0.7382440476190476 0.606712962962963 0.020359623015873015 0.02146825396825397
1 0.7368402777777778 0.7217890211640212 0.015089285714285715 0.020165343915343914
1 0.446671626984127 0.41545965608465607 0.022197420634920636 0.022843915343915343
2 0.45431051587301585 0.25317460317460316 0.021686507936507934 0.024828042328042327
1 0.5191592261904762 0.9502744708994709 0.016827876984126983 0.02147156084656085
2 0.33900049603174603 0.14039351851851853 0.01282986111111111 0.015757275132275133
2 0.42131200396825397 0.2534325396825397 0.019312996031746032 0.025750661375661378
1 0.7560912698412698 0.6027215608465609 0.01759424603174603 0.020992063492063492
1 0.14096974206349205 0.49096891534391535 0.01771577380952381 0.017410714285714286
1 0.31346726190476193 0.7346626984126984 0.017294146825396827 0.017744708994708994
1 0.8203670634920635 0.668396164021164 0.01527529761904762 0.016858465608465607
1 0.5799776785714286 0.7715707671957672 0.01871031746031746 0.0214021164021164
1 0.38866071428571425 0.0915244708994709 0.020243055555555556 0.02708664021164021
1 0.37895833333333334 0.11227513227513226 0.014347718253968255 0.02162367724867725
2 0.3350223214285714 0.12582010582010583 0.012197420634920636 0.016283068783068785
2 0.3489880952380952 0.1178835978835979 0.011118551587301587 0.01662367724867725
2 0.34703125 0.13436177248677247 0.012921626984126985 0.016593915343915345
2 0.2707638888888889 0.2856845238095238 0.01784970238095238 0.02178240740740741
1 0.29495535714285714 0.18522486772486774 0.01685267857142857 0.0221494708994709
1 0.3018154761904762 0.2058994708994709 0.01613095238095238 0.02491732804232804
1 0.3003943452380953 0.13704034391534392 0.009541170634920635 0.014123677248677248
1 0.28065228174603174 0.13896825396825396 0.009893353174603174 0.014623015873015873
1 0.3746602182539683 0.15304232804232804 0.0180109126984127 0.023756613756613757
2 0.31908978174603175 0.14073743386243384 0.009680059523809525 0.014808201058201059
1 0.4992782738095238 0.19562500000000002 0.015220734126984126 0.021703042328042328
1 0.5033457341269841 0.2092625661375661 0.014809027777777779 0.019904100529100528
1 0.5534523809523809 0.15263888888888888 0.014813988095238094 0.017923280423280424
1 0.643687996031746 0.1081845238095238 0.014523809523809524 0.017357804232804232
1 0.5994494047619048 0.14209325396825398 0.015496031746031745 0.019755291005291005
1 0.5845982142857142 0.14133267195767196 0.015605158730158731 0.017549603174603176
1 0.5161681547619048 0.26316137566137565 0.014320436507936508 0.0203505291005291
1 0.750657242063492 0.39630952380952383 0.016272321428571428 0.01994047619047619
1 0.7987475198412699 0.5364153439153438 0.020783730158730158 0.024497354497354497
1 0.6451289682539683 0.622662037037037 0.01765376984126984 0.020869708994708993
1 0.6547619047619048 0.6635912698412698 0.017353670634920635 0.02289351851851852
1 0.6901463293650794 0.6770899470899471 0.017777777777777778 0.020132275132275133
1 0.7675372023809524 0.5875760582010582 0.016056547619047616 0.01779100529100529
1 0.8041691468253968 0.5972056878306878 0.0161780753968254 0.020277777777777777
1 0.8043328373015873 0.6196660052910052 0.014176587301587301 0.018230820105820108
1 0.8586235119047618 0.6107804232804233 0.010012400793650794 0.01052579365079365
1 0.7743725198412699 0.6903835978835978 0.017323908730158728 0.018763227513227513
1 0.7852306547619048 0.6784226190476191 0.014640376984126985 0.017205687830687832
1 0.8283134920634921 0.7164451058201059 0.016592261904761905 0.0194510582010582
1 0.8451339285714285 0.7044874338624338 0.015183531746031745 0.017896825396825397
1 0.8020386904761905 0.7561177248677249 0.013313492063492064 0.017159391534391534
1 0.5950024801587303 0.7395370370370371 0.013350694444444445 0.015307539682539683
1 0.6691641865079365 0.7488723544973546 0.013640873015873016 0.017764550264550264
1 0.6802653769841269 0.7417724867724867 0.013219246031746032 0.01642526455026455
1 0.6674875992063491 0.7632242063492063 0.012802579365079364 0.01515542328042328
1 0.6793328373015873 0.7512929894179894 0.010890376984126983 0.013177910052910054
1 0.6041542658730158 0.93994708994709 0.014382440476190477 0.024738756613756616
1 0.758452380952381 0.8419510582010582 0.014099702380952381 0.019408068783068784
1 0.7789285714285714 0.8558035714285713 0.01592013888888889 0.020281084656084657
1 0.7891319444444445 0.8856283068783068 0.01396577380952381 0.01842261904761905
1 0.7401537698412699 0.8328472222222223 0.013375496031746032 0.014623015873015873
1 0.7284573412698412 0.8247089947089947 0.013742559523809523 0.0178505291005291
1 0.748296130952381 0.841901455026455 0.011490575396825397 0.014530423280423279
1 0.9336309523809524 0.6751124338624338 0.008864087301587302 0.011147486772486772
1 0.9349131944444445 0.6603703703703704 0.006299603174603174 0.010181878306878306
1 0.9264905753968254 0.6602314814814815 0.009144345238095238 0.010459656084656084
1 0.9176512896825396 0.6587268518518519 0.008658234126984125 0.009123677248677249
1 0.9611210317460317 0.5019047619047619 0.00923859126984127 0.010271164021164021
1 0.9242782738095239 0.4814484126984127 0.008697916666666666 0.01017526455026455
1 0.9044320436507937 0.47156746031746033 0.008635912698412698 0.009427910052910054
1 0.795984623015873 0.44983796296296297 0.014935515873015873 0.021319444444444443
1 0.6213368055555556 0.5056382275132275 0.020367063492063492 0.020539021164021162
1 0.6411731150793651 0.5195403439153439 0.017177579365079368 0.02318121693121693
1 0.5971775793650794 0.5100661375661376 0.01770089285714286 0.021005291005291006
1 0.5922619047619048 0.5001421957671958 0.020543154761904762 0.019728835978835978
1 0.4628149801587301 0.4055787037037037 0.017867063492063493 0.02505952380952381
2 0.4364806547619048 0.33619378306878306 0.01830605158730159 0.022156084656084655
2 0.3907266865079365 0.3302149470899471 0.01869295634920635 0.024176587301587303
1 0.3747594246031746 0.2776719576719577 0.019312996031746032 0.025777116402116402
1 0.32101686507936505 0.2786044973544973 0.01580109126984127 0.023310185185185184
1 0.3888045634920635 0.27634920634920634 0.017844742063492063 0.024209656084656084
1 0.3873263888888889 0.2952744708994709 0.017641369047619048 0.023072089947089945
1 0.4043253968253968 0.2805621693121693 0.017931547619047618 0.021805555555555554
1 0.4109250992063492 0.26070436507936506 0.02097718253968254 0.025413359788359787
1 0.42884176587301587 0.262989417989418 0.01711061507936508 0.02023809523809524
1 0.4355530753968254 0.27607804232804234 0.017899305555555557 0.024751984126984126
1 0.4194320436507937 0.2838558201058201 0.019305555555555555 0.02785383597883598
1 0.2885813492063492 0.3641203703703703 0.01915674603174603 0.023217592592592592
1 0.13022321428571426 0.4810284391534392 0.01679315476190476 0.019305555555555555
1 0.081202876984127 0.5890906084656085 0.012978670634920635 0.016121031746031748
1 0.2875719246031746 0.6772486772486772 0.019985119047619047 0.026732804232804233
1 0.3155729166666667 0.6689748677248677 0.019935515873015872 0.02642857142857143
1 0.26888144841269845 0.7645767195767196 0.02037202380952381 0.02539351851851852
1 0.35425843253968253 0.8932275132275131 0.017219742063492065 0.027642195767195767
1 0.4177901785714286 0.8957109788359788 0.018053075396825397 0.023941798941798945
1 0.5023164682539683 0.9630919312169312 0.017748015873015874 0.022781084656084655
1 0.47836805555555556 0.9391699735449736 0.01736855158730159 0.023677248677248675
1 0.5074702380952381 0.8820403439153439 0.02027529761904762 0.02583994708994709
1 0.5161458333333333 0.8990972222222222 0.019578373015873014 0.024219576719576717
1 0.511892361111111 0.8318551587301588 0.018742559523809522 0.03052579365079365
1 0.4653199404761905 0.7268584656084656 0.018482142857142857 0.02576719576719577
1 0.4127232142857143 0.7070337301587302 0.018075396825396824 0.024563492063492065
1 0.3724503968253968 0.7556084656084656 0.022817460317460316 0.029117063492063493
1 0.4039012896825397 0.8547519841269842 0.021954365079365077 0.02156746031746032
1 0.2809871031746032 0.8377248677248678 0.020213293650793652 0.022410714285714284
1 0.5888715277777777 0.15427910052910054 0.011748511904761904 0.015092592592592593
1 0.15409474206349205 0.9569510582010583 0.01953125 0.024576719576719575
1 0.13095734126984127 0.9494146825396826 0.019074900793650793 0.025208333333333336
1 0.23634424603174606 0.7152943121693123 0.017085813492063492 0.022136243386243384
1 0.21142609126984127 0.47697751322751325 0.018921130952380953 0.01990740740740741
1 0.041914682539682536 0.6340277777777777 0.006870039682539682 0.00958994708994709
1 0.007435515873015873 0.6546097883597883 0.008117559523809523 0.009226190476190476
1 0.00910218253968254 0.6330919312169312 0.007943948412698413 0.010125661375661376
1 0.01666170634920635 0.679156746031746 0.009523809523809523 0.008961640211640212
1 0.04845734126984127 0.6015906084656085 0.007123015873015873 0.010922619047619047
2 0.0546875 0.7637698412698413 0.007936507936507936 0.010558862433862434
1 0.11710317460317461 0.6728703703703703 0.014853670634920635 0.017195767195767195
1 0.7617757936507936 0.5630787037037037 0.017244543650793653 0.023465608465608464
1 0.8843328373015873 0.3843287037037037 0.009379960317460318 0.009503968253968254
1 0.8761979166666667 0.38523478835978836 0.008023313492063493 0.009960317460317461
1 0.6331349206349207 0.16014219576719577 0.014831349206349206 0.018968253968253967
1 0.6409871031746032 0.09275132275132275 0.012393353174603175 0.01615740740740741
2 0.44093253968253965 0.6438955026455027 0.02066964285714286 0.028637566137566135
1 0.5135267857142857 0.6917493386243386 0.019749503968253968 0.02691137566137566
1 0.3816344246031746 0.6173445767195767 0.017311507936507937 0.02179563492063492
1 0.35781250000000003 0.6026058201058201 0.021264880952380952 0.02632936507936508
1 0.6469022817460317 0.9173214285714286 0.017294146825396827 0.019695767195767197
2 0.746170634920635 0.8799404761904762 0.009680059523809525 0.012281746031746033
2 0.5700074404761905 0.9908101851851852 0.01659474206349206 0.01837632275132275
2 0.20129464285714285 0.9906415343915344 0.029578373015873016 0.01871362433862434
2 0.9088715277777778 0.6663789682539683 0.005776289682539682 0.008482142857142856