2 0.028107638888888887 0.14384920634920634 0.056217757936507934 0.10030753968253968
2 0.21805059523809522 0.11755621693121693 0.0278125 0.03784722222222223
2 0.13045882936507935 0.22669973544973543 0.04071428571428572 0.052757936507936504
2 0.07999503968253968 0.7001719576719577 0.05619791666666667 0.05925595238095238
2 0.1257266865079365 0.916547619047619 0.01519593253968254 0.023320105820105817
2 0.21461061507936507 0.805300925925926 0.014623015873015873 0.026378968253968252
2 0.20944940476190477 0.502906746031746 0.024370039682539684 0.03555224867724868
2 0.22278025793650794 0.46219246031746036 0.02867311507936508 0.03287698412698413
2 0.19167162698412699 0.4151719576719577 0.020930059523809524 0.02523148148148148
2 0.3079365079365079 0.36585317460317457 0.026378968253968255 0.03746362433862434
2 0.4656324404761905 0.024083994708994708 0.024084821428571428 0.03287698412698413
2 0.38936507936507936 0.2832804232804233 0.03211309523809523 0.036699735449735454
2 0.4656324404761905 0.2700892857142857 0.028097718253968257 0.03172949735449736
2 0.508640873015873 0.4163161375661376 0.08142857142857143 0.10398478835978836
2 0.5209697420634921 0.31883267195767195 0.016056547619047616 0.03364087301587302
2 0.57 0.40675925925925926 0.01949652777777778 0.02446759259259259
2 0.34607142857142853 0.385734126984127 0.016056547619047616 0.02599537037037037
2 0.3199801587301587 0.8614980158730159 0.03383184523809524 0.039375
2 0.44857390873015873 0.8148578042328043 0.016344246031746033 0.023320105820105817
2 0.5148065476190475 0.6862169312169312 0.022651289682539683 0.03287698412698413
2 0.5860565476190476 0.838369708994709 0.025230654761904763 0.04281746031746032
2 0.6379513888888888 0.8916997354497355 0.03325892857142857 0.04778769841269841
2 0.6723586309523809 0.8351190476190476 0.035553075396825395 0.04625661375661375
2 0.6944370039682539 0.5183895502645502 0.02695188492063492 0.03823082010582011
2 0.6790972222222222 0.3411970899470899 0.014623015873015873 0.020261243386243386
2 0.7722792658730159 0.5044345238095238 0.014050099206349207 0.021792328042328044
2 0.7932118055555556 0.43581349206349207 0.01806299603174603 0.02523148148148148
2 0.753499503968254 0.23492063492063492 0.020069444444444445 0.027142857142857142
2 0.7311359126984127 0.28710317460317464 0.01433531746031746 0.01605489417989418