2 0.4760689484126984 0.5331415343915344 0.018132440476190476 0.022476851851851852
2 0.46859871031746037 0.5986309523809524 0.022983630952380953 0.029358465608465608
2 0.8022594246031746 0.5002215608465609 0.0201140873015873 0.018039021164021164
2 0.4147247023809524 0.5940972222222222 0.017810019841269842 0.01753968253968254
2 0.2668898809523809 0.579864417989418 0.018950892857142857 0.022427248677248674
2 0.4659002976190476 0.47645171957671956 0.024055059523809524 0.02575396825396825
2 0.6158060515873015 0.5412301587301588 0.023874007936507936 0.029576719576719576
2 0.2136532738095238 0.6619179894179894 0.014980158730158729 0.021378968253968254
2 0.28024305555555556 0.6312566137566138 0.018070436507936508 0.017248677248677246
2 0.7730257936507937 0.1739914021164021 0.012465277777777777 0.014712301587301588
2 0.8050644841269842 0.6321230158730159 0.018469742063492063 0.020168650793650794
2 0.06696180555555556 0.6921759259259259 0.02127232142857143 0.015446428571428571
2 0.491671626984127 0.4444510582010582 0.017936507936507935 0.017037037037037038
2 0.6610590277777777 0.6825859788359788 0.019037698412698412 0.021461640211640213
2 0.5020585317460318 0.7165343915343916 0.014965277777777779 0.019289021164021165
2 0.3885441468253968 0.6071990740740741 0.020783730158730158 0.019470899470899472
2 0.7894171626984127 0.4646064814814815 0.018348214285714287 0.01679563492063492
2 0.33226934523809526 0.6912863756613756 0.014089781746031746 0.017275132275132277
2 0.6037996031746031 0.5527943121693122 0.023425099206349206 0.028273809523809524
2 0.7780406746031746 0.3711111111111111 0.020610119047619047 0.02492063492063492
2 0.16056795634920634 0.7808366402116402 0.013325892857142856 0.01778769841269841
2 0.2748983134920635 0.6679464285714285 0.019699900793650794 0.0197255291005291
2 0.2289434523809524 0.6679365079365079 0.015597718253968254 0.017354497354497355
2 0.2695213293650794 0.7034027777777778 0.018018353174603177 0.01685185185185185
2 0.4474950396825397 0.7188955026455026 0.015525793650793651 0.024692460317460318
2 0.4447643849206349 0.8306646825396825 0.01308531746031746 0.02688161375661376
2 0.7600570436507937 0.5382837301587301 0.01911706349206349 0.01601851851851852
2 0.31500744047619045 0.25159722222222225 0.009637896825396826 0.01273809523809524
2 0.7829290674603174 0.1783101851851852 0.01316220238095238 0.015813492063492064
2 0.591592261904762 0.6708300264550264 0.010401785714285714 0.021785714285714283