1 0.8331349206349206 0.4587136243386244 0.03637152777777778 0.03467592592592592
1 0.5223735119047619 0.7000958994708996 0.04753968253968254 0.057437169312169314
1 0.3534499007936508 0.6089847883597883 0.057465277777777775 0.057913359788359785
1 0.3627108134920635 0.665410052910053 0.05443452380952381 0.05576058201058201
1 0.9775917658730159 0.41897486772486775 0.044813988095238094 0.03968253968253968
1 0.9171676587301587 0.45666666666666667 0.04371031746031746 0.03808531746031746
1 0.2857217261904762 0.3308366402116402 0.05594246031746032 0.07340277777777778
1 0.36811755952380953 0.9637367724867726 0.04386160714285714 0.07252314814814814
1 0.8569171626984128 0.5526322751322752 0.027247023809523808 0.030393518518518518
2 0.8670634920634921 0.13300595238095236 0.037837301587301586 0.03921957671957672
1 0.5112599206349207 0.6270535714285714 0.04421875 0.055575396825396826
1 0.8083606150793651 0.12824404761904762 0.028740079365079364 0.04299603174603175
1 0.616264880952381 0.7977116402116403 0.03453373015873016 0.04235119047619047
2 0.711046626984127 0.9283664021164022 0.03266617063492064 0.03595238095238095
1 0.3630257936507937 0.8987136243386243 0.03429563492063492 0.06183201058201058
1 0.5637152777777777 0.7776488095238095 0.037175099206349205 0.05223544973544974
1 0.06482638888888889 0.2981878306878307 0.03569940476190476 0.0348776455026455
1 0.11011656746031746 0.779431216931217 0.03884672619047619 0.041402116402116405
2 0.679298115079365 0.34922619047619047 0.0355828373015873 0.03604828042328043
1 0.6327752976190476 0.7145304232804232 0.028625992063492065 0.03871693121693122
1 0.7420634920634921 0.7272585978835979 0.027614087301587303 0.0346031746031746
1 0.9276537698412699 0.355244708994709 0.03800099206349206 0.03778108465608466
1 0.9670064484126983 0.1979133597883598 0.04218253968253968 0.03930886243386243
1 0.5012996031746032 0.5800297619047619 0.04054315476190476 0.04953373015873016
1 0.7135391865079365 0.2561375661375661 0.037976190476190476 0.06411375661375661
1 0.013464781746031745 0.4016435185185185 0.02692956349206349 0.03697751322751323
1 0.39965773809523814 0.9875165343915344 0.041604662698412696 0.024966931216931217
1 0.6227802579365079 0.6888029100529101 0.02710813492063492 0.036636904761904766
1 0.40453869047619045 0.9564087301587301 0.030786210317460316 0.042027116402116406
1 0.023288690476190477 0.4307936507936508 0.028891369047619048 0.031828703703703706
1 0.7005853174603175 0.8340674603174603 0.031912202380952374 0.037251984126984126
1 0.5997643849206349 0.6844808201058201 0.031884920634920634 0.04021494708994709
1 0.3875744047619048 0.28607473544973544 0.04604414682539683 0.08065145502645502
1 0.7395585317460318 0.15155092592592592 0.03270337301587302 0.04556547619047619
1 0.6613789682539682 0.9159424603174603 0.02282986111111111 0.03283068783068783
1 0.30856894841269844 0.9828802910052911 0.02404513888888889 0.034242724867724866
2 0.6390848214285714 0.5700033068783069 0.047276785714285716 0.06571428571428571
1 0.808764880952381 0.8171527777777778 0.03236359126984127 0.03027116402116402
2 0.6727008928571429 0.6449206349206349 0.01786954365079365 0.023816137566137565
1 0.33248263888888885 0.9753670634920636 0.03453373015873016 0.04926587301587301
2 0.6935788690476191 0.8768055555555556 0.025002480158730158 0.037136243386243384
1 0.7747172619047619 0.422609126984127 0.029551091269841272 0.03262896825396826
1 0.33752728174603175 0.5101818783068783 0.05855654761904762 0.05967592592592593
1 0.2997519841269841 0.5365641534391534 0.03435267857142857 0.03925925925925926
1 0.2682390873015873 0.9486309523809523 0.026088789682539682 0.043736772486772484
1 0.2661731150793651 0.9784226190476191 0.023504464285714285 0.028240740740740743
1 0.24576884920634923 0.9686044973544974 0.022472718253968255 0.029963624338624338
1 0.3013020833333333 0.8633928571428572 0.035902777777777777 0.048214285714285716
1 0.27521329365079367 0.625244708994709 0.053467261904761906 0.0582010582010582
1 0.37723958333333335 0.009470899470899472 0.026088789682539682 0.018941798941798944
1 0.16401785714285716 0.5927017195767196 0.0253125 0.03099537037037037
1 0.30837301587301585 0.23108465608465606 0.040590277777777774 0.05220238095238096
1 0.6438665674603175 0.3793154761904762 0.042745535714285715 0.044060846560846564
2 0.6846378968253969 0.3729761904761905 0.02937748015873016 0.029804894179894178
1 0.5920337301587302 0.7527612433862434 0.02682291666666667 0.035763888888888894
1 0.6742609126984127 0.9117890211640212 0.016924603174603172 0.02682208994708995
1 0.6887896825396825 0.9279662698412698 0.02171378968253968 0.03874669312169312
1 0.8912450396825397 0.7721362433862434 0.019799107142857143 0.02086309523809524
1 0.7328571428571429 0.6961342592592593 0.02171378968253968 0.028101851851851854
1 0.9785813492063492 0.4464219576719577 0.042470238095238096 0.024269179894179895
1 0.7756473214285714 0.14561507936507936 0.028100198412698413 0.029804894179894178
1 0.8283358134920634 0.2561011904761905 0.02618551587301587 0.02937830687830688
1 0.8763963293650794 0.25078042328042327 0.036723710317460315 0.03746693121693122
1 0.7999156746031747 0.29208002645502645 0.02554563492063492 0.03832010582010582
1 0.752016369047619 0.3201785714285714 0.02746279761904762 0.03321097883597884
1 0.7323784722222222 0.34487433862433864 0.021393849206349208 0.031507936507936506
1 0.8412698412698413 0.1360350529100529 0.01947916666666667 0.032784391534391534
1 0.697093253968254 0.4615343915343916 0.019799107142857143 0.017883597883597883
1 0.8241865079365079 0.7953406084656085 0.02363095238095238 0.024695767195767198
1 0.7710168650793651 0.7951256613756614 0.01947916666666667 0.020009920634920634
2 0.7770833333333332 0.22012235449735448 0.02906001984126984 0.02724867724867725
1 0.5326388888888889 0.44727182539682536 0.03193204365079365 0.032784391534391534
1 0.26216765873015874 0.4034160052910053 0.04151289682539682 0.04981481481481481