1 0.7105580357142857 0.6393981481481481 0.022150297619047618 0.03135251322751323
1 0.2957390873015873 0.6418617724867725 0.027507440476190477 0.03460978835978836
1 0.8162177579365079 0.36010251322751324 0.019397321428571427 0.02990410052910053
1 0.3621676587301587 0.5221064814814814 0.023541666666666666 0.02939484126984127
1 0.7668353174603175 0.5869808201058201 0.02418154761904762 0.029467592592592594
1 0.3268973214285714 0.11726190476190478 0.025570436507936507 0.03737433862433862
1 0.7837103174603175 0.4909656084656085 0.022770337301587302 0.024718915343915345
1 0.33701884920634917 0.515109126984127 0.021857638888888888 0.024345238095238097
1 0.5048412698412699 0.2943220899470899 0.02174107142857143 0.02608134920634921
1 0.18557291666666667 0.7368154761904763 0.02661706349206349 0.033029100529100526
1 0.27268849206349205 0.4233167989417989 0.02761656746031746 0.034411375661375664
1 0.08486855158730158 0.48135912698412703 0.03122767857142857 0.038521825396825395
1 0.4653521825396825 0.5395403439153439 0.02302579365079365 0.02639219576719577
1 0.4593824404761905 0.6320138888888889 0.021887400793650792 0.03163359788359788
1 0.7683482142857143 0.24631613756613757 0.021195436507936507 0.021808862433862434
1 0.7824776785714286 0.35901785714285717 0.019719742063492064 0.02634920634920635
1 0.10294642857142856 0.6743584656084656 0.027477678571428573 0.03616071428571428
1 0.6851934523809523 0.623994708994709 0.021495535714285714 0.0275
1 0.7368973214285715 0.033998015873015874 0.020381944444444446 0.028515211640211643
1 0.7458184523809523 0.26573743386243387 0.023678075396825395 0.028058862433862432
1 0.7223338293650793 0.30354166666666665 0.02291666666666667 0.03128637566137566
1 0.35056299603174607 0.4213227513227513 0.02048859126984127 0.03121031746031746
1 0.5725694444444445 0.10066137566137566 0.020674603174603175 0.02639219576719577
1 0.577125496031746 0.009292328042328043 0.01849454365079365 0.018581349206349206
1 0.7299404761904762 0.02755291005291005 0.01859623015873016 0.0261739417989418
1 0.7144444444444444 0.039950396825396826 0.01859623015873016 0.02755291005291005
1 0.6955877976190477 0.04339285714285714 0.020146329365079367 0.02755291005291005
1 0.6847395833333333 0.03788359788359789 0.018080357142857145 0.024794973544973547
1 0.6219742063492064 0.06440145502645503 0.019630456349206352 0.028240740740740743
1 0.6062177579365079 0.07576719576719577 0.020146329365079367 0.02755291005291005
1 0.5842633928571429 0.05475859788359788 0.022730654761904764 0.032374338624338625
1 0.5493923611111111 0.09333002645502646 0.018080357142857145 0.02548611111111111
1 0.5039335317460317 0.1253604497354497 0.02221230158730159 0.02892857142857143
1 0.48869295634920634 0.12053902116402117 0.02066468253968254 0.02892857142857143
1 0.4762946428571429 0.0854100529100529 0.02169642857142857 0.024794973544973547
1 0.4600223214285714 0.05269179894179894 0.0139484126984127 0.024107142857142858
1 0.3319097222222222 0.08162037037037037 0.02221230158730159 0.032374338624338625
1 0.3404315476190476 0.14051256613756616 0.023762400793650794 0.03443783068783069
1 0.24925347222222222 0.1570436507936508 0.028412698412698414 0.033062169312169314
1 0.24021329365079364 0.21007936507936506 0.02892857142857143 0.0371957671957672
1 0.21593501984126984 0.211114417989418 0.026862599206349206 0.03512896825396825
1 0.2603621031746032 0.28412367724867726 0.025828373015873016 0.03099537037037037
1 0.23840525793650794 0.28412367724867726 0.02324652777777778 0.029616402116402117
1 0.27301835317460316 0.3302744708994709 0.029444444444444443 0.032374338624338625
1 0.2451215277777778 0.3623015873015873 0.02737847222222222 0.031683201058201056
1 0.43342013888888886 0.3698776455026455 0.025828373015873016 0.033062169312169314
1 0.4101736111111111 0.3685019841269841 0.023762400793650794 0.033062169312169314
1 0.4419419642857143 0.5441402116402116 0.0253125 0.03443783068783069
1 0.6075099206349206 0.6185317460317461 0.02066468253968254 0.031683201058201056
1 0.7028199404761905 0.7776388888888889 0.02221230158730159 0.02892857142857143
1 0.7260664682539683 0.8000264550264551 0.01911458333333333 0.02548611111111111
1 0.651937003968254 0.8385978835978837 0.02169642857142857 0.02548611111111111
1 0.6658854166666667 0.991792328042328 0.023762400793650794 0.016412037037037037
1 0.5594667658730159 0.9587896825396826 0.01859623015873016 0.030307539682539686
1 0.4840451388888889 0.7297685185185185 0.02169642857142857 0.028240740740740743
1 0.3946750992063492 0.8864682539682539 0.017564484126984126 0.02892857142857143
1 0.37969246031746035 0.8919775132275133 0.017564484126984126 0.0261739417989418
1 0.2947147817460317 0.8699371693121694 0.02324652777777778 0.024794973544973547
1 0.19707837301587303 0.8034689153439154 0.01911458333333333 0.02273148148148148
1 0.15988343253968254 0.8048478835978836 0.021180555555555557 0.02686177248677249
1 0.25596974206349205 0.7721296296296296 0.01911458333333333 0.02892857142857143
1 0.08213789682539682 0.4993716931216931 0.029962797619047618 0.024794973544973547
1 0.14438740079365078 0.5052248677248677 0.02428075396825397 0.02686177248677249
1 0.06405753968253967 0.3361276455026455 0.02169642857142857 0.02755291005291005
1 0.3621304563492063 0.2930787037037037 0.017564484126984126 0.024107142857142858
1 0.5049677579365079 0.30857473544973546 0.021180555555555557 0.017910052910052907
1 0.46932291666666665 0.24107473544973546 0.02221230158730159 0.02755291005291005
1 0.43496775793650794 0.25519510582010585 0.02066468253968254 0.024107142857142858
1 0.2637202380952381 0.08782076719576719 0.02737847222222222 0.03512896825396825
1 0.5726388888888889 0.19182539682539684 0.01601438492063492 0.019973544973544973
1 0.5842633928571429 0.19595899470899472 0.015498511904761906 0.0185978835978836
1 0.706954365079365 0.13328042328042328 0.020146329365079367 0.028240740740740743
1 0.7247767857142857 0.12225859788359787 0.017564484126984126 0.02273148148148148
1 0.7593874007936507 0.12811507936507938 0.019630456349206352 0.022040343915343916
1 0.833000992063492 0.14292328042328042 0.012914186507936508 0.017218915343915345
1 0.8513392857142857 0.1484325396825397 0.013432539682539681 0.015843253968253968
1 0.8678720238095239 0.13741402116402118 0.013432539682539681 0.019973544973544973
1 0.740530753968254 0.198369708994709 0.020146329365079367 0.023419312169312166
1 0.7560292658730159 0.184593253968254 0.017048611111111108 0.019285714285714285
1 0.7147023809523809 0.21042328042328043 0.020146329365079367 0.019973544973544973
1 0.677765376984127 0.11743716931216931 0.011364087301587302 0.015843253968253968
1 0.668983134920635 0.12157076719576719 0.013432539682539681 0.015843253968253968
1 0.6968799603174604 0.14808862433862433 0.015498511904761906 0.022040343915343916
1 0.7056622023809523 0.16358796296296296 0.01859623015873016 0.019973544973544973
1 0.6886135912698412 0.296521164021164 0.013432539682539681 0.021352513227513224
1 0.7972222222222223 0.6754761904761906 0.015786210317460317 0.022962962962962963
1 0.7151810515873016 0.7124702380952381 0.017222222222222222 0.02041005291005291
1 0.8331026785714286 0.7590310846560846 0.016743551587301588 0.022962962962962963
1 0.8106175595238095 0.6403935185185186 0.01770089285714286 0.024239417989417988
1 0.8199454365079365 0.41172619047619047 0.01817956349206349 0.024874338624338625
1 0.38028025793650794 0.28625330687830686 0.02259920634920635 0.029037698412698414
1 0.44211061507936505 0.3353703703703704 0.022199900793650796 0.02513227513227513
1 0.41509424603174605 0.30213955026455025 0.030158730158730156 0.03127645502645503
1 0.47290426587301587 0.7187103174603175 0.017725694444444443 0.025453042328042328