1 0.06337549603174603 0.6310813492063493 0.017467757936507938 0.02697420634920635
1 0.03193204365079365 0.6711474867724868 0.016076388888888887 0.024546957671957675
1 0.23406001984126984 0.5509920634920635 0.020560515873015873 0.022367724867724866
1 0.07762400793650794 0.6176851851851852 0.01761904761904762 0.021749338624338622
1 0.14497271825396824 0.5502314814814815 0.014216269841269842 0.02000330687830688
1 0.4348487103174603 0.44060515873015876 0.009437003968253968 0.012189153439153439
1 0.15328869047619045 0.7613359788359789 0.01232638888888889 0.01802579365079365
1 0.2439484126984127 0.6693485449735449 0.010736607142857143 0.012192460317460317
1 0.30836557539682535 0.644431216931217 0.013916170634920635 0.01855489417989418
1 0.28450644841269845 0.6041369047619047 0.014712301587301588 0.01749669312169312
1 0.1602455357142857 0.7311144179894179 0.01670138888888889 0.019087301587301587
1 0.14235367063492063 0.7618650793650794 0.010337301587301588 0.01802579365079365
1 0.05666170634920635 0.716005291005291 0.01550843253968254 0.01749669312169312
1 0.04453373015873016 0.7120271164021165 0.011929563492063493 0.01802579365079365
1 0.0037772817460317463 0.6028108465608466 0.007554563492063493 0.023326719576719578
1 0.011530257936507938 0.46257936507936503 0.018291170634920636 0.01749669312169312
1 0.03280505952380953 0.45727843915343913 0.01789434523809524 0.01855489417989418
1 0.04572668650793651 0.46523148148148147 0.013519345238095238 0.019616402116402115
1 0.01570684523809524 0.3960416666666667 0.014712301587301588 0.012724867724867724
1 0.1986185515873016 0.3406382275132275 0.014712301587301588 0.019616402116402115
1 0.19046626984126985 0.36688161375661377 0.015109126984126985 0.02226851851851852
1 0.08787698412698412 0.5482043650793651 0.013519345238095238 0.02120701058201058
1 0.1843030753968254 0.6150066137566137 0.01550843253968254 0.01802579365079365
1 0.15288938492063492 0.664047619047619 0.011530257936507938 0.016435185185185185
1 0.15607142857142856 0.5678207671957671 0.014712301587301588 0.01802579365079365
1 0.16919394841269841 0.5680853174603175 0.01232638888888889 0.01537367724867725
1 0.1624330357142857 0.5150661375661375 0.01232638888888889 0.014315476190476191
1 0.1894717261904762 0.5362731481481482 0.014712301587301588 0.016435185185185185
1 0.19782242063492064 0.5195734126984127 0.01550843253968254 0.02120701058201058
1 0.20816220238095237 0.5004861111111111 0.014712301587301588 0.016964285714285713
1 0.2143253968253968 0.5216931216931217 0.01670138888888889 0.01802579365079365
1 0.22128224206349206 0.5439616402116403 0.008350694444444445 0.01802579365079365
1 0.239375 0.5776289682539683 0.013519345238095238 0.01749669312169312
1 0.2469295634920635 0.5683498677248677 0.01113343253968254 0.01802579365079365
1 0.22784474206349206 0.5752414021164021 0.009543650793650793 0.016964285714285713
1 0.2793377976190476 0.5720601851851852 0.013916170634920635 0.01802579365079365
1 0.2753621031746032 0.590353835978836 0.013916170634920635 0.01749669312169312
1 0.2509077380952381 0.6518518518518519 0.013519345238095238 0.019616402116402115
1 0.2532911706349206 0.5861111111111111 0.01113343253968254 0.01537367724867725
1 0.4264608134920635 0.4395171957671957 0.006760912698412699 0.009543650793650793
1 0.9008382936507936 0.841656746031746 0.044136904761904766 0.07793650793650794
1 0.7733978174603175 0.3340112433862434 0.009543650793650793 0.013783068783068782
1 0.6918824404761905 0.26349867724867726 0.008747519841269842 0.011663359788359789
1 0.6976463293650793 0.3708597883597884 0.009144345238095238 0.01113425925925926
1 0.6765724206349206 0.43713293650793655 0.00994047619047619 0.010072751322751324
1 0.685719246031746 0.4347453703703704 0.007554563492063493 0.011663359788359789
1 0.6910863095238096 0.44296296296296295 0.009543650793650793 0.010072751322751324
1 0.6718005952380952 0.4461441798941799 0.007554563492063493 0.010072751322751324
1 0.679952876984127 0.4461441798941799 0.007953869047619048 0.010072751322751324
1 0.685719246031746 0.4551587301587302 0.009144345238095238 0.009014550264550265
1 0.7429786706349206 0.4352744708994709 0.011530257936507938 0.01484457671957672
1 0.7507316468253967 0.42864748677248676 0.008747519841269842 0.01113425925925926
1 0.757889384920635 0.432093253968254 0.009543650793650793 0.01060515873015873
1 0.7893030753968253 0.4472056878306878 0.010337301587301588 0.016435185185185185
1 0.7998387896825396 0.4509160052910053 0.010736607142857143 0.014315476190476191
1 0.8131597222222222 0.4474702380952381 0.008747519841269842 0.012724867724867724
1 0.821907242063492 0.4495899470899471 0.0071577380952380955 0.011663359788359789
1 0.8447718253968254 0.4265277777777778 0.008350694444444445 0.012192460317460317
1 0.8179315476190476 0.35389219576719577 0.007953869047619048 0.010072751322751324
1 0.8207142857142857 0.34647156084656083 0.006361607142857143 0.009014550264550265
1 0.8083878968253968 0.34991732804232806 0.009543650793650793 0.011663359788359789
1 0.7236929563492063 0.5887632275132275 0.009543650793650793 0.012192460317460317
1 0.8087847222222222 0.5349503968253968 0.005567956349206349 0.005300925925925926
1 0.7946701388888889 0.49995701058201053 0.008350694444444445 0.012724867724867724
1 0.8990476190476191 0.4628439153439154 0.009543650793650793 0.01060515873015873
1 0.9167435515873016 0.46072420634920636 0.009144345238095238 0.011663359788359789
1 0.9668452380952381 0.42679232804232803 0.009144345238095238 0.012724867724867724
1 0.9815575396825397 0.43686507936507935 0.010736607142857143 0.01060515873015873
1 0.9453720238095238 0.5049933862433862 0.010736607142857143 0.010072751322751324
1 0.920124007936508 0.5259358465608466 0.010337301587301588 0.011663359788359789
1 0.9728100198412698 0.4771593915343916 0.011530257936507938 0.013783068783068782
1 0.6429737103174603 0.6428406084656085 0.007953869047619048 0.010072751322751324
1 0.6358159722222223 0.6428406084656085 0.007953869047619048 0.01113425925925926
1 0.6956597222222223 0.6598048941798942 0.009144345238095238 0.010072751322751324
1 0.6956597222222223 0.6720006613756614 0.011530257936507938 0.012192460317460317
1 0.737609126984127 0.4835218253968254 0.007953869047619048 0.011663359788359789
1 0.8513318452380952 0.30299603174603174 0.008747519841269842 0.012192460317460317
1 0.16634176587301588 0.6133630952380952 0.013449900793650793 0.015542328042328041
1 0.11245039682539681 0.7065542328042328 0.010399305555555556 0.014298941798941799