1 0.663030753968254 0.3266435185185185 0.031478174603174605 0.03982142857142857
1 0.6276463293650794 0.3748346560846561 0.02809027777777778 0.0430026455026455
1 0.2648263888888889 0.9136838624338625 0.03578373015873016 0.048796296296296296
1 0.7083556547619048 0.41925595238095237 0.023497023809523808 0.036759259259259255
1 0.22023313492063493 0.8392791005291005 0.03887896825396825 0.05336309523809524
1 0.6404439484126984 0.4188921957671958 0.02822420634920635 0.03419312169312169
1 0.29265625 0.8729001322751323 0.035096726190476185 0.0433531746031746
1 0.6543353174603175 0.38350198412698416 0.026572420634920636 0.03664021164021164
1 0.9715104166666667 0.40388888888888885 0.030659722222222224 0.040499338624338625
1 0.7404811507936507 0.45607804232804233 0.025362103174603176 0.032820767195767195
1 0.8081969246031746 0.2278339947089947 0.026847718253968252 0.033931878306878306
1 0.7834871031746031 0.22779431216931217 0.024590773809523812 0.03253637566137566
1 0.7557093253968253 0.3997883597883598 0.024241071428571428 0.033376322751322754
1 0.2748561507936508 0.7555456349206349 0.02697916666666667 0.0341468253968254
1 0.730999503968254 0.4015972222222222 0.02650297619047619 0.0323776455026455
1 0.49723214285714284 0.02019510582010582 0.018928571428571427 0.02533068783068783
1 0.7072767857142856 0.9340806878306878 0.02232886904761905 0.03611441798941799
1 0.40709077380952385 0.007463624338624339 0.01285218253968254 0.0149239417989418
1 0.3967981150793651 0.00828042328042328 0.015084325396825396 0.016557539682539684
1 0.5145510912698413 0.04935846560846561 0.016634424603174602 0.02289351851851852
1 0.5295238095238095 0.12822751322751322 0.01476686507936508 0.021980820105820104
1 0.5541071428571428 0.16851851851851854 0.02312996031746032 0.032721560846560846
1 0.656173115079365 0.09622023809523811 0.01369047619047619 0.02119378306878307
1 0.8611904761904763 0.15225859788359788 0.023055555555555555 0.030343915343915347
1 0.8956498015873017 0.16514550264550265 0.020751488095238097 0.025810185185185183
1 0.8727852182539683 0.17353835978835977 0.016061507936507936 0.022913359788359792
1 0.8734424603174603 0.18297288359788358 0.016765873015873015 0.01792989417989418
1 0.8484771825396825 0.15638888888888888 0.012554563492063492 0.018786375661375664
1 0.8171180555555555 0.2384325396825397 0.01986359126984127 0.024497354497354497
1 0.8454265873015874 0.24803571428571428 0.025577876984126984 0.03123346560846561
1 0.9052281746031746 0.25628637566137563 0.0214484126984127 0.026875
1 0.7970758928571429 0.29698743386243387 0.021708829365079365 0.02781084656084656
1 0.7908358134920636 0.3072519841269841 0.020404265873015873 0.030462962962962966
1 0.7691592261904762 0.31628968253968254 0.023777281746031748 0.02618716931216931
1 0.9077752976190476 0.13029431216931217 0.010768849206349207 0.011795634920634922
1 0.8278521825396825 0.3760482804232804 0.020498511904761905 0.032470238095238094
1 0.9915004960317461 0.4369477513227513 0.016999007936507937 0.028115079365079364
1 0.774375 0.4313062169312169 0.019685019841269843 0.02626984126984127
1 0.767093253968254 0.4556316137566137 0.018720238095238095 0.02674272486772487
1 0.8005555555555556 0.5135813492063492 0.022943948412698412 0.024933862433862437
1 0.8069072420634921 0.5253505291005292 0.01992311507936508 0.02512896825396825
1 0.7209399801587302 0.4314649470899471 0.02501488095238095 0.03105820105820106
1 0.6906398809523809 0.392037037037037 0.026354166666666668 0.0341468253968254
1 0.6916617063492064 0.42016203703703703 0.019169146825396825 0.023802910052910055
1 0.6639980158730158 0.4312070105820106 0.02562748015873016 0.02755621693121693
1 0.6205183531746031 0.40535383597883595 0.020396825396825396 0.024523809523809524
1 0.5772743055555556 0.44643518518518516 0.021815476190476187 0.02523478835978836
1 0.49907242063492063 0.4995469576719577 0.02074156746031746 0.03163359788359788
1 0.5853447420634921 0.5751521164021164 0.0257390873015873 0.030863095238095238
1 0.548343253968254 0.5896362433862433 0.016475694444444446 0.023082010582010582
1 0.4784573412698413 0.5281084656084656 0.02496031746031746 0.02518187830687831
1 0.7604042658730158 0.6734656084656084 0.022785218253968256 0.03230489417989418
1 0.6208308531746032 0.934593253968254 0.01904017857142857 0.027946428571428573
1 0.6387475198412698 0.9439517195767196 0.011649305555555555 0.018591269841269843
1 0.6199305555555555 0.9587202380952381 0.02271081349206349 0.029603174603174603
1 0.6864484126984127 0.941845238095238 0.020176091269841268 0.022800925925925926
1 0.19610367063492065 0.6386706349206349 0.025947420634920636 0.0350760582010582
1 0.12095982142857142 0.6571825396825397 0.034387400793650796 0.03954034391534391
1 0.09001736111111111 0.670079365079365 0.03733878968253969 0.04119708994708995
1 0.32312003968253966 0.6193683862433863 0.03494295634920635 0.03801256613756614
1 0.3400793650793651 0.5748148148148148 0.02376488095238095 0.04040343915343916
1 0.32615575396825397 0.4065013227513227 0.024241071428571428 0.03498346560846561
1 0.25669146825396827 0.44807870370370373 0.023343253968253968 0.03281084656084656
1 0.10800843253968254 0.9650496031746032 0.0368452380952381 0.0548015873015873
1 0.08853670634920635 0.9816997354497354 0.03779761904761905 0.036600529100529106
1 0.1459672619047619 0.30632605820105824 0.029171626984126984 0.025869708994708997
1 0.42267113095238096 0.260542328042328 0.02121031746031746 0.025496031746031746
1 0.3976165674603175 0.2386871693121693 0.019749503968253968 0.024173280423280423
1 0.5401785714285714 0.28924603174603175 0.02411706349206349 0.03274470899470899
1 0.5593576388888889 0.26615410052910055 0.018874007936507935 0.02156746031746032
1 0.4822048611111111 0.34997685185185184 0.023407738095238093 0.032589285714285716
1 0.6255679563492064 0.5438525132275132 0.022261904761904764 0.03414021164021164
1 0.6524851190476191 0.5513525132275132 0.018229166666666668 0.028376322751322753
1 0.2670386904761905 0.05007275132275132 0.014871031746031747 0.020694444444444442
1 0.31035466269841266 0.016355820105820106 0.014742063492063492 0.020886243386243387
1 0.3599751984126984 0.008799603174603175 0.01032986111111111 0.014702380952380953
1 0.39775545634920634 0.11910383597883599 0.013668154761904762 0.016871693121693124
1 0.9577951388888889 0.2941765873015873 0.013940972222222223 0.017291666666666667
1 0.9219618055555555 0.6969444444444445 0.025049603174603176 0.03159060846560847
1 0.9768477182539683 0.83625 0.03410714285714286 0.04534722222222222
1 0.9221974206349207 0.7961111111111111 0.01136656746031746 0.015304232804232805
1 0.9972147817460317 0.6893022486772487 0.005570436507936508 0.026537698412698412
1 0.6000372023809524 0.4108101851851852 0.019635416666666666 0.03453042328042328
1 0.38611359126984124 0.8021230158730158 0.024791666666666667 0.03232804232804233
1 0.10434771825396826 0.8039914021164021 0.03148561507936508 0.04376984126984127