2 0.5778100198412699 0.19846230158730158 0.02460813492063492 0.033406084656084654
2 0.7428373015873015 0.508181216931217 0.028293650793650794 0.034933862433862435
1 0.6764583333333334 0.20969907407407407 0.025280257936507938 0.03463293650793651
2 0.6987450396825398 0.5177678571428571 0.022718253968253967 0.031435185185185184
2 0.9448412698412698 0.536438492063492 0.028467261904761905 0.02999669312169312
1 0.5352083333333334 0.17398478835978837 0.022120535714285714 0.03279431216931217
1 0.5239409722222222 0.23454695767195766 0.020146329365079367 0.028181216931216932
1 0.599124503968254 0.32607142857142857 0.022723214285714288 0.027318121693121693
1 0.534233630952381 0.2847453703703704 0.022452876984126985 0.030254629629629628
1 0.7472321428571429 0.5822784391534391 0.02668154761904762 0.029960317460317458
1 0.6277232142857143 0.28642526455026457 0.019600694444444445 0.028726851851851854
1 0.6895907738095237 0.4808234126984127 0.027495039682539683 0.037390873015873016
1 0.6528125 0.2436541005291005 0.022785218253968256 0.029507275132275135
1 0.2386656746031746 0.47448412698412695 0.019955357142857143 0.028501984126984126
1 0.6368750000000001 0.21512566137566136 0.02241815476190476 0.030337301587301586
1 0.2859796626984127 0.25174272486772487 0.025669642857142856 0.03170304232804233
1 0.2769965277777778 0.20511574074074074 0.022527281746031746 0.028607804232804235
1 0.2594295634920635 0.47112103174603176 0.022338789682539682 0.026537698412698412
1 0.7978521825396826 0.33682208994708995 0.02392857142857143 0.03619378306878307
1 0.659233630952381 0.2790641534391534 0.02511904761904762 0.03076719576719577
1 0.5407242063492063 0.20903108465608466 0.02388392857142857 0.02736441798941799
1 0.7141269841269842 0.3876124338624339 0.026490575396825398 0.03332010582010582
2 0.8918874007936508 0.36901455026455027 0.023152281746031744 0.028482142857142855
1 0.5512872023809524 0.6329794973544974 0.02709077380952381 0.030965608465608467
1 0.5851562499999999 0.28911706349206345 0.02122271825396825 0.02666666666666667
1 0.6068055555555555 0.27006613756613757 0.020342261904761905 0.028458994708994708
2 0.49331349206349207 0.34645833333333337 0.020208333333333335 0.02656746031746032
1 0.8519543650793651 0.6725099206349207 0.01931547619047619 0.027136243386243385
1 0.6580952380952381 0.4340277777777778 0.029521329365079365 0.03868386243386244
1 0.8188318452380953 0.6151587301587301 0.027202380952380954 0.0326058201058201
2 0.9225570436507936 0.5452976190476191 0.027413194444444445 0.029652777777777778
1 0.7769791666666667 0.3509424603174603 0.02324652777777778 0.029950396825396824
1 0.5817609126984127 0.14355158730158732 0.022963789682539683 0.028409391534391534
1 0.43840029761904764 0.09681878306878305 0.017703373015873016 0.02138888888888889
1 0.8488938492063491 0.5753472222222222 0.028263888888888887 0.03367063492063492
1 0.25175843253968255 0.976117724867725 0.02039434523809524 0.029302248677248677
1 0.19332341269841272 0.9557175925925926 0.020731646825396827 0.029494047619047618
1 0.8257018849206349 0.31262896825396824 0.0239905753968254 0.026339285714285718
1 0.5299751984126985 0.7151951058201058 0.014910714285714286 0.01816468253968254
1 0.5405704365079365 0.6063062169312169 0.018268849206349205 0.030185185185185186
1 0.9011755952380952 0.40805886243386247 0.020481150793650794 0.0271494708994709
1 0.15973214285714285 0.20240410052910054 0.014459325396825396 0.017886904761904764
1 0.23071924603174604 0.1506878306878307 0.014811507936507937 0.01671626984126984
1 0.3948660714285714 0.07875992063492063 0.012482638888888889 0.020433201058201057
1 0.3619320436507936 0.07522486772486772 0.017780257936507934 0.02556547619047619
1 0.374734623015873 0.11276785714285714 0.020029761904761904 0.022797619047619046
1 0.42505208333333333 0.08576388888888889 0.014769345238095238 0.01933862433862434
1 0.5756845238095237 0.17567460317460318 0.022762896825396825 0.026593915343915343
1 0.5910094246031745 0.20453373015873016 0.018053075396825397 0.025049603174603176
1 0.6759102182539682 0.23842592592592593 0.025168650793650795 0.031825396825396826
1 0.6912103174603175 0.265380291005291 0.023330853174603174 0.033445767195767195
1 0.6786458333333334 0.28986772486772483 0.021440972222222222 0.028382936507936506
1 0.6758010912698412 0.2614914021164021 0.022978670634920637 0.028313492063492065
2 0.5971106150793651 0.3418022486772486 0.020734126984126983 0.02127645502645503
2 0.5847767857142857 0.2995436507936508 0.022648809523809522 0.0250760582010582
1 0.6079935515873015 0.297093253968254 0.02330109126984127 0.03062830687830688
2 0.904625496031746 0.3716435185185185 0.021374007936507938 0.026921296296296294
1 0.8421329365079365 0.30782076719576723 0.021292162698412696 0.03058862433862434
1 0.8153943452380953 0.23856812169312167 0.02683779761904762 0.03210978835978836
1 0.8243055555555555 0.5667162698412699 0.02429811507936508 0.028690476190476193
1 0.3163740079365079 0.7645238095238095 0.022274305555555558 0.03121031746031746
2 0.5893973214285714 0.7499371693121692 0.008355654761904762 0.011458333333333333
2 0.5852331349206349 0.7384755291005292 0.00796875 0.01113425925925926
1 0.47825892857142854 0.695218253968254 0.020523313492063492 0.022748015873015875
1 0.5290972222222222 0.6370370370370371 0.022408234126984127 0.027820767195767194
1 0.5362624007936508 0.6506613756613756 0.019037698412698412 0.01671957671957672
1 0.5971924603174603 0.6337632275132276 0.026125992063492063 0.03243716931216931
1 0.7459374999999999 0.6069708994708994 0.023256448412698413 0.027533068783068784
1 0.1974404761904762 0.5060945767195767 0.02407490079365079 0.0279728835978836
1 0.2616914682539683 0.48246693121693124 0.020419146825396826 0.018488756613756614
1 0.4162872023809524 0.5022916666666667 0.02556795634920635 0.03024801587301587
1 0.07394593253968254 0.41184193121693125 0.022859623015873017 0.024811507936507937
1 0.037839781746031746 0.45448412698412693 0.0190625 0.018300264550264553
1 0.40873511904761906 0.23028439153439154 0.019022817460317462 0.022063492063492063
1 0.46520585317460317 0.6008664021164021 0.025910218253968255 0.027595899470899472