1 0.26833829365079365 0.4131216931216931 0.027889384920634922 0.033171296296296296
1 0.7129414682539682 0.2818915343915344 0.02036954365079365 0.028379629629629626
1 0.11053323412698413 0.7726752645502646 0.02357638888888889 0.033621031746031746
1 0.3086979166666667 0.8083234126984127 0.026974206349206352 0.03608134920634921
1 0.28938988095238094 0.4952645502645503 0.02841517857142857 0.03809193121693122
1 0.26941964285714287 0.348396164021164 0.023149801587301587 0.03204695767195767
1 0.24487351190476192 0.7274636243386243 0.02203125 0.03750661375661376
1 0.2615327380952381 0.7543353174603175 0.02376736111111111 0.03210978835978836
1 0.12851686507936508 0.9328902116402116 0.027780257936507936 0.035036375661375664
1 0.4064484126984127 0.2135945767195767 0.02009672619047619 0.027893518518518515
1 0.7039632936507937 0.4935548941798942 0.019637896825396826 0.028419312169312167
1 0.07288194444444444 0.559156746031746 0.028437499999999998 0.03275793650793651
1 0.2809052579365079 0.8556150793650794 0.02260664682539683 0.03245370370370371
1 0.21757936507936507 0.9197189153439154 0.025344742063492062 0.03464285714285714
1 0.6883209325396825 0.3988756613756614 0.023030753968253968 0.02181216931216931
1 0.6563194444444445 0.6317493386243387 0.019749503968253968 0.026712962962962963
1 0.16914186507936507 0.9358531746031746 0.026378968253968255 0.0341005291005291
1 0.8534126984126984 0.6246263227513227 0.01939484126984127 0.026633597883597884
1 0.3549751984126984 0.7921726190476192 0.023546626984126982 0.03093915343915344
1 0.6853819444444444 0.08343584656084656 0.01212797619047619 0.017116402116402116
1 0.23774057539682542 0.8734259259259258 0.02229910714285714 0.033819444444444444
1 0.1601736111111111 0.8777017195767196 0.02351934523809524 0.03336309523809524
1 0.41582589285714283 0.6589451058201059 0.021731150793650796 0.027959656084656084
1 0.22248511904761903 0.5995138888888889 0.024283234126984125 0.032228835978835975
1 0.343484623015873 0.36268518518518517 0.024057539682539684 0.030042989417989416
1 0.659982638888889 0.10078373015873016 0.020463789682539684 0.027754629629629633
1 0.19677579365079365 0.49205026455026457 0.02293402777777778 0.030568783068783068
1 0.7883482142857142 0.13684193121693122 0.020719246031746033 0.027420634920634922
1 0.10597470238095238 0.6566335978835979 0.02246031746031746 0.029649470899470898
1 0.7562127976190477 0.1409457671957672 0.02227926587301587 0.023948412698412698
1 0.6031845238095238 0.21027777777777779 0.02058779761904762 0.02589616402116402
1 0.8625520833333333 0.5577414021164021 0.016909722222222225 0.021061507936507937
1 0.43085069444444446 0.7789914021164022 0.023864087301587303 0.03284060846560847
1 0.9658457341269842 0.4564318783068783 0.023060515873015875 0.02892526455026455
1 0.5642832341269841 0.623396164021164 0.014833829365079366 0.018912037037037036
1 0.6920684523809524 0.4859854497354497 0.01922123015873016 0.025439814814814818
1 0.4070833333333333 0.1790244708994709 0.024518849206349207 0.02573743386243386
1 0.07890128968253968 0.9863194444444445 0.02730654761904762 0.02736111111111111
1 0.8123834325396826 0.7089980158730159 0.018707837301587302 0.024871031746031745
1 0.6086631944444445 0.5367427248677248 0.017968750000000002 0.024930555555555556
1 0.8425595238095238 0.5337665343915343 0.022180059523809526 0.028422619047619047
1 0.17241319444444445 0.6385251322751323 0.021319444444444443 0.02748015873015873
1 0.1424330357142857 0.4145304232804233 0.02039434523809524 0.031570767195767194
1 0.11063740079365078 0.4621759259259259 0.021252480158730158 0.023197751322751325
1 0.7831001984126984 0.6837268518518519 0.02492311507936508 0.027509920634920634
1 0.2491889880952381 0.7606481481481481 0.021946924603174604 0.03152116402116402
1 0.49075644841269844 0.10507936507936508 0.015806051587301587 0.02195767195767196
1 0.1278968253968254 0.6621494708994708 0.02288938492063492 0.028382936507936506
1 0.9602306547619048 0.41846891534391534 0.01765128968253968 0.02151785714285714
1 0.5166443452380952 0.2441931216931217 0.020166170634920634 0.022605820105820105
1 0.13586805555555556 0.3908201058201058 0.020679563492063492 0.030205026455026457
1 0.13100198412698413 0.7052612433862434 0.019367559523809523 0.02829695767195767
1 0.9268477182539683 0.34458333333333335 0.01697420634920635 0.01989748677248677
1 0.6471602182539682 0.5591236772486773 0.01564732142857143 0.025155423280423278
1 0.5371205357142858 0.4506845238095238 0.020647321428571428 0.025188492063492066
1 0.7815550595238095 0.17595238095238097 0.022378472222222223 0.028177910052910052
1 0.035863095238095236 0.7327876984126983 0.02265625 0.025965608465608463
1 0.7988938492063492 0.7850892857142857 0.022517361111111113 0.0275
1 0.765359623015873 0.48853835978835974 0.02075892857142857 0.02526785714285714
1 0.49937251984126985 0.23548611111111112 0.020771329365079364 0.027199074074074073
1 0.6870436507936507 0.6541534391534392 0.018819444444444444 0.02583664021164021
1 0.7333234126984127 0.14324074074074075 0.018618551587301586 0.023548280423280422
1 0.02302083333333333 0.7545238095238095 0.021750992063492063 0.029156746031746034
1 0.7217683531746032 0.8014814814814815 0.019878472222222224 0.02701719576719577
1 0.9471031746031745 0.5340873015873016 0.01982886904761905 0.019775132275132275
1 0.5266815476190476 0.7373445767195768 0.017239583333333336 0.02201058201058201
2 0.9383159722222222 0.9875562169312169 0.018541666666666668 0.016478174603174602
1 0.1063343253968254 0.8760284391534392 0.022430555555555554 0.029421296296296296
1 0.12441468253968253 0.8675 0.019459325396825395 0.023541666666666666
1 0.10893353174603175 0.848098544973545 0.020749007936507937 0.026025132275132278
1 0.2118625992063492 0.9641931216931217 0.020624999999999998 0.03373677248677249
1 0.09521081349206349 0.9643849206349207 0.026264880952380953 0.03240079365079365
1 0.03815972222222223 0.796359126984127 0.021676587301587304 0.027470238095238093
1 0.1020858134920635 0.7448710317460316 0.02361111111111111 0.030281084656084655
1 0.006674107142857143 0.6561871693121692 0.013348214285714286 0.028366402116402116
1 0.01578125 0.6178637566137566 0.01806547619047619 0.02568121693121693
1 0.022142857142857145 0.6227116402116402 0.017589285714285714 0.02076058201058201
1 0.037624007936507935 0.6197982804232804 0.016302083333333335 0.02181216931216931
1 0.008581349206349207 0.5784160052910053 0.01697668650793651 0.023333333333333334
1 0.01166170634920635 0.5927744708994709 0.01597470238095238 0.01851190476190476
1 0.10401289682539683 0.5562070105820106 0.028658234126984126 0.03568121693121693
1 0.1051016865079365 0.5779001322751323 0.025773809523809525 0.025744047619047618
1 0.17401785714285714 0.4160912698412698 0.017824900793650796 0.020343915343915345
1 0.2622098214285714 0.5709953703703704 0.025848214285714287 0.03429232804232804
1 0.27521577380952383 0.5591931216931217 0.023482142857142858 0.030181878306878306
1 0.3209598214285714 0.5260515873015873 0.025007440476190475 0.02955357142857143
1 0.3158531746031746 0.5636111111111111 0.019092261904761907 0.028988095238095236
1 0.19484126984126984 0.648614417989418 0.023955853174603175 0.03214616402116402
1 0.23710565476190476 0.6612566137566138 0.023375496031746032 0.03076388888888889
1 0.10455853174603175 0.711765873015873 0.01894593253968254 0.025935846560846562
1 0.09307787698412699 0.6910978835978836 0.018834325396825398 0.026071428571428572
1 0.16745287698412697 0.6626951058201058 0.018209325396825397 0.02205687830687831
1 0.14010416666666667 0.6757705026455026 0.015830853174603175 0.02244378306878307
1 0.21645585317460317 0.6134854497354497 0.020538194444444446 0.023141534391534394
2 0.4085615079365079 0.8558035714285713 0.01166170634920635 0.01298941798941799
2 0.4045411706349206 0.81442791005291 0.009751984126984126 0.01193452380952381
2 0.49756944444444445 0.8661044973544973 0.010104166666666668 0.014738756613756614
2 0.4901066468253968 0.8402480158730158 0.009320436507936507 0.01267526455026455
2 0.47683283730158726 0.8216567460317461 0.009164186507936508 0.010052910052910053
2 0.4775917658730159 0.7934093915343915 0.009739583333333334 0.011372354497354497
1 0.5339955357142857 0.8395337301587301 0.012723214285714286 0.01941137566137566
1 0.5581894841269841 0.8380125661375661 0.012410714285714285 0.01825727513227513
1 0.4418948412698413 0.6897156084656084 0.020176091269841268 0.028336640211640212
1 0.4273387896825397 0.6983597883597884 0.014129464285714285 0.022238756613756613
1 0.44049603174603175 0.6003935185185185 0.022504960317460316 0.03068121693121693
1 0.4206473214285714 0.5753406084656084 0.024523809523809524 0.027708333333333335
1 0.5239335317460317 0.5938260582010582 0.012581845238095237 0.018174603174603173
1 0.5322073412698413 0.5822850529100528 0.013943452380952381 0.019603174603174605
1 0.515421626984127 0.6032506613756614 0.012817460317460318 0.018174603174603173
1 0.5285416666666667 0.5980654761904762 0.011847718253968255 0.0159755291005291
1 0.46374503968253966 0.48018518518518516 0.022581845238095238 0.03095238095238095
1 0.6073809523809524 0.6791534391534392 0.01574404761904762 0.022159391534391535
1 0.601111111111111 0.5691931216931218 0.015649801587301587 0.021068121693121694
1 0.591029265873016 0.5709193121693121 0.016034226190476192 0.023898809523809524
1 0.6356175595238095 0.5725099206349207 0.018487103174603177 0.027705026455026455
1 0.7129513888888889 0.4922222222222222 0.01584573412698413 0.026124338624338623
1 0.698687996031746 0.664811507936508 0.01656498015873016 0.023148148148148147
1 0.6682638888888889 0.6684060846560846 0.013313492063492064 0.02154431216931217
1 0.6675297619047619 0.6900396825396825 0.017609126984126984 0.020185185185185184
1 0.6904935515873016 0.7456481481481482 0.01975446428571429 0.02771494708994709
1 0.6696899801587302 0.7827645502645503 0.01923363095238095 0.024017857142857143
1 0.68359375 0.7990509259259259 0.01970238095238095 0.027060185185185184
1 0.6957837301587302 0.7849107142857144 0.016718749999999998 0.023915343915343914
1 0.7006522817460318 0.7676455026455027 0.015463789682539683 0.02143187830687831
2 0.7383283730158731 0.790952380952381 0.021240079365079365 0.027199074074074073
1 0.7535044642857143 0.774943783068783 0.019580853174603174 0.028485449735449735
1 0.7787698412698413 0.7702116402116401 0.016180555555555556 0.024679232804232804
1 0.7948462301587302 0.8093187830687831 0.019739583333333335 0.02748015873015873
1 0.772001488095238 0.7624239417989419 0.014114583333333333 0.017903439153439154
1 0.7280679563492064 0.709649470899471 0.013581349206349206 0.020496031746031745
1 0.8741145833333333 0.6468981481481482 0.020381944444444446 0.02781746031746032
1 0.8473387896825396 0.6139484126984127 0.018196924603174604 0.023419312169312166
1 0.8215054563492064 0.606904761904762 0.015285218253968254 0.019464285714285715
1 0.8917336309523809 0.5910813492063492 0.018435019841269842 0.02459325396825397
1 0.9085863095238096 0.5782275132275132 0.018058035714285714 0.023237433862433862
1 0.9394915674603175 0.6063359788359788 0.018211805555555557 0.022152777777777775
1 0.931282242063492 0.666686507936508 0.01134672619047619 0.018210978835978837
1 0.9666592261904763 0.54307208994709 0.017239583333333336 0.019312169312169312
1 0.9271701388888889 0.47147486772486774 0.01875 0.025591931216931218
1 0.9736210317460318 0.5070568783068783 0.016453373015873015 0.021828703703703704
1 0.981468253968254 0.5128273809523809 0.011860119047619048 0.02037367724867725
1 0.8764558531746032 0.5321759259259259 0.022145337301587305 0.025694444444444447
1 0.6246726190476191 0.5069775132275132 0.016197916666666666 0.019712301587301587
1 0.6181473214285714 0.43039021164021163 0.015324900793650793 0.02269510582010582
1 0.5535193452380952 0.368994708994709 0.014005456349206349 0.018816137566137564
1 0.4824875992063492 0.3784259259259259 0.012800099206349206 0.019057539682539683
1 0.5517584325396826 0.2868849206349206 0.01286954365079365 0.017447089947089947
1 0.8421899801587301 0.24858796296296298 0.0161780753968254 0.022516534391534393
1 0.7930654761904762 0.27716600529100527 0.01700892857142857 0.024272486772486775
1 0.6981001984126983 0.2776951058201058 0.016200396825396823 0.022470238095238095
1 0.6849975198412698 0.27371693121693125 0.016143353174603175 0.024060846560846564
1 0.6810267857142858 0.24521825396825395 0.018112599206349205 0.025327380952380952
1 0.6923784722222223 0.22720238095238093 0.017296626984126984 0.023680555555555555
1 0.7368799603174603 0.25552910052910055 0.01798859126984127 0.02541005291005291
1 0.7663566468253967 0.24131944444444445 0.018846726190476188 0.025168650793650795
1 0.759451884920635 0.16761574074074073 0.020711805555555556 0.027238756613756614
1 0.7155902777777778 0.11086640211640211 0.011428571428571429 0.016888227513227515
1 0.730047123015873 0.10842592592592593 0.012311507936507936 0.014874338624338623
1 0.693422619047619 0.16283730158730159 0.010788690476190476 0.01529431216931217
1 0.6790699404761905 0.18091931216931217 0.011830357142857144 0.01468915343915344
1 0.6013690476190475 0.1390542328042328 0.011493055555555557 0.016917989417989415
1 0.6171552579365079 0.1187037037037037 0.016924603174603172 0.022060185185185183
1 0.6007911706349206 0.17375992063492066 0.011056547619047619 0.01755952380952381
1 0.6241517857142856 0.17840277777777777 0.010992063492063492 0.017294973544973544
1 0.5769171626984128 0.169130291005291 0.015203373015873016 0.023105158730158733
1 0.6277604166666667 0.022566137566137564 0.013417658730158731 0.017466931216931218
1 0.6600124007936509 0.06324404761904762 0.011696428571428571 0.01572420634920635
1 0.6600347222222223 0.05058531746031746 0.013727678571428571 0.017156084656084657
1 0.6334300595238095 0.06417328042328042 0.014012896825396826 0.017582671957671957
1 0.6521453373015873 0.08270502645502645 0.01625248015873016 0.01978835978835979
1 0.545483630952381 0.06293320105820106 0.012549603174603175 0.016537698412698414
1 0.536312003968254 0.03820436507936508 0.011396329365079366 0.017701719576719576
1 0.5040054563492063 0.10407076719576719 0.013819444444444445 0.019537037037037037
1 0.5050198412698412 0.1232010582010582 0.014655257936507937 0.0205489417989418
1 0.5116021825396826 0.20287367724867725 0.01892609126984127 0.02516203703703704
1 0.526686507936508 0.2235813492063492 0.016810515873015873 0.024077380952380954
1 0.49912698412698414 0.2488293650793651 0.01797371031746032 0.018697089947089948
1 0.43919146825396826 0.2928902116402117 0.015498511904761906 0.01921957671957672
1 0.36423115079365076 0.22416997354497353 0.018695436507936508 0.027080026455026454
1 0.27349950396825395 0.11609126984126984 0.015786210317460317 0.02036375661375661
1 0.2771875 0.07613095238095238 0.015079365079365078 0.02130952380952381
1 0.3390625 0.09115740740740741 0.013449900793650793 0.018210978835978837
1 0.377452876984127 0.08828373015873017 0.016847718253968257 0.022166005291005292
1 0.38008184523809524 0.057506613756613756 0.019677579365079367 0.0253042328042328
1 0.3946875 0.046858465608465606 0.017621527777777778 0.025033068783068785
1 0.40969742063492065 0.08284722222222222 0.019342757936507936 0.025849867724867727
1 0.40644593253968253 0.10591931216931218 0.020853174603174603 0.029133597883597883
1 0.38567460317460317 0.026888227513227513 0.01994543650793651 0.026332671957671958
1 0.3799801587301587 0.03450396825396825 0.01583581349206349 0.024583333333333336
1 0.31487103174603176 0.3544477513227513 0.022078373015873017 0.032103174603174606
1 0.3247941468253968 0.35334656084656085 0.01730902777777778 0.023521825396825395
1 0.24135664682539681 0.26073743386243386 0.019484126984126986 0.026716269841269843
1 0.07095734126984128 0.6868981481481481 0.022398313492063494 0.02662367724867725
2 0.45266617063492065 0.7858597883597884 0.008003472222222223 0.011058201058201057
2 0.5103298611111111 0.7613988095238095 0.008058035714285715 0.011458333333333333
1 0.6340625 0.8233763227513227 0.010319940476190476 0.013313492063492062
2 0.7060243055555556 0.8536706349206349 0.01013640873015873 0.009206349206349206
1 0.716939484126984 0.4184259259259259 0.02261160714285714 0.025006613756613758
1 0.7637053571428571 0.38670304232804237 0.019712301587301587 0.02464285714285714
1 0.6163492063492063 0.47325727513227517 0.016634424603174602 0.02226851851851852
1 0.5001016865079365 0.3456845238095238 0.016716269841269844 0.020578703703703703
1 0.4529365079365079 0.2359292328042328 0.015930059523809523 0.02021825396825397
1 0.4444742063492063 0.23058862433862432 0.011845238095238094 0.015833333333333335
1 0.4067063492063492 0.24711970899470898 0.012542162698412698 0.01685515873015873
1 0.38894097222222224 0.12446759259259259 0.012690972222222223 0.01918650793650794
1 0.39715029761904763 0.022989417989417987 0.018603670634920636 0.0249537037037037
1 0.30726438492063496 0.09512566137566138 0.011217757936507936 0.01888558201058201
1 0.3474702380952381 0.23167328042328045 0.018467261904761903 0.024308862433862436
1 0.372874503968254 0.36563822751322755 0.023571428571428573 0.03111111111111111
1 0.39626488095238094 0.3583928571428571 0.022150297619047618 0.026868386243386243
1 0.793328373015873 0.7131216931216932 0.017239583333333336 0.022655423280423283
1 0.8170758928571428 0.7432572751322751 0.010672123015873017 0.0158994708994709
1 0.8431696428571428 0.7304794973544972 0.01462797619047619 0.017761243386243387
1 0.6714409722222222 0.29352513227513227 0.015466269841269841 0.0211739417989418