1 0.5375520833333333 0.19797949735449738 0.03263144841269841 0.04462301587301587
1 0.22915922619047618 0.2721329365079365 0.044414682539682546 0.05062830687830688
2 0.2745039682539682 0.5816898148148149 0.028561507936507937 0.0316931216931217
2 0.19225446428571427 0.18973544973544973 0.04907986111111111 0.05671626984126984
2 0.3100545634920635 0.364917328042328 0.03650297619047619 0.04394179894179894
2 0.252452876984127 0.16859126984126985 0.044952876984126984 0.05305555555555556
2 0.12703125 0.4880026455026455 0.035515873015873015 0.03523478835978836
1 0.31670386904761905 0.27206679894179897 0.032026289682539684 0.04865079365079365
2 0.1569890873015873 0.4673974867724868 0.03736111111111111 0.0390707671957672
2 0.21022073412698414 0.01351521164021164 0.04213293650793651 0.02703042328042328
1 0.2850992063492063 0.17087632275132275 0.03923611111111111 0.04975529100529101
2 0.269250992063492 0.20548280423280424 0.03780753968253968 0.038247354497354495
1 0.7630580357142858 0.22780753968253967 0.020624999999999998 0.018667328042328044
2 0.4896453373015873 0.14737103174603175 0.027544642857142858 0.03512235449735449
1 0.8046999007936508 0.3718419312169312 0.022651289682539683 0.02580026455026455
1 0.5220114087301587 0.5434292328042328 0.024784226190476193 0.03354166666666667
1 0.651889880952381 0.7264186507936509 0.021981646825396824 0.03378637566137566
1 0.7481349206349206 0.20787367724867725 0.02152529761904762 0.018412698412698412
2 0.8906646825396825 0.22889550264550262 0.02683779761904762 0.03716269841269841
1 0.35016865079365084 0.8122685185185186 0.019538690476190477 0.025671296296296296
1 0.34527281746031746 0.2843320105820106 0.03243799603174603 0.04466269841269841
1 0.29985119047619047 0.25569444444444445 0.03287450396825397 0.040816798941798946
1 0.2863814484126984 0.27418320105820104 0.02773809523809524 0.036147486772486775
1 0.2576264880952381 0.2754034391534392 0.02800595238095238 0.03544973544973545
2 0.24780505952380952 0.4407936507936508 0.02601438492063492 0.03074074074074074
1 0.46866815476190476 0.43282738095238094 0.03078125 0.042304894179894185
1 0.4398115079365079 0.34104497354497354 0.027589285714285712 0.035522486772486775
1 0.41494791666666664 0.35005952380952376 0.03148809523809524 0.04019510582010582
1 0.39252728174603174 0.2025595238095238 0.025138888888888888 0.036686507936507934
2 0.29229414682539684 0.5800496031746032 0.023683035714285712 0.031117724867724867
2 0.23371527777777779 0.6041898148148148 0.020434027777777777 0.02125661375661376
1 0.21842757936507937 0.6060449735449736 0.01734375 0.021038359788359787
1 0.1898487103174603 0.5825363756613756 0.021470734126984126 0.023521825396825395
1 0.14795386904761904 0.7238128306878306 0.01989583333333333 0.02244378306878307
1 0.15805059523809523 0.7010251322751323 0.016525297619047617 0.020866402116402116
1 0.16870535714285714 0.6679596560846561 0.020815972222222225 0.021514550264550264
1 0.1769717261904762 0.6587268518518519 0.013122519841269841 0.01640542328042328
2 0.15985119047619048 0.8323644179894181 0.014955357142857142 0.017979497354497352
1 0.4590426587301587 0.9549140211640211 0.024104662698412698 0.0360218253968254
1 0.4720535714285714 0.9286342592592592 0.01870535714285714 0.027460317460317463
1 0.31491071428571427 0.9642559523809523 0.01997767857142857 0.029563492063492066
1 0.3152232142857143 0.8977314814814814 0.02712797619047619 0.03950396825396825
1 0.30819940476190477 0.8772552910052911 0.01834077380952381 0.023697089947089946
1 0.2866939484126984 0.9152546296296297 0.020111607142857143 0.02191468253968254
1 0.35288194444444443 0.6673181216931217 0.01931795634920635 0.026521164021164022
1 0.540203373015873 0.5546693121693121 0.023239087301587302 0.03457010582010582
2 0.07896825396825397 0.44736441798941795 0.011842757936507936 0.014027777777777778
2 0.20000248015873015 0.6819345238095238 0.009370039682539683 0.009398148148148149
1 0.21006944444444445 0.6202314814814814 0.014769345238095238 0.014060846560846562
1 0.7428670634920634 0.6256646825396825 0.02617311507936508 0.029639550264550264
1 0.7700719246031745 0.20242724867724868 0.018415178571428572 0.02542328042328042
1 0.5188640873015873 0.1513425925925926 0.02349206349206349 0.03246031746031746
1 0.3964260912698413 0.7554563492063492 0.02146825396825397 0.026802248677248678
1 0.9652132936507936 0.44133267195767195 0.011155753968253967 0.013746693121693122
1 0.9846081349206349 0.43384589947089947 0.010667162698412698 0.012129629629629629
1 0.7452802579365079 0.2393187830687831 0.01626488095238095 0.022989417989417987
1 0.08254960317460316 0.371359126984127 0.01547123015873016 0.016008597883597882