2 0.5525868055555556 0.6415972222222223 0.022891865079365078 0.027351190476190473
1 0.7012152777777778 0.38622685185185185 0.017353670634920635 0.01885251322751323
1 0.47421626984126986 0.5327810846560846 0.018586309523809522 0.02502314814814815
2 0.709298115079365 0.6266964285714286 0.021150793650793653 0.01783399470899471
1 0.6605208333333333 0.5569543650793651 0.021510416666666667 0.020023148148148148
2 0.5291145833333333 0.3778703703703704 0.01857638888888889 0.028015873015873015
2 0.8757539682539682 0.5366798941798943 0.01486359126984127 0.01642526455026455
2 0.585421626984127 0.7552513227513228 0.01707093253968254 0.027751322751322752
1 0.6274131944444444 0.8838591269841269 0.01730406746031746 0.023630952380952377
1 0.923060515873016 0.41810185185185184 0.015870535714285715 0.01732473544973545
1 0.5223338293650794 0.5638161375661376 0.01711061507936508 0.024672619047619047
1 0.253015873015873 0.5932275132275132 0.01806051587301587 0.020542328042328042
1 0.19648313492063493 0.5796263227513228 0.018390376984126985 0.022681878306878307
1 0.4878497023809524 0.7469113756613757 0.016949404761904763 0.01750330687830688
1 0.06825892857142858 0.41445436507936506 0.016480654761904762 0.017040343915343915
1 0.8739260912698413 0.627390873015873 0.012485119047619049 0.016960978835978836
1 0.5352926587301587 0.4044345238095238 0.017609126984126984 0.02386904761904762
1 0.853030753968254 0.44 0.015307539682539683 0.01764880952380952
1 0.040637400793650795 0.4044675925925926 0.018432539682539682 0.020109126984126986
1 0.5913417658730159 0.3955092592592592 0.01900049603174603 0.018310185185185183
1 0.18819444444444444 0.445353835978836 0.019322916666666665 0.023591269841269843
2 0.6323883928571429 0.7770006613756614 0.013797123015873016 0.014679232804232804
1 0.10032490079365079 0.5534292328042327 0.016527777777777777 0.024034391534391537
2 0.4908085317460318 0.38673941798941797 0.014851190476190476 0.018472222222222223
2 0.9411210317460317 0.5689980158730159 0.008948412698412699 0.008690476190476191
1 0.16937996031746033 0.7482738095238096 0.01689236111111111 0.022086640211640213
2 0.7398685515873016 0.6266931216931216 0.012666170634920634 0.012066798941798943
1 0.12090277777777778 0.6248214285714286 0.016475694444444446 0.022083333333333333
1 0.6973685515873016 0.6223280423280424 0.023727678571428573 0.021666666666666664
2 0.8680357142857144 0.689130291005291 0.012415674603174604 0.013462301587301587
1 0.6904241071428572 0.5874669312169312 0.01394593253968254 0.02125661375661376
1 0.5979737103174604 0.5365939153439153 0.012279265873015872 0.01566137566137566
1 0.4510094246031746 0.771574074074074 0.016860119047619047 0.022923280423280422
1 0.1315550595238095 0.5736177248677248 0.013650793650793651 0.017215608465608465
1 0.12684275793650793 0.4822486772486772 0.015032242063492064 0.017748015873015874
1 0.8453819444444445 0.5118816137566138 0.015562996031746032 0.01680224867724868
1 0.5212872023809524 0.40767526455026454 0.016428571428571428 0.02245701058201058
1 0.49114335317460317 0.8013359788359787 0.01773313492063492 0.020426587301587303
1 0.7295957341269841 0.5239285714285714 0.014126984126984127 0.018118386243386242
1 0.5469816468253967 0.44200727513227517 0.017413194444444443 0.01933862433862434
1 0.24513888888888888 0.3272089947089947 0.01626736111111111 0.013855820105820106
1 0.04065972222222222 0.4205654761904762 0.018482142857142857 0.017248677248677246
1 0.027723214285714285 0.4259027777777778 0.01355406746031746 0.01560846560846561
1 0.11101934523809524 0.46973875661375664 0.019769345238095235 0.02053240740740741
1 0.11570188492063492 0.48805224867724867 0.012901785714285715 0.015539021164021165
1 0.11445188492063493 0.5543650793650794 0.017063492063492062 0.023306878306878307
1 0.16938988095238094 0.5662962962962963 0.017896825396825397 0.024970238095238097
1 0.263343253968254 0.6729794973544974 0.013526785714285713 0.018591269841269843
1 0.2926860119047619 0.5954298941798941 0.015190972222222222 0.01886574074074074
1 0.3191121031746032 0.5909887566137566 0.014774305555555556 0.019421296296296294
1 0.37072172619047616 0.5798908730158729 0.014774305555555556 0.019421296296296294
1 0.3799801587301587 0.5675429894179894 0.013318452380952382 0.018035714285714287
1 0.38944940476190476 0.569487433862434 0.012276785714285714 0.018591269841269843
1 0.4074503968253968 0.5768386243386243 0.014565972222222221 0.017757936507936507
1 0.4027678571428572 0.6016699735449735 0.015190972222222222 0.019143518518518518
1 0.4322123015873016 0.5359126984126984 0.019561011904761907 0.022473544973544972
1 0.4225372023809524 0.5549206349206349 0.014357638888888889 0.018313492063492063
1 0.4144196428571429 0.5200992063492064 0.016024305555555556 0.02191798941798942
1 0.3963169642857143 0.4422718253968254 0.014774305555555556 0.02053240740740741
1 0.40848958333333335 0.43034060846560845 0.014565972222222221 0.01997685185185185
1 0.35199156746031746 0.4465707671957672 0.011445932539682539 0.01359457671957672
1 0.4750793650793651 0.3351719576719577 0.014982638888888887 0.019421296296296294
1 0.46113839285714286 0.3301752645502646 0.014982638888888887 0.01886574074074074
1 0.48579613095238094 0.30576058201058204 0.014774305555555556 0.02053240740740741
1 0.4411607142857143 0.3074239417989418 0.013735119047619048 0.02053240740740741
1 0.4072420634920635 0.2878637566137566 0.013735119047619048 0.019143518518518518
1 0.3952752976190476 0.28689484126984127 0.014774305555555556 0.019421296296296294
1 0.5972321428571429 0.19727513227513227 0.013735119047619048 0.017757936507936507
1 0.7726562499999999 0.4295072751322751 0.011654265873015874 0.017202380952380955
1 0.7798338293650794 0.40453703703703703 0.011445932539682539 0.014427910052910053
1 0.8700446428571429 0.4394973544973545 0.012901785714285715 0.013316798941798942
1 0.8512103174603174 0.524537037037037 0.012276785714285714 0.015261243386243385
1 0.86203125 0.5348048941798942 0.012276785714285714 0.015261243386243385
1 0.8584945436507936 0.5024801587301587 0.013526785714285713 0.017202380952380955
1 0.8420560515873016 0.5001223544973544 0.014357638888888889 0.016924603174603176
1 0.899593253968254 0.4904100529100529 0.014565972222222221 0.01636904761904762
1 0.9034424603174602 0.4766765873015873 0.012693452380952382 0.014983465608465609
1 0.9069816468253967 0.637880291005291 0.01019593253968254 0.014427910052910053
1 0.9035466269841269 0.6070800264550265 0.012485119047619049 0.014983465608465609
2 0.9144717261904762 0.6732572751322752 0.008115079365079365 0.0074900793650793645
2 0.9152008928571429 0.6675661375661376 0.006659226190476191 0.0083234126984127
2 0.9370510912698413 0.6703439153439154 0.0083234126984127 0.008878968253968254
2 0.9665997023809524 0.6560515873015873 0.006659226190476191 0.009156746031746031
2 0.9309126984126984 0.6595205026455027 0.007698412698412698 0.0083234126984127
2 0.9250843253968254 0.6553604497354497 0.006867559523809524 0.007212301587301587
2 0.9509920634920636 0.6399603174603175 0.006242559523809524 0.0063822751322751324
2 0.9297668650793651 0.6316369047619047 0.00540922619047619 0.005826719576719577
1 0.8103199404761905 0.3394708994708995 0.013318452380952382 0.018035714285714287
1 0.5331374007936508 0.5682374338624339 0.011654265873015874 0.02053240740740741
1 0.5860987103174603 0.6574404761904762 0.013110119047619048 0.018591269841269843
1 0.5977529761904762 0.566848544973545 0.013943452380952381 0.01997685185185185
1 0.6825496031746031 0.6052777777777777 0.015399305555555557 0.02136574074074074
1 0.7178224206349207 0.6160978835978835 0.013943452380952381 0.02136574074074074
1 0.7423784722222222 0.6015310846560846 0.015190972222222222 0.01886574074074074
1 0.7605853174603174 0.59057208994709 0.015815972222222224 0.018035714285714287
1 0.7767137896825397 0.610271164021164 0.016438492063492065 0.018035714285714287
1 0.6748511904761905 0.4601653439153439 0.010404265873015874 0.018591269841269843
1 0.5459375 0.38913690476190477 0.011445932539682539 0.01581679894179894
1 0.553531746031746 0.37984126984126987 0.01623015873015873 0.022195767195767196
1 0.439312996031746 0.6226157407407408 0.0178125 0.023039021164021165
1 0.34826140873015876 0.7057374338624339 0.011165674603174604 0.014179894179894181
1 0.3232713293650794 0.6522156084656084 0.015949900793650794 0.019851190476190477
1 0.3133010912698413 0.6920899470899471 0.013559027777777777 0.01736772486772487
1 0.19207589285714285 0.42021825396825396 0.018343253968253967 0.02162367724867725
1 0.26531746031746034 0.44573743386243386 0.014888392857142857 0.020205026455026455
1 0.280203373015873 0.4386507936507937 0.01435515873015873 0.01736772486772487
1 0.26996775793650796 0.3909755291005291 0.011964285714285715 0.018432539682539682
1 0.26039930555555557 0.6153505291005291 0.016748511904761905 0.017721560846560847
1 0.21081845238095237 0.5923082010582011 0.013824404761904762 0.01914021164021164
1 0.3117063492063492 0.3395767195767196 0.01090029761904762 0.015595238095238094
1 0.6117162698412698 0.6867757936507937 0.014888392857142857 0.01666005291005291
1 0.6323189484126984 0.7204497354497355 0.01568452380952381 0.01949404761904762
1 0.6157043650793651 0.7433101851851852 0.011696428571428571 0.017721560846560847
1 0.5343551587301587 0.7452612433862434 0.015419146825396825 0.02162367724867725
1 0.5398040674603174 0.7727314814814814 0.0178125 0.024811507936507937
1 0.5259796626984127 0.7649338624338624 0.015153769841269841 0.023396164021164022
1 0.5501736111111112 0.8232440476190476 0.015153769841269841 0.023749999999999997
1 0.5548239087301587 0.8377744708994709 0.014888392857142857 0.01949404761904762
1 0.5055109126984128 0.7581977513227514 0.017279265873015873 0.022685185185185183
1 0.5060416666666666 0.7337400793650793 0.016748511904761905 0.020558862433862433
1 0.520265376984127 0.7454365079365078 0.013291170634920637 0.01914021164021164
1 0.4726785714285714 0.828204365079365 0.012760416666666668 0.01666005291005291
1 0.6147743055555556 0.8666633597883597 0.01090029761904762 0.017721560846560847
1 0.6417584325396826 0.8769444444444445 0.017013888888888887 0.022685185185185183
1 0.614375 0.8349404761904762 0.01435515873015873 0.018786375661375664
1 0.6184945436507936 0.7915178571428572 0.014620535714285714 0.022685185185185183
1 0.5706423611111111 0.7512863756613756 0.02047123015873016 0.027294973544973546
1 0.567983630952381 0.7399437830687832 0.014620535714285714 0.01736772486772487
1 0.7266964285714286 0.8907671957671958 0.012495039682539684 0.017721560846560847
1 0.7216443452380953 0.916468253968254 0.010367063492063492 0.01736772486772487
1 0.7495585317460317 0.8705654761904762 0.013559027777777777 0.01701388888888889
1 0.8620114087301588 0.7340939153439153 0.015153769841269841 0.01914021164021164
1 0.726827876984127 0.6679861111111112 0.013291170634920637 0.01666005291005291