1 0.12064980158730158 0.5946263227513228 0.020287698412698413 0.025651455026455026
1 0.4869444444444444 0.6916633597883598 0.02779265873015873 0.037592592592592594
1 0.6388318452380952 0.22520502645502644 0.027063492063492064 0.031779100529100525
1 0.4611631944444445 0.7445998677248677 0.028102678571428574 0.03566468253968254
1 0.44386408730158733 0.6997949735449734 0.032108134920634926 0.04102843915343915
1 0.694015376984127 0.1969642857142857 0.023229166666666665 0.03459325396825397
2 0.7257812499999999 0.0813723544973545 0.02791170634920635 0.04137566137566138
1 0.7582440476190475 0.8222222222222223 0.029992559523809526 0.03828042328042328
1 0.6899677579365079 0.11956018518518519 0.029384920634920635 0.03444113756613757
2 0.5502430555555555 0.3583730158730159 0.03571180555555556 0.03788690476190476
1 0.7197098214285714 0.24416997354497355 0.029551091269841272 0.03563822751322751
1 0.5526661706349206 0.31479497354497354 0.033343253968253966 0.04496362433862434
2 0.8569543650793651 0.3065410052910053 0.03246279761904761 0.033931878306878306
1 0.7352678571428571 0.4336507936507936 0.031180555555555555 0.03305555555555555
2 0.1596378968253968 0.574510582010582 0.018660714285714284 0.021732804232804232
1 0.06579861111111111 0.6079960317460317 0.021649305555555557 0.025899470899470898
1 0.6960813492063492 0.0809457671957672 0.02274553571428571 0.03623015873015873
1 0.575233134920635 0.8682506613756614 0.027232142857142858 0.03989087301587301
1 0.6899404761904763 0.15298941798941798 0.027239583333333334 0.030284391534391535
1 0.25672123015873016 0.2697156084656085 0.02022321428571429 0.026987433862433862
1 0.4491592261904762 0.09178571428571429 0.017566964285714286 0.025003306878306878
1 0.7381646825396826 0.21513558201058203 0.022824900793650793 0.03072751322751323
1 0.2415922619047619 0.3198048941798942 0.020280257936507937 0.023088624338624335
1 0.21183035714285714 0.7291732804232804 0.020498511904761905 0.023333333333333334
1 0.38000248015873017 0.7367228835978835 0.02431795634920635 0.0362202380952381
1 0.42067212301587303 0.9092757936507937 0.027658730158730157 0.042053571428571426
2 0.13092757936507937 0.6144047619047619 0.018053075396825397 0.017675264550264552
1 0.8215376984126984 0.6986640211640213 0.031743551587301584 0.03810185185185185
1 0.1828373015873016 0.6507275132275132 0.022586805555555554 0.025744047619047618
1 0.11549107142857143 0.580869708994709 0.019345238095238096 0.022314814814814815
2 0.7237698412698412 0.11609126984126984 0.025250496031746034 0.026865079365079363
1 0.7754389880952381 0.5840145502645503 0.025436507936507938 0.030066137566137567
2 0.177437996031746 0.6715079365079365 0.01731646825396825 0.019715608465608464
1 0.9055654761904761 0.22012566137566136 0.022177579365079365 0.022989417989417987
1 0.1626388888888889 0.6552579365079365 0.018970734126984124 0.026157407407407407
1 0.9063566468253967 0.40438822751322745 0.01916666666666667 0.023660714285714285
1 0.4405381944444444 0.920787037037037 0.02545138888888889 0.036898148148148145
1 0.8699801587301588 0.40480489417989424 0.020749007936507937 0.03127976190476191
1 0.22034722222222222 0.613452380952381 0.018196924603174604 0.019662698412698413
1 0.4727157738095238 0.7081613756613757 0.02784722222222222 0.03988756613756614
1 0.1926909722222222 0.24360119047619047 0.017274305555555557 0.020846560846560846
1 0.7053199404761904 0.261984126984127 0.020483630952380955 0.02750330687830688
1 0.7209226190476191 0.183614417989418 0.02186259920634921 0.027321428571428573
1 0.4611185515873016 0.12567791005291007 0.020920138888888887 0.0208994708994709
1 0.6410714285714286 0.9540244708994708 0.025796130952380952 0.03794973544973545
1 0.5785416666666666 0.21350198412698412 0.021664186507936507 0.027916666666666666
1 0.6467460317460317 0.9281977513227513 0.026088789682539682 0.03409722222222222
1 0.6369717261904762 0.823399470899471 0.021793154761904764 0.03380952380952381
1 0.7546155753968254 0.4353670634920635 0.020624999999999998 0.026541005291005292
1 0.46976686507936505 0.11159060846560846 0.014556051587301586 0.022976190476190476
1 0.45329861111111114 0.10691137566137567 0.01453373015873016 0.01780753968253968
1 0.27500744047619047 0.268343253968254 0.01642113095238095 0.025340608465608466
1 0.21680059523809522 0.25988425925925923 0.016711309523809524 0.02003968253968254
1 0.08525545634920635 0.43774801587301587 0.013697916666666666 0.014388227513227513
1 0.24494791666666665 0.39744378306878303 0.015917658730158733 0.020661375661375662
2 0.13170386904761905 0.6266269841269841 0.01548611111111111 0.013852513227513227
1 0.06612847222222222 0.6524537037037037 0.02042906746031746 0.022017195767195765
1 0.07737351190476191 0.6445072751322751 0.01359375 0.016547619047619047
1 0.09683531746031745 0.6572156084656084 0.0166765873015873 0.020181878306878308
1 0.16153025793650794 0.6252149470899471 0.01631696428571429 0.02255952380952381
1 0.15462549603174605 0.6370469576719577 0.013464781746031745 0.018544973544973545
1 0.1661111111111111 0.5857208994708994 0.017192460317460315 0.02122685185185185
1 0.23416914682539683 0.6700496031746032 0.014288194444444444 0.019193121693121692
1 0.20500248015873018 0.7147883597883598 0.01560763888888889 0.019480820105820106
1 0.19286210317460317 0.6987466931216932 0.01554563492063492 0.01738425925925926
1 0.2025545634920635 0.6710648148148148 0.014087301587301586 0.018918650793650793
1 0.7436259920634921 0.18172949735449734 0.025307539682539685 0.03365410052910053
1 0.7339980158730158 0.16918981481481482 0.018293650793650796 0.01857142857142857
1 0.07020585317460318 0.4018882275132275 0.008973214285714286 0.010330687830687831
1 0.0770610119047619 0.40222883597883596 0.007301587301587302 0.007939814814814814
1 0.06320436507936508 0.42897156084656085 0.008236607142857143 0.009140211640211641
1 0.058015873015873014 0.4558664021164021 0.007085813492063492 0.008333333333333333
1 0.09418402777777778 0.47778108465608465 0.009067460317460318 0.010641534391534391
1 0.09977430555555557 0.4802149470899471 0.008137400793650794 0.0108994708994709
1 0.05697420634920635 0.48136904761904764 0.007886904761904762 0.008594576719576719
1 0.6082564484126983 0.9567261904761905 0.026302083333333334 0.03681547619047619
1 0.5718948412698412 0.7568518518518518 0.019330357142857142 0.02771494708994709
1 0.5181820436507937 0.7903637566137566 0.019739583333333335 0.027549603174603175
1 0.5291443452380953 0.7243452380952381 0.02338045634920635 0.03379960317460317