1 0.6805034722222222 0.4509722222222222 0.027470238095238096 0.03458994708994709
1 0.2733482142857143 0.45265542328042324 0.023588789682539683 0.03033399470899471
1 0.4923189484126984 0.28383928571428574 0.021354166666666664 0.029199735449735448
1 0.6006944444444444 0.5088458994708994 0.024312996031746033 0.033237433862433864
1 0.4407366071428571 0.19183201058201058 0.023586309523809523 0.032199074074074074
1 0.5066220238095238 0.3976388888888889 0.020213293650793652 0.027999338624338625
1 0.6700570436507937 0.5783399470899471 0.024947916666666667 0.03322751322751323
1 0.5104563492063492 0.4292096560846561 0.02338541666666667 0.030482804232804236
1 0.198640873015873 0.5499537037037037 0.02335813492063492 0.03336640211640212
1 0.19284474206349206 0.7348280423280423 0.018916170634920633 0.022589285714285715
1 0.30071924603174605 0.6149437830687831 0.019188988095238096 0.023488756613756614
1 0.269484126984127 0.5159391534391534 0.021887400793650792 0.0247255291005291
1 0.52734375 0.41061838624338626 0.021257440476190475 0.02796626984126984
1 0.49377728174603175 0.1247883597883598 0.02302579365079365 0.029652777777777778
1 0.5911904761904762 0.5833201058201058 0.021932043650793653 0.026630291005291004
1 0.19097966269841268 0.9015310846560847 0.021547619047619048 0.02558531746031746
1 0.714578373015873 0.44806216931216936 0.019129464285714284 0.03054563492063492
1 0.28385912698412696 0.4937797619047619 0.019097222222222224 0.027278439153439152
1 0.6308382936507937 0.7857010582010582 0.020830853174603172 0.02537037037037037
1 0.4786656746031746 0.37655092592592593 0.020709325396825396 0.02708664021164021
1 0.2715749007936508 0.7229927248677248 0.02035714285714286 0.025572089947089947
1 0.3350049603174603 0.31238095238095237 0.014196428571428572 0.018035714285714287
1 0.6234275793650793 0.5151025132275132 0.02164186507936508 0.023396164021164022
1 0.520548115079365 0.22034722222222222 0.01953125 0.026438492063492063
1 0.6894940476190476 0.5118783068783069 0.021143353174603176 0.024689153439153438
1 0.5089161706349206 0.00835978835978836 0.02111359126984127 0.01671957671957672
2 0.2689409722222222 0.9237301587301587 0.015059523809523809 0.01923611111111111
1 0.3196875 0.4369708994708995 0.024312996031746033 0.0250760582010582
1 0.48095486111111113 0.7979464285714285 0.01997767857142857 0.02504298941798942
1 0.33875744047619044 0.19048280423280423 0.014848710317460316 0.0215244708994709
1 0.29977430555555556 0.5704199735449735 0.02111607142857143 0.026924603174603174
1 0.5595659722222223 0.3411607142857143 0.023010912698412697 0.03215608465608465
1 0.3083110119047619 0.7436871693121693 0.01572420634920635 0.019771825396825395
1 0.34782738095238097 0.5284358465608465 0.017874503968253967 0.024669312169312167
1 0.46685019841269837 0.3621693121693122 0.021493055555555553 0.02691468253968254
1 0.5823015873015873 0.4246560846560847 0.024965277777777777 0.03513558201058201
1 0.5717534722222222 0.1839914021164021 0.022792658730158732 0.02696759259259259
1 0.3737921626984127 0.19406415343915345 0.015285218253968254 0.019675925925925927
1 0.6096999007936508 0.5856150793650794 0.020597718253968254 0.02761904761904762
1 0.5070758928571428 0.2577777777777778 0.02046626984126984 0.025343915343915346
1 0.3007713293650794 0.4653505291005291 0.02080109126984127 0.029054232804232805
1 0.1982465277777778 0.42543650793650795 0.022313988095238095 0.028736772486772488
1 0.4482862103174603 0.07123015873015873 0.01728422619047619 0.025138888888888888
1 0.6223834325396825 0.21788359788359787 0.019799107142857143 0.028492063492063492
1 0.8200496031746032 0.4070667989417989 0.019169146825396825 0.02304563492063492
1 0.8510044642857143 0.39512235449735444 0.01382688492063492 0.018435846560846562
1 0.8095213293650793 0.33290013227513227 0.011312003968253968 0.016342592592592593
1 0.8448759920634921 0.4793452380952381 0.015399305555555557 0.020112433862433863
1 0.8189484126984127 0.5459656084656085 0.013199404761904761 0.01759920634920635
1 0.81109375 0.559375 0.015711805555555555 0.01927579365079365
1 0.8544593253968253 0.596875 0.015084325396825396 0.019692460317460317
1 0.8678149801587302 0.6073511904761905 0.01414186507936508 0.018015873015873016
1 0.8484895833333334 0.6381481481481481 0.015084325396825396 0.018435846560846562
1 0.777624007936508 0.6509259259259259 0.01414186507936508 0.01885582010582011
1 0.7663120039682539 0.6215972222222222 0.015399305555555557 0.019692460317460317
1 0.7842237103174603 0.5975033068783069 0.01414186507936508 0.01927579365079365
1 0.7191741071428571 0.5658068783068783 0.021684027777777778 0.03226190476190476
1 0.6951339285714286 0.5872387566137566 0.021369047619047617 0.025558862433862437
1 0.690890376984127 0.657420634920635 0.016026785714285716 0.023465608465608464
1 0.7573561507936507 0.8080555555555555 0.021999007936507938 0.028912037037037038
1 0.7975793650793651 0.807635582010582 0.016969246031746033 0.02304563492063492
1 0.8326190476190476 0.8489087301587301 0.012884424603174604 0.01759920634920635
1 0.8833779761904762 0.8123280423280423 0.012626488095238095 0.016474867724867726
1 0.8741121031746032 0.8166236772486772 0.011820436507936507 0.017192460317460318
1 0.8645758928571428 0.8180588624338624 0.011550099206349206 0.017910052910052907
1 0.8716939484126984 0.7931646825396826 0.010744047619047618 0.016117724867724868
1 0.8735739087301587 0.7036243386243387 0.00967013888888889 0.013250661375661376
1 0.9039285714285714 0.6201686507936508 0.00967013888888889 0.011104497354497355
1 0.3003249007936508 0.20057539682539682 0.014506448412698414 0.02005621693121693
1 0.2874305555555556 0.19126322751322752 0.010208333333333333 0.01289351851851852
1 0.499109623015873 0.4020436507936508 0.01880456349206349 0.02614748677248677
1 0.49789930555555556 0.3119642857142857 0.02283234126984127 0.027936507936507936
1 0.45693452380952376 0.28259589947089947 0.01880456349206349 0.023637566137566138
1 0.4351760912698413 0.3418716931216931 0.016118551587301588 0.020416666666666666
1 0.41569940476190476 0.4092096560846561 0.016924603174603172 0.023998015873015872
1 0.3981051587301587 0.4124305555555556 0.017192460317460315 0.021130952380952382
1 0.3797048611111111 0.34348544973544975 0.016386408730158727 0.02507275132275132
1 0.5966195436507937 0.4505753968253968 0.023102678571428573 0.03295304232804233
1 0.6512847222222222 0.44144179894179897 0.023370535714285715 0.02829695767195767
1 0.6700892857142857 0.51182208994709 0.019072420634920637 0.028654100529100533
1 0.7324107142857142 0.5121825396825397 0.019072420634920637 0.02578703703703704
1 0.7179042658730159 0.49749669312169315 0.02175843253968254 0.02507275132275132
1 0.7345610119047619 0.48442460317460323 0.01316220238095238 0.01826719576719577
1 0.7634375 0.5351058201058201 0.013968253968253968 0.02005621693121693
1 0.8048065476190476 0.9015112433862434 0.016654265873015873 0.022923280423280422
1 0.8005084325396825 0.9812037037037037 0.017728174603174603 0.02686177248677249
1 0.7827777777777778 0.9795932539682539 0.01934027777777778 0.02650462962962963
1 0.7583333333333333 0.8859325396825397 0.01934027777777778 0.02686177248677249
1 0.7113244047619047 0.8289814814814815 0.023102678571428573 0.030443121693121696
1 0.6456448412698412 0.7885085978835978 0.015848214285714285 0.019699074074074074
1 0.6254985119047619 0.9683101851851852 0.02122271825396825 0.03187830687830688
1 0.6132738095238095 0.9530886243386243 0.01826636904761905 0.023637566137566138
1 0.5975595238095238 0.9649074074074074 0.02175843253968254 0.032235449735449735
1 0.5210019841269841 0.9890806878306878 0.01961061507936508 0.021841931216931215
1 0.49628720238095236 0.8119675925925925 0.016386408730158727 0.02507275132275132
1 0.5212698412698413 0.8028373015873016 0.01746031746031746 0.02471230158730159
1 0.5089136904761905 0.8037301587301587 0.01423611111111111 0.022205687830687833
1 0.49709325396825393 0.8202083333333333 0.015848214285714285 0.018624338624338623
1 0.5063616071428572 0.7344246031746032 0.01826636904761905 0.02614748677248677
1 0.5850694444444444 0.8225363756613756 0.015580357142857142 0.02184854497354497
1 0.4954811507936508 0.5999338624338625 0.013700396825396826 0.017192460317460318
1 0.4543824404761905 0.5041236772486772 0.015848214285714285 0.01898148148148148
1 0.2670138888888889 0.6273313492063491 0.017192460317460315 0.023280423280423283
1 0.2470014880952381 0.6224966931216931 0.02122271825396825 0.02650462962962963
1 0.209796626984127 0.8859325396825397 0.017728174603174603 0.02614748677248677
1 0.2196031746031746 0.9050925925925926 0.020146329365079367 0.023637566137566138
1 0.2366592261904762 0.893991402116402 0.017728174603174603 0.023637566137566138
1 0.21087301587301588 0.9274801587301587 0.01880456349206349 0.02184854497354497
1 0.31761904761904763 0.7799140211640212 0.017524801587301585 0.023280423280423283
1 0.13928323412698412 0.5567724867724868 0.016386408730158727 0.017549603174603176
1 0.0530530753968254 0.5791600529100529 0.02122271825396825 0.020773809523809524
1 0.032772817460317454 0.7729298941798942 0.016654265873015873 0.02005621693121693
1 0.18521825396825395 0.5972453703703704 0.014774305555555556 0.017549603174603176
1 0.19784474206349206 0.6228571428571429 0.015848214285714285 0.022923280423280422
1 0.22833333333333333 0.527582671957672 0.019878472222222224 0.02578703703703704
1 0.2445858134920635 0.5526554232804233 0.01746031746031746 0.02650462962962963
1 0.17017609126984126 0.3990013227513227 0.01423611111111111 0.02005621693121693
1 0.16493799603174603 0.40813492063492063 0.015042162698412699 0.020416666666666666
1 0.22618303571428572 0.31268187830687827 0.01934027777777778 0.02435515873015873
1 0.2488814484126984 0.34348544973544975 0.020146329365079367 0.02435515873015873
1 0.2299454365079365 0.34079695767195767 0.016118551587301588 0.020416666666666666
1 0.20838293650793652 0.3444345238095238 0.018598710317460316 0.028167989417989422
1 0.3445486111111111 0.3505588624338624 0.019057539682539683 0.025105820105820107
1 0.3543080357142857 0.3580588624338624 0.013318452380952382 0.022351190476190476
1 0.30448164682539686 0.4202116402116402 0.018370535714285714 0.02541005291005291
1 0.32434275793650796 0.41546626984126983 0.019057539682539683 0.02020833333333333
1 0.26050843253968253 0.5402281746031746 0.019518849206349206 0.02663690476190476
1 0.2770411706349206 0.547880291005291 0.015843253968253968 0.021124338624338625
1 0.24431795634920636 0.6498346560846561 0.019288194444444445 0.024186507936507937
1 0.3086135912698412 0.6417195767195767 0.01974702380952381 0.024494047619047617
1 0.2897842261904762 0.6729497354497355 0.015615079365079365 0.01898148148148148
1 0.08381200396825397 0.8618518518518518 0.01240079365079365 0.018369708994708994
1 0.09598214285714286 0.8690476190476191 0.013318452380952382 0.013776455026455026
1 0.11309027777777778 0.8646097883597883 0.014007936507936507 0.016534391534391533
1 0.06796875000000001 0.8111838624338624 0.01240079365079365 0.01806216931216931
2 0.3359077380952381 0.8003042328042328 0.008472222222222221 0.011296296296296296
2 0.34162698412698417 0.7280125661375663 0.008896329365079364 0.010165343915343916
1 0.424389880952381 0.33551256613756614 0.015128968253968254 0.01764880952380952
1 0.44843253968253965 0.37369378306878304 0.014047619047619048 0.022691798941798944
1 0.6340178571428572 0.9861871693121693 0.02053075396825397 0.023052248677248675
1 0.8857862103174603 0.8927215608465608 0.012966269841269841 0.01764880952380952
1 0.8836259920634921 0.8828141534391535 0.012966269841269841 0.015128968253968254
1 0.864717261904762 0.8485978835978836 0.01134672619047619 0.014408068783068783
1 0.578298611111111 0.6179993386243386 0.01755952380952381 0.022969576719576716
1 0.5960218253968254 0.6009920634920636 0.019878472222222224 0.021646825396825393
1 0.5493080357142857 0.6407506613756614 0.01590277777777778 0.021646825396825393
1 0.5544444444444444 0.6813888888888889 0.012259424603174604 0.0198776455026455
1 0.3412475198412699 0.15196097883597884 0.012589285714285714 0.016785714285714286
1 0.029913194444444444 0.6645271164021164 0.0165625 0.020281084656084657