1 0.14779513888888887 0.8961507936507936 0.026805555555555555 0.040876322751322754
1 0.19079613095238093 0.9849371693121692 0.027336309523809523 0.0301223544973545
1 0.38649801587301585 0.30407407407407405 0.01548859126984127 0.017159391534391534
1 0.14804315476190474 0.36572751322751323 0.020436507936507937 0.022999338624338624
1 0.9919816468253968 0.2642096560846561 0.006711309523809524 0.007357804232804232
1 0.9446974206349207 0.25834325396825397 0.006711309523809524 0.00875
1 0.9378373015873016 0.2607308201058201 0.0052207341269841275 0.00636574074074074
1 0.962373511904762 0.26977843915343913 0.005967261904761904 0.007357804232804232
1 0.9642385912698412 0.2254298941798942 0.006116071428571428 0.006960978835978836
1 0.9901909722222222 0.20872354497354495 0.0064136904761904765 0.0077546296296296295
1 0.9978918650793651 0.19261243386243387 0.004216269841269841 0.007357804232804232
1 0.9987872023809524 0.2141931216931217 0.002425595238095238 0.011137566137566137
1 0.9824355158730158 0.24034391534391533 0.006116071428571428 0.007357804232804232
1 0.9664756944444445 0.2079265873015873 0.00701140873015873 0.008154761904761904
1 0.9903397817460318 0.34575066137566135 0.005815972222222222 0.0077546296296296295
1 0.9904885912698413 0.3558928571428572 0.007309027777777777 0.0077546296296296295
1 0.971470734126984 0.35400462962962964 0.006860119047619048 0.007556216931216932
1 0.9578993055555556 0.359375 0.006562500000000001 0.005965608465608466
1 0.967594246031746 0.37538359788359793 0.005369543650793651 0.006164021164021164
1 0.9518576388888889 0.3597718253968254 0.004027777777777778 0.00636574074074074
1 0.948201884920635 0.3627546296296296 0.004474206349206349 0.0055687830687830685
1 0.9967534722222222 0.2675925925925926 0.005518353174603175 0.008154761904761904
1 0.9891468253968253 0.2709722222222222 0.00701140873015873 0.006164021164021164
1 0.9722916666666667 0.22294312169312167 0.00701140873015873 0.0067625661375661375
1 0.9847470238095238 0.20862433862433863 0.005667162698412699 0.00875
1 0.9679662698412699 0.41535714285714287 0.006116071428571428 0.006960978835978836
1 0.9793030753968255 0.38562500000000005 0.006116071428571428 0.007556216931216932
1 0.984672619047619 0.3884093915343915 0.0052207341269841275 0.007159391534391534
1 0.9936210317460318 0.39666335978835976 0.006711309523809524 0.006960978835978836
1 0.9735590277777777 0.38383597883597886 0.004474206349206349 0.00636574074074074
1 0.9586433531746031 0.36563822751322755 0.006562500000000001 0.006960978835978836
1 0.9448462301587301 0.4607010582010582 0.0052207341269841275 0.00656415343915344
1 0.9405952380952382 0.46985119047619045 0.005369543650793651 0.0077546296296296295
1 0.9467857142857143 0.43753306878306875 0.00492311507936508 0.0055687830687830685
1 0.9725148809523809 0.4343518518518519 0.005071924603174603 0.0067625661375661375
1 0.9972966269841269 0.5094279100529101 0.00540922619047619 0.008154761904761904
1 0.9923536706349206 0.5209623015873016 0.004774305555555556 0.006960978835978836
1 0.6135813492063492 0.6334325396825397 0.029300595238095237 0.037037037037037035
1 0.6388864087301587 0.6367294973544974 0.02130952380952381 0.038558201058201055
1 0.5582167658730158 0.5114120370370371 0.031964285714285716 0.035515873015873015
1 0.5374776785714286 0.5816798941798942 0.026254960317460316 0.03500661375661376
1 0.44691468253968253 0.4556051587301587 0.023211805555555555 0.030439814814814815
1 0.05060515873015873 0.3415740740740741 0.006857638888888889 0.00804563492063492
1 0.05746279761904762 0.3426719576719577 0.00630952380952381 0.00804563492063492
1 0.03771329365079365 0.42239748677248673 0.006857638888888889 0.00804563492063492
1 0.06966765873015872 0.4249570105820106 0.007681051587301587 0.00804563492063492
1 0.011793154761904762 0.42075066137566136 0.006582341269841269 0.006947751322751323
1 0.02578373015873016 0.46317129629629633 0.00603422619047619 0.007678571428571428
1 0.03702876984126984 0.3726587301587302 0.007130456349206349 0.007314814814814815
1 0.03469742063492064 0.36680886243386246 0.006857638888888889 0.005849867724867726
1 0.06171378968253968 0.2887301587301587 0.005486111111111112 0.006947751322751323
1 0.04251488095238095 0.21412367724867726 0.005486111111111112 0.006947751322751323
1 0.015223214285714286 0.31304894179894177 0.006857638888888889 0.007314814814814815
1 0.015771329365079367 0.33883267195767197 0.005210813492063492 0.006947751322751323
1 0.06294890873015874 0.3424867724867725 0.00630952380952381 0.005486111111111111
1 0.0397718253968254 0.4651851851851852 0.005486111111111112 0.006583994708994709
1 0.04635416666666667 0.49206349206349204 0.00603422619047619 0.006216931216931217