1 0.3172172619047619 0.5927116402116401 0.017705853174603176 0.02381283068783069
2 0.7871502976190476 0.29434193121693125 0.012958829365079366 0.015866402116402115
1 0.49050099206349207 0.520922619047619 0.02035218253968254 0.018697089947089948
2 0.45898065476190475 0.4760846560846561 0.012132936507936508 0.015281084656084656
1 0.8719940476190476 0.31296296296296294 0.015168650793650793 0.018227513227513228
1 0.3809821428571428 0.37553571428571425 0.015739087301587303 0.017837301587301586
1 0.33303075396825393 0.5678703703703704 0.016054067460317463 0.0214021164021164
2 0.7150520833333334 0.24020171957671957 0.01375 0.022123015873015874
2 0.7533407738095238 0.23547288359788363 0.015930059523809523 0.020426587301587303
1 0.28664186507936507 0.5687103174603174 0.016081349206349207 0.02132936507936508
2 0.8103100198412698 0.4210582010582011 0.013799603174603174 0.016653439153439153
1 0.28477430555555555 0.7186210317460318 0.019729662698412698 0.023832671957671955
2 0.7021800595238096 0.09264550264550266 0.01632440476190476 0.023409391534391536
1 0.33508680555555553 0.686875 0.016433531746031748 0.017311507936507937
2 0.7310664682539683 0.2671296296296296 0.01569940476190476 0.019576719576719578
2 0.6427356150793652 0.2513822751322751 0.013531746031746032 0.019328703703703706
2 0.8642584325396826 0.3998710317460318 0.012063492063492064 0.013819444444444445
1 0.22177579365079367 0.5883531746031746 0.018995535714285715 0.01951058201058201
2 0.7966319444444444 0.405489417989418 0.014099702380952381 0.016921296296296295
2 0.7475719246031746 0.2979596560846561 0.01365327380952381 0.019699074074074074
2 0.8943849206349206 0.4158002645502646 0.013253968253968254 0.014566798941798942
1 0.39463045634920635 0.37739087301587304 0.013097718253968254 0.017189153439153438
1 0.49599454365079365 0.5218121693121693 0.01673611111111111 0.02181547619047619
2 0.7383680555555555 0.3376521164021164 0.009945436507936509 0.009566798941798942
1 0.6905133928571429 0.6563293650793651 0.015731646825396826 0.0219510582010582
1 0.3285094246031746 0.7631051587301587 0.014895833333333334 0.02156415343915344
2 0.7292063492063492 0.19781415343915346 0.013355654761904763 0.01847883597883598
1 0.6769618055555556 0.656494708994709 0.01500248015873016 0.024537037037037038
1 0.4655406746031746 0.6990542328042328 0.014598214285714286 0.013819444444444445
1 0.3808407738095238 0.623015873015873 0.01316220238095238 0.019143518518518518
1 0.014742063492063492 0.548776455026455 0.015270337301587302 0.018485449735449733
1 0.01042906746031746 0.5778108465608466 0.013596230158730158 0.017827380952380952
1 0.01103670634920635 0.592579365079365 0.013487103174603176 0.013806216931216931
1 0.021512896825396824 0.6070998677248677 0.010927579365079366 0.013710317460317461
1 0.027859623015873015 0.604646164021164 0.00949156746031746 0.01322089947089947
1 0.06809027777777778 0.6728472222222223 0.013802083333333333 0.017156084656084657
1 0.0796701388888889 0.6847189153439154 0.014154265873015872 0.018435846560846562
1 0.08847470238095238 0.6502017195767196 0.014099702380952381 0.01779100529100529
1 0.04662202380952381 0.599593253968254 0.013683035714285715 0.015476190476190475
1 0.039952876984126987 0.5864451058201059 0.013040674603174603 0.014788359788359788
1 0.05282242063492063 0.5837334656084656 0.014536210317460318 0.017754629629629627
1 0.07400545634920634 0.5839186507936508 0.014226190476190476 0.02033068783068783
1 0.04075396825396825 0.5681216931216931 0.013648313492063493 0.016107804232804234
1 0.03530009920634921 0.544755291005291 0.014992559523809524 0.0201521164021164
1 0.0558655753968254 0.5451223544973545 0.015062003968253967 0.020889550264550263
1 0.12234375 0.6156845238095238 0.013249007936507937 0.018958333333333334
1 0.10862847222222223 0.6091468253968254 0.015285218253968254 0.017804232804232805
1 0.11394593253968253 0.5720833333333334 0.01679811507936508 0.02006283068783069
1 0.0871329365079365 0.560026455026455 0.012547123015873017 0.017681878306878306
1 0.06704613095238095 0.5181382275132275 0.01556547619047619 0.019021164021164022
1 0.08125744047619048 0.5116137566137566 0.013960813492063491 0.018333333333333333
1 0.08253472222222222 0.49269510582010584 0.013430059523809523 0.017142857142857144
1 0.12373263888888889 0.4936507936507936 0.013784722222222223 0.018174603174603173
1 0.12307043650793652 0.47418650793650796 0.012460317460317461 0.0178505291005291
1 0.09338045634920634 0.4675992063492063 0.014883432539682539 0.01728505291005291
1 0.08627728174603175 0.4593683862433863 0.01330109126984127 0.01804563492063492
1 0.09838293650793652 0.43894510582010576 0.014476686507936508 0.019143518518518518
1 0.1122172619047619 0.442010582010582 0.014298115079365079 0.02086309523809524
1 0.12695188492063492 0.4481216931216931 0.013968253968253968 0.018951719576719577
1 0.07167410714285714 0.4359027777777778 0.013777281746031746 0.01835978835978836
1 0.056604662698412696 0.41476851851851854 0.014885912698412699 0.018918650793650793
1 0.06459077380952381 0.44236772486772485 0.013633432539682539 0.01671626984126984
1 0.14767857142857144 0.308181216931217 0.012805059523809524 0.015466269841269841
1 0.1583407738095238 0.30919973544973545 0.011460813492063493 0.014411375661375661
1 0.16793154761904763 0.36422288359788363 0.012028769841269842 0.016729497354497355
1 0.1770386904761905 0.3633763227513227 0.011703869047619046 0.015476190476190475
1 0.11818204365079364 0.3951521164021164 0.013194444444444444 0.018538359788359788
1 0.13895337301587302 0.6210416666666666 0.014764384920634921 0.01951719576719577
1 0.13711309523809526 0.6595800264550264 0.014300595238095237 0.019966931216931216
1 0.15883928571428574 0.7211574074074075 0.01304811507936508 0.01576058201058201
1 0.16912450396825396 0.7181911375661375 0.010094246031746032 0.013356481481481481
1 0.16055059523809526 0.7146825396825396 0.01183531746031746 0.012523148148148148
1 0.15560267857142857 0.7448544973544974 0.01064484126984127 0.015472883597883598
1 0.1441592261904762 0.7352876984126985 0.008360615079365079 0.010565476190476191
1 0.269265873015873 0.7430257936507936 0.016669146825396823 0.019761904761904762
1 0.3067559523809524 0.7711044973544974 0.01416170634920635 0.018075396825396824
1 0.311108630952381 0.8182638888888888 0.01613095238095238 0.022867063492063494
1 0.3231125992063492 0.8256613756613758 0.01339781746031746 0.020340608465608465
1 0.3420610119047619 0.849156746031746 0.012256944444444445 0.017880291005291007
1 0.28740575396825396 0.8031216931216931 0.013541666666666667 0.01720899470899471
1 0.3498735119047619 0.7560449735449736 0.01583829365079365 0.021514550264550264
1 0.4372321428571429 0.8271527777777777 0.01232390873015873 0.02156084656084656
1 0.4198586309523809 0.8754199735449736 0.013625992063492062 0.018746693121693123
1 0.47805803571428573 0.7867691798941799 0.015446428571428571 0.024236111111111115
1 0.5241021825396825 0.8012037037037038 0.01078125 0.016461640211640212
1 0.5461681547619048 0.8250231481481481 0.01334077380952381 0.020833333333333332
1 0.5547569444444445 0.7670568783068783 0.014704861111111111 0.021461640211640213
1 0.4896825396825397 0.7177116402116402 0.014050099206349207 0.022999338624338624
1 0.48169890873015875 0.7150496031746032 0.01369047619047619 0.021944444444444444
1 0.44224950396825397 0.7312764550264551 0.015203373015873016 0.021871693121693122
1 0.3716592261904762 0.6868650793650793 0.013330853174603174 0.01958994708994709
1 0.34401041666666665 0.6707605820105821 0.014320436507936508 0.021378968253968254
1 0.38912698412698415 0.6234589947089947 0.013159722222222222 0.02169973544973545
1 0.4971999007936508 0.6434126984126984 0.016215277777777776 0.022757936507936505
1 0.5122842261904762 0.6626223544973545 0.016532738095238093 0.024083994708994708
1 0.5048065476190476 0.683693783068783 0.017187499999999998 0.02119378306878307
1 0.46774553571428573 0.6181150793650794 0.01592013888888889 0.02160714285714286
1 0.4430208333333333 0.6296064814814815 0.01349454365079365 0.02119378306878307
1 0.41744047619047614 0.5531944444444444 0.012261904761904762 0.018488756613756614
1 0.4669915674603175 0.5474404761904762 0.014729662698412698 0.020671296296296295
1 0.46308035714285717 0.5754199735449735 0.014270833333333333 0.01966931216931217
1 0.5049032738095238 0.5516600529100529 0.015396825396825397 0.022046957671957673
1 0.523797123015873 0.5659126984126984 0.014665178571428572 0.020525793650793652
1 0.4532564484126984 0.5371296296296296 0.014429563492063492 0.019914021164021165
1 0.4687202380952381 0.5301884920634921 0.014288194444444444 0.01809854497354497
2 0.4657762896825397 0.47291666666666665 0.009873511904761906 0.012913359788359788
1 0.44253224206349207 0.4785978835978836 0.010863095238095238 0.012347883597883599
1 0.45041666666666663 0.4555390211640212 0.010791170634920634 0.014798280423280423
1 0.45052579365079365 0.46775462962962966 0.009908234126984128 0.01539021164021164
1 0.4402232142857143 0.4629695767195767 0.01253720238095238 0.014652777777777778
1 0.3774355158730159 0.48811507936507936 0.009722222222222222 0.012843915343915345
1 0.3734176587301587 0.5688558201058201 0.014449404761904762 0.01978835978835979
1 0.36419890873015875 0.5684160052910053 0.012078373015873016 0.020671296296296295
1 0.3088343253968254 0.5870337301587302 0.014675099206349207 0.021706349206349205
1 0.27547867063492065 0.5681712962962964 0.010218253968253968 0.015327380952380953
1 0.24883432539682537 0.6092625661375661 0.01595486111111111 0.022450396825396825
1 0.21985367063492064 0.6278174603174603 0.015265376984126984 0.021147486772486773
1 0.2104141865079365 0.6133068783068784 0.016855158730158727 0.021706349206349205
1 0.19867063492063491 0.6519378306878307 0.011934523809523808 0.014639550264550265
1 0.18982886904761903 0.644348544973545 0.01310267857142857 0.01755952380952381
1 0.13604910714285715 0.6892030423280423 0.012502480158730157 0.016755952380952382
1 0.23441468253968253 0.4285879629629629 0.01263392857142857 0.017857142857142856
1 0.2722544642857143 0.3991005291005291 0.01800843253968254 0.02138558201058201
1 0.2837797619047619 0.4121626984126984 0.010930059523809524 0.016355820105820106
1 0.26799603174603176 0.4588062169312169 0.014350198412698413 0.019573412698412698
1 0.26759176587301586 0.475869708994709 0.013172123015873016 0.015380291005291005
1 0.24628720238095236 0.4797949735449736 0.013616071428571429 0.01783399470899471
1 0.31331349206349207 0.4581944444444444 0.015317460317460316 0.02128968253968254
1 0.32405753968253964 0.4690972222222222 0.016473214285714285 0.02205357142857143
1 0.24827132936507937 0.3590939153439154 0.01406001984126984 0.019715608465608464
1 0.24059027777777778 0.3715674603174603 0.01197172619047619 0.016848544973544974
1 0.23094494047619046 0.3240112433862434 0.011297123015873016 0.015783730158730157
1 0.21422123015873015 0.3488756613756614 0.010962301587301588 0.015615079365079365
1 0.3264087301587301 0.32069444444444445 0.01607390873015873 0.022390873015873013
1 0.33031994047619045 0.29205687830687826 0.013271329365079364 0.014371693121693122
1 0.32670386904761906 0.2829431216931217 0.014982638888888887 0.02033068783068783
1 0.3397941468253968 0.2893452380952381 0.016713789682539684 0.019302248677248675
1 0.34052083333333333 0.2664318783068783 0.01678323412698413 0.022926587301587302
1 0.36815972222222226 0.2887797619047619 0.014112103174603175 0.019937169312169312
1 0.40244047619047624 0.3026521164021164 0.015451388888888888 0.021633597883597883
1 0.3806522817460317 0.27268849206349205 0.01455109126984127 0.022192460317460316
1 0.4708085317460317 0.31366732804232805 0.013717757936507938 0.019818121693121693
1 0.4719568452380953 0.3842030423280423 0.013405257936507936 0.018273809523809522
1 0.4394444444444444 0.4240013227513228 0.011875 0.016630291005291006
1 0.44359126984126984 0.34154431216931214 0.00900545634920635 0.012873677248677249
1 0.4562400793650794 0.34833994708994714 0.010404265873015874 0.014986772486772488
1 0.448484623015873 0.3477149470899471 0.009518849206349206 0.013293650793650795
1 0.48271329365079363 0.2850462962962963 0.014079861111111112 0.017764550264550264
1 0.4920386904761905 0.26599537037037035 0.012517361111111111 0.01808201058201058
1 0.5024801587301587 0.26679232804232805 0.011304563492063492 0.017466931216931218
1 0.5165798611111111 0.24879960317460317 0.015225694444444444 0.01812830687830688
1 0.5162400793650793 0.2663888888888889 0.014913194444444446 0.015333994708994709
1 0.5302951388888889 0.27685185185185185 0.01359126984126984 0.0199239417989418
1 0.5153397817460317 0.29842592592592593 0.009432043650793651 0.014064153439153439
1 0.5419394841269841 0.20566137566137566 0.011316964285714286 0.017063492063492065
1 0.5579885912698412 0.21021164021164018 0.011956845238095239 0.017777777777777778
1 0.5668005952380952 0.17892195767195765 0.012361111111111113 0.016570767195767194
1 0.5449925595238095 0.13686177248677248 0.011463293650793651 0.01678240740740741
1 0.6804687500000001 0.1371362433862434 0.01197172619047619 0.018214285714285714
1 0.6840376984126985 0.11548611111111112 0.012120535714285714 0.016861772486772487
1 0.6993625992063491 0.12354497354497355 0.009290674603174603 0.018409391534391535
2 0.688296130952381 0.0897089947089947 0.012953869047619047 0.018535052910052908
2 0.663655753968254 0.06750661375661375 0.012817460317460318 0.020248015873015873
2 0.6270858134920635 0.20927910052910054 0.014283234126984129 0.02033068783068783
2 0.866812996031746 0.39105489417989414 0.012157738095238096 0.01343915343915344
1 0.903608630952381 0.39766865079365077 0.011750992063492064 0.014745370370370372
1 0.8999379960317461 0.3812202380952381 0.011401289682539683 0.015747354497354496
1 0.899625496031746 0.3603571428571429 0.010776289682539682 0.014295634920634919
1 0.8140625 0.21054232804232803 0.01095734126984127 0.015056216931216932
1 0.7872867063492064 0.21602513227513226 0.01185515873015873 0.012923280423280423
1 0.7978472222222223 0.17960978835978836 0.009060019841269841 0.013627645502645502
1 0.7650892857142858 0.2532208994708995 0.014598214285714286 0.019021164021164022
1 0.7315897817460317 0.35976851851851854 0.00841765873015873 0.014887566137566139
1 0.7243030753968254 0.358151455026455 0.009464285714285713 0.013707010582010582
1 0.7431423611111111 0.3767460317460317 0.009816468253968253 0.015281084656084656
1 0.7309325396825397 0.38624669312169313 0.01080109126984127 0.014414682539682542
1 0.7223511904761905 0.3814252645502646 0.00920138888888889 0.012278439153439154
1 0.7328373015873016 0.4191898148148149 0.008898809523809524 0.013627645502645502
1 0.7345560515873016 0.40475198412698415 0.00976438492063492 0.012569444444444444
1 0.7247891865079364 0.40112103174603175 0.009771825396825397 0.011491402116402117
1 0.8521428571428572 0.46761243386243384 0.011364087301587302 0.01599206349206349
1 0.8598511904761905 0.5047189153439153 0.009856150793650794 0.017347883597883598
1 0.8426413690476191 0.5194609788359789 0.01222718253968254 0.019755291005291005
1 0.8468998015873015 0.5460714285714285 0.013239087301587302 0.02013558201058201
1 0.8365426587301588 0.5464252645502646 0.010419146825396824 0.015988756613756615
1 0.8171453373015873 0.5433597883597884 0.014799107142857143 0.01868716931216931
1 0.79921875 0.5311541005291005 0.013893849206349207 0.01856150793650794
1 0.7838616071428572 0.5432473544973545 0.013675595238095238 0.021554232804232805
1 0.8051736111111111 0.5563227513227513 0.01556795634920635 0.019444444444444445
1 0.8209399801587302 0.5662830687830688 0.014494047619047618 0.018664021164021164
1 0.830625 0.5775066137566138 0.013998015873015872 0.020750661375661377
1 0.8641815476190476 0.6004761904761905 0.011128472222222222 0.01767857142857143
1 0.8690848214285715 0.6484358465608465 0.016887400793650795 0.02529100529100529
1 0.8994469246031747 0.7542427248677248 0.01267609126984127 0.016583994708994708
1 0.8863938492063492 0.7443187830687831 0.013430059523809523 0.01925925925925926
1 0.8915178571428571 0.7274900793650793 0.013742559523809523 0.015625
1 0.8912524801587302 0.7109556878306877 0.013943452380952381 0.018759920634920633
1 0.8464136904761904 0.677311507936508 0.01255952380952381 0.020790343915343915
1 0.8167063492063492 0.6381878306878307 0.015012400793650795 0.023346560846560845
1 0.7978695436507937 0.6556415343915344 0.015597718253968254 0.01984126984126984
1 0.8147767857142857 0.6822222222222222 0.012251984126984127 0.01869047619047619
1 0.8268253968253969 0.6966236772486772 0.013541666666666667 0.018349867724867727
1 0.8176438492063491 0.7002645502645503 0.014017857142857144 0.01989748677248677
1 0.8226512896825396 0.6409523809523809 0.011145833333333332 0.01871693121693122
1 0.7637202380952381 0.5282109788359788 0.013363095238095238 0.01929563492063492
1 0.7109449404761905 0.6284160052910053 0.015592757936507936 0.020575396825396827
1 0.7407390873015872 0.7073015873015873 0.017271825396825397 0.023373015873015875
1 0.7180753968253969 0.7022982804232805 0.017194940476190475 0.024060846560846564
1 0.7071825396825397 0.7107969576719576 0.015625 0.023743386243386243
1 0.6968179563492064 0.6914550264550264 0.015756448412698413 0.021703042328042328
1 0.7190674603174604 0.7566104497354497 0.014030257936507936 0.017986111111111112
1 0.701500496031746 0.7902810846560846 0.011636904761904762 0.01934193121693122
1 0.6836929563492063 0.5986970899470899 0.014799107142857143 0.019424603174603174
1 0.668874007936508 0.5712103174603175 0.014962797619047619 0.02140542328042328
1 0.671312003968254 0.5531779100529101 0.015054563492063492 0.01625
1 0.6729861111111111 0.5252546296296295 0.01601438492063492 0.022658730158730156
1 0.6614781746031746 0.5126223544973545 0.016197916666666666 0.019467592592592592
1 0.660374503968254 0.529156746031746 0.01472718253968254 0.020744047619047617
1 0.6724950396825397 0.45317460317460323 0.015004960317460318 0.02111441798941799
1 0.6581919642857142 0.47157407407407403 0.011026785714285715 0.013756613756613757
1 0.6730381944444445 0.3852414021164021 0.008288690476190477 0.013290343915343915
1 0.6292088293650793 0.3542030423280423 0.01283234126984127 0.016554232804232804
1 0.611686507936508 0.33474867724867724 0.01310763888888889 0.019150132275132275
1 0.6623040674603174 0.31755291005291003 0.011215277777777777 0.015228174603174603
1 0.6735987103174603 0.2834325396825397 0.014456845238095237 0.022490079365079366
1 0.6354042658730158 0.08650462962962963 0.010376984126984129 0.017622354497354498
1 0.5392881944444444 0.3390641534391534 0.01451388888888889 0.019837962962962963
1 0.5696279761904761 0.39173941798941797 0.012782738095238095 0.020988756613756612
1 0.5976066468253969 0.4214484126984127 0.012455357142857143 0.01947420634920635
1 0.5608333333333334 0.39946759259259257 0.01400297619047619 0.018783068783068783
1 0.5534846230158731 0.40740410052910053 0.012881944444444444 0.020082671957671955
1 0.5307093253968255 0.421140873015873 0.008159722222222223 0.012235449735449735
1 0.5244270833333333 0.4156845238095238 0.0077157738095238095 0.012357804232804232
1 0.5123214285714285 0.407390873015873 0.008841765873015873 0.010340608465608466
1 0.49645585317460317 0.4920304232804233 0.009114583333333334 0.01581679894179894
1 0.614920634920635 0.6449272486772487 0.012266865079365079 0.0169510582010582
1 0.642219742063492 0.6148148148148148 0.011314484126984126 0.01633267195767196
1 0.6234722222222222 0.5326488095238096 0.007745535714285714 0.01183531746031746
1 0.606545138888889 0.4304431216931217 0.013125000000000001 0.01626984126984127
1 0.8210243055555555 0.7773842592592592 0.017859623015873016 0.02533730158730159
1 0.7955828373015873 0.8031646825396825 0.015538194444444445 0.020386904761904762
1 0.8201587301587302 0.8231944444444445 0.012083333333333333 0.01761574074074074
1 0.7876909722222222 0.8306911375661377 0.01410218253968254 0.019801587301587303
1 0.6641765873015874 0.5818253968253968 0.012398313492063492 0.016583994708994708
1 0.7909573412698412 0.4336011904761905 0.010647321428571428 0.014636243386243386
2 0.7779811507936508 0.418207671957672 0.009015376984126985 0.012549603174603175
2 0.8349330357142857 0.3714451058201058 0.0116765873015873 0.0166005291005291
2 0.8426587301587302 0.35408730158730156 0.012780257936507937 0.015003306878306878
2 0.673139880952381 0.30703373015873014 0.011731150793650794 0.015380291005291005
2 0.8368998015873016 0.25236772486772485 0.011713789682539682 0.01378637566137566
1 0.7180183531746033 0.1806547619047619 0.014362599206349205 0.020479497354497354
1 0.8885416666666667 0.294973544973545 0.012413194444444444 0.01775132275132275
1 0.9005902777777778 0.29791666666666666 0.011495535714285715 0.014808201058201059
1 0.9130530753968253 0.3472619047619047 0.011403769841269841 0.013273809523809525
1 0.8829761904761905 0.3587070105820106 0.011227678571428572 0.01541005291005291
1 0.8847519841269842 0.36221230158730156 0.010719246031746031 0.011828703703703704
1 0.8802256944444445 0.35077050264550264 0.011944444444444443 0.014107142857142856
1 0.878375496031746 0.34177910052910054 0.011964285714285715 0.01246031746031746
1 0.8907936507936508 0.35313822751322754 0.009561011904761904 0.011335978835978837
1 0.8256919642857143 0.3558399470899471 0.008918650793650795 0.012328042328042329
1 0.881795634920635 0.6714748677248678 0.01548859126984127 0.019226190476190477
1 0.9817981150793651 0.5759589947089947 0.005104166666666667 0.008002645502645503
1 0.9770238095238095 0.5833300264550264 0.006619543650793651 0.007751322751322752
1 0.9954340277777778 0.6009986772486773 0.005213293650793651 0.007556216931216932
1 0.9864756944444444 0.6075297619047619 0.005768849206349206 0.007900132275132275
1 0.9265823412698413 0.5692757936507936 0.005751488095238096 0.007347883597883597
1 0.9206473214285714 0.573994708994709 0.005848214285714286 0.007331349206349207
1 0.9030505952380952 0.5655787037037037 0.007085813492063492 0.007132936507936508
1 0.9379737103174602 0.4330059523809524 0.00632936507936508 0.009957010582010583
1 0.9277876984126985 0.4334193121693122 0.006351686507936508 0.009718915343915344
1 0.9069047619047619 0.4356051587301587 0.005815972222222222 0.007708333333333333
1 0.8875074404761905 0.44613095238095235 0.00726438492063492 0.008538359788359788
1 0.8763690476190477 0.46893849206349203 0.00693452380952381 0.007863756613756614
1 0.8928943452380953 0.4717294973544974 0.006168154761904762 0.0075992063492063494
1 0.8867881944444445 0.4776686507936508 0.005426587301587301 0.0061739417989417995
1 0.9354117063492063 0.4704563492063492 0.006262400793650794 0.008181216931216932
1 0.9596279761904761 0.48099867724867723 0.005280257936507936 0.007043650793650794
1 0.9800347222222222 0.4955853174603175 0.00550843253968254 0.00794973544973545
1 0.9865625 0.49713624338624335 0.005533234126984127 0.006848544973544974
1 0.9793204365079364 0.5147453703703704 0.005582837301587302 0.008386243386243386
1 0.9751612103174603 0.529431216931217 0.005783730158730159 0.007086640211640211
1 0.9645014880952381 0.529431216931217 0.005004960317460318 0.007086640211640211
1 0.9417137896825396 0.5046064814814815 0.005027281746031746 0.00794973544973545
1 0.9011111111111112 0.5025826719576719 0.005496031746031746 0.009322089947089947
1 0.8933184523809524 0.5066435185185185 0.00507688492063492 0.007215608465608466
1 0.8974900793650793 0.5123082010582011 0.0032663690476190475 0.005912698412698412
1 0.8937921626984127 0.5134424603174603 0.005126488095238095 0.006984126984126984
1 0.888080357142857 0.5158002645502645 0.004526289682539683 0.006283068783068783
1 0.8690476190476191 0.5602810846560846 0.005252976190476191 0.006845238095238095
1 0.8865500992063492 0.5625892857142857 0.002819940476190476 0.00423941798941799
1 0.9107043650793651 0.589401455026455 0.005121527777777778 0.006752645502645503
1 0.9278918650793652 0.5872784391534391 0.00431547619047619 0.0043121693121693115
1 0.9122445436507937 0.5993253968253968 0.005044642857142857 0.004950396825396826
1 0.9225793650793651 0.4749801587301587 0.005419146825396826 0.007030423280423281
1 0.9376388888888889 0.5080588624338624 0.004866071428571429 0.007037037037037038
1 0.9799107142857143 0.4051058201058201 0.0064211309523809525 0.006805555555555555
1 0.982078373015873 0.3980720899470899 0.003090277777777778 0.004163359788359788
1 0.8937053571428571 0.44568452380952384 0.004952876984126984 0.0061739417989417995
1 0.9527256944444444 0.49874338624338627 0.0061731150793650795 0.007652116402116402
1 0.8718799603174603 0.48708002645502646 0.0050496031746031745 0.005975529100529101
1 0.949156746031746 0.5420205026455026 0.004898313492063492 0.005806878306878306
1 0.9789856150793651 0.5483035714285714 0.006371527777777778 0.00861441798941799
1 0.9824553571428571 0.5534821428571428 0.006081349206349207 0.00828042328042328
1 0.9928149801587302 0.5320304232804233 0.005768849206349206 0.007741402116402117
1 0.9274826388888889 0.5772685185185186 0.00642609126984127 0.0071428571428571435
1 0.9936433531746032 0.4090641534391534 0.006455853174603175 0.007976190476190477
1 0.9886210317460317 0.40473875661375663 0.004928075396825397 0.008607804232804233
1 0.7367708333333333 0.2912665343915344 0.013038194444444444 0.0184755291005291
1 0.7595957341269841 0.29534060846560845 0.011587301587301587 0.017003968253968254
1 0.7123983134920635 0.28233796296296293 0.011282242063492064 0.01685515873015873
1 0.8675818452380952 0.7595800264550264 0.011691468253968254 0.017549603174603176
1 0.6770560515873015 0.4280787037037037 0.007673611111111111 0.011015211640211641
1 0.6699751984126985 0.42506944444444444 0.006922123015873016 0.010697751322751324
1 0.3033953373015873 0.629156746031746 0.013179563492063492 0.018971560846560844