1 0.42943700396825396 0.8502149470899472 0.027547123015873014 0.033412698412698415
1 0.4628249007936508 0.884808201058201 0.02017361111111111 0.03037037037037037
1 0.45869295634920637 0.8236375661375661 0.024032738095238097 0.03482142857142857
1 0.633764880952381 0.4538955026455026 0.022760416666666665 0.03058862433862434
1 0.48593749999999997 0.8964616402116402 0.020820932539682542 0.02244047619047619
1 0.5499776785714287 0.7151157407407408 0.023549107142857142 0.03206679894179894
1 0.7424652777777777 0.6637599206349206 0.02484375 0.03329695767195767
1 0.9110193452380952 0.31817460317460317 0.019122023809523808 0.023422619047619046
1 0.5645039682539682 0.31329034391534394 0.018958333333333334 0.025499338624338626
1 0.42027281746031747 0.6028736772486772 0.020920138888888887 0.028607804232804235
1 0.5656622023809523 0.7661474867724868 0.024055059523809524 0.026679894179894182
1 0.605766369047619 0.42088955026455027 0.024052579365079367 0.02990079365079365
1 0.9709920634920635 0.32208664021164024 0.02186259920634921 0.023525132275132275
1 0.19495287698412697 0.707936507936508 0.018353174603174604 0.02201058201058201
1 0.7207539682539682 0.6723677248677249 0.02466517857142857 0.035555555555555556
2 0.24090525793650794 0.8199537037037037 0.015307539682539683 0.02121362433862434
1 0.1515029761904762 0.5075892857142857 0.01961061507936508 0.022003968253968255
1 0.527703373015873 0.5132506613756613 0.019813988095238096 0.026590608465608463
1 0.4951116071428571 0.6408498677248677 0.021433531746031746 0.031785714285714285
1 0.5389087301587302 0.5325496031746032 0.017462797619047617 0.020853174603174603
1 0.4516468253968254 0.6909755291005292 0.0201140873015873 0.02632936507936508
1 0.36069196428571426 0.47182208994708996 0.018623511904761907 0.023951719576719578
1 0.34229414682539683 0.7700033068783068 0.026455853174603174 0.03338624338624339
1 0.8247842261904762 0.19950066137566136 0.013417658730158731 0.01978505291005291
1 0.48878720238095236 0.6148280423280423 0.02415922619047619 0.033125
1 0.6862251984126985 0.2867956349206349 0.01901041666666667 0.02152116402116402
1 0.8351190476190475 0.19863425925925923 0.015962301587301587 0.02197420634920635
1 0.7384970238095238 0.2823048941798942 0.0213640873015873 0.027496693121693123
1 0.14197916666666668 0.3634160052910053 0.024585813492063492 0.022671957671957673
1 0.6362797619047619 0.2603108465608465 0.018209325396825397 0.021689814814814815
1 0.7921949404761905 0.30992063492063493 0.016061507936507936 0.022969576719576716
1 0.5072916666666667 0.5083796296296296 0.019350198412698413 0.028217592592592593
1 0.9496031746031747 0.49832010582010583 0.020803571428571428 0.02228505291005291
1 0.414484126984127 0.5095006613756614 0.02160714285714286 0.025575396825396828
1 0.20572420634920635 0.5162003968253969 0.01783978174603175 0.019867724867724867
1 0.6102157738095237 0.8140310846560846 0.02036954365079365 0.02251984126984127
1 0.22510912698412697 0.6714219576719577 0.016984126984126983 0.022136243386243384
1 0.5390525793650793 0.40152777777777776 0.016517857142857143 0.021395502645502648
1 0.13350446428571427 0.3576388888888889 0.026488095238095238 0.021025132275132273
1 0.8877901785714286 0.27820767195767193 0.019640376984126982 0.021097883597883598
1 0.8056845238095238 0.3130357142857143 0.01539186507936508 0.022043650793650792
1 0.4741840277777778 0.07527116402116402 0.015625 0.02462962962962963
1 0.5945312500000001 0.17854166666666665 0.01612599206349206 0.020413359788359786
1 0.26429067460317457 0.2626058201058201 0.012767857142857142 0.01574404761904762
1 0.9477777777777778 0.5495403439153439 0.017552083333333333 0.022807539682539683
2 0.3239856150793651 0.372364417989418 0.010652281746031746 0.01361441798941799
1 0.7318402777777778 0.6675496031746032 0.03195436507936508 0.03974537037037037
1 0.04486359126984127 0.5450429894179895 0.02027281746031746 0.02516203703703704
1 0.2834548611111111 0.6686739417989418 0.020161210317460317 0.02414021164021164
1 0.5470386904761905 0.3193584656084656 0.017472718253968254 0.024659391534391534
1 0.8142137896825397 0.20362433862433862 0.014856150793650793 0.02216269841269841
1 0.5731572420634921 0.03450066137566137 0.014913194444444446 0.02052910052910053
1 0.47817212301587303 0.09654761904761903 0.010741567460317462 0.018171296296296297
1 0.468891369047619 0.10061177248677249 0.011498015873015873 0.018210978835978837
1 0.4551240079365079 0.0894212962962963 0.012083333333333333 0.01935515873015873
1 0.6608035714285715 0.060747354497354494 0.00935267857142857 0.01494047619047619
1 0.6072619047619048 0.17194444444444446 0.015022321428571428 0.021927910052910053
1 0.7726289682539682 0.1703935185185185 0.011812996031746032 0.0179265873015873
1 0.7831646825396825 0.1919808201058201 0.01367063492063492 0.016418650793650794
1 0.8481845238095238 0.19730820105820104 0.00972470238095238 0.0197255291005291
1 0.8562549603174603 0.1986375661375661 0.014382440476190477 0.018703703703703705
1 0.8836706349206349 0.21783399470899473 0.00917906746031746 0.01298941798941799
1 0.8916641865079366 0.31300925925925926 0.020042162698412698 0.023217592592592592
1 0.6984722222222222 0.28775132275132276 0.013457341269841269 0.02195767195767196
1 0.6530580357142858 0.28685185185185186 0.017162698412698414 0.019427910052910054
1 0.6588318452380952 0.2732308201058201 0.018296130952380953 0.023796296296296295
1 0.6679588293650793 0.2577281746031746 0.014293154761904762 0.022936507936507936
1 0.5542063492063491 0.34370701058201053 0.011748511904761904 0.022123015873015874
1 0.5812524801587302 0.3331481481481482 0.013556547619047617 0.02526785714285714
1 0.6203224206349206 0.4115112433862434 0.017574404761904763 0.02540343915343915
1 0.5951438492063492 0.4070205026455026 0.0180828373015873 0.023769841269841267
1 0.5270510912698413 0.38898478835978834 0.016438492063492065 0.022255291005291004
1 0.5108333333333333 0.37027777777777776 0.01763640873015873 0.024537037037037038
1 0.6099404761904762 0.48995370370370367 0.017934027777777778 0.023485449735449734
1 0.6246130952380953 0.47216269841269837 0.01581845238095238 0.017397486772486773
1 0.541999007936508 0.5074933862433862 0.0170734126984127 0.02253968253968254
1 0.48705853174603175 0.5446494708994709 0.019437003968253968 0.02701388888888889
1 0.5038740079365079 0.6287533068783069 0.015701884920634922 0.015671296296296298
1 0.5291121031746032 0.6418452380952381 0.012842261904761905 0.014818121693121694
1 0.5798958333333333 0.691005291005291 0.018469742063492063 0.022708333333333334
1 0.18131200396825395 0.6923313492063492 0.01749751984126984 0.023161375661375664
1 0.32820684523809524 0.7951322751322751 0.026222718253968255 0.03173280423280423
1 0.4604662698412698 0.8436044973544974 0.020238095238095236 0.01913690476190476
1 0.4485491071428571 0.8747321428571428 0.012170138888888888 0.01816468253968254
1 0.6302926587301587 0.7682308201058201 0.018586309523809522 0.021302910052910053
1 0.777249503968254 0.8013723544973544 0.016728670634920634 0.022159391534391535
1 0.7668973214285715 0.7842989417989418 0.014771825396825398 0.020360449735449735
1 0.6745734126984128 0.563584656084656 0.01814484126984127 0.026650132275132275
1 0.7009151785714286 0.5584986772486773 0.011877480158730159 0.017215608465608465
1 0.7781349206349206 0.5992824074074075 0.016237599206349207 0.02306216931216931
1 0.7632787698412699 0.5984259259259259 0.014702380952380953 0.0198776455026455
1 0.8021329365079365 0.5681580687830687 0.019518849206349206 0.024037698412698413
1 0.9190897817460317 0.595869708994709 0.017187499999999998 0.023591269841269843
1 0.3754885912698413 0.7724570105820106 0.014305555555555556 0.017992724867724866
1 0.3831622023809524 0.7411408730158731 0.018578869047619045 0.025439814814814818
1 0.32547123015873014 0.6759424603174603 0.012956349206349208 0.019520502645502646
1 0.3114236111111111 0.6840839947089947 0.015141369047619048 0.020697751322751323
1 0.33236855158730155 0.6899900793650794 0.013526785714285713 0.015595238095238094
1 0.4389905753968254 0.7004166666666667 0.009689980158730158 0.0158994708994709
2 0.904610615079365 0.815029761904762 0.014136904761904762 0.014904100529100529
2 0.8856150793650794 0.8039517195767196 0.012857142857142859 0.01691468253968254
1 0.494734623015873 0.18679563492063492 0.01376736111111111 0.016511243386243386
1 0.2596577380952381 0.25860119047619046 0.010004960317460319 0.012681878306878308
1 0.2732018849206349 0.2704034391534392 0.010540674603174604 0.013928571428571427
1 0.273717757936508 0.2565376984126984 0.009072420634920635 0.012784391534391534
1 0.2827331349206349 0.2566203703703704 0.00996279761904762 0.01261574074074074
1 0.3030109126984127 0.2618584656084656 0.010744047619047618 0.015572089947089949
1 0.2937078373015873 0.27357473544973543 0.011889880952380952 0.013627645502645502
1 0.3327703373015873 0.27330687830687833 0.012864583333333332 0.01550595238095238
1 0.31821676587301584 0.31702050264550263 0.01070188492063492 0.014708994708994708
1 0.28840773809523806 0.29178902116402117 0.01191468253968254 0.011448412698412697
1 0.27625744047619044 0.32255621693121694 0.009618055555555555 0.011884920634920634
1 0.24307291666666667 0.23649801587301586 0.00644593253968254 0.009093915343915343
2 0.15819444444444444 0.2639417989417989 0.008549107142857143 0.008594576719576719
1 0.12005208333333334 0.29078373015873016 0.00730654761904762 0.009973544973544973
1 0.1110515873015873 0.2920271164021164 0.008680555555555556 0.008832671957671958
1 0.10072668650793651 0.29673280423280424 0.007693452380952381 0.008501984126984127
1 0.11527529761904762 0.3083267195767196 0.008586309523809524 0.008594576719576719
1 0.11647073412698412 0.3240707671957672 0.009771825396825397 0.010535714285714285
1 0.10155505952380953 0.3351752645502646 0.0069320436507936505 0.008032407407407407
1 0.10985863095238095 0.3472321428571428 0.008229166666666666 0.009586640211640211
1 0.09358630952380952 0.32229497354497355 0.006307043650793651 0.007523148148148148
1 0.1353050595238095 0.31329695767195764 0.008358134920634922 0.009401455026455027
1 0.1288814484126984 0.3126851851851852 0.0059871031746031745 0.0076388888888888895
1 0.25041914682539684 0.45994708994709 0.010954861111111111 0.015307539682539683
1 0.47876488095238096 0.7490674603174603 0.013253968253968254 0.024517195767195767
1 0.47078125000000004 0.7362103174603175 0.018640873015873013 0.021531084656084654
1 0.6178645833333334 0.6254563492063493 0.011976686507936507 0.02006283068783069
1 0.7839583333333333 0.6185780423280423 0.01572420634920635 0.023353174603174605
1 0.8296155753968254 0.6072288359788359 0.008479662698412698 0.015631613756613757
1 0.023506944444444445 0.5507440476190476 0.020855654761904763 0.023095238095238096
1 0.01873511904761905 0.5651190476190476 0.015553075396825397 0.016967592592592593
1 0.03906001984126985 0.5627645502645503 0.015907738095238096 0.020737433862433863
1 0.050726686507936505 0.5582870370370371 0.014494047619047618 0.019325396825396825
1 0.07688492063492064 0.5182242063492063 0.008129960317460317 0.012724867724867724
1 0.06804811507936508 0.5144510582010582 0.009543650793650793 0.01083994708994709
2 0.07440972222222222 0.6704596560846561 0.011664186507936509 0.011782407407407408