1 0.487375992063492 0.745952380952381 0.02621527777777778 0.037218915343915346
1 0.7880406746031746 0.45349206349206345 0.025500992063492062 0.029381613756613755
1 0.5335565476190477 0.3890277777777778 0.025721726190476187 0.03574074074074074
1 0.709781746031746 0.47893849206349204 0.020280257936507937 0.027648809523809523
1 0.33444444444444443 0.38702050264550264 0.022720734126984127 0.027609126984126982
1 0.42080357142857144 0.3808300264550265 0.03131448412698413 0.03843584656084656
1 0.45847966269841267 0.733667328042328 0.027715773809523808 0.030753968253968252
1 0.8241046626984126 0.603561507936508 0.02435267857142857 0.022622354497354495
1 0.6071205357142857 0.09958002645502645 0.02440724206349206 0.030185185185185186
1 0.6885267857142857 0.45145502645502644 0.018655753968253967 0.024289021164021166
1 0.6105357142857143 0.6377215608465608 0.021217757936507937 0.0302281746031746
1 0.7548561507936508 0.3980324074074074 0.02027529761904762 0.025320767195767195
1 0.7466989087301588 0.5030919312169312 0.02122519841269841 0.02552910052910053
1 0.7334548611111111 0.3763128306878307 0.02581845238095238 0.026970899470899472
1 0.11718005952380953 0.48451058201058206 0.015892857142857143 0.018604497354497353
1 0.21666666666666667 0.4587136243386244 0.018209325396825397 0.017189153439153438
1 0.3976264880952381 0.3813988095238095 0.02385168650793651 0.03346560846560847
1 0.37415426587301587 0.9793187830687831 0.022026289682539682 0.03082010582010582
1 0.4362177579365079 0.4581679894179894 0.027780257936507936 0.035383597883597885
1 0.7518874007936508 0.28147156084656083 0.024315476190476193 0.02696759259259259
1 0.8052554563492064 0.5255059523809524 0.022147817460317458 0.023237433862433862
1 0.8290997023809523 0.5139054232804232 0.024223710317460317 0.025674603174603176
1 0.6706746031746031 0.15023478835978837 0.015344742063492062 0.021038359788359787
1 0.5799950396825396 0.21125661375661375 0.02831597222222222 0.03500992063492064
1 0.4477554563492063 0.37762896825396824 0.027410714285714285 0.03715277777777778
1 0.47903025793650794 0.3357936507936508 0.028965773809523813 0.037533068783068786
1 0.4637549603174603 0.3289318783068783 0.02288938492063492 0.028654100529100533
1 0.4529340277777778 0.3451388888888889 0.02564980158730159 0.03433862433862434
1 0.48407738095238095 0.39420634920634917 0.024052579365079367 0.0337037037037037
1 0.4584672619047619 0.44821428571428573 0.029955357142857145 0.03480820105820106
1 0.372234623015873 0.5115542328042328 0.022881944444444444 0.03017857142857143
1 0.47677579365079364 0.5197222222222223 0.02427827380952381 0.03256944444444444
1 0.30300843253968257 0.47688822751322746 0.016222718253968253 0.01778769841269841
1 0.27740575396825395 0.45316137566137565 0.01775545634920635 0.02087962962962963
1 0.6026488095238095 0.4937996031746032 0.02222470238095238 0.029527116402116405
1 0.6210342261904762 0.5374900793650793 0.025106646825396827 0.03382936507936508
1 0.6228645833333333 0.612311507936508 0.0214484126984127 0.02717592592592593
1 0.6139682539682539 0.596494708994709 0.02205109126984127 0.025882936507936508
1 0.585719246031746 0.5866170634920636 0.02074156746031746 0.030787037037037036
1 0.5882217261904762 0.6151223544973545 0.02169394841269841 0.024788359788359787
1 0.5923164682539682 0.6476554232804232 0.015930059523809523 0.018472222222222223
1 0.5248759920634921 0.7342791005291005 0.027192460317460317 0.03287367724867725
1 0.5209548611111111 0.7560152116402117 0.023348214285714285 0.026712962962962963
1 0.5015674603174604 0.7338723544973546 0.021674107142857144 0.02800595238095238
1 0.502874503968254 0.7716468253968254 0.023152281746031744 0.029513888888888888
1 0.5001537698412698 0.8449636243386244 0.021703869047619048 0.03308201058201059
1 0.43974454365079363 0.8453505291005291 0.018258928571428572 0.0258234126984127
1 0.43921130952380955 0.8651785714285715 0.022058531746031746 0.027529761904761904
1 0.5564781746031745 0.7821097883597883 0.018134920634920636 0.02561838624338624
1 0.6543303571428571 0.8638756613756614 0.016081349206349207 0.024196428571428574
1 0.7101686507936508 0.9559259259259258 0.016631944444444446 0.02289351851851852
1 0.6775372023809524 0.9593716931216931 0.014010416666666668 0.022490079365079366
1 0.6859747023809524 0.9823445767195768 0.016550099206349207 0.026832010582010582
1 0.6984598214285714 0.9749239417989418 0.01814980158730159 0.02220899470899471
1 0.7575074404761905 0.9195568783068783 0.01542906746031746 0.02007936507936508
1 0.7001364087301587 0.8222619047619047 0.017065972222222222 0.022929894179894182
1 0.7402380952380953 0.8340145502645503 0.015101686507936508 0.023098544973544972
1 0.612547123015873 0.8916964285714285 0.018023313492063493 0.027490079365079363
1 0.5594146825396825 0.8313756613756613 0.014861111111111111 0.023263888888888886
1 0.5820858134920635 0.7906878306878307 0.013333333333333332 0.021005291005291006
1 0.611875 0.7527744708994708 0.01357638888888889 0.0217228835978836
1 0.6560639880952381 0.7258862433862434 0.01781746031746032 0.022619047619047622
1 0.6400248015873016 0.728531746031746 0.014680059523809524 0.02662367724867725
1 0.6252752976190477 0.6949603174603174 0.01234375 0.020582010582010583
1 0.6008953373015873 0.7183796296296296 0.01590277777777778 0.021240079365079368
1 0.571388888888889 0.7238359788359788 0.0185094246031746 0.0279728835978836
1 0.5873685515873016 0.7191236772486773 0.015329861111111112 0.02021825396825397
1 0.8294642857142858 0.6406944444444445 0.021579861111111112 0.023730158730158733
1 0.8284747023809523 0.5880324074074074 0.01939236111111111 0.021266534391534392
1 0.8312425595238095 0.5613392857142857 0.022614087301587302 0.024596560846560846
1 0.8837127976190476 0.5403174603174603 0.02609623015873016 0.0264781746031746
1 0.843578869047619 0.4773015873015873 0.021708829365079365 0.02221230158730159
1 0.8551388888888889 0.45436507936507936 0.024444444444444446 0.023597883597883597
1 0.7579315476190476 0.33969907407407407 0.024531249999999998 0.030013227513227516
1 0.7825347222222222 0.3440707671957672 0.023700396825396826 0.029302248677248677
1 0.344516369047619 0.7182572751322752 0.025503472222222223 0.03095568783068783
1 0.31425099206349205 0.7117394179894181 0.024270833333333332 0.033485449735449736
1 0.32230902777777776 0.7907705026455026 0.02164186507936508 0.0314186507936508
1 0.29751240079365077 0.8889649470899471 0.023368055555555555 0.03598875661375661
1 0.41434771825396827 0.9337996031746032 0.025863095238095237 0.03446759259259259
1 0.22211557539682542 0.8567824074074074 0.026123511904761903 0.03
1 0.18290674603174603 0.7790608465608466 0.0315625 0.03969246031746032
1 0.17274801587301586 0.7367228835978835 0.02236359126984127 0.02619047619047619
1 0.23747271825396826 0.7265310846560847 0.019603174603174605 0.022480158730158732
1 0.23340525793650793 0.7421626984126984 0.023563988095238096 0.027056878306878304
1 0.21481646825396825 0.7235780423280423 0.020902777777777777 0.027146164021164022
1 0.1826860119047619 0.7111309523809524 0.016135912698412698 0.02238756613756614
1 0.1937127976190476 0.6986342592592593 0.020952380952380955 0.024513888888888887
1 0.21309275793650795 0.6704133597883598 0.022901785714285715 0.025343915343915346
1 0.20947668650793652 0.6280522486772487 0.013035714285714286 0.014014550264550266
1 0.193062996031746 0.659917328042328 0.007078373015873015 0.007129629629629629
1 0.23793650793650795 0.5069775132275132 0.01908234126984127 0.019289021164021165
1 0.2580803571428571 0.5014054232804233 0.015076884920634921 0.01648478835978836
1 0.24706349206349207 0.49261574074074077 0.008343253968253968 0.010582010582010581
1 0.13676587301587304 0.45946097883597886 0.01751984126984127 0.01710648148148148
1 0.1533779761904762 0.369864417989418 0.016547619047619047 0.019173280423280422
1 0.17148065476190474 0.3288988095238095 0.016475694444444446 0.019537037037037037
1 0.18829861111111112 0.3037566137566137 0.015915178571428573 0.017622354497354498
1 0.2675520833333333 0.2866137566137566 0.012624007936507937 0.016144179894179895
1 0.4487624007936508 0.15328042328042327 0.02611855158730159 0.036934523809523806
1 0.42546875 0.13045304232804233 0.026785714285714284 0.036868386243386245
1 0.4456572420634921 0.14026124338624338 0.023152281746031744 0.03146494708994709
1 0.5203497023809525 0.21346891534391532 0.02531498015873016 0.029424603174603176
1 0.3201041666666667 0.334103835978836 0.014878472222222223 0.019381613756613757
1 0.34504712301587304 0.6248544973544974 0.018325892857142857 0.025965608465608463
1 0.1838343253968254 0.8571263227513227 0.020739087301587304 0.01960978835978836
1 0.3449082341269841 0.9872123015873016 0.020624999999999998 0.025572089947089947
1 0.4179117063492063 0.6779728835978837 0.019665178571428573 0.022794312169312173
1 0.6016418650793651 0.8897453703703704 0.014739583333333334 0.024209656084656084
1 0.7508234126984127 0.6723048941798941 0.010731646825396826 0.011345899470899472
1 0.7573115079365079 0.6596858465608466 0.009486607142857142 0.010767195767195767
2 0.8534920634920635 0.9564153439153439 0.019330357142857142 0.026240079365079362
1 0.5653844246031746 0.569675925925926 0.014541170634920636 0.024196428571428574
1 0.5980505952380952 0.3816765873015873 0.023514384920634922 0.028554894179894177
1 0.6847842261904762 0.6867427248677249 0.010853174603174602 0.013792989417989418
1 0.6924429563492063 0.2170601851851852 0.013700396825396826 0.019603174603174605
2 0.9527405753968253 0.6325992063492063 0.007301587301587302 0.007933201058201058