1 0.3752083333333333 0.7587962962962963 0.020200892857142858 0.02528769841269841
1 0.6891269841269841 0.5551521164021164 0.023397817460317463 0.027652116402116404
1 0.3350223214285714 0.5080390211640211 0.017472718253968254 0.02580026455026455
1 0.4393204365079365 0.27351521164021164 0.018435019841269842 0.024173280423280423
1 0.7265153769841269 0.8736673280423279 0.02363343253968254 0.027007275132275133
1 0.37128968253968253 0.13619378306878308 0.012527281746031746 0.019616402116402115
1 0.46422619047619046 0.35158068783068785 0.016572420634920634 0.02259259259259259
1 0.6795461309523809 0.8772619047619048 0.020186011904761905 0.027357804232804234
1 0.4268874007936508 0.43014550264550266 0.01678075396825397 0.021964285714285714
1 0.5684449404761904 0.6883366402116403 0.02121527777777778 0.02771164021164021
1 0.3200372023809524 0.5479960317460317 0.01570436507936508 0.019953703703703706
1 0.7547445436507937 0.6640707671957672 0.021125992063492065 0.020710978835978836
1 0.3767088293650794 0.4047189153439153 0.01852926587301587 0.021765873015873013
1 0.6362276785714286 0.30263888888888885 0.018437500000000002 0.02300595238095238
1 0.1424875992063492 0.6382804232804233 0.018487103174603177 0.018726851851851852
2 0.014776785714285715 0.8383597883597883 0.0167609126984127 0.019107142857142857
1 0.12985367063492065 0.4049966931216931 0.01519345238095238 0.019616402116402115
1 0.319124503968254 0.3802513227513228 0.01833829365079365 0.021253306878306878
1 0.3444295634920635 0.27426917989417987 0.01820188492063492 0.023892195767195767
1 0.8111681547619047 0.6647222222222222 0.02089781746031746 0.02160714285714286
1 0.4476066468253968 0.3905621693121693 0.016867559523809524 0.019957010582010583
1 0.37000248015873016 0.3321825396825397 0.01883184523809524 0.02164021164021164
1 0.5069394841269841 0.30230820105820105 0.019089781746031747 0.023667328042328042
1 0.3567733134920635 0.40769510582010576 0.019246031746031744 0.019384920634920633
1 0.4739310515873016 0.3337037037037037 0.01922123015873016 0.023839285714285716
1 0.5264756944444444 0.4878373015873016 0.016654265873015873 0.02119047619047619
1 0.33442212301587304 0.9138955026455026 0.020647321428571428 0.026378968253968252
1 0.2453249007936508 0.5669279100529101 0.01273561507936508 0.01740079365079365
1 0.22329117063492063 0.4748875661375661 0.013759920634920634 0.01567791005291005
1 0.4078645833333333 0.5961441798941799 0.016302083333333335 0.021220238095238094
1 0.8216393849206349 0.6884126984126985 0.02056299603174603 0.023690476190476192
1 0.3339831349206349 0.6324966931216931 0.01958333333333333 0.023330026455026454
1 0.2502951388888889 0.4904365079365079 0.016493055555555556 0.01884589947089947
1 0.3131795634920635 0.491140873015873 0.018638392857142857 0.01890542328042328
1 0.7758333333333333 0.6509193121693122 0.020317460317460317 0.018151455026455026
1 0.44519345238095237 0.4715839947089947 0.015238095238095238 0.023902116402116404
1 0.40991815476190474 0.3992030423280423 0.01592013888888889 0.020631613756613758
1 0.40993551587301585 0.2944279100529101 0.017589285714285714 0.022956349206349206
1 0.12942708333333333 0.603313492063492 0.01342013888888889 0.015965608465608468
1 0.4488194444444445 0.25679232804232804 0.017135416666666667 0.019692460317460317
1 0.4767509920634921 0.5038921957671958 0.01812748015873016 0.020717592592592593
1 0.3630481150793651 0.13859457671957673 0.011609623015873016 0.01744378306878307
1 0.4221999007936508 0.15576388888888887 0.0174578373015873 0.021980820105820104
1 0.43659970238095236 0.1578505291005291 0.016202876984126983 0.022843915343915343
1 0.3209002976190476 0.2807275132275132 0.020873015873015873 0.023783068783068784
1 0.32868551587301587 0.2690112433862434 0.015555555555555555 0.01913690476190476
1 0.33890376984126985 0.2919411375661376 0.016755952380952382 0.022238756613756613
1 0.41693700396825395 0.2870634920634921 0.017361111111111112 0.021911375661375663
1 0.0880828373015873 0.44320436507936506 0.013122519841269841 0.01576388888888889
1 0.42573908730158727 0.27005291005291004 0.014818948412698412 0.0199239417989418
1 0.522075892857143 0.3109623015873016 0.01702876984126984 0.02400132275132275
1 0.5137549603174604 0.4941798941798942 0.016227678571428573 0.02048280423280423
1 0.4694568452380952 0.4584887566137566 0.016803075396825396 0.023177910052910054
1 0.40366071428571426 0.7186276455026456 0.017842261904761906 0.024844576719576718
1 0.3692931547619048 0.7646527777777777 0.016728670634920634 0.022619047619047622
1 0.3183134920634921 0.7564351851851852 0.019603174603174605 0.027761243386243386
1 0.2771329365079365 0.8063624338624339 0.019268353174603174 0.0230489417989418
1 0.223859126984127 0.7960582010582011 0.017160218253968254 0.02107142857142857
1 0.2327281746031746 0.8359060846560847 0.017299107142857144 0.0223015873015873
1 0.3446875 0.9236243386243386 0.019781746031746032 0.03007275132275132
1 0.3256225198412699 0.925271164021164 0.017876984126984127 0.024897486772486776
1 0.3202951388888889 0.9066567460317461 0.018653273809523807 0.023230820105820105
1 0.40780257936507935 0.9339285714285713 0.01626488095238095 0.02640542328042328
1 0.4213392857142857 0.9248478835978835 0.015513392857142856 0.025744047619047618
1 0.7898834325396825 0.7774735449735449 0.01916418650793651 0.02681216931216931
1 0.7630605158730158 0.7505621693121692 0.01797123015873016 0.020406746031746033
2 0.9610714285714286 0.6748578042328043 0.007581845238095238 0.009566798941798942
1 0.6772743055555556 0.6313095238095238 0.02107390873015873 0.023578042328042326
1 0.3716393849206349 0.6075165343915344 0.01678323412698413 0.02173941798941799
1 0.38547123015873014 0.600925925925926 0.017239583333333336 0.022202380952380953
1 0.1747247023809524 0.762281746031746 0.014813988095238094 0.01892526455026455
1 0.1542906746031746 0.7549834656084656 0.013417658730158731 0.01614748677248677
1 0.12864087301587301 0.6340443121693121 0.015037202380952382 0.016822089947089947
1 0.14473214285714284 0.6445535714285715 0.01618799603174603 0.015720899470899472
1 0.1361111111111111 0.6561011904761904 0.0128125 0.01593584656084656
1 0.1188219246031746 0.6022387566137566 0.010843253968253967 0.013468915343915342
1 0.15322420634920633 0.5625429894179894 0.013859126984126984 0.018363095238095237
1 0.09236359126984127 0.4616468253968254 0.012611607142857143 0.014884259259259259
1 0.08533234126984127 0.4745403439153439 0.013209325396825396 0.013680555555555555
1 0.18278521825396826 0.725079365079365 0.016944444444444443 0.021580687830687832
1 0.3729811507936508 0.8588988095238095 0.018973214285714284 0.025677910052910057
1 0.3878422619047619 0.840922619047619 0.019846230158730157 0.0253505291005291
1 0.27202876984126984 0.3752612433862434 0.015868055555555555 0.0208234126984127
1 0.17831349206349206 0.2624867724867725 0.006101190476190476 0.007781084656084657
1 0.12488095238095237 0.24384920634920634 0.006550099206349206 0.009722222222222222
1 0.12615079365079365 0.26192791005291005 0.0071031746031746034 0.007721560846560847
1 0.12269593253968253 0.27000992063492063 0.006946924603174603 0.00746031746031746
1 0.12404265873015873 0.27767857142857144 0.0064608134920634925 0.007430555555555555
1 0.11883184523809524 0.2904001322751323 0.007170138888888889 0.00849537037037037
1 0.10626984126984128 0.3023677248677249 0.006686507936507937 0.007523148148148148
1 0.11689980158730158 0.3186805555555556 0.005734126984126985 0.007291666666666667
1 0.10574900793650793 0.2926058201058201 0.006840277777777778 0.007612433862433862
1 0.08864583333333334 0.341140873015873 0.0076066468253968254 0.008759920634920634
1 0.03695436507936508 0.4042063492063492 0.007961309523809525 0.009821428571428571
1 0.0671279761904762 0.5303141534391534 0.00789186507936508 0.008194444444444445
1 0.0292609126984127 0.5765112433862434 0.0076760912698412695 0.009441137566137566
1 0.04191220238095238 0.5830324074074074 0.007542162698412698 0.008174603174603175
1 0.08458085317460316 0.5963128306878307 0.007425595238095238 0.009295634920634921
2 0.06229166666666667 0.6233730158730159 0.006966765873015873 0.009361772486772486
1 0.09124751984126984 0.5968584656084657 0.006453373015873016 0.008796296296296297
1 0.04296130952380953 0.6194543650793651 0.0076537698412698415 0.008948412698412699
1 0.04982638888888889 0.6162169312169312 0.006282242063492063 0.007767857142857142
1 0.08735119047619047 0.27099867724867727 0.0062127976190476195 0.007847222222222222
1 0.11486359126984128 0.3248082010582011 0.00638640873015873 0.006828703703703703
1 0.13163194444444445 0.32389550264550265 0.007730654761904762 0.009242724867724867
1 0.17576884920634922 0.30571097883597886 0.007767857142857143 0.007324735449735449
1 0.2709722222222222 0.8299503968253968 0.011889880952380952 0.015965608465608468
1 0.2885540674603175 0.8712929894179894 0.012103174603174602 0.017873677248677246
1 0.6139632936507936 0.7365277777777779 0.023549107142857142 0.028941798941798942
1 0.22143601190476192 0.7441534391534392 0.016026785714285716 0.020925925925925928