1 0.12954117063492063 0.36103174603174604 0.021837797619047618 0.02611111111111111
1 0.26348214285714283 0.112119708994709 0.02083829365079365 0.024365079365079367
1 0.22590525793650795 0.5576851851851852 0.019918154761904762 0.02662367724867725
1 0.2276314484126984 0.3334887566137566 0.02385168650793651 0.026679894179894182
1 0.8825074404761905 0.5251554232804233 0.020873015873015873 0.023776455026455028
1 0.7151785714285714 0.47010912698412693 0.025379464285714286 0.027119708994708995
1 0.6132415674603175 0.07340608465608466 0.014620535714285714 0.022761243386243385
1 0.910545634920635 0.3918683862433862 0.020188492063492065 0.022701719576719577
1 0.5037127976190476 0.4077314814814815 0.019193948412698413 0.02741732804232804
1 0.6461061507936507 0.4821263227513228 0.0243328373015873 0.031342592592592596
1 0.26797867063492065 0.37479828042328045 0.020766369047619047 0.02214285714285714
1 0.4391592261904762 0.9244212962962962 0.01911954365079365 0.024659391534391534
1 0.5773933531746033 0.7086574074074075 0.02050347222222222 0.02562830687830688
1 0.5464087301587301 0.8119940476190476 0.018757440476190476 0.03024801587301587
1 0.6003100198412697 0.6020403439153439 0.024580853174603175 0.03232804232804233
1 0.9179191468253969 0.4648710317460317 0.021158234126984126 0.02561177248677249
1 0.24869295634920635 0.33691798941798945 0.019484126984126986 0.02416005291005291
1 0.254327876984127 0.3626719576719577 0.023464781746031747 0.025228174603174607
1 0.6395659722222222 0.07165674603174603 0.016215277777777776 0.019837962962962963
1 0.5391617063492063 0.7858961640211641 0.017098214285714286 0.02546626984126984
1 0.654890873015873 0.543885582010582 0.018216765873015874 0.022946428571428572
1 0.827467757936508 0.5379927248677249 0.01730654761904762 0.023769841269841267
1 0.7517931547619048 0.48260582010582015 0.017686011904761906 0.019424603174603174
1 0.4897718253968254 0.7938293650793651 0.016691468253968254 0.022417328042328044
1 0.7786879960317461 0.564589947089947 0.017222222222222222 0.020360449735449735
1 0.9838045634920635 0.4296097883597884 0.011713789682539682 0.01249669312169312
1 0.6267237103174603 0.07734126984126984 0.016917162698412695 0.022781084656084655
1 0.5168700396825396 0.01704695767195767 0.017492559523809525 0.023085317460317462
1 0.9496800595238095 0.5990277777777778 0.017251984126984126 0.018048941798941797
1 0.09877232142857142 0.5150033068783069 0.019037698412698412 0.01855820105820106
1 0.895828373015873 0.53817791005291 0.02236607142857143 0.02240079365079365
1 0.9937524801587302 0.45270502645502647 0.010833333333333334 0.01232473544973545
1 0.6396329365079365 0.45425264550264555 0.02597718253968254 0.02721230158730159
1 0.9307266865079366 0.533505291005291 0.018325892857142857 0.021554232804232805
1 0.9137326388888889 0.5370205026455026 0.018950892857142857 0.020800264550264548
1 0.6837375992063491 0.12972552910052912 0.01632440476190476 0.022096560846560843
1 0.6422519841269841 0.8047982804232804 0.01576388888888889 0.025886243386243388
1 0.2543824404761905 0.8982407407407408 0.025307539682539685 0.029437830687830686
1 0.24450892857142859 0.3997982804232804 0.019699900793650794 0.024788359788359787
1 0.23289682539682538 0.4095833333333333 0.019618055555555555 0.0236739417989418
1 0.30335317460317457 0.11455687830687832 0.018683035714285715 0.024153439153439156
1 0.5558333333333333 0.8048776455026454 0.01759424603174603 0.02433201058201058
1 0.9415029761904762 0.8358068783068783 0.018298611111111113 0.023707010582010583
1 0.5465327380952381 0.3665806878306878 0.01894345238095238 0.02724867724867725
1 0.5363740079365079 0.8364748677248677 0.01759672619047619 0.028187830687830685
1 0.31342261904761903 0.11154431216931217 0.01818204365079365 0.024907407407407406
1 0.454516369047619 0.09170304232804233 0.016059027777777776 0.023138227513227513
1 0.634360119047619 0.005803571428571429 0.011557539682539683 0.011607142857142858
1 0.5904910714285715 0.12801587301587303 0.012785218253968254 0.017939814814814815
1 0.8922991071428571 0.3315145502645503 0.018901289682539683 0.023161375661375664
1 0.9096924603174603 0.3381679894179894 0.01699156746031746 0.023164682539682537
1 0.9195585317460317 0.3529861111111111 0.016217757936507936 0.020876322751322753
1 0.983484623015873 0.44871693121693124 0.011359126984126984 0.012116402116402117
1 0.9859499007936507 0.4611541005291005 0.010305059523809524 0.012377645502645503
1 0.9947197420634921 0.4674537037037037 0.010560515873015873 0.012341269841269842
1 0.9342609126984127 0.3664484126984127 0.008258928571428572 0.010548941798941799
1 0.9487003968253968 0.3645998677248677 0.011636904761904762 0.013505291005291006
1 0.9360491071428572 0.8923875661375661 0.017968750000000002 0.0205489417989418
1 0.9440848214285714 0.9059292328042329 0.019893353174603175 0.02148809523809524
1 0.7018055555555555 0.8008763227513227 0.02252232142857143 0.03273478835978836
1 0.5182018849206349 0.8275396825396826 0.018653273809523807 0.02908399470899471
1 0.47088045634920633 0.9426091269841269 0.01927579365079365 0.027595899470899472
1 0.5183730158730159 0.7606051587301588 0.02179811507936508 0.02970899470899471
1 0.4957440476190476 0.7340873015873016 0.02347470238095238 0.030846560846560848
1 0.5127901785714286 0.7828406084656084 0.019737103174603175 0.024679232804232804
1 0.551703869047619 0.5683763227513228 0.020731646825396827 0.02462632275132275
1 0.5299404761904761 0.564295634920635 0.02404513888888889 0.032787698412698414
1 0.4850099206349206 0.585489417989418 0.017375992063492066 0.029044312169312168
1 0.46596478174603173 0.5932771164021163 0.018348214285714287 0.019778439153439156
1 0.6350967261904762 0.5435383597883598 0.017177579365079368 0.022500000000000003
1 0.6220709325396826 0.4669973544973545 0.022532242063492063 0.031243386243386243
1 0.738358134920635 0.4601025132275132 0.018226686507936508 0.01603505291005291
1 0.26999751984126985 0.9929067460317461 0.02316220238095238 0.014186507936507936
1 0.07218253968253968 0.5801620370370371 0.019312996031746032 0.022645502645502646
1 0.11063988095238096 0.6155224867724868 0.016914682539682542 0.020267857142857143
1 0.10386904761904762 0.605922619047619 0.015081845238095238 0.017387566137566136
1 0.15768849206349206 0.6995502645502646 0.015726686507936505 0.017979497354497352
1 0.4020982142857143 0.21130291005291005 0.012693452380952382 0.017390873015873016
1 0.6457589285714286 0.10227843915343916 0.016555059523809524 0.017546296296296296
1 0.9197371031746032 0.5034821428571429 0.01558779761904762 0.0211739417989418
1 0.8183258928571429 0.8959126984126984 0.01687251984126984 0.020343915343915345
1 0.8461904761904763 0.8141369047619047 0.013633432539682539 0.02145171957671958
1 0.47856894841269837 0.41503637566137563 0.013998015873015872 0.017873677248677246
1 0.45133680555555555 0.393885582010582 0.01742063492063492 0.016610449735449735
1 0.5876066468253969 0.1770568783068783 0.010959821428571428 0.01664021164021164
1 0.5766046626984127 0.1826223544973545 0.012063492063492064 0.013680555555555555
1 0.4749280753968254 0.1358399470899471 0.010285218253968253 0.015671296296296298
1 0.768608630952381 0.5698743386243386 0.015004960317460318 0.016398809523809524
1 0.7861681547619047 0.5692559523809524 0.010562996031746033 0.013138227513227511
1 0.11301835317460317 0.6494113756613756 0.019734623015873014 0.02577050264550265
1 0.27988839285714284 0.11608796296296296 0.014191468253968253 0.018465608465608466