1 0.5252852182539682 0.8001223544973546 0.029915674603174604 0.03895171957671958
1 0.17849454365079367 0.6710714285714285 0.027631448412698413 0.032781084656084654
1 0.41322668650793654 0.30347222222222225 0.025094246031746033 0.03324404761904762
1 0.49163690476190475 0.5495734126984128 0.02335813492063492 0.03221230158730159
1 0.38481646825396826 0.40882605820105816 0.02502232142857143 0.032996031746031745
1 0.1469469246031746 0.6916501322751324 0.03601686507936508 0.03620701058201058
1 0.9511334325396825 0.12005621693121693 0.0493328373015873 0.04636243386243386
1 0.7443005952380952 0.40607473544973544 0.027884424603174605 0.03166997354497354
1 0.41591517857142857 0.5828869047619047 0.027562003968253968 0.030787037037037036
1 0.868829365079365 0.28083002645502647 0.03072668650793651 0.030340608465608467
1 0.7713293650793651 0.8715542328042328 0.02460565476190476 0.03829365079365079
1 0.5598214285714286 0.46978505291005296 0.030600198412698412 0.031263227513227514
1 0.7121205357142857 0.4764980158730159 0.023117559523809523 0.02484126984126984
1 0.4566145833333333 0.5840707671957672 0.024171626984126983 0.03459325396825397
1 0.7977405753968253 0.886630291005291 0.030441468253968252 0.041884920634920636
1 0.28908730158730156 0.6925529100529101 0.0216046626984127 0.03044973544973545
1 0.758077876984127 0.3705853174603175 0.0240625 0.03436838624338624
1 0.6492137896825397 0.15777447089947091 0.022095734126984127 0.03058862433862434
1 0.5160441468253968 0.30247685185185186 0.025699404761904764 0.03067791005291005
1 0.6799975198412699 0.6759457671957672 0.02634176587301587 0.032159391534391533
1 0.10472222222222223 0.38332341269841275 0.02895089285714286 0.030909391534391532
1 0.8339608134920635 0.15727843915343917 0.026443452380952383 0.033095238095238094
1 0.8729712301587302 0.31553571428571425 0.03401289682539682 0.029249338624338626
1 0.26226934523809525 0.538693783068783 0.02570436507936508 0.03906084656084656
1 0.2278125 0.6368088624338625 0.02216021825396825 0.0300760582010582
1 0.8017013888888889 0.4394212962962963 0.025069444444444443 0.02558531746031746
1 0.15388640873015874 0.23362433862433862 0.030282738095238095 0.036068121693121694
1 0.7852951388888889 0.5205026455026455 0.021899801587301586 0.026474867724867724
1 0.3085168650793651 0.49502645502645504 0.028762400793650795 0.024970238095238097
1 0.5361532738095238 0.3262301587301587 0.023392857142857142 0.03725529100529101
1 0.8121130952380953 0.40864087301587304 0.02617063492063492 0.028875661375661374
1 0.8501388888888889 0.35604497354497355 0.027631448412698413 0.030734126984126982
1 0.5382539682539682 0.2686706349206349 0.02498263888888889 0.03440476190476191
1 0.7615104166666666 0.7589087301587302 0.026490575396825398 0.02814814814814815
1 0.8658085317460318 0.3949404761904762 0.023291170634920633 0.02715608465608466
1 0.43471230158730156 0.38261574074074073 0.023122519841269843 0.030704365079365078
1 0.6076909722222222 0.23210648148148147 0.017299107142857144 0.029332010582010584
1 0.4446800595238095 0.1017063492063492 0.026026785714285714 0.03242063492063492
1 0.4896130952380952 0.028673941798941796 0.020989583333333332 0.02184854497354497
1 0.5100471230158731 0.8866402116402116 0.023405257936507936 0.034209656084656086
1 0.10757440476190476 0.24645833333333333 0.02484375 0.030757275132275132
1 0.49514384920634924 0.7763624338624338 0.022817460317460316 0.03173611111111111
1 0.5592534722222222 0.12980820105820107 0.02168154761904762 0.02596230158730159
1 0.7154191468253969 0.5351587301587302 0.020049603174603175 0.025558862433862437
1 0.6220386904761904 0.1457308201058201 0.023152281746031744 0.026590608465608463
1 0.6369097222222222 0.48032407407407407 0.02255704365079365 0.026712962962962963
1 0.7962921626984127 0.5357208994708995 0.021185515873015873 0.023376322751322752
1 0.7338020833333333 0.30571759259259257 0.023060515873015875 0.028673941798941796
1 0.3151240079365079 0.8559689153439153 0.02665674603174603 0.03156084656084656
1 0.384047619047619 0.10331679894179895 0.02531001984126984 0.022037037037037036
1 0.6631125992063492 0.19380952380952382 0.023097718253968252 0.031223544973544973
1 0.514327876984127 0.02117724867724868 0.012137896825396824 0.03307539682539683
1 0.8433854166666667 0.3064550264550265 0.02847718253968254 0.023806216931216928
1 0.6820982142857143 0.2207903439153439 0.022532242063492063 0.023769841269841267
1 0.6848487103174603 0.5858068783068783 0.02154265873015873 0.022883597883597884
1 0.4379712301587302 0.5573941798941798 0.01992559523809524 0.022728174603174604
1 0.41858630952380954 0.3837202380952381 0.024176587301587303 0.026964285714285715
1 0.24245039682539682 0.6550760582010582 0.020354662698412698 0.02611441798941799
1 0.5972718253968253 0.2539120370370371 0.01654265873015873 0.025383597883597887
1 0.8553993055555555 0.3778869047619048 0.024389880952380955 0.02468584656084656
1 0.21673363095238096 0.8366203703703704 0.02902777777777778 0.03354166666666667
1 0.2145560515873016 0.7824371693121693 0.017899305555555557 0.02193121693121693
1 0.17609623015873016 0.8611309523809524 0.010642361111111111 0.016772486772486772
1 0.24479414682539682 0.8379100529100529 0.026123511904761903 0.02709325396825397
1 0.2704340277777778 0.670843253968254 0.02515625 0.030962301587301587
1 0.43757936507936507 0.5840839947089947 0.014030257936507936 0.014834656084656084
1 0.5009548611111111 0.01999669312169312 0.020803571428571428 0.03354166666666667
1 0.5307093253968255 0.014513888888888889 0.019350198412698413 0.029027777777777777
1 0.44048363095238097 0.009675925925925926 0.019833829365079363 0.019351851851851853
1 0.5955357142857143 0.22705357142857144 0.013546626984126984 0.016772486772486772
1 0.7169642857142857 0.1944808201058201 0.019350198412698413 0.025155423280423278
1 0.7208333333333333 0.24576058201058198 0.016448412698412698 0.019351851851851853
1 0.6968874007936507 0.2870436507936508 0.017899305555555557 0.016772486772486772
1 0.9213616071428571 0.22286044973544972 0.019833829365079363 0.021286375661375662
1 0.900076884920635 0.2247982804232804 0.019833829365079363 0.012255291005291005
1 0.9832862103174603 0.38347883597883603 0.017899305555555557 0.01870701058201058
1 0.9395039682539682 0.39412037037037034 0.019350198412698413 0.012900132275132275
1 0.8466170634920634 0.4118584656084656 0.019350198412698413 0.01999669312169312
1 0.8439558531746032 0.38799272486772485 0.019833829365079363 0.017417328042328043
1 0.7854191468253968 0.42637235449735444 0.020803571428571428 0.02193121693121693
1 0.8318625992063492 0.4860383597883598 0.01693204365079365 0.021286375661375662
1 0.8021106150793651 0.4579794973544974 0.02128720238095238 0.01806216931216931
1 0.9518402777777778 0.5808597883597884 0.023705357142857143 0.01999669312169312
1 0.991279761904762 0.6647156084656084 0.01744047619047619 0.01999669312169312
1 0.9586135912698412 0.6260119047619047 0.020803571428571428 0.01999669312169312
1 0.8449255952380952 0.5624768518518519 0.012095734126984128 0.010320767195767196
1 0.8546006944444444 0.7850165343915344 0.014030257936507936 0.019351851851851853
1 0.7534895833333334 0.7875958994708995 0.024672619047619047 0.02451058201058201
1 0.7411532738095238 0.8201719576719576 0.02128720238095238 0.032896825396825397
1 0.7469593253968253 0.7611507936507936 0.017415674603174603 0.02709325396825397
1 0.6429464285714286 0.884675925925926 0.011609623015873016 0.01870701058201058
1 0.6448809523809523 0.6369775132275133 0.019350198412698413 0.0225760582010582
1 0.694469246031746 0.38928240740740744 0.014997519841269841 0.01999669312169312
1 0.522485119047619 0.38928240740740744 0.020319940476190478 0.025155423280423278
1 0.39718501984126986 0.6566534391534392 0.015481150793650793 0.02193121693121693
1 0.5070039682539682 0.05740740740740741 0.019350198412698413 0.02967261904761905
1 0.48547371031746034 0.06708333333333334 0.015964781746031748 0.023220899470899472
1 0.9477281746031746 0.0674074074074074 0.037735615079365084 0.04192791005291006
1 0.7309945436507936 0.46668650793650795 0.02128720238095238 0.017417328042328043
1 0.7476835317460317 0.49313492063492065 0.021770833333333333 0.014834656084656084
1 0.7254315476190476 0.5137764550264551 0.013062996031746031 0.023865740740740743
1 0.7738095238095238 0.5340939153439153 0.01693204365079365 0.012900132275132275
1 0.9634499007936508 0.3912169312169312 0.01886656746031746 0.013544973544973546
1 0.48668402777777775 0.4454001322751323 0.017415674603174603 0.01870701058201058
1 0.4504017857142857 0.2189914021164021 0.018382936507936508 0.029027777777777777
1 0.6199652777777778 0.2667261904761905 0.013062996031746031 0.01870701058201058
1 0.6983382936507936 0.21189484126984126 0.014030257936507936 0.01999669312169312
1 0.5152281746031746 0.646332671957672 0.019350198412698413 0.019351851851851853
1 0.6593948412698413 0.7143849206349207 0.022254464285714287 0.013544973544973546
1 0.39258928571428575 0.850489417989418 0.014997519841269841 0.01870701058201058
1 0.10667410714285715 0.44217592592592597 0.021770833333333333 0.01870701058201058
1 0.1255406746031746 0.4518518518518519 0.027574404761904765 0.023865740740740743
1 0.07208333333333333 0.4624966931216931 0.018382936507936508 0.02580026455026455
1 0.1371527777777778 0.48313492063492064 0.01886656746031746 0.02580026455026455
1 0.16690476190476192 0.48829695767195763 0.016448412698412698 0.023220899470899472
1 0.18117559523809523 0.5182903439153439 0.020803571428571428 0.01999669312169312
1 0.12142857142857143 0.2093154761904762 0.026123511904761903 0.04192791005291006
1 0.13183035714285712 0.24866402116402117 0.029511408730158728 0.029027777777777777
1 0.5345783730158731 0.29833333333333334 0.017415674603174603 0.021286375661375662