1 0.022098214285714284 0.9293353174603174 0.034786706349206345 0.0451984126984127
1 0.34709573412698413 0.15634589947089947 0.029151785714285717 0.041488095238095234
1 0.535828373015873 0.40117394179894184 0.024828869047619048 0.02960648148148148
1 0.6785069444444444 0.515978835978836 0.026222718253968255 0.03103505291005291
1 0.5227331349206349 0.5735482804232804 0.030337301587301586 0.03561507936507936
1 0.5865724206349207 0.14447089947089947 0.02646081349206349 0.036273148148148145
1 0.552703373015873 0.05306547619047619 0.02613095238095238 0.03549272486772487
1 0.6399925595238095 0.21187169312169313 0.02516121031746032 0.03320767195767196
1 0.18753968253968253 0.4097850529100529 0.029479166666666667 0.0346792328042328
1 0.5805431547619048 0.08121362433862434 0.026478174603174604 0.03604828042328043
1 0.1129563492063492 0.9036342592592593 0.043397817460317456 0.05108796296296297
1 0.7239657738095239 0.10952050264550264 0.02336309523809524 0.03198412698412698
1 0.7166914682539682 0.3194775132275132 0.03028025793650794 0.033935185185185186
1 0.6210143849206349 0.3897123015873016 0.02230406746031746 0.027741402116402115
1 0.7014136904761904 0.3587929894179894 0.026914682539682537 0.03561507936507936
1 0.678844246031746 0.14214285714285713 0.022686011904761903 0.02715608465608466
1 0.41950148809523813 0.10435846560846561 0.022504960317460316 0.02650132275132275
1 0.06009176587301587 0.9428604497354498 0.0338640873015873 0.04134589947089947
1 0.665701884920635 0.4195833333333333 0.023916170634920637 0.035962301587301584
1 0.878452380952381 0.10722222222222222 0.026966765873015875 0.035562169312169316
1 0.7526264880952381 0.14076058201058203 0.023730158730158733 0.030909391534391532
1 0.9111904761904762 0.13334986772486773 0.02486607142857143 0.02832010582010582
1 0.7661111111111111 0.42808531746031747 0.026354166666666668 0.031577380952380954
1 0.5449082341269842 0.14550925925925925 0.02607390873015873 0.03189153439153439
1 0.7191741071428571 0.8987599206349206 0.029990079365079365 0.0389021164021164
1 0.7462053571428571 0.46983796296296293 0.02736111111111111 0.03377976190476191
1 0.3261805555555556 0.538045634920635 0.031185515873015872 0.042023809523809526
1 0.23894841269841272 0.12779431216931217 0.0263219246031746 0.0269510582010582
1 0.7441220238095239 0.028177910052910052 0.020141369047619047 0.029371693121693118
1 0.4121031746031746 0.03158730158730159 0.015553075396825397 0.022685185185185183
1 0.05524553571428571 0.47487433862433864 0.03102678571428571 0.03418650793650793
1 0.6676314484126984 0.12988756613756614 0.021453373015873016 0.028627645502645502
1 0.9837003968253969 0.7297949735449736 0.022398313492063494 0.02649801587301587
1 0.9386706349206348 0.7582374338624338 0.026728670634920633 0.032106481481481486
1 0.8600570436507936 0.6050628306878307 0.026416170634920636 0.030912698412698413
1 0.8179513888888889 0.5616203703703704 0.02627232142857143 0.034166666666666665
1 0.8910664682539683 0.5025992063492063 0.02021825396825397 0.024460978835978836
1 0.311046626984127 0.9534292328042329 0.03354166666666667 0.04704034391534392
1 0.4083159722222222 0.842281746031746 0.028697916666666667 0.04141534391534391
1 0.4226314484126984 0.8274636243386243 0.02701140873015873 0.0361276455026455
1 0.2102529761904762 0.9796792328042329 0.038420138888888886 0.040641534391534395
1 0.30649305555555556 0.6768287037037037 0.03497767857142857 0.042126322751322755
1 0.14245287698412698 0.4098148148148148 0.02755704365079365 0.02992063492063492
1 0.03025049603174603 0.49029100529100533 0.030776289682539683 0.03623015873015873
1 0.25228670634920636 0.36868055555555557 0.03125744047619047 0.04275462962962963
1 0.24624255952380952 0.16882275132275132 0.024878472222222222 0.03171626984126984
1 0.3899950396825397 0.00966931216931217 0.022544642857142857 0.01933862433862434
1 0.45118551587301586 0.02906746031746032 0.02044642857142857 0.029246031746031746
1 0.3997941468253968 0.07209656084656085 0.015042162698412699 0.018548280423280425
1 0.40370535714285716 0.17873346560846562 0.021793154761904764 0.025906084656084658
1 0.38389384920634917 0.14110449735449734 0.011800595238095238 0.018455687830687833
1 0.3664236111111111 0.12079365079365079 0.012003968253968253 0.01587962962962963
1 0.37605406746031744 0.1458366402116402 0.012837301587301586 0.016342592592592593
1 0.3640277777777778 0.13476190476190475 0.014836309523809524 0.017351190476190475
1 0.47543650793650793 0.28428571428571425 0.02222470238095238 0.028607804232804235
1 0.5299603174603175 0.3042493386243386 0.02376488095238095 0.03279431216931217
1 0.527170138888889 0.37610119047619045 0.017978670634920632 0.025347222222222222
1 0.5463789682539683 0.3661541005291005 0.0190625 0.027781084656084656
1 0.46191468253968254 0.4875033068783069 0.0230828373015873 0.03046626984126984
1 0.38125248015873014 0.3031679894179894 0.026956845238095238 0.03283730158730159
1 0.3174429563492064 0.25097222222222226 0.022512400793650793 0.03062169312169312
1 0.3049875992063492 0.24226521164021164 0.0223859126984127 0.030575396825396825
1 0.3623015873015873 0.2577513227513228 0.02626984126984127 0.03177248677248677
1 0.5801587301587301 0.23007936507936508 0.021592261904761906 0.029814814814814815
1 0.5186532738095239 0.17345238095238094 0.023893849206349207 0.03105489417989418
1 0.49622271825396824 0.13510912698412697 0.021207837301587304 0.029626322751322754
1 0.4378397817460317 0.11925925925925926 0.02050843253968254 0.031001984126984128
1 0.5542782738095238 0.10515211640211641 0.025679563492063493 0.03255952380952381
1 0.572093253968254 0.09678902116402116 0.02304315476190476 0.026987433862433862
1 0.6584647817460317 0.21989417989417992 0.02396825396825397 0.029666005291005288
1 0.6230257936507937 0.22389219576719574 0.024858630952380955 0.0326984126984127
1 0.8170188492063492 0.19549933862433863 0.020696924603174603 0.02552579365079365
1 0.7077951388888889 0.29313492063492064 0.02755456349206349 0.030598544973544976
1 0.7680233134920635 0.33567129629629633 0.029992559523809526 0.03462632275132275
1 0.8134002976190476 0.33387896825396823 0.020833333333333332 0.024424603174603175
1 0.7429389880952382 0.3375793650793651 0.02775793650793651 0.0326521164021164
1 0.7365972222222222 0.19918320105820106 0.023199404761904765 0.025165343915343915
1 0.7448735119047619 0.2222387566137566 0.022807539682539683 0.031689814814814816
1 0.742016369047619 0.05686507936507937 0.02003720238095238 0.025416666666666667
1 0.6890451388888889 0.38072420634920634 0.030949900793650797 0.031967592592592596
1 0.6897222222222222 0.3599074074074074 0.019580853174603174 0.02568121693121693
1 0.7737127976190477 0.18158730158730158 0.017373511904761905 0.0232010582010582
1 0.9005481150793652 0.1476521164021164 0.023452380952380954 0.027437169312169312
1 0.5973139880952381 0.03898809523809524 0.019796626984126982 0.02351521164021164
1 0.432125496031746 0.061471560846560844 0.022368551587301586 0.02755952380952381
1 0.9138839285714286 0.051696428571428574 0.022390873015873017 0.029216269841269838
1 0.7778149801587302 0.11755952380952381 0.021609623015873016 0.027334656084656083
1 0.8321230158730158 0.4563260582010582 0.019556051587301587 0.024824735449735447
1 0.7733804563492064 0.4747949735449735 0.027827380952380954 0.031369047619047616
1 0.7473263888888888 0.435598544973545 0.026631944444444444 0.03356150793650794
1 0.5854737103174603 0.6481481481481481 0.012899305555555554 0.015433201058201059
1 0.5118576388888889 0.5968716931216932 0.027053571428571427 0.03127314814814815
1 0.4094593253968254 0.48353505291005294 0.02402281746031746 0.03329695767195767
1 0.33145089285714285 0.26219907407407406 0.019397321428571427 0.032440476190476186
1 0.6404960317460318 0.04429232804232804 0.018139880952380952 0.02289021164021164
1 0.45573412698412696 0.2456382275132275 0.010205853174603175 0.012046957671957672
1 0.40664434523809523 0.4289285714285714 0.033893849206349205 0.041428571428571426