1 0.40054811507936505 0.29349206349206347 0.027859623015873015 0.033125
2 0.5701190476190475 0.459864417989418 0.02611855158730159 0.0332936507936508
1 0.6441840277777777 0.38823412698412696 0.02831845238095238 0.038974867724867725
1 0.19792410714285713 0.44320436507936506 0.033963293650793654 0.027979497354497354
1 0.45869295634920637 0.37694444444444447 0.02492311507936508 0.03507936507936508
1 0.627095734126984 0.5532275132275133 0.025530753968253966 0.03056547619047619
1 0.3971999007936508 0.25192791005291004 0.02277777777777778 0.029384920634920635
1 0.13955357142857142 0.42819444444444443 0.034935515873015875 0.026990740740740742
1 0.4525868055555555 0.13792989417989418 0.021455853174603176 0.03169642857142857
1 0.5582390873015873 0.39270171957671957 0.024345238095238093 0.031746031746031744
1 0.28047123015873016 0.3982572751322751 0.02376736111111111 0.025744047619047618
1 0.34045386904761904 0.3047089947089947 0.02222222222222222 0.024877645502645505
2 0.41351190476190475 0.36283068783068784 0.02398809523809524 0.022569444444444444
1 0.6559375 0.3459986772486772 0.025084325396825397 0.032238756613756615
1 0.21473710317460318 0.49143849206349205 0.021207837301587304 0.027255291005291005
1 0.38345734126984127 0.33293981481481477 0.020813492063492065 0.028366402116402116
1 0.3981423611111111 0.32456679894179896 0.023149801587301587 0.027840608465608464
1 0.2492733134920635 0.341114417989418 0.024722222222222225 0.02767857142857143
1 0.6964955357142857 0.517093253968254 0.02546626984126984 0.029093915343915346
1 0.17819444444444446 0.280734126984127 0.019712301587301587 0.025413359788359787
1 0.714670138888889 0.5412533068783069 0.029776785714285714 0.03761243386243386
1 0.7313814484126984 0.690324074074074 0.02185267857142857 0.028842592592592593
1 0.2673015873015873 0.27749007936507936 0.021837797619047618 0.024874338624338625
1 0.22635664682539683 0.34665013227513225 0.024399801587301585 0.027311507936507936
2 0.4571329365079365 0.6709193121693121 0.02411706349206349 0.03464285714285714
1 0.22775545634920633 0.303968253968254 0.022896825396825395 0.02524801587301587
1 0.23123015873015873 0.4718617724867725 0.025558035714285714 0.03031084656084656
2 0.47825892857142854 0.6585846560846561 0.02134920634920635 0.028845899470899473
1 0.5330902777777778 0.5736541005291005 0.022194940476190476 0.02943452380952381
2 0.48318948412698415 0.5486342592592592 0.02347470238095238 0.029070767195767195
1 0.48100198412698414 0.41205026455026456 0.025749007936507935 0.02656746031746032
1 0.5152157738095238 0.544781746031746 0.023330853174603174 0.03000330687830688
1 0.32747271825396823 0.3486011904761905 0.016979166666666667 0.02103505291005291
1 0.18465277777777778 0.32227182539682536 0.02381200396825397 0.02428240740740741
1 0.5082862103174602 0.2168783068783069 0.025186011904761905 0.032374338624338625
1 0.5524479166666666 0.600082671957672 0.02035218253968254 0.02554232804232804
1 0.1614310515873016 0.26492063492063495 0.02454861111111111 0.025066137566137566
2 0.3919518849206349 0.39192791005291006 0.01585813492063492 0.020162037037037037
1 0.35426587301587303 0.5312301587301588 0.02080853174603175 0.02717592592592593
1 0.24103918650793651 0.5968320105820105 0.024347718253968254 0.022037037037037036
1 0.1371329365079365 0.4514914021164021 0.02761656746031746 0.02621693121693122
1 0.5234474206349207 0.6575925925925926 0.021837797619047618 0.03247685185185185
1 0.19278521825396824 0.5632705026455026 0.023055555555555555 0.028412698412698414
1 0.5359573412698413 0.7761805555555555 0.024972718253968254 0.03536044973544974
2 0.36383680555555553 0.5621693121693122 0.014079861111111112 0.018548280423280425
1 0.4988566468253969 0.5655853174603175 0.020367063492063492 0.023121693121693123
1 0.45430059523809524 0.8381845238095238 0.022011408730158732 0.03604828042328043
1 0.6353943452380952 0.3727612433862434 0.026200396825396825 0.03513227513227513
1 0.4589781746031746 0.981385582010582 0.02242063492063492 0.03722883597883598
1 0.5484970238095238 0.9503736772486772 0.026331845238095238 0.040013227513227514
1 0.4247222222222222 0.29906746031746034 0.01903025793650794 0.02736111111111111
2 0.44826140873015874 0.19663359788359788 0.01922371031746032 0.02431216931216931
1 0.4998784722222222 0.9469212962962962 0.022552083333333334 0.03921957671957672
1 0.4791269841269841 0.9549834656084656 0.02222470238095238 0.028323412698412702
1 0.45755456349206347 0.9355919312169312 0.021569940476190475 0.034861111111111114
1 0.5696577380952381 0.9094477513227514 0.023531746031746032 0.03747685185185185
1 0.6293030753968254 0.7957109788359789 0.017976190476190475 0.027890211640211642
1 0.49072916666666666 0.6669411375661375 0.014052579365079363 0.020479497354497354
1 0.5057614087301587 0.7092129629629629 0.023859126984126986 0.03355489417989418
1 0.4343501984126984 0.7684755291005291 0.020262896825396826 0.025710978835978837
1 0.5337053571428572 0.6553935185185186 0.018955853174603177 0.03224537037037037
1 0.4931795634920635 0.601359126984127 0.02222470238095238 0.0252744708994709
1 0.4260168650793651 0.6525628306878306 0.011438492063492062 0.012638888888888889
1 0.5461259920634921 0.588287037037037 0.01961061507936508 0.029632936507936507
1 0.45984375 0.5495039682539683 0.016994047619047617 0.020046296296296295
2 0.44856894841269845 0.5120271164021164 0.019283234126984128 0.024401455026455028
2 0.37928075396825395 0.564973544973545 0.01470734126984127 0.020479497354497354
1 0.2137450396825397 0.29588624338624336 0.020262896825396826 0.02614748677248677
1 0.2060639880952381 0.31658399470899473 0.020590277777777777 0.024837962962962964
1 0.44399305555555557 0.14184193121693123 0.01601438492063492 0.027453703703703702
1 0.6964657738095238 0.26320436507936507 0.018301091269841273 0.020046296296296295
1 0.776046626984127 0.36495370370370367 0.01732142857142857 0.01960978835978836
1 0.7912450396825397 0.3669146825396825 0.016341765873015873 0.01830357142857143
1 0.7740873015873015 0.37802910052910055 0.01470734126984127 0.016124338624338624
1 0.7686929563492063 0.3978571428571428 0.015687003968253968 0.013945105820105821
1 0.7562748015873016 0.3904464285714286 0.011765873015873016 0.014814814814814814
1 0.7250620039682539 0.5205224867724868 0.02189732142857143 0.027453703703703702
1 0.6838814484126984 0.7414583333333333 0.01470734126984127 0.01699404761904762
1 0.4505282738095238 0.3978571428571428 0.016669146825396823 0.024401455026455028
2 0.5395882936507936 0.3481779100529101 0.012418154761904762 0.014814814814814814
1 0.48729662698412696 0.21417989417989416 0.02222470238095238 0.03181216931216931
1 0.28237847222222223 0.6233664021164022 0.012418154761904762 0.01525132275132275
1 0.30231398809523813 0.6070238095238095 0.008497023809523808 0.013945105820105821
2 0.24087053571428574 0.564318783068783 0.01961061507936508 0.0252744708994709
2 0.22191468253968255 0.5582175925925926 0.01961061507936508 0.022658730158730156
1 0.25770089285714287 0.5224834656084656 0.018628472222222223 0.022658730158730156
1 0.26848710317460317 0.5113723544973545 0.014052579365079363 0.014381613756613757
1 0.616282242063492 0.4801025132275132 0.021736111111111112 0.028981481481481483
1 0.5181125992063492 0.5197751322751323 0.0206671626984127 0.025654761904761906
1 0.2863169642857143 0.5786904761904762 0.011046626984126983 0.013303571428571427
1 0.19046130952380955 0.40242063492063496 0.019598214285714285 0.025654761904761906
2 0.21749751984126986 0.9434821428571429 0.019578373015873014 0.02667328042328042
1 0.7092832341269841 0.2006283068783069 0.011696428571428571 0.012761243386243388
1 0.17372767857142857 0.46591269841269844 0.015037202380952382 0.020049603174603175
2 0.16818700396825398 0.4442791005291005 0.013454861111111112 0.017939814814814815