2 0.28797867063492066 0.886712962962963 0.029479166666666667 0.03603505291005291
2 0.5722941468253968 0.9829993386243386 0.021666666666666667 0.03087301587301587
2 0.554171626984127 0.3707473544973545 0.04109871031746032 0.03702380952380952
2 0.8037748015873016 0.5401686507936508 0.0407514880952381 0.04110449735449735
2 0.41446924603174606 0.6950694444444444 0.03119295634920635 0.03125661375661375
2 0.512906746031746 0.8299801587301587 0.034804067460317466 0.03728505291005291
2 0.6559474206349207 0.4853174603174603 0.03212301587301587 0.039699074074074074
2 0.04298611111111111 0.8279332010582011 0.0336359126984127 0.03808531746031746
2 0.6698090277777778 0.28948743386243386 0.040734126984126984 0.04035714285714286
2 0.5589285714285714 0.33123677248677247 0.04058035714285715 0.04000661375661376
2 0.8557986111111111 0.35688492063492067 0.031302083333333335 0.033617724867724866
2 0.11299603174603175 0.8826488095238095 0.02784722222222222 0.030787037037037036
2 0.3643377976190476 0.6604530423280424 0.01920138888888889 0.030598544973544976
2 0.10271329365079365 0.7617724867724868 0.028524305555555556 0.03957010582010582
2 0.8358258928571429 0.5701157407407408 0.020749007936507937 0.020922619047619048
2 0.6961458333333334 0.7185383597883598 0.023315972222222224 0.03212632275132275
2 0.775952380952381 0.8493551587301587 0.020007440476190477 0.01998015873015873
2 0.5341096230158731 0.7728670634920636 0.02470486111111111 0.03119708994708995
2 0.8496850198412698 0.5145998677248678 0.018621031746031746 0.021527777777777778
2 0.6794593253968254 0.5234920634920635 0.03255952380952381 0.03424933862433862
2 0.18945684523809522 0.407933201058201 0.021825396825396824 0.027873677248677252
2 0.7102232142857142 0.9020271164021164 0.022648809523809522 0.020026455026455028
2 0.7334325396825396 0.5110085978835979 0.021649305555555557 0.016941137566137566
2 0.59328125 0.730839947089947 0.03217509920634921 0.050006613756613756
2 0.09225198412698413 0.4724636243386243 0.02302083333333333 0.018039021164021164
2 0.40963789682539686 0.9138789682539683 0.011805555555555555 0.018518518518518517
2 0.4074404761904762 0.45860119047619047 0.03204613095238095 0.03505621693121693
2 0.7070808531746031 0.5731448412698413 0.01781746031746032 0.017741402116402117
2 0.14919890873015873 0.42130291005291004 0.019459325396825395 0.025522486772486776
2 0.5425272817460317 0.15259920634920635 0.03217261904761905 0.04145502645502645
2 0.7957018849206349 0.9913194444444444 0.024518849206349207 0.016547619047619047
2 0.631827876984127 0.5960383597883598 0.027837301587301588 0.042050264550264546
2 0.8802926587301587 0.17236111111111113 0.032445436507936506 0.04248346560846561
2 0.7880282738095238 0.31623677248677245 0.034786706349206345 0.03229497354497354
2 0.9159499007936508 0.311087962962963 0.026659226190476188 0.0272255291005291
2 0.9091939484126984 0.5174173280423281 0.023606150793650794 0.03042989417989418
2 0.6684424603174602 0.18762896825396824 0.033444940476190475 0.05036706349206349
2 0.5961755952380953 0.21339285714285713 0.033960813492063494 0.03917328042328042
2 0.5073933531746032 0.1137962962962963 0.03150297619047619 0.03860449735449735
2 0.5285342261904762 0.05139880952380953 0.034583333333333334 0.04622685185185185
2 0.06676835317460317 0.9230787037037037 0.031011904761904765 0.029814814814814815
2 0.0735342261904762 0.9671891534391535 0.02755704365079365 0.030912698412698413
2 0.08715525793650794 0.9404001322751323 0.03127976190476191 0.04703373015873016
2 0.10671626984126983 0.9289318783068784 0.023685515873015872 0.029914021164021164
2 0.0934499007936508 0.9004695767195767 0.02949156746031746 0.029894179894179897
2 0.14374255952380954 0.9873511904761905 0.02684275793650794 0.02419973544973545
2 0.16090277777777778 0.9941600529100529 0.021163194444444443 0.01167989417989418
2 0.2037251984126984 0.42690145502645505 0.025094246031746033 0.027764550264550263