2 0.4518204365079365 0.36509920634920634 0.05064484126984127 0.07083333333333333
2 0.4992361111111111 0.5160350529100529 0.04518105158730158 0.05229828042328043
2 0.5141319444444444 0.6361904761904762 0.03823164682539683 0.04898809523809523
2 0.39521825396825394 0.5842228835978837 0.0327703373015873 0.041706349206349205
2 0.3914955357142857 0.6361904761904762 0.032271825396825396 0.03839616402116402
2 0.4294791666666667 0.6355291005291005 0.029789186507936508 0.03971891534391534
2 0.39646081349206347 0.6716071428571428 0.03127976190476191 0.03905753968253968
2 0.42178323412698415 0.7007374338624339 0.03127976190476191 0.03905753968253968
2 0.46423363095238096 0.7934160052910053 0.041706349206349205 0.049649470899470895
2 0.5044494047619048 0.8073181216931217 0.03674107142857143 0.03773478835978836
2 0.47962549603174603 0.8371097883597883 0.03872767857142857 0.03905753968253968
2 0.5133878968253969 0.9403835978835978 0.037735615079365084 0.05229828042328043
2 0.608469742063492 0.5193452380952381 0.051140873015873015 0.06421626984126984
2 0.803844246031746 0.7202645502645503 0.03674107142857143 0.04236772486772487
2 0.7829910714285714 0.5842228835978837 0.04965029761904762 0.05362433862433862
2 0.7787698412698413 0.5259656084656085 0.053125 0.057595899470899464
2 0.6295709325396825 0.3349768518518519 0.03177579365079365 0.05031415343915344
2 0.3220362103174603 0.4435747354497354 0.030639880952380953 0.040853174603174607