1 0.8050099206349207 0.2710681216931217 0.032023809523809524 0.04396164021164021
1 0.7982242063492063 0.15640873015873016 0.03767113095238095 0.044133597883597886
1 0.7746850198412699 0.360135582010582 0.025478670634920635 0.032093253968253965
1 0.690329861111111 0.4735515873015873 0.021651785714285714 0.02752314814814815
1 0.8685044642857143 0.7568419312169312 0.02599206349206349 0.028019179894179895
1 0.7740749007936508 0.2765343915343915 0.031651785714285716 0.04396164021164021
1 0.8634598214285714 0.6264285714285714 0.0183953373015873 0.02080687830687831
1 0.8528249007936508 0.6022883597883598 0.020424107142857143 0.025089285714285717
1 0.7392559523809523 0.5226587301587301 0.017333829365079365 0.02119378306878307
1 0.752266865079365 0.3709060846560846 0.02836309523809524 0.03354166666666667
1 0.8114980158730158 0.1020271164021164 0.02558531746031746 0.03411375661375661
1 0.6367683531746031 0.27202050264550265 0.021510416666666667 0.026769179894179894
1 0.6396155753968253 0.30794642857142857 0.021398809523809525 0.02666997354497355
1 0.5705357142857143 0.25026455026455025 0.01721230158730159 0.022949735449735453
1 0.5575124007936507 0.23134589947089948 0.014419642857142857 0.022328042328042325
1 0.5296006944444445 0.23692791005291006 0.01721230158730159 0.022328042328042325
1 0.4972718253968254 0.24499338624338624 0.014885912698412699 0.0198478835978836
1 0.5095982142857143 0.2555357142857143 0.011629464285714286 0.016127645502645505
1 0.5035887896825397 0.24193452380952382 0.010625 0.01745701058201058
1 0.439124503968254 0.14296296296296296 0.009303075396825396 0.01550595238095238
1 0.4351711309523809 0.14761574074074074 0.009769345238095238 0.01736772486772487
1 0.42842509920634925 0.12931878306878308 0.01023313492063492 0.014265873015873017
1 0.42400545634920633 0.1426521164021164 0.011629464285714286 0.016127645502645505
1 0.3542311507936508 0.22793650793650794 0.01255952380952381 0.01550595238095238
1 0.3667906746031746 0.27041997354497355 0.018142361111111113 0.023568121693121693
1 0.3886532738095238 0.2859259259259259 0.01534970238095238 0.022328042328042325
1 0.36120783730158734 0.29212962962962963 0.01721230158730159 0.0198478835978836
1 0.35143849206349204 0.32251984126984123 0.018142361111111113 0.02604828042328042
1 0.3030605158730159 0.40346230158730156 0.02186259920634921 0.02666997354497355
1 0.23119295634920634 0.4304431216931217 0.02046875 0.024808201058201057
1 0.24770585317460317 0.43292328042328043 0.016282242063492065 0.022328042328042325
1 0.2151438492063492 0.42795965608465614 0.019072420634920637 0.024808201058201057
1 0.22933035714285713 0.44656746031746036 0.02232886904761905 0.02604828042328042
1 0.21072420634920636 0.4766501322751323 0.01767609126984127 0.021709656084656085
1 0.4658730158730159 0.47199735449735447 0.019072420634920637 0.027291666666666665
1 0.8445238095238095 0.7383862433862434 0.024655257936507937 0.027910052910052913
1 0.8545262896825396 0.7052050264550265 0.013955853174603175 0.018607804232804233
1 0.8549900793650794 0.6320171957671957 0.016746031746031745 0.021087962962962965
1 0.8800248015873017 0.6018816137566138 0.01732142857142857 0.020737433862433863
1 0.8243501984126984 0.3921428571428571 0.016259920634920634 0.017910052910052907
1 0.8406101190476191 0.39190806878306883 0.016966765873015873 0.02121031746031746
1 0.7559474206349206 0.4392757936507936 0.015907738095238096 0.020737433862433863
1 0.7684970238095238 0.3937929894179894 0.019089781746031747 0.026865079365079363
1 0.8278844246031747 0.2872718253968254 0.0219171626984127 0.027807539682539684
1 0.7806919642857143 0.21680886243386244 0.027219742063492064 0.0348776455026455
1 0.6345238095238096 0.07069775132275131 0.016259920634920634 0.0292228835978836
1 0.6293973214285714 0.19395171957671958 0.01873511904761905 0.027807539682539684
1 0.21209573412698413 0.8226984126984127 0.02969246031746032 0.035350529100529104
1 0.5926339285714286 0.6457175925925926 0.013787202380952383 0.01885251322751323
1 0.472797619047619 0.5505092592592593 0.020855654761904763 0.025453042328042328
1 0.6783556547619047 0.5479166666666667 0.013432539682539681 0.01744047619047619
1 0.6315178571428572 0.45954365079365084 0.011664186507936509 0.016967592592592593
1 0.45812996031746034 0.24796626984126985 0.016966765873015873 0.019794973544973546
1 0.8732762896825397 0.8862202380952381 0.020739087301587304 0.028736772486772488