1 0.3956646825396825 0.6864021164021163 0.03498015873015873 0.03846891534391534
1 0.4581994047619048 0.8263822751322751 0.03394593253968254 0.03947420634920635
1 0.5779960317460318 0.4541005291005291 0.04495535714285714 0.051593915343915345
1 0.6819295634920635 0.28213293650793647 0.040322420634920635 0.0536739417989418
1 0.29528769841269836 0.7859226190476191 0.03494543650793651 0.04966931216931217
1 0.5955952380952381 0.19468584656084656 0.02634176587301587 0.03701058201058201
1 0.5660962301587301 0.21930886243386244 0.026693948412698412 0.03348875661375661
1 0.5435491071428572 0.25471891534391533 0.02855902777777778 0.037222222222222226
1 0.4157688492063492 0.2371494708994709 0.015687003968253968 0.01728505291005291
1 0.23685515873015872 0.25130621693121696 0.006185515873015873 0.007139550264550264
1 0.4734027777777778 0.36677910052910057 0.02914186507936508 0.0350462962962963
1 0.344265873015873 0.46262566137566136 0.02822668650793651 0.03813492063492063
1 0.20556051587301588 0.5480224867724868 0.025763888888888888 0.03149801587301587
1 0.0719469246031746 0.6147321428571428 0.03632936507936508 0.037671957671957676
1 0.021123511904761905 0.531683201058201 0.031153273809523808 0.03486772486772487
1 0.3198561507936508 0.7657936507936509 0.03145337301587301 0.040773809523809525
1 0.4466542658730159 0.853452380952381 0.030751488095238096 0.03936507936507937
1 0.40134424603174607 0.77817791005291 0.02654761904761905 0.03514880952380953
1 0.564375 0.8383862433862435 0.031237599206349206 0.03539021164021164
1 0.6492559523809525 0.8326521164021164 0.029010416666666667 0.03664682539682539
1 0.5466294642857144 0.7308498677248678 0.026964285714285715 0.04228505291005291
1 0.5271602182539683 0.7549239417989417 0.026111111111111113 0.03105489417989418
1 0.41392361111111114 0.6390575396825396 0.02993799603174603 0.038253968253968255
1 0.48484871031746035 0.5336078042328043 0.027611607142857143 0.038009259259259257
1 0.6550297619047619 0.45663029100529096 0.03025297619047619 0.04311177248677249
1 0.753077876984127 0.5624801587301588 0.02919642857142857 0.03566798941798942
1 0.8765897817460317 0.6391931216931217 0.017571924603174603 0.022976190476190476
1 0.6535838293650794 0.3290873015873016 0.02364831349206349 0.028369708994708996
1 0.45627728174603177 0.5956117724867726 0.018067956349206347 0.02181547619047619
1 0.34190724206349205 0.2692063492063492 0.026046626984126985 0.03172949735449736
1 0.25370287698412697 0.5284424603174603 0.020069444444444445 0.03092261904761905