2 0.025049603174603176 0.5423280423280423 0.00496031746031746 0.004629629629629629
2 0.012524801587301588 0.5671296296296297 0.004216269841269841 0.005291005291005291
2 0.017237103174603176 0.5777116402116402 0.003224206349206349 0.003968253968253968
2 0.12413194444444445 0.6617063492063492 0.00818452380952381 0.00992063492063492
2 0.020337301587301588 0.580026455026455 0.003472222222222222 0.004629629629629629
2 0.15600198412698413 0.6906415343915344 0.011408730158730158 0.012896825396825396
2 0.17522321428571427 0.7333002645502645 0.011656746031746032 0.01488095238095238
2 0.12648809523809523 0.4755291005291005 0.01488095238095238 0.016534391534391533
2 0.06634424603174603 0.8227513227513228 0.011656746031746032 0.012566137566137565
2 0.006200396825396825 0.9026124338624338 0.01240079365079365 0.016865079365079364
2 0.012524801587301588 0.9422949735449735 0.016121031746031748 0.018849206349206348
2 0.08010912698412699 0.8794642857142857 0.013392857142857142 0.017526455026455025
2 0.10838293650793651 0.8955026455026455 0.010912698412698412 0.013888888888888888
2 0.11644345238095238 0.9077380952380952 0.011656746031746032 0.017195767195767195
2 0.15438988095238096 0.9379960317460317 0.012648809523809524 0.018187830687830687
2 0.1654265873015873 0.941468253968254 0.01488095238095238 0.017195767195767195
2 0.2584325396825397 0.9389880952380952 0.011408730158730158 0.016865079365079364
2 0.21416170634920634 0.8695436507936508 0.011656746031746032 0.014219576719576719
2 0.1715029761904762 0.847718253968254 0.012152777777777778 0.015542328042328041
2 0.2099454365079365 0.8253968253968254 0.012648809523809524 0.01521164021164021
2 0.22135416666666666 0.8412698412698413 0.00818452380952381 0.008597883597883597
2 0.2044890873015873 0.8374669312169312 0.008680555555555556 0.01025132275132275
2 0.24144345238095238 0.8207671957671958 0.010168650793650794 0.012566137566137565
2 0.3036954365079365 0.8930224867724867 0.013640873015873016 0.017526455026455025
2 0.39558531746031744 0.9758597883597884 0.013888888888888888 0.0205026455026455
2 0.23623511904761904 0.749834656084656 0.01066468253968254 0.015542328042328041
2 0.16765873015873015 0.45023148148148145 0.01240079365079365 0.012235449735449735
2 0.21453373015873015 0.44758597883597884 0.00992063492063492 0.014219576719576719
2 0.2899305555555556 0.32953042328042326 0.012896825396825396 0.014219576719576719
2 0.3038194444444444 0.3835978835978836 0.011904761904761904 0.01455026455026455
2 0.29575892857142855 0.392526455026455 0.01314484126984127 0.018518518518518517
2 0.2962549603174603 0.4662698412698413 0.015128968253968254 0.017195767195767195
2 0.32762896825396826 0.48296957671957674 0.01636904761904762 0.02017195767195767
2 0.3159722222222222 0.5868055555555556 0.01488095238095238 0.017526455026455025
2 0.31287202380952384 0.6574074074074074 0.012152777777777778 0.01984126984126984
2 0.3239087301587302 0.6625330687830688 0.011408730158730158 0.022156084656084655
2 0.2942708333333333 0.6916335978835979 0.014632936507936508 0.016865079365079364
2 0.29575892857142855 0.7858796296296297 0.012648809523809524 0.017526455026455025
2 0.3880208333333333 0.8551587301587301 0.014632936507936508 0.017857142857142856
2 0.39211309523809523 0.8930224867724867 0.01240079365079365 0.016865079365079364
2 0.4095982142857143 0.8776455026455027 0.014136904761904762 0.01984126984126984
2 0.3974454365079365 0.8707010582010583 0.014632936507936508 0.01984126984126984
2 0.4632936507936508 0.8804563492063492 0.011904761904761904 0.016865079365079364
2 0.39372519841269843 0.6800595238095238 0.017609126984126984 0.020833333333333332
2 0.34399801587301587 0.6708002645502645 0.011904761904761904 0.011574074074074073
2 0.4306795634920635 0.5517526455026455 0.01711309523809524 0.01951058201058201
2 0.3382936507936508 0.44460978835978837 0.01488095238095238 0.017526455026455025
2 0.3766121031746032 0.44742063492063494 0.012152777777777778 0.016534391534391533
2 0.38876488095238093 0.4393187830687831 0.015128968253968254 0.016203703703703703
2 0.3523065476190476 0.3482142857142857 0.01314484126984127 0.013227513227513227
2 0.4525049603174603 0.2865410052910053 0.015128968253968254 0.018849206349206348
2 0.4583333333333333 0.3740079365079365 0.015873015873015872 0.023148148148148147
2 0.4790426587301587 0.3318452380952381 0.016617063492063492 0.021494708994708994
2 0.46664186507936506 0.42228835978835977 0.01314484126984127 0.018518518518518517
2 0.4965277777777778 0.2781084656084656 0.00992063492063492 0.011243386243386243
2 0.490203373015873 0.5714285714285714 0.015625 0.016534391534391533
2 0.4915674603174603 0.7526455026455027 0.013392857142857142 0.021825396825396824
2 0.4567212301587302 0.7966269841269841 0.008680555555555556 0.018518518518518517
2 0.4775545634920635 0.7926587301587301 0.01066468253968254 0.016534391534391533
2 0.5362103174603174 0.7632275132275133 0.005952380952380952 0.005291005291005291
2 0.5620039682539683 0.7723214285714286 0.007936507936507936 0.007605820105820105
2 0.5436507936507936 0.6974206349206349 0.01488095238095238 0.01455026455026455
2 0.574156746031746 0.4351851851851852 0.016865079365079364 0.021825396825396824
2 0.5739087301587301 0.2435515873015873 0.014384920634920634 0.01951058201058201
2 0.6564980158730159 0.296792328042328 0.015873015873015872 0.021494708994708994
2 0.6439732142857143 0.32423941798941797 0.018601190476190476 0.022817460317460316
2 0.6323164682539683 0.33465608465608465 0.017609126984126984 0.02447089947089947
2 0.652281746031746 0.3541666666666667 0.01488095238095238 0.022486772486772486
2 0.6533978174603174 0.4406415343915344 0.01711309523809524 0.022156084656084655
2 0.5911458333333334 0.5305886243386243 0.009176587301587302 0.015542328042328041
2 0.6127232142857143 0.5615079365079365 0.013640873015873016 0.017195767195767195
2 0.6339285714285714 0.6359126984126984 0.01488095238095238 0.017857142857142856
2 0.6179315476190477 0.7073412698412699 0.015128968253968254 0.021164021164021163
2 0.6321924603174603 0.7129629629629629 0.015376984126984126 0.0205026455026455
2 0.6083829365079365 0.7658730158730159 0.01636904761904762 0.021825396825396824
2 0.6137152777777778 0.7964616402116402 0.014632936507936508 0.018187830687830687
2 0.6169394841269841 0.8093584656084656 0.012152777777777778 0.01488095238095238
2 0.6215277777777778 0.8510251322751323 0.015376984126984126 0.01951058201058201
2 0.6475694444444444 0.8174603174603174 0.01636904761904762 0.021164021164021163
2 0.6593501984126984 0.8528439153439153 0.01314484126984127 0.017195767195767195
2 0.6648065476190477 0.9011243386243386 0.009672619047619048 0.013227513227513227
2 0.7047371031746031 0.9280753968253969 0.012648809523809524 0.018187830687830687
2 0.7495039682539683 0.937665343915344 0.015376984126984126 0.018849206349206348
2 0.6814236111111112 0.7076719576719577 0.016121031746031748 0.023809523809523808
2 0.6726190476190477 0.718584656084656 0.013888888888888888 0.018518518518518517
2 0.6752232142857143 0.6053240740740741 0.016121031746031748 0.023478835978835978
2 0.6902281746031746 0.6099537037037037 0.015376984126984126 0.01951058201058201
2 0.6753472222222222 0.5033068783068783 0.018353174603174604 0.01917989417989418
2 0.7170138888888888 0.36904761904761907 0.01240079365079365 0.0205026455026455
2 0.7296626984126984 0.34970238095238093 0.015873015873015872 0.018849206349206348
2 0.7802579365079365 0.3864087301587302 0.013392857142857142 0.01488095238095238
2 0.785094246031746 0.5598544973544973 0.019097222222222224 0.028439153439153438
2 0.7513640873015873 0.5810185185185185 0.008680555555555556 0.012566137566137565
2 0.7599206349206349 0.6202050264550265 0.011904761904761904 0.015542328042328041
2 0.753844246031746 0.6486441798941799 0.01066468253968254 0.013558201058201057
2 0.7837301587301587 0.7756283068783069 0.015376984126984126 0.020833333333333332
2 0.7154017857142857 0.7367724867724867 0.014632936507936508 0.01521164021164021
2 0.8830605158730159 0.7081679894179894 0.01711309523809524 0.02017195767195767
2 0.9375 0.7369378306878307 0.006944444444444444 0.007605820105820105
2 0.9716021825396826 0.7506613756613757 0.006696428571428571 0.007936507936507936
2 0.9742063492063492 0.7733134920634921 0.008928571428571428 0.010912698412698412
2 0.8790922619047619 0.763723544973545 0.009672619047619048 0.013558201058201057
2 0.8292410714285714 0.705026455026455 0.012648809523809524 0.011904761904761904
2 0.8327132936507936 0.7197420634920635 0.013640873015873016 0.012235449735449735
2 0.8578869047619048 0.7457010582010583 0.01240079365079365 0.01521164021164021
2 0.8939732142857143 0.6018518518518519 0.015128968253968254 0.016534391534391533
2 0.8516865079365079 0.5502645502645502 0.012896825396825396 0.015873015873015872
2 0.8647073412698413 0.3890542328042328 0.01314484126984127 0.013558201058201057
2 0.8441220238095238 0.48660714285714285 0.01314484126984127 0.017526455026455025
2 0.8828125 0.40128968253968256 0.011656746031746032 0.012235449735449735