1 0.8187673611111111 0.1488095238095238 0.031011904761904765 0.03801587301587302
1 0.6492460317460318 0.6759953703703704 0.035337301587301584 0.03678902116402116
1 0.9126884920634921 0.48647817460317455 0.030935019841269843 0.0364781746031746
1 0.7362400793650794 0.32648809523809524 0.03132440476190476 0.038210978835978834
1 0.46271577380952383 0.8080357142857143 0.029151785714285717 0.041187169312169314
1 0.5086532738095237 0.5684953703703705 0.022921626984126985 0.028204365079365083
1 0.3179513888888889 0.33250330687830687 0.02385416666666667 0.030863095238095238
1 0.1916046626984127 0.33181878306878304 0.024660218253968257 0.026904761904761904
1 0.6943402777777777 0.3763558201058201 0.02699404761904762 0.02722222222222222
1 0.9459375 0.898832671957672 0.02088045634920635 0.024411375661375658
1 0.919546130952381 0.25616402116402115 0.034804067460317466 0.03334986772486772
1 0.07018353174603174 0.26136574074074076 0.019399801587301587 0.022486772486772486
1 0.19567212301587303 0.28029431216931217 0.027056051587301587 0.02259259259259259
1 0.17107886904761904 0.4572056878306878 0.017914186507936507 0.020383597883597882
1 0.9146453373015873 0.6796461640211641 0.025114087301587304 0.03358796296296296
1 0.9300644841269842 0.9050363756613756 0.020634920634920634 0.02290674603174603
1 0.9771056547619048 0.8943683862433863 0.018973214285714284 0.025638227513227512
1 0.9920486111111111 0.9055886243386243 0.01590029761904762 0.022966269841269843
1 0.9967584325396825 0.899513888888889 0.0064831349206349205 0.022324735449735452
1 0.9534771825396826 0.876170634920635 0.015726686507936505 0.02482142857142857
1 0.867906746031746 0.8435482804232803 0.013430059523809523 0.018174603174603173
1 0.44283730158730156 0.8071858465608465 0.024032738095238097 0.03962301587301587
1 0.3261433531746032 0.8556448412698412 0.017867063492063493 0.028759920634920635
1 0.30390873015873016 0.8654695767195767 0.015248015873015872 0.02539021164021164
1 0.3108184523809524 0.7884953703703703 0.019759424603174605 0.029332010582010584
1 0.1528249007936508 0.8814550264550265 0.01997767857142857 0.0259755291005291
1 0.17830605158730156 0.8603240740740741 0.014503968253968253 0.018240740740740738
2 0.08012152777777778 0.9630324074074074 0.01941468253968254 0.029027777777777777
1 0.17544394841269842 0.521385582010582 0.01662698412698413 0.025747354497354498
1 0.0840203373015873 0.272228835978836 0.02291418650793651 0.018191137566137567
1 0.26096478174603177 0.1888458994708995 0.021083829365079368 0.03558862433862434
1 0.44886656746031744 0.40729497354497357 0.01882688492063492 0.023587962962962963
1 0.32228174603174603 0.5909358465608465 0.029513888888888888 0.036140873015873015
1 0.30985615079365075 0.6644775132275133 0.030818452380952384 0.036736111111111115
1 0.3143898809523809 0.6832010582010583 0.021577380952380952 0.027202380952380954
1 0.27879960317460317 0.1131712962962963 0.015240575396825398 0.0202744708994709
1 0.9028918650793651 0.32218584656084653 0.013306051587301587 0.020793650793650795
1 0.5853174603174603 0.9066567460317461 0.020101686507936506 0.027195767195767193
1 0.5930357142857142 0.9904794973544974 0.015386904761904761 0.01904431216931217
1 0.4829786706349206 0.1701818783068783 0.01642113095238095 0.020181878306878308
1 0.4846875 0.30549603174603174 0.015126488095238096 0.02501653439153439
1 0.5165252976190476 0.8577182539682539 0.019312996031746032 0.018915343915343916
1 0.6671850198412699 0.3721031746031746 0.022752976190476188 0.026041666666666668
1 0.47322916666666665 0.5032109788359789 0.017802579365079365 0.024183201058201056
1 0.15020585317460317 0.651246693121693 0.023442460317460317 0.027771164021164023
1 0.10751240079365079 0.2786673280423281 0.015595238095238096 0.020281084656084657
1 0.9661681547619048 0.8524305555555556 0.013762400793650794 0.019563492063492064