2 0.27101686507936507 0.430651455026455 0.01542906746031746 0.0188260582010582
2 0.3612202380952381 0.5014781746031746 0.018427579365079366 0.019348544973544973
2 0.6040674603174603 0.5380257936507936 0.021872519841269842 0.020757275132275134
2 0.6498387896825397 0.4090343915343916 0.013435019841269841 0.014470899470899471
2 0.30459573412698415 0.4422486772486772 0.011693948412698413 0.012642195767195765
1 0.6851041666666667 0.5698677248677249 0.019305555555555555 0.024041005291005293
2 0.29407738095238095 0.5866534391534391 0.018112599206349205 0.020300925925925927
1 0.7421999007936508 0.6943088624338625 0.017770337301587304 0.02226521164021164
2 0.6123139880952381 0.40052579365079366 0.011577380952380952 0.014136904761904762
2 0.8960962301587302 0.39810846560846563 0.008725198412698412 0.00865410052910053
1 0.3416021825396825 0.6482804232804233 0.012237103174603175 0.012698412698412698
2 0.3506746031746032 0.4386805555555555 0.014203869047619049 0.016455026455026455
2 0.9240128968253968 0.49322751322751324 0.009370039682539683 0.009983465608465608
2 0.9556299603174603 0.4964715608465608 0.008524305555555554 0.010343915343915345
1 0.47502976190476187 0.8331746031746031 0.024055059523809524 0.03125330687830688
2 0.43555059523809525 0.5396329365079364 0.019833829365079363 0.023055555555555555
2 0.27285466269841274 0.338396164021164 0.01263392857142857 0.014246031746031746
2 0.4649652777777778 0.5236441798941799 0.019915674603174602 0.019074074074074073
2 0.24753224206349206 0.3368121693121693 0.012185019841269842 0.010717592592592591
2 0.45547123015873014 0.5754265873015872 0.011592261904761906 0.014272486772486772
2 0.4834548611111111 0.5233300264550265 0.019833829365079363 0.022503306878306876
1 0.5388144841269841 0.8520833333333333 0.021510416666666667 0.025830026455026456
2 0.2613318452380953 0.5094279100529101 0.010359623015873017 0.013442460317460317
2 0.4411160714285714 0.4895006613756614 0.014754464285714286 0.019312169312169312
1 0.2890128968253968 0.9888591269841269 0.02322420634920635 0.02228505291005291
1 0.5578149801587302 0.5499305555555556 0.01892361111111111 0.02523148148148148
1 0.5818973214285714 0.5307175925925927 0.01720238095238095 0.021216931216931217
1 0.7188789682539682 0.4659193121693122 0.015052083333333332 0.017777777777777778
1 0.6818923611111111 0.3747420634920635 0.014191468253968253 0.017777777777777778
1 0.7104910714285714 0.3503703703703704 0.010322420634920634 0.01261574074074074
1 0.7296304563492063 0.3738822751322751 0.012472718253968253 0.014910714285714288
1 0.7539310515873016 0.43810846560846556 0.014623015873015873 0.017202380952380955
1 0.7767237103174603 0.42864748677248676 0.012041170634920634 0.014335317460317461
1 0.7264062499999999 0.40140873015873013 0.010322420634920634 0.01261574074074074
1 0.7152232142857143 0.39968915343915346 0.010322420634920634 0.01261574074074074
1 0.7199528769841269 0.4140244708994709 0.010322420634920634 0.01261574074074074
1 0.38492063492063494 0.33661044973544973 0.01720238095238095 0.022936507936507936
1 0.3698685515873016 0.34922619047619047 0.01978422619047619 0.02523148148148148
1 0.4653472222222222 0.3529530423280423 0.01720238095238095 0.02351190476190476
1 0.44018601190476186 0.3813392857142857 0.020213293650793652 0.026378968253968252
1 0.44577876984126985 0.3165376984126984 0.015912698412698413 0.02064484126984127
1 0.3292261904761905 0.4200462962962963 0.015052083333333332 0.018921957671957673
1 0.3627728174603175 0.6692030423280424 0.015052083333333332 0.018349867724867727
1 0.37653521825396824 0.6356580687830687 0.015912698412698413 0.02236441798941799
1 0.4029861111111111 0.6333630952380952 0.014623015873015873 0.024659391534391534
1 0.38965277777777774 0.645978835978836 0.01978422619047619 0.02580357142857143
1 0.2958953373015873 0.6583101851851851 0.015483630952380952 0.0194973544973545
2 0.30363591269841267 0.594943783068783 0.01978422619047619 0.024659391534391534
2 0.30750744047619044 0.46878637566137565 0.015483630952380952 0.018921957671957673
2 0.36771825396825397 0.449864417989418 0.01892361111111111 0.0269510582010582
2 0.3752455357142857 0.4269246031746032 0.02193452380952381 0.02580357142857143
2 0.3915873015873016 0.42807208994708995 0.01763392857142857 0.02580357142857143
2 0.3780406746031746 0.460760582010582 0.016344246031746033 0.024659391534391534
2 0.4302951388888889 0.45273148148148146 0.016773313492063492 0.02236441798941799
2 0.4421230158730159 0.5241236772486773 0.01978422619047619 0.022936507936507936
2 0.4606150793650794 0.5656977513227514 0.014623015873015873 0.02236441798941799
2 0.4272842261904762 0.5636904761904762 0.015052083333333332 0.02064484126984127
2 0.44749751984126984 0.558531746031746 0.009890873015873016 0.01261574074074074
2 0.4563144841269841 0.5364517195767196 0.01720238095238095 0.0269510582010582
2 0.488139880952381 0.2950363756613757 0.01720238095238095 0.02236441798941799
2 0.7962921626984127 0.8902645502645502 0.014191468253968253 0.020069444444444445
2 0.962405753968254 0.6820965608465608 0.008459821428571428 0.010476190476190476
2 0.9796304563492063 0.6585251322751323 0.007857142857142858 0.009265873015873016
2 0.9951909722222223 0.46614417989417983 0.00574156746031746 0.007251984126984127
2 0.3376736111111111 0.5352414021164021 0.014201388888888888 0.016517857142857143
2 0.26726686507936503 0.3289616402116402 0.013598710317460317 0.014100529100529101
2 0.28569940476190475 0.32493055555555556 0.015411706349206349 0.022159391534391535
2 0.11029265873015873 0.4184027777777778 0.006646825396825397 0.009265873015873016
1 0.702125496031746 0.6566335978835979 0.016927083333333332 0.02398148148148148
1 0.7179960317460318 0.6582804232804234 0.016222718253968253 0.022569444444444444
1 0.7356274801587303 0.6655687830687831 0.01833829365079365 0.02492063492063492
1 0.6552232142857143 0.6382969576719577 0.020453869047619047 0.032443783068783066
1 0.8006919642857142 0.7410350529100529 0.01798611111111111 0.02068783068783069
1 0.7054761904761905 0.7473842592592593 0.016574900793650794 0.023039021164021165
1 0.7816493055555556 0.6286574074074074 0.015163690476190476 0.019748677248677248
1 0.6141393849206349 0.8557638888888889 0.015868055555555555 0.023508597883597885
1 0.8336607142857143 0.42370701058201055 0.006267361111111111 0.00998015873015873
1 0.8437574404761905 0.37647156084656086 0.00591765873015873 0.008356481481481482
1 0.8185143849206349 0.3584854497354497 0.006964285714285714 0.008587962962962962
1 0.852983630952381 0.36231481481481487 0.00591765873015873 0.008356481481481482
1 0.858640873015873 0.370787037037037 0.006788194444444445 0.008587962962962962
1 0.8675173611111111 0.3680026455026455 0.007485119047619048 0.009050925925925926
1 0.8434945436507936 0.38169642857142855 0.006440972222222222 0.007195767195767196
1 0.8253050595238095 0.4427380952380952 0.00591765873015873 0.009050925925925926
1 0.8701289682539682 0.45805886243386246 0.00609375 0.008587962962962962
1 0.8886681547619047 0.45689814814814816 0.007311507936507936 0.009050925925925926
1 0.858814484126984 0.45283399470899466 0.006440972222222222 0.008819444444444446
1 0.8461061507936508 0.4695469576719577 0.005396825396825397 0.00789021164021164
1 0.8378373015873015 0.43890873015873016 0.006267361111111111 0.009285714285714284
1 0.8300917658730158 0.42637566137566135 0.004699900793650793 0.00789021164021164
1 0.8387946428571429 0.4187169312169312 0.006788194444444445 0.009285714285714284
1 0.792750496031746 0.42521494708994706 0.004526289682539683 0.0064980158730158725
1 0.8036309523809523 0.3603406084656085 0.006788194444444445 0.009517195767195768
1 0.8698685515873016 0.33121362433862434 0.006964285714285714 0.009285714285714284
1 0.8897123015873016 0.4086177248677249 0.007658730158730158 0.009050925925925926
1 0.8988516865079366 0.4080390211640212 0.007137896825396826 0.008819444444444446
1 0.8737847222222223 0.4006117724867725 0.00609375 0.008819444444444446
1 0.9026810515873016 0.4018882275132275 0.005396825396825397 0.006729497354497355
1 0.916607142857143 0.4056018518518518 0.006788194444444445 0.00998015873015873
1 0.9109499007936508 0.4667625661375661 0.005223214285714285 0.008356481481481482
1 0.9480282738095238 0.46525132275132275 0.005223214285714285 0.007658730158730159
1 0.9884151785714286 0.46629629629629626 0.004873511904761905 0.0064980158730158725
1 0.9964236111111111 0.42150132275132274 0.005570436507936508 0.007427248677248677
1 0.9485515873015873 0.48103505291005294 0.005570436507936508 0.007658730158730159
1 0.9426314484126984 0.48904431216931216 0.006614583333333333 0.009285714285714284
1 0.9490724206349206 0.49519510582010584 0.007311507936507936 0.009517195767195768
1 0.9408060515873016 0.4644411375661376 0.005744047619047619 0.00974867724867725
1 0.9073809523809524 0.5356977513227513 0.007832341269841269 0.008819444444444446
1 0.9387152777777777 0.5891964285714286 0.006788194444444445 0.009050925925925926
1 0.9317534722222222 0.5931415343915344 0.006440972222222222 0.008125
1 0.924875992063492 0.5900099206349206 0.00591765873015873 0.00789021164021164
1 0.9026810515873016 0.5441666666666667 0.006440972222222222 0.009517195767195768
1 0.9098189484126984 0.545327380952381 0.007485119047619048 0.010443121693121693
1 0.8897991071428571 0.5360449735449735 0.005744047619047619 0.008125
1 0.8741319444444444 0.5467195767195767 0.006788194444444445 0.008587962962962962
1 0.8883209325396826 0.5573974867724868 0.006964285714285714 0.00998015873015873
1 0.8956324404761905 0.5745734126984127 0.006267361111111111 0.007658730158730159
1 0.872217261904762 0.4903207671957672 0.009573412698412699 0.009517195767195768
1 0.8608159722222222 0.5384821428571428 0.006614583333333333 0.007427248677248677
1 0.8348784722222222 0.48776785714285714 0.006267361111111111 0.008125
1 0.9265302579365079 0.5349999999999999 0.007485119047619048 0.010211640211640212
2 0.9274875992063493 0.5398743386243386 0.007658730158730158 0.00789021164021164
2 0.9822346230158729 0.5621560846560847 0.004352678571428572 0.005105820105820106
2 0.9965972222222222 0.556005291005291 0.004179067460317461 0.004874338624338625
2 0.9097321428571429 0.6601025132275132 0.00591765873015873 0.005105820105820106
1 0.37040922619047617 0.7803141534391534 0.01873511904761905 0.02599206349206349
1 0.10243551587301587 0.7624900793650794 0.018125 0.025142195767195768
1 0.06453869047619049 0.48419973544973544 0.006773313492063492 0.007566137566137566
1 0.051356646825396826 0.506170634920635 0.006773313492063492 0.008055555555555555
1 0.09721974206349207 0.49787037037037035 0.005493551587301587 0.007566137566137566
1 0.012847222222222222 0.5403174603174603 0.006423611111111111 0.008564814814814815
1 0.06992311507936508 0.4667427248677249 0.006716269841269841 0.007007275132275133
2 0.5991617063492064 0.8733465608465608 0.018268849206349205 0.022698412698412697