1 0.15808779761904762 0.8367989417989418 0.018070436507936508 0.024378306878306878
1 0.430999503968254 0.3798941798941799 0.017723214285714283 0.02412367724867725
1 0.5638665674603175 0.7478571428571429 0.021011904761904763 0.0265244708994709
1 0.0974280753968254 0.524537037037037 0.015128968253968254 0.01761243386243386
1 0.24990327380952382 0.37120039682539685 0.01664434523809524 0.021531084656084654
1 0.3810267857142857 0.6200429894179894 0.01761656746031746 0.02461309523809524
1 0.227140376984127 0.35044642857142855 0.01771081349206349 0.021157407407407406
1 0.200625 0.7643353174603175 0.017375992063492066 0.021458333333333333
1 0.3988640873015873 0.6268154761904762 0.020711805555555556 0.0249537037037037
1 0.17343005952380952 0.542149470899471 0.017157738095238097 0.020575396825396827
1 0.35394593253968254 0.467880291005291 0.015453869047619048 0.017903439153439154
1 0.45011408730158725 0.7007506613756614 0.01896577380952381 0.02636904761904762
1 0.3298487103174603 0.7446792328042328 0.019154265873015875 0.02574074074074074
1 0.3240699404761905 0.8814682539682539 0.023819444444444445 0.027771164021164023
1 0.5708035714285714 0.4711541005291005 0.015307539682539683 0.020968915343915342
1 0.1246453373015873 0.2935383597883598 0.019635416666666666 0.021772486772486773
1 0.0647172619047619 0.38433862433862437 0.013501984126984126 0.015922619047619047
1 0.21680059523809522 0.3481216931216931 0.017621527777777778 0.020304232804232804
1 0.36847470238095237 0.5706646825396826 0.015942460317460317 0.019874338624338624
1 0.4629861111111111 0.7069444444444445 0.015570436507936509 0.02199074074074074
1 0.2016889880952381 0.35225198412698416 0.01681795634920635 0.02216269841269841
1 0.08089037698412697 0.48017526455026455 0.00701140873015873 0.009738756613756613
1 0.24042906746031745 0.8638458994708995 0.0196875 0.027179232804232803
1 0.27866319444444443 0.6609589947089947 0.017591765873015874 0.022414021164021164
1 0.14999255952380952 0.28506944444444443 0.016773313492063492 0.020300925925925927
1 0.16250744047619048 0.2896693121693122 0.015302579365079366 0.0205026455026455
1 0.17511904761904762 0.2894179894179894 0.016364087301587303 0.01966600529100529
1 0.17052331349206348 0.26951058201058203 0.01296875 0.015162037037037038
1 0.17984126984126983 0.2807738095238095 0.013720238095238096 0.014123677248677248
1 0.1760639880952381 0.3098148148148148 0.016741071428571428 0.023865740740740743
1 0.162405753968254 0.30874007936507936 0.013095238095238094 0.019298941798941798
1 0.19902281746031747 0.24644510582010581 0.012862103174603174 0.017642195767195768
1 0.20675347222222223 0.24278439153439152 0.010652281746031746 0.014887566137566139
1 0.21900049603174604 0.24312169312169313 0.011989087301587303 0.015558862433862434
1 0.2456498015873016 0.225244708994709 0.00990327380952381 0.013039021164021164
1 0.254109623015873 0.22952380952380955 0.010205853174603175 0.01253637566137566
1 0.24854414682539683 0.20679563492063494 0.008643353174603175 0.013002645502645504
1 0.21385416666666665 0.32375661375661374 0.017299107142857144 0.021531084656084654
1 0.18429811507936508 0.31816468253968255 0.012056051587301587 0.014583333333333334
1 0.15578621031746032 0.35524801587301585 0.012430555555555554 0.015628306878306877
1 0.13568204365079367 0.3699173280423281 0.01501984126984127 0.017175925925925924
1 0.10537202380952382 0.3610383597883598 0.015319940476190477 0.01814814814814815
1 0.12168402777777777 0.37392857142857144 0.014990079365079364 0.01855489417989418
1 0.14190228174603173 0.3803769841269841 0.013360615079365078 0.01640542328042328
1 0.15111607142857142 0.40315476190476196 0.013159722222222222 0.01718253968253968
1 0.23517857142857143 0.3829398148148148 0.01601686507936508 0.02173941798941799
1 0.22218998015873015 0.3859093915343915 0.014134424603174604 0.016531084656084657
1 0.16727678571428573 0.4109126984126984 0.01347470238095238 0.016706349206349207
1 0.21666170634920637 0.46637566137566133 0.017120535714285713 0.019229497354497353
1 0.2217361111111111 0.48667328042328045 0.015478670634920633 0.018369708994708994
1 0.2884375 0.44142857142857145 0.010716765873015873 0.014414682539682542
1 0.15069444444444444 0.49189814814814814 0.01693700396825397 0.020009920634920634
1 0.1444890873015873 0.460515873015873 0.01035218253968254 0.014246031746031746
1 0.1800793650793651 0.5131845238095237 0.015855654761904762 0.020089285714285716
1 0.2040873015873016 0.5066335978835979 0.012301587301587301 0.014761904761904763
1 0.21634920634920637 0.5054828042328042 0.014553571428571428 0.017642195767195768
1 0.22907738095238095 0.508505291005291 0.014786706349206348 0.018505291005291004
1 0.19944444444444442 0.5583994708994708 0.013390376984126985 0.018280423280423282
1 0.18379464285714284 0.5596494708994709 0.017911706349206347 0.024411375661375658
1 0.20487599206349205 0.5856911375661376 0.013444940476190477 0.018974867724867724
1 0.2071205357142857 0.5959126984126984 0.01750496031746032 0.01869047619047619
1 0.24130704365079367 0.5995238095238096 0.01248015873015873 0.016071428571428573
1 0.2202455357142857 0.6085317460317461 0.016907242063492065 0.020092592592592592
1 0.26253224206349207 0.6437962962962963 0.01722718253968254 0.021183862433862433
1 0.2465674603174603 0.6409160052910053 0.016865079365079364 0.020608465608465607
1 0.28831349206349205 0.6994014550264549 0.01857142857142857 0.02512896825396825
1 0.2539657738095238 0.7085548941798943 0.01592261904761905 0.02063822751322751
1 0.18858878968253967 0.7623710317460317 0.017328869047619048 0.022043650793650792
1 0.19607886904761906 0.8357242063492063 0.01792906746031746 0.02210648148148148
1 0.17757688492063492 0.8274636243386243 0.019099702380952384 0.02538690476190476
1 0.30758184523809523 0.7551322751322751 0.017857142857142856 0.02414351851851852
1 0.3822172619047619 0.7917228835978837 0.014754464285714286 0.019599867724867725
1 0.43330853174603173 0.8050958994708995 0.0186359126984127 0.02509920634920635
1 0.42482390873015874 0.8004298941798942 0.017472718253968254 0.023485449735449734
1 0.35517609126984123 0.8228439153439154 0.01637152777777778 0.020697751322751323
1 0.3443154761904762 0.8271626984126985 0.012690972222222223 0.018971560846560844
1 0.4560044642857143 0.8444345238095239 0.01525297619047619 0.0224239417989418
1 0.5361011904761904 0.8345006613756615 0.018288690476190476 0.028465608465608465
1 0.5323635912698412 0.8227546296296298 0.014226190476190476 0.020287698412698413
1 0.48686507936507933 0.8278935185185186 0.016101190476190477 0.02095238095238095
1 0.5544295634920635 0.8120734126984127 0.01695188492063492 0.03128306878306878
1 0.48949900793650797 0.7884093915343916 0.01792410714285714 0.028515211640211643
1 0.4998313492063492 0.7883068783068784 0.012668650793650793 0.026990740740740742
1 0.564310515873016 0.7654365079365079 0.01986359126984127 0.016769179894179895
1 0.4778075396825397 0.6688062169312169 0.020225694444444445 0.02767526455026455
1 0.4518328373015873 0.6442361111111111 0.014657738095238095 0.021547619047619048
1 0.5178050595238095 0.6267791005291006 0.012353670634920636 0.017202380952380955
1 0.5314831349206349 0.6330257936507937 0.015865575396825395 0.02140873015873016
1 0.5948834325396826 0.6451785714285714 0.014166666666666666 0.017728174603174603
1 0.6305381944444445 0.6244179894179894 0.012800099206349206 0.016630291005291006
1 0.6718080357142857 0.6080092592592592 0.011001984126984127 0.014900793650793652
1 0.5514360119047619 0.5856084656084657 0.016376488095238097 0.023994708994708996
1 0.5612053571428572 0.582744708994709 0.014327876984126985 0.02396494708994709
1 0.5227380952380952 0.5644345238095237 0.014838789682539683 0.02154431216931217
1 0.4724206349206349 0.5539583333333333 0.01294890873015873 0.016481481481481482
1 0.5156225198412698 0.5253736772486772 0.014987599206349206 0.021147486772486773
1 0.6081746031746031 0.5716369047619048 0.012105654761904762 0.016256613756613754
1 0.6482986111111111 0.582850529100529 0.012566964285714285 0.01744047619047619
1 0.6557589285714286 0.5788359788359788 0.011421130952380952 0.015105820105820105
1 0.5792410714285714 0.47646164021164017 0.010815972222222222 0.017347883597883598
1 0.5383060515873015 0.4401851851851851 0.012708333333333334 0.015039682539682539
1 0.3966939484126984 0.554537037037037 0.010310019841269842 0.012628968253968254
1 0.37927083333333333 0.5576587301587301 0.014861111111111111 0.01732142857142857
1 0.3311631944444444 0.5809325396825397 0.014176587301587301 0.020856481481481483
1 0.3936334325396826 0.4491699735449735 0.015463789682539683 0.017982804232804232
1 0.4125049603174603 0.37823743386243386 0.015972222222222224 0.020691137566137566
1 0.3857440476190476 0.3840112433862434 0.016393849206349204 0.022390873015873013
1 0.39757440476190475 0.3709821428571428 0.014751984126984126 0.018501984126984127
1 0.5381746031746032 0.38811177248677253 0.01453125 0.01918650793650794
1 0.5862152777777777 0.44121031746031747 0.013663194444444445 0.01708994708994709
1 0.5939012896825397 0.4744775132275132 0.013058035714285715 0.018505291005291004
1 0.5737251984126984 0.4846726190476191 0.011490575396825397 0.013273809523809525
1 0.5493675595238096 0.29377645502645505 0.013132440476190476 0.01913690476190476
1 0.5308630952380953 0.27965277777777775 0.012827380952380953 0.016283068783068785
1 0.5037053571428571 0.2838128306878307 0.011180555555555555 0.01890542328042328
1 0.4769866071428572 0.2699371693121693 0.01215029761904762 0.014986772486772488
1 0.5387351190476191 0.2417526455026455 0.013020833333333334 0.016137566137566138
1 0.36351190476190476 0.292691798941799 0.010580357142857141 0.013862433862433863
1 0.3268874007936508 0.3034457671957672 0.011158234126984128 0.013088624338624339
1 0.3257638888888889 0.32100859788359787 0.011071428571428572 0.017119708994708997
1 0.32978918650793654 0.32535714285714284 0.009625496031746032 0.014186507936507936
1 0.3101339285714286 0.3130919312169312 0.010463789682539682 0.01683201058201058
1 0.4563516865079365 0.2382969576719577 0.011478174603174603 0.0149239417989418
1 0.10184275793650793 0.376739417989418 0.007839781746031746 0.009917328042328042
1 0.10741071428571428 0.405787037037037 0.007061011904761904 0.00767526455026455
1 0.0795610119047619 0.4093154761904762 0.008360615079365079 0.009259259259259259
1 0.09919642857142856 0.533422619047619 0.014164186507936508 0.016517857142857143
1 0.08822668650793651 0.5221626984126984 0.01209077380952381 0.013693783068783067
1 0.16628224206349207 0.682688492063492 0.018343253968253967 0.022794312169312173
1 0.16796626984126983 0.7344742063492065 0.01999751984126984 0.02635912698412698
1 0.14383928571428573 0.731984126984127 0.019399801587301587 0.025006613756613758
1 0.1253249007936508 0.7140343915343914 0.02281001984126984 0.02693452380952381
1 0.135515873015873 0.73192791005291 0.018405257936507935 0.023971560846560845
1 0.08166666666666667 0.8038227513227514 0.020344742063492065 0.027218915343915344
1 0.06520585317460319 0.8260218253968253 0.016569940476190478 0.020833333333333332
1 0.10477926587301588 0.724672619047619 0.01099454365079365 0.015042989417989419
1 0.12880952380952382 0.6895469576719577 0.01863343253968254 0.022523148148148146
1 0.10991071428571429 0.641332671957672 0.012165178571428572 0.01521825396825397
2 0.06437251984126985 0.6339748677248678 0.010022321428571427 0.011904761904761904
1 0.17986607142857144 0.6530522486772486 0.013722718253968253 0.020525793650793652
1 0.32285714285714284 0.6625727513227513 0.015329861111111112 0.020912698412698414
1 0.28491319444444446 0.8039814814814814 0.016726190476190474 0.022410714285714284
1 0.2741369047619047 0.8255092592592593 0.01232390873015873 0.013171296296296296
1 0.06368551587301587 0.5285284391534392 0.008392857142857143 0.010667989417989417
2 0.021986607142857145 0.6821792328042328 0.007571924603174604 0.00916005291005291
1 0.2662872023809524 0.7281845238095239 0.016240079365079367 0.021861772486772485
1 0.31285218253968256 0.6910912698412699 0.01611359126984127 0.020671296296296295
1 0.23604414682539682 0.4328505291005291 0.012499999999999999 0.015985449735449738
1 0.037214781746031746 0.38395502645502644 0.00784970238095238 0.008961640211640212
1 0.037867063492063494 0.6735482804232804 0.006780753968253968 0.006911375661375661
1 0.06483382936507937 0.34149140211640217 0.008288690476190477 0.009702380952380952
1 0.11148561507936508 0.4774007936507937 0.006584821428571429 0.0075297619047619046
1 0.09335813492063492 0.45512566137566135 0.008489583333333333 0.012794312169312169
1 0.24124255952380955 0.5009193121693122 0.011183035714285715 0.012843915343915345
1 0.17054563492063493 0.33792989417989416 0.013509424603174603 0.018604497354497353
1 0.1701488095238095 0.26066137566137565 0.012661210317460318 0.013644179894179893
1 0.4020039682539683 0.316848544973545 0.011909722222222223 0.014907407407407407
1 0.38657986111111114 0.29616732804232804 0.009781746031746032 0.012003968253968253
1 0.3949652777777778 0.3307771164021164 0.01156498015873016 0.015291005291005291
1 0.4695510912698413 0.37782407407407403 0.013325892857142856 0.018035714285714287
1 0.4511359126984127 0.42148148148148146 0.012552083333333333 0.015446428571428571
1 0.5458457341269841 0.49939814814814815 0.011669146825396824 0.015297619047619048
1 0.9195535714285714 0.30820767195767196 0.010669642857142858 0.012043650793650794
1 0.9091369047619048 0.30767195767195765 0.010736607142857143 0.012347883597883599
1 0.8907068452380952 0.32343253968253965 0.010969742063492063 0.013650793650793651
1 0.9572569444444444 0.34431878306878305 0.010471230158730159 0.013521825396825397
1 0.9454811507936508 0.35517526455026455 0.010791170634920634 0.013945105820105821
1 0.9381547619047619 0.3617195767195767 0.009419642857142856 0.01306878306878307
1 0.9488144841269841 0.3672916666666667 0.011899801587301587 0.014136904761904762
1 0.9272247023809524 0.43595568783068783 0.01240079365079365 0.01478505291005291
1 0.9377852182539683 0.43627976190476186 0.008720238095238095 0.013373015873015872
1 0.9406473214285714 0.43175595238095243 0.008147321428571429 0.013257275132275134
1 0.946842757936508 0.49977182539682535 0.009665178571428571 0.00986111111111111
1 0.9383556547619047 0.5082804232804232 0.007876984126984128 0.010396825396825397
1 0.9310441468253968 0.49635582010582013 0.008191964285714287 0.01058531746031746
1 0.925220734126984 0.5048842592592593 0.008392857142857143 0.011845238095238096
1 0.9186111111111112 0.5178604497354498 0.009595734126984126 0.010320767195767196
1 0.9265252976190477 0.5126322751322752 0.009089781746031745 0.01085648148148148
1 0.9372991071428571 0.5160846560846561 0.011753472222222222 0.011580687830687832
1 0.9441517857142857 0.510896164021164 0.008864087301587302 0.012800925925925926
1 0.9496899801587302 0.5242526455026455 0.009637896825396826 0.012804232804232804
1 0.7473338293650794 0.419890873015873 0.008576388888888889 0.012503306878306879
1 0.7535367063492064 0.36751653439153437 0.010426587301587301 0.011650132275132273
1 0.6900744047619047 0.45465939153439155 0.007162698412698412 0.012354497354497354
1 0.8631200396825397 0.5653935185185185 0.010114087301587301 0.01267857142857143
1 0.920342261904762 0.5991832010582011 0.010838293650793652 0.012516534391534393
1 0.9295461309523809 0.5911507936507937 0.010711805555555554 0.01060515873015873
1 0.9150347222222223 0.5773875661375661 0.009885912698412698 0.012288359788359788
2 0.9037251984126985 0.3740873015873016 0.008921130952380953 0.009193121693121694