2 0.6431870039682539 0.17581679894179894 0.18022569444444445 0.230380291005291
2 0.6994047619047619 0.4117063492063492 0.10086061507936508 0.10912698412698413
2 0.9176587301587301 0.36265542328042333 0.07605902777777779 0.0815707671957672
2 0.9792485119047619 0.3262797619047619 0.023975694444444445 0.04409060846560847
2 0.08975198412698412 0.4634060846560846 0.039146825396825395 0.06365410052910053
2 0.213343253968254 0.5074305555555556 0.033311011904761906 0.02447420634920635
2 0.23974206349206348 0.6273776455026455 0.039427083333333335 0.04320436507936508
2 0.2846081349206349 0.48703703703703705 0.009064980158730158 0.013293650793650795
2 0.4132638888888889 0.711494708994709 0.06319692460317461 0.07005952380952381
2 0.47024801587301585 0.7671197089947089 0.026626984126984127 0.03455687830687831
2 0.44539434523809524 0.6816732804232805 0.02378720238095238 0.03313822751322751