1 0.27313244047619045 0.5005026455026454 0.020198412698412698 0.023647486772486775
2 0.38860119047619046 0.8171891534391534 0.015538194444444445 0.015241402116402118
1 0.37717509920634923 0.43503306878306874 0.02200892857142857 0.0253505291005291
2 0.309484126984127 0.7980787037037037 0.017046130952380955 0.015416666666666665
1 0.6111805555555556 0.5741335978835979 0.02396825396825397 0.03052248677248677
1 0.34222966269841265 0.32767195767195767 0.02462797619047619 0.02755952380952381
1 0.4024305555555555 0.44620370370370366 0.022678571428571426 0.02466600529100529
1 0.34242559523809524 0.4701917989417989 0.02208581349206349 0.024477513227513226
1 0.370984623015873 0.5837103174603175 0.027313988095238093 0.030198412698412697
1 0.45808035714285716 0.7372619047619048 0.030069444444444444 0.038283730158730156
1 0.45553571428571427 0.7025694444444445 0.023546626984126982 0.02738425925925926
1 0.5684449404761904 0.778234126984127 0.01718501984126984 0.0213260582010582
1 0.5493799603174603 0.7695866402116402 0.014494047619047618 0.01951058201058201
1 0.29408730158730156 0.7922056878306879 0.014136904761904762 0.020882936507936507
1 0.3021875 0.7579695767195767 0.01997767857142857 0.026382275132275132
1 0.5731001984126983 0.6824801587301588 0.01712549603174603 0.02655092592592593
1 0.4814211309523809 0.8262797619047619 0.027611607142857143 0.03679232804232804
1 0.4309325396825397 0.7625727513227513 0.02682291666666667 0.03325727513227513
1 0.3051785714285714 0.6024636243386243 0.02091269841269841 0.02604828042328042
1 0.3808333333333333 0.6643353174603175 0.02822420634920635 0.03376984126984127