1 0.6497147817460318 0.46106150793650796 0.017566964285714286 0.022827380952380953
1 0.656014384920635 0.1394940476190476 0.01679315476190476 0.02011904761904762
1 0.7671949404761904 0.5555390211640212 0.021029265873015873 0.024150132275132276
1 0.2769419642857143 0.6902149470899471 0.023077876984126982 0.028052248677248676
1 0.1854092261904762 0.5867824074074074 0.014040178571428572 0.018998015873015875
2 0.7130406746031747 0.9737268518518519 0.018720238095238095 0.02140542328042328
1 0.4320362103174603 0.8295965608465607 0.02359871031746032 0.03054563492063492
1 0.38585565476190475 0.7598611111111112 0.020386904761904762 0.027824074074074074
1 0.7229910714285714 0.533779761904762 0.019379960317460317 0.01873346560846561
1 0.4112326388888889 0.4104828042328042 0.01716765873015873 0.021841931216931215
1 0.7394642857142857 0.5548214285714286 0.018023313492063493 0.01701388888888889
1 0.39407986111111115 0.3471693121693121 0.017961309523809525 0.02732473544973545
1 0.20686755952380953 0.4035978835978836 0.01376984126984127 0.021144179894179892
1 0.7546850198412698 0.5826157407407407 0.022626488095238095 0.01890542328042328
1 0.34473710317460315 0.30160383597883594 0.01768105158730159 0.018389550264550265
1 0.15147817460317461 0.23750000000000002 0.01707093253968254 0.024183201058201056
1 0.46375992063492066 0.2823346560846561 0.02138640873015873 0.02668320105820106
1 0.7668278769841269 0.43179563492063494 0.01855654761904762 0.018300264550264553
1 0.6323214285714286 0.1438095238095238 0.01773561507936508 0.021891534391534392
1 0.5439657738095238 0.8481712962962963 0.018988095238095238 0.029818121693121695
1 0.7230853174603175 0.4462003968253968 0.01744047619047619 0.019801587301587303
1 0.20024553571428572 0.29404761904761906 0.015049603174603174 0.016729497354497355
1 0.1823139880952381 0.36443783068783064 0.012874503968253967 0.018336640211640214
1 0.17132936507936508 0.3481944444444445 0.015208333333333334 0.0197255291005291
1 0.3974280753968254 0.20740079365079364 0.020250496031746033 0.028263888888888887
1 0.4040376984126984 0.22167989417989417 0.01752232142857143 0.023439153439153437
1 0.5445287698412699 0.2171792328042328 0.015436507936507938 0.016888227513227515
1 0.5731225198412698 0.19823412698412698 0.013110119047619048 0.018766534391534393
1 0.5716344246031746 0.2664715608465608 0.011480654761904761 0.013859126984126982
1 0.618578869047619 0.34025132275132275 0.016133432539682538 0.02445436507936508
1 0.8126636904761905 0.4933333333333333 0.012661210317460318 0.01693452380952381
1 0.7299355158730159 0.718452380952381 0.014089781746031746 0.019467592592592592
1 0.8046676587301588 0.873723544973545 0.013874007936507936 0.019265873015873014
2 0.8284598214285714 0.8554166666666667 0.012306547619047618 0.015783730158730157
2 0.886827876984127 0.8136838624338624 0.010302579365079365 0.013323412698412699
2 0.6807738095238095 0.7845171957671958 0.009689980158730158 0.013158068783068784
2 0.5899627976190476 0.8526554232804232 0.009064980158730158 0.010264550264550264
1 0.5505233134920635 0.714209656084656 0.021959325396825397 0.029388227513227515
1 0.48492559523809525 0.5965310846560847 0.019888392857142858 0.02694775132275132
1 0.5053323412698413 0.6038260582010582 0.020069444444444445 0.027179232804232803
1 0.47219246031746037 0.616901455026455 0.020575396825396823 0.02153769841269841
1 0.5197321428571429 0.6743187830687831 0.019499007936507936 0.028670634920634923
1 0.4596651785714285 0.708508597883598 0.023645833333333335 0.025710978835978837
1 0.3973611111111111 0.7021527777777777 0.02091765873015873 0.02587962962962963
1 0.2726388888888889 0.9695436507936508 0.016398809523809524 0.022814153439153436
1 0.2852058531746032 0.9600496031746032 0.01748015873015873 0.02181216931216931
1 0.29857142857142854 0.9433531746031746 0.02110615079365079 0.024391534391534395
1 0.3212549603174603 0.9469543650793651 0.014704861111111111 0.01885251322751323
1 0.2714360119047619 0.9108531746031746 0.01568204365079365 0.021097883597883598
1 0.448702876984127 0.8735284391534393 0.018913690476190476 0.026382275132275132
1 0.44093253968253965 0.805082671957672 0.018549107142857145 0.023144841269841267
1 0.30588045634920635 0.8242791005291005 0.018854166666666665 0.02381283068783069
1 0.2818849206349206 0.5519675925925926 0.019630456349206352 0.025535714285714287
1 0.2998685515873016 0.5501157407407408 0.016259920634920634 0.02257936507936508
1 0.32055555555555554 0.5451388888888888 0.017043650793650795 0.020873015873015873
1 0.35419890873015875 0.5724140211640212 0.019327876984126986 0.023789682539682538
1 0.2686755952380952 0.5566534391534391 0.01802827380952381 0.023664021164021165
1 0.19706101190476188 0.687337962962963 0.01138888888888889 0.012986111111111111
1 0.1691765873015873 0.6265608465608465 0.013514384920634922 0.015843253968253968
1 0.4235069444444444 0.7341997354497354 0.01935763888888889 0.024103835978835978
1 0.4211532738095238 0.6247982804232804 0.01988343253968254 0.024305555555555556
1 0.4183705357142857 0.5679199735449736 0.023449900793650794 0.025965608465608463
1 0.22459325396825394 0.4676190476190476 0.015305059523809525 0.02021825396825397
1 0.19380704365079363 0.4426785714285715 0.01443452380952381 0.0167989417989418
1 0.3772842261904762 0.43978505291005293 0.0221875 0.026749338624338623
1 0.25150545634920635 0.41798941798941797 0.017388392857142856 0.019904100529100528
1 0.8452256944444444 0.4694940476190476 0.0078125 0.008435846560846562
1 0.8488070436507936 0.4780522486772487 0.008333333333333333 0.00904100529100529
1 0.8796180555555555 0.44310515873015877 0.00779265873015873 0.008052248677248677
1 0.9225421626984127 0.47416005291005286 0.008226686507936508 0.009229497354497355
1 0.8894419642857143 0.6684854497354498 0.006086309523809523 0.008330026455026455
1 0.8928224206349207 0.6656051587301587 0.0057316468253968255 0.0071263227513227514
1 0.8802108134920635 0.6467162698412698 0.0066071428571428574 0.006934523809523809
1 0.8502083333333333 0.5880522486772487 0.006388888888888889 0.009775132275132275
1 0.2692733134920635 0.7528637566137566 0.01771577380952381 0.024447751322751326
1 0.20696676587301588 0.6678174603174604 0.014072420634920636 0.015076058201058203
1 0.062269345238095235 0.5469708994708995 0.00873015873015873 0.009993386243386243
1 0.054873511904761904 0.5463458994708995 0.007433035714285714 0.008187830687830688
1 0.06740327380952381 0.536058201058201 0.007537202380952381 0.007972883597883597
1 0.033405257936507934 0.5598280423280424 0.00865327380952381 0.008740079365079366
1 0.04154265873015873 0.5583763227513228 0.008085317460317461 0.008587962962962962
1 0.040912698412698414 0.5482870370370371 0.0072817460317460315 0.010419973544973546
1 0.07229910714285714 0.6053935185185185 0.007239583333333334 0.006884920634920635
1 0.037485119047619045 0.6267658730158729 0.009595734126984126 0.010006613756613757
1 0.023432539682539683 0.6533895502645503 0.009340277777777777 0.00988425925925926
1 0.04514384920634921 0.679130291005291 0.007487599206349207 0.008541666666666666
1 0.03403521825396825 0.6790079365079366 0.00784970238095238 0.009398148148148149
1 0.07291666666666667 0.679864417989418 0.008479662698412698 0.00890873015873016
1 0.06808035714285714 0.6829993386243386 0.00578125 0.006924603174603175
1 0.052388392857142856 0.5544940476190476 0.008683035714285714 0.009626322751322752
1 0.059231150793650794 0.4894973544973545 0.00861359126984127 0.010591931216931217
1 0.007762896825396826 0.47381283068783064 0.008127480158730159 0.008938492063492063
1 0.018273809523809526 0.4361640211640212 0.009226190476190476 0.009024470899470899
1 0.03347470238095238 0.46048280423280424 0.009367559523809525 0.008693783068783068
1 0.11574156746031747 0.5291170634920634 0.007016369047619047 0.0083994708994709
1 0.15098214285714284 0.9032208994708996 0.014203869047619049 0.01761243386243386