1 0.3365575396825397 0.6913955026455028 0.029476686507936507 0.04043981481481482
1 0.7426041666666666 0.24705357142857143 0.028658234126984126 0.03539351851851852
1 0.4140426587301588 0.3406117724867725 0.023147321428571427 0.035029761904761904
1 0.1809747023809524 0.35224867724867726 0.0298015873015873 0.03177579365079365
1 0.6973759920634921 0.3804960317460317 0.02547123015873016 0.035208333333333335
1 0.39323412698412696 0.5160085978835979 0.02027777777777778 0.030889550264550262
1 0.6958680555555555 0.595300925925926 0.025002480158730158 0.030459656084656086
1 0.3707986111111111 0.536170634920635 0.026299603174603177 0.03166666666666667
1 0.694342757936508 0.47632275132275137 0.023973214285714285 0.027982804232804234
1 0.10101686507936508 0.5249140211640211 0.02756696428571429 0.027632275132275133
1 0.4559672619047619 0.3700727513227513 0.02559771825396825 0.03114748677248677
1 0.8854910714285714 0.7275727513227512 0.027274305555555555 0.029619708994708994
1 0.7611904761904762 0.7996494708994708 0.026669146825396825 0.034031084656084655
1 0.7793799603174604 0.5734887566137566 0.020186011904761905 0.025558862433862437
1 0.2982762896825397 0.3178968253968254 0.023621031746031744 0.025145502645502648
1 0.886922123015873 0.7944080687830688 0.02330109126984127 0.028673941798941796
1 0.44749751984126984 0.5189351851851852 0.018382936507936508 0.025155423280423278
1 0.43080853174603173 0.5302248677248678 0.01886656746031746 0.02967261904761905
1 0.6874528769841269 0.8866104497354498 0.020319940476190478 0.03031746031746032
1 0.7305109126984127 0.9562764550264551 0.022254464285714287 0.031607142857142854
1 0.7757440476190477 0.8666137566137566 0.01886656746031746 0.023865740740740743
1 0.7602628968253968 0.8737103174603175 0.017899305555555557 0.02644510582010582
1 0.7595362103174603 0.9037037037037038 0.020319940476190478 0.02709325396825397
1 0.7641319444444444 0.9527281746031747 0.014997519841269841 0.023220899470899472
1 0.7181746031746031 0.7804993386243386 0.019833829365079363 0.01806216931216931
1 0.8301686507936508 0.6476223544973545 0.022254464285714287 0.030962301587301587
1 0.881450892857143 0.6772949735449735 0.024188988095238097 0.023220899470899472
1 0.9486954365079365 0.7140608465608466 0.017415674603174603 0.023220899470899472
1 0.924749503968254 0.7440575396825397 0.020803571428571428 0.021286375661375662
1 0.8279910714285714 0.8685482804232804 0.01886656746031746 0.027738095238095235
1 0.8620982142857143 0.7550231481481482 0.018382936507936508 0.027738095238095235
1 0.8238789682539683 0.7779199735449734 0.020319940476190478 0.02580026455026455
1 0.7800967261904762 0.6905191798941799 0.020803571428571428 0.023865740740740743
1 0.7329290674603175 0.6482671957671957 0.020319940476190478 0.02193121693121693
1 0.892093253968254 0.8411342592592593 0.019350198412698413 0.02580026455026455
1 0.8613740079365079 0.8069477513227513 0.01886656746031746 0.016772486772486772
1 0.8301686507936508 0.5005522486772487 0.01451388888888889 0.02193121693121693
1 0.8071899801587302 0.47604166666666664 0.01886656746031746 0.02580026455026455
1 0.7827579365079365 0.46475198412698415 0.015481150793650793 0.023865740740740743
1 0.7549404761904762 0.4899107142857143 0.017899305555555557 0.021286375661375662
1 0.7595362103174603 0.5115178571428571 0.017415674603174603 0.023220899470899472
1 0.73921875 0.4976488095238096 0.013546626984126984 0.0225760582010582
1 0.7208333333333333 0.3850892857142857 0.019350198412698413 0.028382936507936506
1 0.7048685515873017 0.3363888888888889 0.016448412698412698 0.02644510582010582
1 0.7844518849206349 0.3518716931216931 0.017899305555555557 0.025155423280423278
1 0.8187996031746032 0.3647718253968254 0.014997519841269841 0.025155423280423278
1 0.6400421626984127 0.7008366402116402 0.020319940476190478 0.031607142857142854
1 0.6146453373015873 0.5753769841269841 0.015964781746031748 0.02064153439153439
1 0.6272222222222222 0.2909126984126984 0.021770833333333333 0.02709325396825397
1 0.7692137896825396 0.24221230158730161 0.024188988095238097 0.031607142857142854
1 0.7890476190476191 0.26188822751322755 0.02128720238095238 0.019351851851851853
1 0.6831001984126984 0.9014451058201057 0.018382936507936508 0.01999669312169312
1 0.9208779761904762 0.629239417989418 0.015964781746031748 0.017417328042328043
1 0.6688268849206349 0.30187830687830686 0.017899305555555557 0.02064153439153439
1 0.6443973214285714 0.43927248677248676 0.009675099206349206 0.02193121693121693
1 0.39258928571428575 0.18802910052910055 0.019833829365079363 0.025155423280423278
1 0.3529191468253968 0.11320436507936507 0.019833829365079363 0.023865740740740743
1 0.44193452380952386 0.13900793650793652 0.014997519841269841 0.014834656084656084
1 0.3821875 0.3289715608465608 0.019350198412698413 0.02451058201058201
1 0.4153273809523809 0.6498809523809523 0.019833829365079363 0.029027777777777777
1 0.44048363095238097 0.7550231481481482 0.012095734126984128 0.017417328042328043
1 0.42451884920634925 0.7582473544973545 0.012095734126984128 0.014834656084656084
1 0.3579985119047619 0.894672619047619 0.015481150793650793 0.01806216931216931
1 0.3754141865079365 0.8962863756613756 0.019350198412698413 0.01870701058201058
1 0.26535466269841274 0.3412268518518518 0.020803571428571428 0.03354166666666667
1 0.2844642857142857 0.23382936507936508 0.017415674603174603 0.021286375661375662
1 0.2189112103174603 0.17254960317460316 0.014030257936507936 0.017417328042328043
1 0.0907093253968254 0.3731580687830688 0.01886656746031746 0.023865740740740743
1 0.07184275793650793 0.3750925925925926 0.01886656746031746 0.025155423280423278
1 0.019833829365079363 0.5476421957671957 0.02128720238095238 0.019351851851851853
1 0.034831349206349206 0.6631018518518519 0.012579365079365079 0.016772486772486772
1 0.049828869047619045 0.673422619047619 0.017415674603174603 0.02064153439153439
1 0.09990079365079366 0.6976124338624339 0.014030257936507936 0.017417328042328043
1 0.09022569444444445 0.6679398148148148 0.012095734126984128 0.014834656084656084
1 0.2421329365079365 0.729864417989418 0.021770833333333333 0.01999669312169312
1 0.23197420634920637 0.7398644179894179 0.019833829365079363 0.019351851851851853
1 0.22108878968253967 0.6305291005291005 0.02128720238095238 0.023865740740740743
1 0.21141369047619046 0.5537698412698412 0.018382936507936508 0.02644510582010582
1 0.279625496031746 0.5757010582010582 0.020319940476190478 0.01999669312169312
1 0.12820188492063492 0.4960383597883598 0.019350198412698413 0.02451058201058201
1 0.1550520833333333 0.5511871693121693 0.02273809523809524 0.029027777777777777
1 0.14223214285714286 0.5798941798941799 0.024188988095238097 0.02451058201058201
1 0.5720709325396826 0.4776521164021164 0.017899305555555557 0.03031746031746032
1 0.5031324404761905 0.36219246031746033 0.010642361111111111 0.017417328042328043
1 0.6396130952380953 0.5726488095238096 0.01347718253968254 0.012645502645502646
1 0.6273859126984127 0.5501884920634921 0.01347718253968254 0.02162698412698413
1 0.6612003968253969 0.7691335978835979 0.017718253968253966 0.032275132275132276
1 0.7016269841269841 0.7952546296296296 0.018216765873015874 0.023290343915343917
2 0.42876488095238097 0.927771164021164 0.018462301587301586 0.023766534391534394
2 0.06334325396825397 0.846709656084656 0.017189980158730158 0.017824074074074072