2 0.9448834325396825 0.44999007936507934 0.016971726190476193 0.017800925925925925
2 0.11386160714285713 0.6179960317460317 0.019707341269841267 0.01423611111111111
2 0.9917906746031746 0.7682903439153439 0.015456349206349206 0.028101851851851854
2 0.9138839285714286 0.4586474867724868 0.015865575396825395 0.01488095238095238
2 0.8832366071428571 0.42514880952380957 0.014134424603174604 0.014947089947089948
2 0.5302703373015873 0.5248511904761906 0.01806299603174603 0.014642857142857143
2 0.3981150793650794 0.5296362433862434 0.01830605158730159 0.021805555555555554
2 0.9194394841269841 0.5051554232804233 0.015178571428571428 0.014897486772486772
2 0.14474454365079364 0.6167757936507937 0.022996031746031747 0.015119047619047619
2 0.8970486111111111 0.49186838624338625 0.01597470238095238 0.01496031746031746
2 0.6324206349206349 0.7681283068783069 0.007571924603174604 0.01033399470899471
2 0.7809747023809523 0.5510185185185185 0.01326140873015873 0.014308862433862434
2 0.8118204365079366 0.4900628306878307 0.015875496031746032 0.01534722222222222
2 0.9067534722222222 0.619728835978836 0.012946428571428572 0.013356481481481481
2 0.2765600198412698 0.5178571428571429 0.016909722222222225 0.014001322751322752
2 0.6876636904761905 0.69182208994709 0.016493055555555556 0.014702380952380953
2 0.20126488095238096 0.6418617724867725 0.018995535714285715 0.01748015873015873