1 0.4403968253968254 0.6544378306878307 0.02521825396825397 0.04016203703703704
1 0.6977554563492063 0.8663260582010582 0.025404265873015874 0.03243716931216931
1 0.3125124007936508 0.4784292328042328 0.031713789682539684 0.04025462962962963
1 0.45916170634920633 0.9619642857142857 0.024206349206349204 0.03976851851851852
1 0.47189732142857144 0.5805820105820106 0.028524305555555556 0.03106150793650794
1 0.6436532738095239 0.5498412698412698 0.020600198412698414 0.02769510582010582
1 0.6666939484126985 0.4610416666666667 0.024561011904761905 0.027007275132275133
1 0.6324702380952381 0.6342724867724867 0.01972470238095238 0.029421296296296296
1 0.41887896825396825 0.7666964285714285 0.028442460317460318 0.037394179894179896
1 0.704749503968254 0.32129298941798945 0.02400297619047619 0.023783068783068784
1 0.510999503968254 0.7140542328042329 0.02490327380952381 0.02955026455026455
1 0.3864930555555555 0.4923148148148148 0.027051091269841267 0.029351851851851855
1 0.6263665674603175 0.49306878306878305 0.01808531746031746 0.024427910052910055
1 0.613045634920635 0.5561474867724867 0.023568948412698413 0.02736441798941799
1 0.37092261904761903 0.5506415343915344 0.03017361111111111 0.03742724867724868
2 0.30738839285714287 0.42697420634920635 0.03211309523809523 0.036246693121693124
1 0.5593700396825397 0.46478174603174605 0.02338293650793651 0.025988756613756613
1 0.4945659722222222 0.32514880952380953 0.02117311507936508 0.02651785714285714
1 0.34289930555555553 0.3720304232804233 0.03005704365079365 0.03580687830687831
1 0.4883407738095238 0.674619708994709 0.024486607142857143 0.030307539682539686
2 0.3462103174603175 0.3091600529100529 0.03411458333333334 0.03803240740740741
2 0.2833333333333334 0.41181878306878306 0.02994047619047619 0.038664021164021165
1 0.6949107142857143 0.7918650793650793 0.01781746031746032 0.02736111111111111
2 0.2990997023809524 0.6686044973544973 0.022569444444444444 0.02796957671957672
1 0.5692410714285714 0.6151587301587301 0.02216269841269841 0.026421957671957673
1 0.6442261904761905 0.5969212962962963 0.02019593253968254 0.028829365079365083
1 0.49835565476190474 0.5120006613756614 0.02287202380952381 0.02076058201058201
1 0.6804885912698413 0.2764715608465608 0.019543650793650794 0.02226851851851852
1 0.5349330357142857 0.8239318783068783 0.020972222222222222 0.029401455026455026
1 0.4420634920634921 0.9324107142857143 0.027056051587301587 0.04237764550264551
1 0.6934871031746032 0.5653571428571429 0.022450396825396825 0.025363756613756616
1 0.4385267857142857 0.6885449735449735 0.025357142857142856 0.02738425925925926
1 0.2917237103174603 0.559404761904762 0.023953373015873015 0.03481812169312169
1 0.3121527777777778 0.5674867724867725 0.03172371031746032 0.038425925925925926
1 0.43827132936507934 0.3639583333333333 0.030084325396825397 0.035734126984126986
1 0.44120039682539686 0.19803902116402117 0.028442460317460318 0.036623677248677246
2 0.6006150793650793 0.20892526455026453 0.013425099206349206 0.01648809523809524
2 0.5857291666666666 0.20980158730158732 0.010835813492063492 0.013098544973544974
2 0.5967410714285715 0.22144510582010582 0.011803075396825397 0.014325396825396826
1 0.5188665674603175 0.3727744708994709 0.021986607142857145 0.028062169312169313
1 0.45441964285714287 0.36195105820105816 0.01744295634920635 0.028468915343915345
1 0.6492509920634921 0.4986474867724868 0.019263392857142857 0.025439814814814818
1 0.6759325396825397 0.6406415343915344 0.021041666666666667 0.026378968253968252
1 0.6316989087301588 0.7239186507936508 0.02172371031746032 0.030459656084656086
1 0.675562996031746 0.7658498677248676 0.020674603174603175 0.02830357142857143
1 0.5225595238095239 0.7307341269841269 0.02011656746031746 0.03085648148148148
1 0.5603397817460317 0.6718981481481481 0.01831845238095238 0.02019179894179894
1 0.4940252976190476 0.9737665343915344 0.0253546626984127 0.03464285714285714
1 0.4874826388888889 0.99182208994709 0.023869047619047616 0.01635251322751323
1 0.5298462301587302 0.9920072751322752 0.02042906746031746 0.015985449735449738
1 0.6512946428571429 0.9191534391534392 0.02013888888888889 0.02540343915343915
1 0.6890153769841271 0.9125363756613757 0.02023561507936508 0.03128306878306878
2 0.6637921626984127 0.9280588624338624 0.013891369047619046 0.025568783068783067
2 0.7564905753968254 0.9610218253968255 0.022584325396825398 0.03121031746031746
2 0.7655257936507937 0.8702612433862434 0.01753968253968254 0.023191137566137564
1 0.5174851190476191 0.5125330687830688 0.01978670634920635 0.02159060846560847
1 0.4467906746031746 0.5094014550264551 0.02850198412698413 0.03885582010582011
1 0.7535441468253968 0.7405886243386244 0.020753968253968257 0.029246031746031746
1 0.790592757936508 0.7613988095238095 0.01889136904761905 0.01867063492063492
1 0.5759325396825397 0.7464451058201058 0.017576884920634923 0.026987433862433862
2 0.5508630952380952 0.7306779100529102 0.01889136904761905 0.023389550264550266
1 0.598953373015873 0.5371494708994708 0.01951140873015873 0.023039021164021165
1 0.5714161706349206 0.5725231481481481 0.018343253968253967 0.029090608465608465
1 0.5526537698412699 0.5740740740740741 0.024082341269841268 0.02925595238095238
1 0.7644866071428571 0.4362466931216931 0.022080853174603173 0.028551587301587304
1 0.7431845238095238 0.38014219576719577 0.02107390873015873 0.028829365079365083
1 0.7242857142857143 0.3103339947089947 0.02248015873015873 0.03036706349206349
1 0.6087475198412698 0.3209953703703704 0.019928075396825395 0.023753306878306877
1 0.6762152777777778 0.8497552910052909 0.021979166666666668 0.028495370370370372
1 0.6934920634920635 0.8425859788359789 0.01625 0.020773809523809524
1 0.7127876984126984 0.8572089947089947 0.021765873015873016 0.02502645502645503
1 0.7272147817460318 0.8993849206349206 0.019377480158730157 0.024828042328042327
1 0.5128794642857143 0.8508002645502646 0.024486607142857143 0.03058531746031746
1 0.417390873015873 0.439917328042328 0.025885416666666668 0.03221891534391535
1 0.38682539682539685 0.7326917989417989 0.022708333333333334 0.03109457671957672
1 0.33827876984126987 0.9890674603174603 0.024761904761904763 0.021868386243386242
1 0.3580654761904762 0.9844708994708995 0.022681051587301587 0.03105820105820106
1 0.2941121031746031 0.6817195767195767 0.018407738095238095 0.022298280423280425
2 0.016929563492063492 0.4553902116402116 0.010290178571428572 0.010436507936507937
2 0.013559027777777777 0.46534391534391534 0.008893849206349206 0.011484788359788358
2 0.020711805555555556 0.4640112433862434 0.008030753968253968 0.008035714285714287
2 0.02208581349206349 0.49243055555555554 0.008859126984126983 0.011448412698412697
2 0.016341765873015873 0.5176388888888889 0.009109623015873015 0.010796957671957671
2 0.104265873015873 0.43683862433862436 0.008861607142857142 0.01261574074074074
2 0.15309027777777778 0.45765873015873015 0.009620535714285713 0.010261243386243386
2 0.15726438492063494 0.4482109788359789 0.010111607142857144 0.012572751322751324
2 0.14425099206349207 0.42214947089947086 0.008058035714285715 0.012308201058201058
2 0.15513640873015871 0.51 0.008474702380952381 0.01123015873015873
2 0.135625 0.5428703703703704 0.009389880952380952 0.0109755291005291
2 0.08855406746031746 0.5609656084656084 0.010823412698412698 0.014950396825396825
2 0.10063244047619048 0.33265873015873015 0.007485119047619048 0.011418650793650793
2 0.08925843253968253 0.3307175925925926 0.007648809523809524 0.01093915343915344
2 0.13384176587301586 0.4698544973544973 0.010404265873015874 0.011865079365079367
2 0.15970238095238093 0.48709656084656083 0.007787698412698412 0.009682539682539683
2 0.135577876984127 0.5134424603174603 0.006671626984126984 0.010257936507936508
2 0.17107638888888888 0.522962962962963 0.00959077380952381 0.009656084656084656
2 0.1633531746031746 0.5182473544973545 0.008541666666666666 0.011226851851851852
1 0.21134176587301587 0.32268849206349204 0.011560019841269841 0.011382275132275133
1 0.18286210317460316 0.33654761904761904 0.009593253968253968 0.0116005291005291
1 0.1337276785714286 0.3291071428571429 0.00886656746031746 0.011643518518518518
1 0.13466021825396826 0.3714715608465608 0.008767361111111111 0.010734126984126985
2 0.15228670634920635 0.4167063492063492 0.010634920634920636 0.011636904761904762
2 0.11472470238095238 0.4979001322751323 0.00621031746031746 0.009031084656084655
2 0.09590277777777778 0.4293220899470899 0.008499503968253969 0.011726190476190477
1 0.2061532738095238 0.24782738095238094 0.008385416666666668 0.010152116402116402
1 0.20693700396825396 0.2945138888888889 0.007991071428571429 0.008458994708994708
1 0.2343204365079365 0.475297619047619 0.010384424603174602 0.01253637566137566