1 0.7890228174603175 0.6311871693121693 0.019637896825396826 0.025793650793650792
1 0.44465277777777773 0.4924702380952381 0.01611359126984127 0.02226521164021164
1 0.6008829365079366 0.7273743386243386 0.018940972222222224 0.027863756613756615
1 0.3137797619047619 0.4049206349206349 0.015337301587301589 0.01934193121693122
1 0.4060639880952381 0.5844113756613757 0.017108134920634923 0.02228505291005291
1 0.9051438492063492 0.7116038359788359 0.02074652777777778 0.02197089947089947
1 0.2081374007936508 0.8214947089947089 0.014578373015873017 0.018399470899470898
1 0.704781746031746 0.5921626984126984 0.01470734126984127 0.0213260582010582
1 0.79875 0.393505291005291 0.015570436507936509 0.016008597883597882
1 0.31936259920634924 0.4729464285714286 0.01505704365079365 0.019930555555555556
1 0.6419518849206349 0.521765873015873 0.018013392857142856 0.016884920634920635
1 0.7303348214285714 0.332364417989418 0.016865079365079364 0.017959656084656085
1 0.6012251984126984 0.35125 0.015027281746031747 0.01857804232804233
1 0.2659598214285714 0.4810416666666667 0.015964781746031748 0.02127314814814815
1 0.4400248015873016 0.5549007936507937 0.016200396825396823 0.022046957671957673
1 0.7187673611111112 0.39496693121693127 0.014625496031746031 0.01871362433862434
1 0.7558581349206349 0.6116402116402117 0.016723710317460318 0.024778439153439157
1 0.3695833333333334 0.36737433862433866 0.017281746031746033 0.020367063492063492
2 0.8546999007936508 0.16416005291005292 0.0076537698412698415 0.009715608465608466
1 0.3246155753968254 0.5773511904761905 0.015064484126984128 0.020076058201058202
1 0.6628373015873016 0.2575958994708995 0.017038690476190478 0.019441137566137565
1 0.348484623015873 0.4745171957671958 0.019538690476190477 0.01916335978835979
1 0.5321850198412699 0.24019179894179896 0.00910218253968254 0.012453703703703703
1 0.3351264880952381 0.5611970899470899 0.015342261904761905 0.01675925925925926
1 0.16009424603174602 0.480188492063492 0.010208333333333333 0.016653439153439153
1 0.3818799603174603 0.43852843915343914 0.014568452380952382 0.019189814814814816
1 0.6712872023809524 0.680297619047619 0.016765873015873015 0.02441798941798942
1 0.3968229166666667 0.6781117724867726 0.01828125 0.029636243386243388
1 0.49226934523809524 0.6102182539682539 0.015245535714285713 0.023736772486772487
1 0.29675099206349204 0.5951554232804233 0.014057539682539682 0.01818121693121693
1 0.6619518849206348 0.5293452380952381 0.01480406746031746 0.023627645502645504
1 0.28747271825396825 0.39584656084656084 0.013980654761904762 0.01816468253968254
1 0.4797296626984127 0.566686507936508 0.01589781746031746 0.0188260582010582
1 0.2978720238095238 0.6930555555555556 0.013467261904761904 0.01920304232804233
1 0.9082440476190476 0.314239417989418 0.01693452380952381 0.017982804232804232
1 0.22309771825396824 0.8808267195767195 0.011500496031746032 0.017119708994708997
1 0.23438740079365078 0.8735085978835978 0.011078869047619047 0.012119708994708994
1 0.19986607142857143 0.8392294973544974 0.013812003968253968 0.018227513227513228
1 0.23706349206349206 0.8543518518518518 0.012333829365079364 0.014748677248677249
1 0.22248015873015872 0.7532804232804233 0.014476686507936508 0.020542328042328042
1 0.20409970238095237 0.7566236772486773 0.014446924603174604 0.019206349206349206
1 0.19187251984126985 0.7485284391534393 0.013479662698412699 0.01666005291005291
1 0.19811011904761905 0.7199371693121693 0.015719246031746032 0.022096560846560843
1 0.2384375 0.7462533068783069 0.01601686507936508 0.022903439153439155
1 0.3147073412698413 0.6889186507936508 0.014077380952380952 0.022688492063492063
1 0.22624751984126984 0.6443419312169312 0.011445932539682539 0.016223544973544973
1 0.23745535714285712 0.6403472222222223 0.010967261904761905 0.01707010582010582
1 0.16013392857142855 0.6436441798941799 0.01021329365079365 0.01322420634920635
1 0.17694196428571426 0.6182175925925926 0.010711805555555554 0.01322089947089947
1 0.1670907738095238 0.607089947089947 0.009677579365079366 0.013171296296296296
1 0.24091765873015872 0.5638723544973545 0.01402281746031746 0.01746031746031746
1 0.21825644841269842 0.5615310846560846 0.013856646825396824 0.016789021164021166
1 0.33839533730158733 0.6480853174603174 0.015691964285714285 0.02290674603174603
1 0.3519940476190476 0.6533498677248677 0.015518353174603174 0.022195767195767196
1 0.37656249999999997 0.6437797619047619 0.014950396825396825 0.019917328042328042
1 0.3878869047619048 0.712936507936508 0.017130456349206347 0.022549603174603174
1 0.4032589285714286 0.7192261904761905 0.01896329365079365 0.020677910052910052
1 0.38357142857142856 0.73744708994709 0.015726686507936505 0.02259920634920635
1 0.3995957341269841 0.740816798941799 0.019665178571428573 0.02210978835978836
1 0.36137896825396826 0.7457010582010583 0.01529513888888889 0.02304563492063492
1 0.3566269841269841 0.8147883597883598 0.012418154761904762 0.0199239417989418
1 0.3965873015873016 0.8626884920634921 0.011049107142857142 0.019384920634920633
1 0.41839781746031746 0.8691798941798942 0.014925595238095238 0.01710978835978836
1 0.41838045634920634 0.8555522486772487 0.015815972222222224 0.021167328042328043
1 0.46773809523809523 0.8871263227513227 0.013050595238095238 0.018482142857142857
1 0.4684250992063492 0.9127546296296296 0.015079365079365078 0.02076058201058201
1 0.45678323412698413 0.92078373015873 0.012217261904761904 0.020763888888888887
1 0.4973611111111111 0.9120403439153439 0.014407242063492065 0.02013558201058201
1 0.5217460317460317 0.9285681216931216 0.015012400793650795 0.02187830687830688
1 0.529171626984127 0.8825330687830688 0.01581845238095238 0.022939814814814816
1 0.49582341269841274 0.8810383597883599 0.017435515873015874 0.022361111111111113
1 0.6953769841269842 0.8877579365079364 0.013980654761904762 0.018134920634920636
1 0.5736160714285715 0.768015873015873 0.014841269841269843 0.02191468253968254
1 0.5542311507936507 0.7779861111111112 0.018578869047619045 0.02428240740740741
1 0.5220362103174603 0.7800595238095238 0.014737103174603175 0.02191798941798942
1 0.5384945436507936 0.7650925925925925 0.017276785714285713 0.023296957671957674
1 0.7337053571428572 0.8438525132275132 0.014885912698412699 0.01957010582010582
1 0.7442485119047619 0.8117361111111111 0.014692460317460318 0.02000330687830688
1 0.743891369047619 0.7739914021164022 0.018154761904761906 0.024361772486772487
1 0.8546552579365079 0.8656481481481481 0.018236607142857145 0.023568121693121693
1 0.8530605158730159 0.8855753968253969 0.017026289682539685 0.02184854497354497
1 0.8777083333333333 0.8637268518518518 0.016830357142857143 0.02169973544973545
1 0.9584771825396825 0.8370899470899471 0.01614583333333333 0.022761243386243385
1 0.9732118055555555 0.8325628306878307 0.015813492063492064 0.020082671957671955
1 0.9467509920634921 0.8283267195767197 0.014856150793650793 0.017549603174603176
1 0.9354092261904763 0.8293518518518519 0.014444444444444446 0.016964285714285713
1 0.929484126984127 0.7669345238095239 0.016946924603174603 0.020803571428571428
1 0.8835267857142858 0.7629960317460318 0.016589781746031745 0.02150793650793651
1 0.8502182539682539 0.7725099206349207 0.01777529761904762 0.02007936507936508
1 0.924312996031746 0.7152843915343915 0.019965277777777776 0.02572089947089947
1 0.8075694444444445 0.7222883597883597 0.015131448412698412 0.015317460317460318
1 0.785436507936508 0.6998148148148148 0.01738343253968254 0.023161375661375664
1 0.7717708333333334 0.7078637566137566 0.017770337301587304 0.018799603174603174
1 0.6944990079365079 0.6961871693121693 0.01615327380952381 0.023161375661375664
1 0.6485416666666667 0.6973247354497355 0.015793650793650794 0.022136243386243384
1 0.630657242063492 0.69375 0.014174107142857143 0.018287037037037036
1 0.7122891865079365 0.6728736772486772 0.016924603174603172 0.020744047619047617
1 0.7469295634920635 0.6267724867724868 0.017576884920634923 0.02620701058201058
1 0.8201215277777778 0.620542328042328 0.017686011904761906 0.022324735449735452
1 0.6703745039682539 0.5896693121693122 0.012445436507936508 0.019970238095238096
1 0.6898387896825396 0.5965608465608465 0.014751984126984126 0.017916666666666668
1 0.5997470238095237 0.8760251322751322 0.014218749999999999 0.02254298941798942
1 0.4440699404761905 0.6747387566137566 0.015151289682539683 0.022496693121693122
1 0.5097643849206349 0.6504662698412699 0.01737103174603175 0.024107142857142858
1 0.5076612103174604 0.6916402116402116 0.01662698412698413 0.02462632275132275
1 0.523608630952381 0.6815376984126984 0.015815972222222224 0.023561507936507936
1 0.557576884920635 0.6248974867724868 0.016490575396825396 0.02048280423280423
1 0.5781299603174603 0.5883664021164021 0.014538690476190476 0.022642195767195766
1 0.5891021825396826 0.5893915343915344 0.014000496031746032 0.02205687830687831
1 0.4745337301587301 0.6218584656084656 0.014714781746031745 0.02166005291005291
1 0.3368576388888889 0.581220238095238 0.013678075396825397 0.018912037037037036
1 0.3174206349206349 0.5782341269841269 0.009804067460317461 0.017556216931216933
1 0.45259672619047614 0.5522982804232804 0.011123511904761905 0.01847883597883598
1 0.5237400793650793 0.5625462962962964 0.014563492063492063 0.01785383597883598
1 0.5473561507936509 0.5635714285714286 0.012862103174603174 0.01726851851851852
1 0.5326240079365079 0.5929365079365079 0.015106646825396825 0.02056547619047619
1 0.6022222222222222 0.5750992063492063 0.012998511904761903 0.015906084656084656
1 0.6249900793650793 0.5251488095238095 0.012738095238095238 0.018287037037037036
1 0.6269419642857142 0.5074041005291006 0.012061011904761906 0.01710978835978836
1 0.6555208333333333 0.49075727513227513 0.014786706349206348 0.018134920634920636
1 0.651326884920635 0.41887896825396825 0.013943452380952381 0.01889219576719577
1 0.663263888888889 0.4757671957671958 0.013072916666666667 0.01982142857142857
1 0.6749900793650794 0.4709986772486772 0.013263888888888888 0.016888227513227515
1 0.6923933531746032 0.4436474867724867 0.016393849206349204 0.020257936507936506
1 0.6751140873015873 0.5058630952380953 0.017172619047619048 0.019966931216931216
1 0.6187078373015873 0.4979100529100529 0.013040674603174603 0.01593915343915344
1 0.5598685515873015 0.42504629629629626 0.01414186507936508 0.016044973544973546
1 0.5157415674603174 0.3992526455026455 0.014972718253968254 0.019229497354497353
1 0.5463690476190476 0.405300925925926 0.015848214285714285 0.018131613756613756
1 0.5647891865079365 0.38594246031746027 0.013095238095238094 0.015046296296296295
1 0.5783556547619048 0.383505291005291 0.012514880952380953 0.015453042328042328
1 0.5749875992063492 0.3526719576719577 0.01320436507936508 0.018452380952380953
1 0.5863839285714286 0.3445337301587301 0.01570436507936508 0.019332010582010582
1 0.7193774801587302 0.33034391534391533 0.01592261904761905 0.01998346560846561
1 0.7610044642857142 0.35078373015873016 0.01564484126984127 0.0179728835978836
1 0.7478323412698413 0.34429232804232807 0.013444940476190477 0.015552248677248678
1 0.6709771825396825 0.3757705026455026 0.01265873015873016 0.01713293650793651
1 0.8619122023809523 0.4561342592592592 0.01542906746031746 0.01949404761904762
1 0.8771304563492064 0.459890873015873 0.015007440476190476 0.01710978835978836
1 0.8850669642857143 0.4471825396825397 0.015143849206349208 0.01935515873015873
1 0.9143923611111111 0.3676851851851852 0.01742063492063492 0.02132936507936508
1 0.7805729166666666 0.28214616402116405 0.012018849206349207 0.014226190476190477
1 0.775766369047619 0.30063161375661374 0.012217261904761904 0.014589947089947089
1 0.7465625 0.3134292328042328 0.01572420634920635 0.017622354497354498
1 0.45461061507936507 0.37996031746031744 0.009965277777777778 0.016372354497354497
1 0.3878298611111111 0.40701719576719575 0.013861607142857143 0.01802579365079365
1 0.3706894841269841 0.4294047619047619 0.014937996031746031 0.019130291005291004
1 0.36988343253968253 0.4342427248677249 0.014652777777777777 0.01790674603174603
1 0.3577827380952381 0.4425033068783069 0.014779265873015875 0.018287037037037036
1 0.3594122023809524 0.42368386243386247 0.014052579365079363 0.017903439153439154
1 0.33318452380952385 0.421167328042328 0.01519593253968254 0.01870701058201058
1 0.3036855158730159 0.47092923280423277 0.016964285714285716 0.019639550264550266
1 0.3051116071428572 0.48386904761904764 0.014935515873015873 0.015869708994708995
1 0.22686507936507938 0.4449007936507937 0.016398809523809524 0.02003968253968254
1 0.16854166666666665 0.4773578042328042 0.010151289682539682 0.015770502645502643
1 0.14687003968253967 0.5378935185185185 0.013603670634920635 0.015945767195767194
1 0.45799851190476193 0.29249007936507937 0.010032242063492064 0.011749338624338624
1 0.3570833333333333 0.30934854497354497 0.012849702380952382 0.016570767195767194
1 0.31881696428571427 0.33642526455026456 0.01296875 0.0190244708994709
1 0.29770089285714285 0.3722685185185185 0.015319940476190477 0.02000330687830688
1 0.2675595238095238 0.3715509259259259 0.012251984126984127 0.015525793650793651
1 0.255 0.36956679894179895 0.013933531746031746 0.016114417989417987
1 0.3159895833333333 0.2470601851851852 0.009087301587301587 0.012483465608465609
1 0.3364856150793651 0.274239417989418 0.00882936507936508 0.011841931216931218
1 0.329437003968254 0.27436177248677246 0.007651289682539683 0.01097883597883598
2 0.12087549603174604 0.4254761904761905 0.006778273809523809 0.010426587301587301
1 0.2061111111111111 0.585271164021164 0.011418650793650793 0.014460978835978834
1 0.19906498015873017 0.5872949735449735 0.010240575396825397 0.013505291005291006
1 0.15405505952380952 0.5702612433862434 0.008139880952380952 0.009437830687830688
1 0.1838814484126984 0.5195006613756614 0.012373511904761905 0.014031084656084656
1 0.19938988095238097 0.4992857142857143 0.012557043650793652 0.015823412698412698
1 0.1965997023809524 0.40453042328042327 0.009479166666666667 0.012979497354497355
1 0.1908953373015873 0.4036507936507937 0.00931795634920635 0.012886904761904761
1 0.4734945436507937 0.16412698412698412 0.011180555555555555 0.016068121693121693
1 0.4736582341269841 0.18124338624338626 0.011827876984126984 0.016408730158730157
1 0.4531374007936508 0.17729166666666665 0.012549603174603175 0.01628637566137566
1 0.4939955357142857 0.23096891534391537 0.009898313492063491 0.012523148148148148
1 0.4876190476190476 0.21198412698412697 0.006403769841269841 0.00789021164021164
1 0.5594667658730159 0.21743386243386242 0.007289186507936508 0.009341931216931217
1 0.46146329365079364 0.29820767195767195 0.009365079365079364 0.01144510582010582
1 0.5255580357142857 0.389130291005291 0.013025793650793652 0.015515873015873016
1 0.6232366071428571 0.42110780423280425 0.01232638888888889 0.015889550264550262
1 0.7469940476190476 0.3924669312169312 0.014427083333333333 0.017744708994708994
1 0.7911160714285714 0.39121362433862433 0.012251984126984127 0.015238095238095238
1 0.9587698412698413 0.4936541005291005 0.01494295634920635 0.017956349206349205
1 0.954265873015873 0.3436111111111111 0.014365079365079365 0.017251984126984126
1 0.8508159722222222 0.4805952380952381 0.011267361111111112 0.014556878306878308
1 0.3472891865079365 0.7945866402116402 0.014188988095238095 0.020866402116402116
1 0.34654761904761905 0.7296924603174604 0.014377480158730159 0.021074735449735447
1 0.2452876984126984 0.7313260582010582 0.01435515873015873 0.01990079365079365
1 0.1913640873015873 0.6609821428571429 0.010677083333333332 0.01476521164021164
1 0.18506696428571429 0.6359060846560847 0.009330357142857142 0.01183531746031746
1 0.21748511904761905 0.7130886243386244 0.010416666666666666 0.015648148148148147
1 0.2008407738095238 0.7008796296296297 0.01212797619047619 0.013452380952380952
1 0.3233035714285714 0.6793650793650794 0.011284722222222222 0.014312169312169313
1 0.363125 0.6035945767195767 0.014975198412698414 0.02153769841269841
1 0.3869940476190476 0.33188161375661374 0.012237103174603175 0.014904100529100529
1 0.28224454365079366 0.33488756613756615 0.013683035714285715 0.01703042328042328
2 0.11139880952380952 0.6347685185185185 0.008246527777777778 0.01123015873015873
2 0.11798611111111111 0.6283333333333333 0.008167162698412698 0.01113425925925926
2 0.10055555555555555 0.6512830687830687 0.008025793650793651 0.010922619047619047
2 0.08848462301587301 0.6336706349206349 0.008249007936507936 0.009715608465608466
2 0.1295808531746032 0.5978869047619048 0.007524801587301587 0.008578042328042329
2 0.08200396825396825 0.44613095238095235 0.007787698412698412 0.008402777777777778
1 0.2823189484126984 0.5269510582010583 0.014446924603174604 0.017757936507936507
1 0.2786755952380952 0.5383630952380952 0.015198412698412699 0.017585978835978837
1 0.28377232142857145 0.4887797619047619 0.012626488095238095 0.017447089947089947
1 0.513983134920635 0.3162533068783069 0.009821428571428571 0.012261904761904762
1 0.5614260912698413 0.3549305555555555 0.012053571428571429 0.015198412698412699
1 0.6102852182539683 0.8784259259259259 0.012160218253968255 0.02160714285714286
1 0.6962847222222223 0.334702380952381 0.012075892857142856 0.017847222222222223
1 0.5812946428571429 0.40132605820105816 0.012720734126984127 0.013819444444444445
2 0.9268675595238095 0.24591931216931215 0.009508928571428573 0.00927910052910053
2 0.9319890873015874 0.2527810846560846 0.007043650793650793 0.0077546296296296295
2 0.9410143849206349 0.25505291005291003 0.007299107142857143 0.008637566137566138
2 0.9507614087301587 0.24793650793650793 0.007986111111111112 0.00863425925925926
2 0.9769940476190475 0.2676124338624339 0.008090277777777778 0.009960317460317461
2 0.9816716269841269 0.2722387566137566 0.008804563492063492 0.008842592592592593
2 0.967564484126984 0.27656084656084656 0.008038194444444443 0.007658730158730159
2 0.9897569444444444 0.3435912698412698 0.009109623015873015 0.01
2 0.9826512896825397 0.3385218253968254 0.004558531746031746 0.006574074074074073
2 0.9860689484126984 0.38579034391534395 0.007785218253968254 0.00959325396825397
2 0.9755853174603174 0.3989914021164021 0.007708333333333333 0.008538359788359788
2 0.9832242063492064 0.5213392857142857 0.00890376984126984 0.009193121693121694
2 0.9895014880952381 0.5132903439153439 0.00824404761904762 0.008343253968253968
2 0.9913070436507936 0.5231018518518519 0.008296130952380952 0.009057539682539683
2 0.9726364087301588 0.5155257936507937 0.008571428571428572 0.007936507936507936
2 0.9606001984126984 0.5192724867724867 0.008392857142857143 0.009937169312169312
2 0.9418650793650793 0.5057142857142857 0.006507936507936508 0.007225529100529101
2 0.9959623015873016 0.4954728835978836 0.007420634920634921 0.008707010582010581
1 0.9126364087301587 0.4063756613756614 0.010515873015873015 0.012939814814814815
2 0.9887698412698412 0.4732043650793651 0.006961805555555555 0.006875
2 0.9967485119047619 0.3571759259259259 0.00650297619047619 0.009715608465608466
2 0.9104885912698413 0.25316798941798946 0.007150297619047619 0.008525132275132276
2 0.8680357142857144 0.22910052910052908 0.007286706349206349 0.007982804232804234
2 0.8264608134920635 0.22591600529100528 0.005783730158730159 0.00832010582010582
2 0.9159002976190476 0.1800033068783069 0.006277281746031746 0.008624338624338623
2 0.9216691468253968 0.1706150793650794 0.006634424603174603 0.005707671957671958
2 0.9303373015873015 0.18190145502645505 0.006686507936507937 0.00753968253968254
2 0.9974975198412698 0.1952744708994709 0.005002480158730159 0.009272486772486772
2 0.9982986111111111 0.21759589947089947 0.003402777777777778 0.009375
2 0.9738045634920636 0.24893518518518518 0.006691468253968254 0.010433201058201058
2 0.9351165674603175 0.24005291005291005 0.008110119047619048 0.008531746031746033
2 0.8742857142857142 0.23680555555555557 0.008055555555555555 0.010582010582010581
1 0.023836805555555556 0.5525198412698412 0.007048611111111111 0.009447751322751323
1 0.010394345238095237 0.5613128306878307 0.00875248015873016 0.01031084656084656