2 0.9706597222222222 0.3161111111111111 0.02613343253968254 0.023412698412698413
2 0.9091889880952381 0.15854828042328042 0.027879464285714285 0.02601851851851852
2 0.885 0.11284060846560848 0.020322420634920634 0.026005291005291007
2 0.44538194444444446 0.9059226190476192 0.014995039682539683 0.015813492063492064
2 0.023948412698412698 0.7172089947089948 0.017509920634920635 0.018680555555555558
2 0.9902108134920635 0.03954034391534391 0.019578373015873014 0.027976190476190474
2 0.2603869047619048 0.9700363756613756 0.014868551587301588 0.02120701058201058
2 0.0756374007936508 0.3361871693121693 0.02519345238095238 0.0215707671957672
2 0.38036458333333334 0.40568783068783065 0.015012400793650795 0.015876322751322752
2 0.38609126984126985 0.9725958994708995 0.02070436507936508 0.025532407407407406
2 0.02019097222222222 0.7673115079365079 0.020146329365079367 0.020945767195767198
2 0.9827430555555555 0.5072354497354498 0.02050099206349206 0.024778439153439157
2 0.3953000992063492 0.8281316137566137 0.014972718253968254 0.014894179894179894
2 0.27074156746031747 0.5388525132275133 0.01679563492063492 0.020949074074074075
2 0.7978497023809523 0.5152810846560847 0.019774305555555555 0.01967261904761905
2 0.7390079365079365 0.23052579365079365 0.016217757936507936 0.0184755291005291
2 0.0428968253968254 0.9270502645502646 0.019402281746031747 0.020277777777777777
2 0.27384424603174606 0.8740178571428572 0.013697916666666666 0.015932539682539684
2 0.22827132936507935 0.9689484126984127 0.015131448412698412 0.01283399470899471
2 0.11913938492063492 0.15636243386243384 0.019312996031746032 0.02060515873015873
2 0.22762152777777778 0.93640873015873 0.015441468253968254 0.018244047619047618
2 0.7861135912698413 0.25889550264550265 0.018546626984126985 0.020324074074074074
2 0.2745808531746031 0.4559027777777778 0.015367063492063493 0.020109126984126986
2 0.19753720238095238 0.9930357142857144 0.01718501984126984 0.013931878306878307
2 0.9335069444444445 0.06089285714285714 0.022199900793650796 0.021068121693121694
2 0.9544097222222222 0.8499933862433863 0.02158482142857143 0.02238756613756614
2 0.7129861111111112 0.3265046296296296 0.01734375 0.018012566137566136
2 0.962641369047619 0.5211375661375661 0.01763888888888889 0.02446759259259259
2 0.39441964285714287 0.6207837301587301 0.011006944444444446 0.013177910052910054
2 0.3242286706349206 0.8259689153439154 0.01709325396825397 0.016527777777777777
2 0.11451636904761905 0.5631448412698413 0.01611111111111111 0.01701058201058201
2 0.32905257936507937 0.7629794973544973 0.014246031746031746 0.013174603174603176
2 0.8792633928571428 0.7794444444444444 0.020292658730158727 0.01826719576719577
2 0.1800421626984127 0.6868055555555556 0.01609126984126984 0.014761904761904763
2 0.35115327380952377 0.9927744708994709 0.015788690476190477 0.014451058201058202
2 0.9920659722222223 0.4839252645502646 0.015319940476190477 0.023809523809523808
2 0.05030257936507936 0.3061541005291005 0.01687251984126984 0.018697089947089948
2 0.5502901785714286 0.7800297619047619 0.020027281746031748 0.014771825396825398
2 0.7516666666666666 0.32558862433862434 0.018725198412698412 0.02259920634920635
2 0.40055555555555555 0.9078637566137566 0.014037698412698413 0.014146825396825397
2 0.31563492063492066 0.9201025132275131 0.013603670634920635 0.013125
2 0.13400049603174602 0.35737103174603174 0.01631448412698413 0.01823743386243386
2 0.30076636904761905 0.7477347883597883 0.015267857142857144 0.01650462962962963
2 0.6053100198412699 0.9812830687830688 0.0186359126984127 0.01814484126984127
2 0.17666170634920633 0.4333994708994709 0.018727678571428572 0.014434523809523809
2 0.7170411706349207 0.4752248677248677 0.017606646825396824 0.017605820105820107
2 0.21045386904761904 0.5587632275132275 0.014382440476190477 0.013373015873015872
2 0.1628000992063492 0.8193683862433863 0.014883432539682539 0.017671957671957672
2 0.7269022817460317 0.5173842592592592 0.014851190476190476 0.01558201058201058
2 0.2959126984126984 0.9344312169312169 0.016381448412698413 0.016137566137566138
2 0.11671626984126984 0.786140873015873 0.014675099206349207 0.018035714285714287
2 0.4138541666666667 0.9657969576719577 0.015967261904761904 0.019563492063492064
2 0.10233878968253968 0.375545634920635 0.022983630952380953 0.01915674603174603
2 0.14301339285714285 0.39642526455026456 0.01503968253968254 0.01628637566137566
2 0.1196577380952381 0.8764186507936508 0.0161780753968254 0.018720238095238095
2 0.657326388888889 0.7593981481481482 0.013578869047619048 0.012371031746031744
2 0.23032242063492062 0.8688161375661376 0.011009424603174603 0.014103835978835978
2 0.4097420634920635 0.5329794973544973 0.013831845238095239 0.014169973544973546
2 0.2161830357142857 0.5247486772486772 0.014027777777777778 0.0135515873015873
2 0.36161954365079363 0.617364417989418 0.01304811507936508 0.01271164021164021
2 0.4059747023809524 0.7200859788359788 0.01123015873015873 0.011560846560846562
2 0.26061011904761905 0.09136243386243385 0.014186507936507936 0.01558531746031746
2 0.2751736111111111 0.5746626984126985 0.016294642857142858 0.016061507936507936
2 0.39979166666666666 0.4855886243386244 0.015515873015873016 0.01390873015873016
2 0.6911855158730159 0.8614021164021164 0.01458829365079365 0.015912698412698413
2 0.35651785714285716 0.42221560846560846 0.011832837301587303 0.01361111111111111
2 0.14433779761904764 0.36575727513227513 0.020384424603174602 0.020810185185185185
2 0.3475024801587302 0.2910416666666667 0.014317956349206348 0.014857804232804233
2 0.7645808531746031 0.6920998677248676 0.017490079365079365 0.015072751322751323
2 0.20680059523809524 0.1821660052910053 0.016031746031746032 0.015033068783068784
2 0.4411954365079365 0.5435350529100529 0.010659722222222221 0.011749338624338624
2 0.16327132936507935 0.3291170634920635 0.015416666666666665 0.01900793650793651
2 0.01347718253968254 0.2035945767195767 0.016428571428571428 0.01731812169312169
2 0.4414707341269841 0.3068650793650794 0.013038194444444444 0.015082671957671958
2 0.29048363095238094 0.8090806878306878 0.01849950396825397 0.014057539682539682
2 0.1306919642857143 0.3046362433862434 0.014268353174603175 0.014755291005291004
2 0.19003968253968254 0.8297486772486772 0.011254960317460318 0.012199074074074074
2 0.05782242063492063 0.9441335978835979 0.01834077380952381 0.02091600529100529
2 0.43838293650793647 0.650079365079365 0.008549107142857143 0.01283068783068783
2 0.30002728174603177 0.8110152116402117 0.015917658730158733 0.014325396825396826
2 0.28220734126984126 0.5799768518518518 0.015414186507936507 0.015492724867724869
2 0.7804935515873015 0.6952579365079365 0.017018849206349208 0.015109126984126984
2 0.42730406746031746 0.6225066137566138 0.014722222222222222 0.01759920634920635
2 0.2826512896825397 0.10223214285714285 0.015146329365079364 0.016121031746031748
2 0.14298611111111112 0.2440410052910053 0.013638392857142858 0.014404761904761906
2 0.784000496031746 0.28627645502645505 0.016292162698412698 0.01659722222222222
2 0.46578125 0.38445436507936503 0.01452876984126984 0.012083333333333333
2 0.18682291666666667 0.42945436507936513 0.02179563492063492 0.016183862433862432
2 0.7553993055555556 0.1343915343915344 0.014809027777777779 0.01906084656084656