1 0.9886507936507936 0.3890839947089947 0.022700892857142857 0.03696097883597883
1 0.48898561507936505 0.5097486772486772 0.031021825396825395 0.035386904761904765
1 0.092703373015873 0.07270171957671957 0.028767361111111108 0.039457671957671955
1 0.5101934523809524 0.41153769841269844 0.02748015873015873 0.035595238095238096
2 0.5850520833333333 0.1451058201058201 0.028058035714285712 0.03826719576719577
1 0.10235119047619048 0.31923941798941796 0.02903521825396825 0.03615410052910053
1 0.7602802579365079 0.08284060846560846 0.027058531746031744 0.027529761904761904
1 0.47476438492063494 0.477635582010582 0.02451388888888889 0.034070767195767196
1 0.9366369047619048 0.40688492063492065 0.027003968253968252 0.030284391534391535
1 0.9262053571428571 0.8528075396825396 0.03475198412698413 0.032020502645502644
1 0.49292410714285717 0.38170965608465607 0.025763888888888888 0.03162698412698413
1 0.11497271825396825 0.3557539682539682 0.02923859126984127 0.03295304232804233
2 0.6263045634920635 0.34614087301587304 0.021485615079365077 0.029543650793650796
2 0.5243874007936508 0.07356481481481482 0.026661706349206348 0.039632936507936506
1 0.14808035714285714 0.33181878306878304 0.030674603174603177 0.036173941798941796
2 0.7671453373015873 0.5136574074074074 0.01847718253968254 0.023505291005291005
2 0.630094246031746 0.12988095238095237 0.02259672619047619 0.029947089947089948
1 0.47169146825396824 0.4456878306878307 0.030949900793650797 0.027569444444444445
1 0.6686855158730158 0.36873677248677245 0.023219246031746032 0.02910383597883598
2 0.9881026785714286 0.4496494708994709 0.023797123015873018 0.033098544973544974
1 0.7461210317460317 0.10989417989417989 0.021431051587301585 0.028799603174603176
1 0.06154017857142857 0.24585648148148148 0.027762896825396826 0.037037037037037035
1 0.11983382936507937 0.057159391534391535 0.027842261904761904 0.0330026455026455
2 0.665701884920635 0.17159060846560847 0.02077628968253968 0.025479497354497352
1 0.9902455357142858 0.5981845238095238 0.01951140873015873 0.03325396825396826
1 0.6054910714285715 0.8725595238095237 0.023350694444444445 0.028492063492063492
1 0.6682862103174604 0.31960978835978837 0.02249751984126984 0.030949074074074077
1 0.625999503968254 0.18705357142857143 0.021961805555555554 0.03052579365079365
1 0.5945510912698413 0.439672619047619 0.024528769841269844 0.03290343915343916
2 0.6286061507936508 0.5853339947089947 0.026887400793650793 0.029401455026455026
1 0.8780332341269841 0.4903637566137566 0.022651289682539683 0.029556878306878306
1 0.49852430555555555 0.06111441798941799 0.02736359126984127 0.040942460317460315
2 0.7005679563492063 0.13820767195767195 0.016416170634920634 0.024533730158730158
1 0.7427554563492064 0.45767857142857143 0.02512896825396825 0.027083333333333334
2 0.7301909722222223 0.20667328042328043 0.022490079365079366 0.023792989417989418
2 0.5756274801587301 0.03910383597883598 0.020042162698412698 0.026676587301587302
2 0.6361483134920635 0.47171626984126985 0.0250421626984127 0.031203703703703702
1 0.7116493055555555 0.1108994708994709 0.019330357142857142 0.029156746031746034
1 0.635890376984127 0.44968253968253963 0.024384920634920634 0.03491071428571428
2 0.6122172619047619 0.0874537037037037 0.01974206349206349 0.02019179894179894
1 0.556078869047619 0.8831150793650794 0.02329861111111111 0.027870370370370372
1 0.6767881944444444 0.8687433862433862 0.02023561507936508 0.027582671957671955
2 0.6132118055555555 0.45952711640211635 0.0230828373015873 0.0363260582010582
1 0.7959250992063492 0.4056712962962963 0.02956597222222222 0.029345238095238094
2 0.9669791666666667 0.46790674603174603 0.0244890873015873 0.03276785714285715
2 0.8039781746031746 0.13020502645502646 0.019501488095238093 0.020509259259259262
2 0.6204637896825397 0.9440046296296296 0.022633928571428572 0.02732804232804233
1 0.10763392857142857 0.262037037037037 0.025505952380952383 0.024844576719576718
1 0.5952852182539683 0.6352380952380953 0.018549107142857145 0.020608465608465607
2 0.6546750992063493 0.14228505291005292 0.017056051587301585 0.024017857142857143
2 0.84609375 0.9192493386243386 0.01951140873015873 0.024070767195767197
2 0.6839136904761904 0.19073743386243386 0.01911458333333333 0.02336309523809524
1 0.23327876984126986 0.3463657407407408 0.02730902777777778 0.034067460317460316
1 0.1312078373015873 0.32018187830687833 0.026884920634920637 0.038521825396825395
1 0.9889459325396825 0.432119708994709 0.02210565476190476 0.03224867724867725
2 0.6115625 0.5867096560846561 0.021440972222222222 0.023468915343915344
1 0.44117807539682535 0.312255291005291 0.02378968253968254 0.03128306878306878
1 0.13962301587301587 0.37713955026455026 0.028251488095238093 0.03176917989417989
2 0.0883110119047619 0.36287367724867725 0.03068700396825397 0.03317460317460317
1 0.16680059523809523 0.3242956349206349 0.025389384920634923 0.027321428571428573
1 0.2082936507936508 0.33291005291005293 0.023645833333333335 0.037761243386243384
1 0.23753224206349208 0.30687830687830686 0.028229166666666666 0.03322751322751323
1 0.08975198412698412 0.2821660052910053 0.029717261904761903 0.03863095238095238
1 0.07442460317460317 0.2799338624338624 0.020739087301587304 0.02800595238095238
1 0.42115575396825394 0.3055026455026455 0.027028769841269843 0.03310515873015873
1 0.5642286706349205 0.10860119047619049 0.029342757936507938 0.03875
2 0.5990674603174603 0.12976851851851853 0.022093253968253967 0.028736772486772488
1 0.5981770833333333 0.06666005291005292 0.02293154761904762 0.02715277777777778
2 0.6213616071428572 0.14855489417989418 0.027936507936507936 0.036560846560846565
1 0.6448412698412699 0.19869378306878308 0.020830853174603172 0.028538359788359786
1 0.6826364087301587 0.171739417989418 0.0194469246031746 0.023085317460317462
1 0.6843750000000001 0.14813492063492062 0.023152281746031744 0.03048611111111111
2 0.6704191468253968 0.14654761904761907 0.018072916666666668 0.024583333333333336
1 0.7193303571428572 0.15195767195767196 0.02005456349206349 0.024933862433862437
1 0.704719742063492 0.15628968253968253 0.01859375 0.0260515873015873
1 0.72265625 0.12697751322751324 0.020947420634920635 0.029503968253968255
1 0.6641889880952382 0.09775132275132276 0.019541170634920637 0.026494708994708994
1 0.7926488095238096 0.12269841269841271 0.015347222222222222 0.019831349206349207
1 0.69734375 0.29140873015873014 0.01972470238095238 0.025439814814814818
1 0.6312003968253969 0.3252612433862434 0.021924603174603177 0.02715608465608466
1 0.6374454365079365 0.34142526455026456 0.02027777777777778 0.025552248677248677
1 0.6492410714285713 0.35881613756613756 0.019781746031746032 0.02639219576719577
1 0.6043601190476191 0.38291997354497354 0.020071924603174605 0.023697089947089946
1 0.6405059523809524 0.42539351851851853 0.020280257936507937 0.028839285714285713
1 0.610736607142857 0.4157771164021164 0.020434027777777777 0.025029761904761905
1 0.837532242063492 0.4190707671957672 0.02355654761904762 0.028763227513227515
1 0.8981101190476191 0.5133895502645502 0.02400545634920635 0.029490740740740744
1 0.9521130952380953 0.6167328042328042 0.026971726190476192 0.036967592592592594
1 0.8347991071428571 0.7805092592592593 0.021480654761904763 0.028306878306878305
2 0.9414980158730158 0.46582010582010586 0.022239583333333333 0.02799272486772487
1 0.9721329365079365 0.43001322751322746 0.022234623015873017 0.03116402116402116
1 0.913968253968254 0.40296957671957667 0.017609126984126984 0.02169642857142857
1 0.9303993055555555 0.3988690476190476 0.0183953373015873 0.02431547619047619
1 0.023397817460317463 0.7172619047619048 0.029052579365079365 0.04069444444444444
1 0.5131001984126985 0.6851256613756614 0.030007440476190476 0.03801256613756614
1 0.657611607142857 0.6805886243386243 0.017180059523809525 0.025165343915343915
1 0.7429290674603174 0.7133928571428572 0.022348710317460316 0.027301587301587302
1 0.6024975198412699 0.6883564814814815 0.02371527777777778 0.03267526455026455
1 0.6885912698412698 0.5618121693121694 0.017435515873015874 0.018250661375661375
1 0.7446875 0.5829199735449735 0.020716765873015873 0.02212962962962963
1 0.791892361111111 0.614183201058201 0.022929067460317462 0.027470238095238093
1 0.6891840277777778 0.39447751322751323 0.015307539682539683 0.023561507936507936
2 0.34173611111111113 0.5675496031746031 0.02314236111111111 0.03189484126984127
1 0.22140376984126986 0.5499074074074074 0.020994543650793653 0.023191137566137564
2 0.49315972222222226 0.010426587301587301 0.02447172619047619 0.020856481481481483
2 0.5723759920634921 0.010257936507936508 0.019466765873015872 0.019345238095238096
1 0.5084499007936508 0.479156746031746 0.027358630952380954 0.036008597883597886