1 0.28270089285714284 0.1690244708994709 0.030654761904761903 0.038697089947089945
1 0.46799107142857144 0.3775892857142857 0.026763392857142857 0.03756613756613757
1 0.525453869047619 0.5358267195767196 0.030434027777777775 0.037003968253968254
1 0.39387648809523806 0.13849537037037038 0.02820436507936508 0.04306547619047619
1 0.650749007936508 0.28482142857142856 0.02997519841269841 0.03783068783068783
1 0.5859623015873016 0.018816137566137564 0.025337301587301585 0.0347718253968254
1 0.6753125 0.6627645502645503 0.024578373015873015 0.0363260582010582
1 0.5963541666666666 0.26682208994708995 0.03072668650793651 0.037903439153439154
1 0.35689980158730156 0.5182903439153439 0.031307043650793655 0.04401455026455026
1 0.8443973214285715 0.32822089947089944 0.024551091269841268 0.028921957671957668
1 0.5059821428571428 0.4690674603174603 0.029032738095238094 0.03562830687830688
1 0.6504464285714285 0.5709193121693121 0.022095734126984127 0.02701719576719577
1 0.3252529761904762 0.2762830687830688 0.031148313492063495 0.03647156084656085
1 0.6399429563492064 0.4624702380952381 0.026029265873015874 0.03314484126984127
1 0.42216021825396827 0.140380291005291 0.027854662698412698 0.039914021164021166
1 0.9903472222222222 0.4270469576719577 0.019303075396825395 0.025297619047619048
1 0.9673313492063492 0.4458399470899471 0.018940972222222224 0.02139880952380952
1 0.9288938492063492 0.4391898148148148 0.02382936507936508 0.03203373015873016
1 0.806046626984127 0.4471164021164021 0.01584573412698413 0.01916666666666667
1 0.7111979166666668 0.4371924603174603 0.019419642857142858 0.02165674603174603
1 0.7516145833333334 0.35535052910052906 0.024191468253968257 0.031081349206349206
1 0.6744890873015873 0.36505952380952383 0.029466765873015874 0.03294642857142857
1 0.6645188492063493 0.33897486772486773 0.025476190476190475 0.03103505291005291
1 0.5691220238095238 0.3662830687830688 0.027805059523809524 0.04097883597883598
1 0.4864112103174603 0.4000330687830688 0.02390625 0.031101190476190477
1 0.6188591269841269 0.4444444444444444 0.0196155753968254 0.02738425925925926
1 0.56578125 0.4323677248677249 0.023120039682539683 0.03115079365079365
1 0.767827380952381 0.12135912698412699 0.015701884920634922 0.02099867724867725
1 0.7676934523809524 0.1374239417989418 0.014769345238095238 0.017232142857142856
1 0.7933854166666666 0.13831018518518517 0.013643353174603174 0.01900793650793651
1 0.754265873015873 0.12481481481481481 0.013415178571428573 0.016742724867724868
1 0.7552281746031746 0.14476190476190476 0.014146825396825397 0.016746031746031745
1 0.7324627976190476 0.14121362433862433 0.013435019841269841 0.01763227513227513
1 0.7940178571428571 0.15473214285714287 0.016569940476190478 0.016742724867724868
1 0.7881324404761905 0.14896825396825397 0.01115079365079365 0.013197751322751321
1 0.8603249007936508 0.18781746031746033 0.0155828373015873 0.021491402116402113
1 0.8517137896825397 0.19253968253968254 0.016259920634920634 0.0253505291005291
1 0.9102802579365079 0.21520833333333333 0.019776785714285712 0.025221560846560846
1 0.8434077380952381 0.23717261904761905 0.01830605158730159 0.03005621693121693
1 0.8246106150793651 0.5533234126984127 0.017643849206349208 0.024619708994708996
1 0.7880406746031746 0.5309126984126984 0.020183531746031744 0.025710978835978837
1 0.9122098214285714 0.7052347883597884 0.01884424603174603 0.025009920634920635
1 0.9315674603174603 0.6534788359788359 0.019729662698412698 0.01835978835978836
1 0.9161383928571428 0.6098048941798941 0.02363095238095238 0.028343253968253965
1 0.8970138888888889 0.7941534391534392 0.02060763888888889 0.02124338624338624
1 0.8887202380952381 0.783181216931217 0.019305555555555555 0.02048611111111111
1 0.6998809523809524 0.5754431216931217 0.02637400793650794 0.029517195767195768
1 0.572859623015873 0.022334656084656086 0.024342757936507937 0.03564153439153439
1 0.5618725198412698 0.11520171957671958 0.026770833333333334 0.031445105820105825
1 0.4495287698412698 0.030548941798941798 0.01460813492063492 0.023316798941798944
1 0.44052579365079364 0.019556878306878307 0.012222222222222223 0.016712962962962964
1 0.44282738095238094 0.03729828042328043 0.014556051587301586 0.020753968253968254
1 0.4120684523809524 0.09962301587301586 0.028802083333333332 0.03660714285714286
1 0.38189484126984125 0.08436177248677248 0.02776041666666667 0.04190145502645502
1 0.3320510912698412 0.0967228835978836 0.029092261904761905 0.03988425925925926
1 0.3705456349206349 0.11517857142857144 0.027762896825396826 0.037450396825396824
1 0.4307266865079365 0.17316798941798942 0.03208333333333334 0.03927248677248677
1 0.33040178571428575 0.2584193121693122 0.036210317460317464 0.03361111111111111
1 0.2786582341269841 0.17902777777777779 0.028732638888888887 0.03376653439153439
1 0.28777529761904763 0.15025462962962963 0.0252703373015873 0.03668320105820106
1 0.20293650793650794 0.18137566137566138 0.024243551587301588 0.029074074074074075
1 0.15171875 0.10980489417989418 0.025143849206349204 0.030638227513227517
1 0.1876612103174603 0.036233465608465604 0.020178571428571428 0.025433201058201058
1 0.21203869047619048 0.035522486772486775 0.019345238095238096 0.026087962962962962
1 0.23725198412698414 0.01835648148148148 0.022924107142857145 0.031220238095238093
1 0.22289930555555557 0.016048280423280423 0.018472222222222223 0.02660383597883598
1 0.09951636904761904 0.1505489417989418 0.02875 0.034580026455026454
1 0.04079613095238095 0.3595238095238095 0.02482142857142857 0.029494047619047618
1 0.08295386904761906 0.39689484126984126 0.027222222222222224 0.030152116402116406
1 0.06035218253968254 0.3793353174603174 0.02259920634920635 0.02757275132275132
1 0.06613839285714286 0.5013458994708995 0.02294642857142857 0.02718915343915344
1 0.1458705357142857 0.458260582010582 0.024697420634920635 0.029487433862433864
1 0.22214781746031748 0.5371924603174604 0.026319444444444444 0.027569444444444445
1 0.21772073412698414 0.30666997354497355 0.01784722222222222 0.02140873015873016
1 0.5118799603174603 0.8744940476190476 0.03094246031746032 0.04303571428571428
1 0.5563070436507938 0.8633002645502645 0.020987103174603176 0.02618716931216931
1 0.5105828373015873 0.8979794973544973 0.02834573412698413 0.028386243386243386
1 0.5344270833333333 0.8871130952380952 0.02107142857142857 0.028574735449735447
1 0.48030753968253964 0.8289880952380952 0.030629960317460316 0.04479828042328042
1 0.5895858134920635 0.7601521164021163 0.029010416666666667 0.0345271164021164
1 0.6103571428571428 0.7248181216931217 0.028110119047619047 0.035171957671957674
1 0.5916617063492063 0.7282804232804233 0.024856150793650795 0.035175264550264554
1 0.6558407738095238 0.6965707671957672 0.029107142857142856 0.037526455026455026
1 0.6675669642857143 0.6760284391534391 0.022961309523809523 0.032443783068783066
1 0.6935168650793652 0.8671461640211641 0.01964781746031746 0.024186507936507937
1 0.6672371031746033 0.8854398148148148 0.02022321428571429 0.0268452380952381
1 0.06088045634920635 0.18046957671957672 0.021061507936507937 0.028875661375661374
1 0.029828869047619045 0.5058300264550265 0.025138888888888888 0.02561838624338624
1 0.3218576388888889 0.4950330687830688 0.03464285714285714 0.046412037037037036
1 0.39966021825396825 0.5846693121693122 0.03200396825396825 0.0408234126984127
1 0.4535143849206349 0.6194279100529101 0.029317956349206347 0.035175264550264554
1 0.3803100198412699 0.22859126984126985 0.023288690476190477 0.03142195767195767
1 0.43517857142857147 0.2101851851851852 0.026049107142857145 0.03822751322751323
1 0.6165451388888888 0.2811838624338624 0.02782986111111111 0.028290343915343914