1 0.3385714285714285 0.3724768518518518 0.02501488095238095 0.02541005291005291
1 0.4707862103174603 0.42492394179894183 0.023514384920634922 0.02908399470899471
1 0.6453497023809525 0.8570370370370369 0.0287921626984127 0.03844246031746032
1 0.2902405753968254 0.286140873015873 0.02734126984126984 0.03072420634920635
1 0.4678125 0.33771825396825395 0.020409226190476193 0.024169973544973546
1 0.7740525793650793 0.4983267195767196 0.021175595238095236 0.023822751322751325
1 0.9225967261904762 0.5915178571428571 0.02566468253968254 0.027496693121693123
1 0.48692956349206346 0.37979497354497355 0.01866815476190476 0.02498015873015873
1 0.4366294642857143 0.47193452380952383 0.021093749999999998 0.02501653439153439
1 0.6268501984126984 0.3098511904761905 0.020932539682539685 0.028035714285714285
1 0.5629786706349206 0.7517129629629629 0.02060267857142857 0.029130291005291006
1 0.6062400793650794 0.4122123015873016 0.02031001984126984 0.023637566137566138
1 0.3537450396825397 0.4931382275132275 0.01756200396825397 0.025294312169312168
1 0.4203571428571429 0.7005291005291006 0.01975446428571429 0.027589285714285715
1 0.7615352182539683 0.7221527777777778 0.021867559523809525 0.026957671957671955
1 0.5718328373015873 0.4375 0.018757440476190476 0.019365079365079366
2 0.25503224206349207 0.3359193121693122 0.017574404761904763 0.018723544973544972
1 0.3133482142857143 0.27863095238095237 0.02222222222222222 0.02610119047619048
1 0.5857539682539683 0.7663789682539683 0.017693452380952383 0.027767857142857143
1 0.5920585317460317 0.5332539682539682 0.02180059523809524 0.02639219576719577
1 0.7426289682539683 0.7053207671957672 0.021808035714285717 0.02798941798941799
1 0.3541666666666667 0.39532738095238096 0.01927579365079365 0.02058531746031746
1 0.6371205357142857 0.3077843915343915 0.020347222222222225 0.028353174603174602
1 0.6504117063492063 0.8223181216931217 0.025930059523809522 0.04044973544973545
1 0.35075644841269843 0.6138888888888889 0.01921875 0.03039021164021164
1 0.8621453373015873 0.6334325396825397 0.021535218253968254 0.021441798941798942
1 0.6339335317460317 0.46128968253968256 0.02017361111111111 0.020800264550264548
1 0.2897296626984127 0.6153835978835979 0.018206845238095237 0.020820105820105822
1 0.48648313492063494 0.15811507936507935 0.02044890873015873 0.024814814814814817
1 0.6306150793650793 0.5657407407407408 0.021279761904761905 0.022645502645502646
1 0.475062003968254 0.36341931216931217 0.02091269841269841 0.023379629629629632
1 0.6488690476190475 0.6332771164021164 0.017495039682539685 0.026709656084656083
1 0.30090029761904763 0.3115575396825397 0.020262896825396826 0.02715608465608466
1 0.42359375 0.16910714285714284 0.0204265873015873 0.02637566137566138
1 0.3256969246031746 0.5411375661375661 0.01781746031746032 0.01929563492063492
1 0.38329117063492063 0.5802513227513227 0.021391369047619048 0.0263723544973545
1 0.471577380952381 0.6281580687830688 0.019662698412698413 0.026121031746031743
1 0.44853670634920634 0.41815806878306877 0.022834821428571427 0.022853835978835977
1 0.12715773809523812 0.7448082010582011 0.020049603174603175 0.025003306878306878
1 0.1433482142857143 0.7435912698412698 0.016686507936507937 0.024530423280423284
1 0.1684672619047619 0.7454265873015873 0.01911706349206349 0.022318121693121692
1 0.21243055555555554 0.8146197089947089 0.015052083333333332 0.017572751322751323
1 0.2514781746031746 0.7814285714285714 0.015124007936507936 0.017857142857142856
1 0.2533060515873016 0.7512962962962964 0.017351190476190475 0.020992063492063492
1 0.17153025793650795 0.6844675925925926 0.019144345238095238 0.023928571428571428
1 0.17133928571428572 0.6109060846560846 0.019037698412698412 0.020588624338624337
1 0.1379935515873016 0.6681944444444444 0.017762896825396828 0.01923941798941799
1 0.2563888888888889 0.5776058201058202 0.01578373015873016 0.0185515873015873
1 0.3276314484126984 0.5945568783068783 0.013816964285714287 0.017721560846560847
1 0.2184424603174603 0.5263062169312169 0.016339285714285712 0.017486772486772488
1 0.21852926587301588 0.5455291005291005 0.015262896825396825 0.017251984126984126
1 0.17500992063492063 0.5389616402116402 0.018995535714285715 0.02023478835978836
1 0.15094990079365078 0.5220238095238094 0.017487599206349208 0.019487433862433862
1 0.09930555555555555 0.542172619047619 0.01932043650793651 0.01859457671957672
1 0.12344494047619048 0.5848908730158731 0.02019593253968254 0.01808531746031746
1 0.2105233134920635 0.6673015873015873 0.019481646825396826 0.020142195767195767
1 0.31737103174603176 0.6785846560846561 0.014283234126984129 0.019067460317460316
1 0.3031473214285714 0.6869708994708995 0.013268849206349206 0.015429894179894179
1 0.27479166666666666 0.5421825396825397 0.017393353174603172 0.01945767195767196
1 0.2670138888888889 0.5409160052910053 0.014149305555555556 0.01900793650793651
1 0.3128844246031746 0.5103670634920635 0.018640873015873013 0.021001984126984126
1 0.3963814484126984 0.5115641534391534 0.02044890873015873 0.024530423280423284
2 0.2485590277777778 0.3716501322751322 0.01730654761904762 0.018131613756613756
2 0.26203373015873016 0.3465939153439153 0.015463789682539683 0.016904761904761905
2 0.2679861111111111 0.3953042328042328 0.015602678571428571 0.019778439153439156
1 0.2012673611111111 0.5413591269841269 0.014583333333333332 0.016435185185185185
1 0.12682539682539684 0.6448578042328043 0.014764384920634921 0.017096560846560846
1 0.35925099206349204 0.6650925925925926 0.017921626984126984 0.020803571428571428
1 0.3821701388888889 0.6751917989417989 0.018541666666666668 0.023690476190476192
1 0.3395535714285714 0.40553902116402113 0.018271329365079365 0.021709656084656085
1 0.5086011904761905 0.34150462962962963 0.018152281746031746 0.022096560846560843
1 0.4290972222222222 0.1482638888888889 0.015119047619047619 0.021944444444444444
1 0.44239087301587304 0.16983134920634924 0.018058035714285714 0.026626984126984124
1 0.4648164682539683 0.14976521164021164 0.01718253968253968 0.024031084656084657
1 0.46020089285714283 0.15337632275132276 0.013444940476190477 0.023928571428571428
1 0.5091765873015873 0.16863425925925926 0.013566468253968254 0.017827380952380952
1 0.49924107142857144 0.16293981481481482 0.013933531746031746 0.021081349206349208
1 0.5072519841269841 0.09767857142857142 0.018105158730158732 0.03154761904761905
1 0.49880208333333337 0.1301818783068783 0.013412698412698413 0.018941798941798944
1 0.5844246031746032 0.13974206349206347 0.010828373015873015 0.015575396825396826
1 0.5941269841269842 0.13917328042328042 0.010615079365079364 0.015628306878306877
1 0.5968477182539682 0.15185515873015873 0.011981646825396826 0.017966269841269842
1 0.5852281746031746 0.15702711640211642 0.01207093253968254 0.017397486772486773
1 0.529796626984127 0.23528769841269842 0.008611111111111111 0.01603835978835979
1 0.523891369047619 0.2336177248677249 0.00890376984126984 0.016121031746031748
1 0.5047470238095239 0.2227281746031746 0.01175595238095238 0.015085978835978835
1 0.5159895833333333 0.22724867724867726 0.009097222222222222 0.013647486772486773
1 0.6485838293650794 0.33025462962962965 0.01921875 0.02561507936507936
1 0.6412003968253969 0.32232473544973544 0.018301091269841273 0.022463624338624342
1 0.628623511904762 0.33635251322751325 0.01825396825396825 0.021025132275132273
1 0.6913888888888888 0.30890873015873016 0.009124503968253967 0.01126984126984127
1 0.7184722222222223 0.2857043650793651 0.013608630952380952 0.014226190476190477
1 0.714563492063492 0.2787103174603175 0.013355654761904763 0.01517526455026455
1 0.7341121031746032 0.2634755291005291 0.013120039682539683 0.015228174603174603
1 0.8207787698412699 0.3651984126984127 0.01832093253968254 0.019738756613756615
1 0.9483457341269841 0.5346395502645502 0.016862599206349204 0.02136574074074074
1 0.9000892857142857 0.661630291005291 0.01896329365079365 0.020582010582010583
1 0.8663368055555556 0.6599999999999999 0.01738343253968254 0.018409391534391535
1 0.9039186507936507 0.637989417989418 0.01904513888888889 0.02223214285714286
1 0.8026339285714286 0.5797585978835978 0.018683035714285715 0.023131613756613757
1 0.864672619047619 0.5302910052910053 0.018142361111111113 0.02048611111111111
1 0.8910962301587302 0.5461507936507937 0.018452380952380953 0.024074074074074074
1 0.7653819444444444 0.5547354497354497 0.016855158730158727 0.022394179894179893
1 0.7417584325396825 0.5422023809523809 0.015731646825396826 0.020846560846560846
1 0.685751488095238 0.5294510582010582 0.019662698412698413 0.02516203703703704
1 0.6655704365079365 0.5239252645502646 0.022740575396825398 0.02752314814814815
1 0.6625372023809524 0.5517890211640212 0.022509920634920636 0.030462962962962966
1 0.6770064484126984 0.5709457671957672 0.02130952380952381 0.023105158730158733
1 0.6900496031746032 0.60239417989418 0.021738591269841272 0.02539351851851852
1 0.6412450396825397 0.5856481481481481 0.02362847222222222 0.022691798941798944
1 0.6535813492063491 0.6936441798941799 0.01582093253968254 0.02166005291005291
1 0.6582242063492063 0.7011772486772487 0.01533234126984127 0.019626322751322752
1 0.627452876984127 0.7985152116402117 0.025034722222222222 0.03442791005291005
1 0.5562326388888889 0.839943783068783 0.01970238095238095 0.0273478835978836
1 0.5621602182539683 0.7921626984126984 0.02128968253968254 0.030029761904761906
1 0.2824776785714286 0.2000165343915344 0.016569940476190478 0.022238756613756613
1 0.3036582341269841 0.23241402116402118 0.014937996031746031 0.02153769841269841
1 0.3347222222222222 0.24096891534391537 0.018782242063492063 0.028872354497354497
1 0.37283234126984127 0.4836243386243386 0.021574900793650792 0.022466931216931215
1 0.5835466269841271 0.6961342592592593 0.014384920634920634 0.016382275132275134
1 0.712125496031746 0.9436871693121693 0.026059027777777775 0.03834325396825397
1 0.691688988095238 0.9588921957671958 0.023368055555555555 0.03943121693121693
1 0.8067683531746032 0.9156316137566137 0.020674603174603175 0.023290343915343917
1 0.8230208333333333 0.9183333333333333 0.015300099206349206 0.028207671957671956
1 0.7876140873015872 0.8912169312169312 0.021299603174603172 0.029206349206349205
1 0.8341716269841271 0.8048544973544974 0.017192460317460315 0.024619708994708996
1 0.7740972222222222 0.833068783068783 0.023702876984126982 0.03119708994708995
1 0.5350446428571429 0.42209986772486774 0.016180555555555556 0.021613756613756613
1 0.5220833333333333 0.4231613756613757 0.014818948412698412 0.017867063492063493
1 0.5028472222222222 0.3749867724867725 0.017056051587301585 0.02123015873015873
1 0.34744047619047624 0.3958399470899471 0.014714781746031745 0.01839616402116402
1 0.7153174603174602 0.3382275132275132 0.02394345238095238 0.02594246031746032
1 0.7278794642857143 0.3667096560846561 0.026227678571428572 0.029907407407407407
1 0.7603918650793651 0.4325958994708995 0.021964285714285714 0.028485449735449735
1 0.7324231150793651 0.4349834656084656 0.025344742063492062 0.03183862433862434
1 0.7534895833333334 0.4958862433862434 0.014756944444444444 0.019021164021164022
1 0.37660962301587303 0.2187962962962963 0.01673363095238095 0.020423280423280423
1 0.4273983134920635 0.3206084656084656 0.010880456349206348 0.013961640211640211
1 0.4746825396825397 0.7682109788359789 0.01668154761904762 0.0250760582010582
1 0.49311755952380953 0.5631316137566138 0.020845734126984126 0.02562830687830688
1 0.44874007936507937 0.5890443121693122 0.01856150793650794 0.02273148148148148
1 0.7158308531746032 0.2644973544973545 0.012710813492063492 0.014083994708994711
1 0.6710714285714287 0.8718816137566138 0.023293650793650793 0.03296957671957672
1 0.5620957341269841 0.8127943121693121 0.019250992063492064 0.023389550264550266