1 0.884623015873016 0.46791997354497356 0.03383184523809524 0.038740079365079366
1 0.7654737103174603 0.40414351851851854 0.03900545634920635 0.04746693121693121
1 0.728110119047619 0.42926917989417984 0.028819444444444446 0.025419973544973547
1 0.7154811507936508 0.20029431216931218 0.03974950396825397 0.045846560846560844
1 0.653735119047619 0.4606415343915344 0.02630704365079365 0.035248015873015875
1 0.18168402777777776 0.43775462962962963 0.03657490079365079 0.04224867724867725
1 0.1157986111111111 0.5165906084656084 0.04467261904761905 0.04427579365079365
1 0.35868055555555556 0.5877314814814815 0.03127976190476191 0.04476851851851852
1 0.1184375 0.3909755291005291 0.04311507936507936 0.043406084656084656
1 0.1617137896825397 0.5318584656084656 0.04263392857142857 0.042741402116402115
1 0.5468278769841269 0.5556051587301588 0.025639880952380952 0.03319113756613757
1 0.39191220238095237 0.3965443121693122 0.024826388888888887 0.033409391534391535
1 0.32429811507936507 0.6156283068783069 0.03280505952380953 0.04356481481481482
1 0.25817708333333333 0.5399338624338624 0.03111111111111111 0.04124007936507936
1 0.44032490079365083 0.37675925925925924 0.026478174603174604 0.0315244708994709
1 0.6196899801587302 0.3813425925925926 0.018722718253968252 0.02625
1 0.40612599206349204 0.4142625661375661 0.024365079365079364 0.03621693121693122
1 0.8576959325396826 0.40456349206349207 0.03208333333333334 0.033723544973544975
1 0.6467757936507937 0.5178075396825397 0.022229662698412696 0.03365079365079365
1 0.8821701388888888 0.7504398148148148 0.0298015873015873 0.03605820105820106
1 0.8347991071428571 0.635621693121693 0.024350198412698414 0.02560185185185185
1 0.5886383928571428 0.4709160052910053 0.01685019841269841 0.02164351851851852
1 0.3568005952380952 0.6819080687830689 0.027936507936507936 0.0411739417989418
1 0.352641369047619 0.3441964285714285 0.029578373015873016 0.03078373015873016
1 0.44363839285714285 0.3179398148148148 0.017842261904761906 0.028058862433862432
1 0.0909375 0.8051984126984127 0.032373511904761905 0.04237764550264551
1 0.149796626984127 0.747906746031746 0.032373511904761905 0.037668650793650796
1 0.22337053571428572 0.7173015873015872 0.024131944444444445 0.03453042328042328
1 0.20335813492063493 0.7345667989417989 0.018246527777777775 0.02511243386243386
1 0.024427083333333332 0.5328736772486773 0.03825892857142857 0.029821428571428575
1 0.1842311507936508 0.3633597883597883 0.02589781746031746 0.036101190476190474
1 0.24485615079365078 0.19972883597883598 0.018834325396825398 0.022757936507936505
1 0.1603918650793651 0.29311838624338626 0.015892857142857143 0.014910714285714288
1 0.3872941468253968 0.16166666666666665 0.008239087301587301 0.010985449735449735
1 0.35139136904761903 0.23700727513227515 0.015302579365079366 0.01255621693121693
1 0.3316741071428571 0.24485449735449738 0.015892857142857143 0.018835978835978838
1 0.2937078373015873 0.27075396825396825 0.01294890873015873 0.015694444444444445
1 0.28311507936507935 0.12635251322751323 0.008239087301587301 0.015694444444444445
1 0.3534499007936508 0.955486111111111 0.020600198412698414 0.03374669312169312
1 0.26781001984126984 0.971574074074074 0.02236607142857143 0.036101190476190474
1 0.5223784722222222 0.6702116402116403 0.018246527777777775 0.02511243386243386
1 0.5111929563492064 0.633720238095238 0.015892857142857143 0.02119047619047619
1 0.32461061507936506 0.1730456349206349 0.00882936507936508 0.014910714285714288
1 0.181875 0.2217030423280423 0.01294890873015873 0.016481481481481482
1 0.5674429563492063 0.2713128306878307 0.017279265873015873 0.028921957671957668
1 0.26543154761904764 0.6374768518518519 0.030146329365079366 0.03186177248677249
1 0.23473462301587303 0.5803703703703703 0.012867063492063492 0.027450396825396826
1 0.4327058531746032 0.2725396825396825 0.021321924603174603 0.031372354497354496
1 0.5297619047619048 0.19974867724867723 0.01911706349206349 0.02597883597883598
1 0.5523710317460317 0.3026851851851852 0.015808531746031747 0.012255291005291005
1 0.4426314484126984 0.7867361111111112 0.017646329365079365 0.02156746031746032
1 0.29815228174603176 0.940162037037037 0.019851190476190477 0.022549603174603174
1 0.5463045634920635 0.6798776455026454 0.013234126984126984 0.015684523809523808
1 0.6724032738095238 0.6416435185185185 0.013970734126984127 0.018627645502645503
1 0.6542063492063492 0.6127248677248678 0.01433779761904762 0.01960648148148148
1 0.6624776785714286 0.6247321428571428 0.014704861111111111 0.017156084656084657
1 0.6843501984126985 0.6492427248677248 0.010662202380952382 0.013234126984126985
1 0.8560367063492064 0.7458068783068783 0.020954861111111108 0.020095899470899473
1 0.8821378968253969 0.7056117724867724 0.019484126984126986 0.018138227513227512
1 0.8591617063492063 0.7034060846560847 0.019851190476190477 0.016666666666666666
1 0.9275421626984127 0.6244874338624339 0.025734126984126984 0.016666666666666666
1 0.9734945436507937 0.6512037037037037 0.026470734126984127 0.023039021164021165
1 0.9484970238095238 0.6237533068783069 0.02058779761904762 0.02205687830687831
1 0.9301140873015873 0.6014484126984126 0.02867559523809524 0.02646825396825397
1 0.9244171626984127 0.5039054232804233 0.029042658730158728 0.028429232804232804
1 0.9168799603174603 0.5227744708994708 0.030880456349206352 0.018138227513227512
1 0.9078720238095238 0.431603835978836 0.025367063492063493 0.026960978835978835
1 0.9029092261904762 0.4865013227513228 0.031617063492063495 0.03284060846560847
1 0.8428025793650793 0.5161574074074073 0.02315972222222222 0.02451058201058201
1 0.7288343253968254 0.44704365079365077 0.025367063492063493 0.016666666666666666
1 0.7420709325396826 0.41665343915343916 0.022425595238095238 0.02451058201058201
1 0.8179861111111111 0.31224537037037037 0.022058531746031746 0.023528439153439155
1 0.9144890873015873 0.2968022486772487 0.022425595238095238 0.023039021164021165
1 0.974047619047619 0.2904298941798942 0.02022073412698413 0.023039021164021165
1 0.8595287698412698 0.23161044973544972 0.02058779761904762 0.027939814814814813
1 0.9455555555555556 0.23528439153439154 0.01617559523809524 0.02156746031746032
1 0.9839732142857143 0.2365112433862434 0.02169146825396825 0.02205687830687831
1 0.9939161706349205 0.29704695767195766 0.01216765873015873 0.02941137566137566
1 0.9707390873015873 0.37180224867724865 0.02315972222222222 0.014216269841269842
1 0.8216617063492063 0.16739748677248675 0.019851190476190477 0.020095899470899473
1 0.7586135912698413 0.21616732804232805 0.02022073412698413 0.01960648148148148
1 0.7148635912698412 0.24802910052910052 0.03125 0.03921296296296296
1 0.7861855158730159 0.09876984126984127 0.015071924603174604 0.02205687830687831
1 0.80953125 0.10784060846560847 0.016912202380952382 0.02548941798941799
1 0.8295659722222222 0.1448478835978836 0.020954861111111108 0.024017857142857143
1 0.860265376984127 0.15906415343915345 0.018382936507936508 0.024999999999999998
1 0.9139384920634921 0.1823478835978836 0.02426339285714286 0.02646825396825397
1 0.9192683531746031 0.266167328042328 0.02169146825396825 0.02156746031746032
1 0.8428025793650793 0.6845337301587302 0.02683779761904762 0.024017857142857143
1 0.8201909722222223 0.610026455026455 0.023529265873015875 0.024017857142857143
1 0.7935391865079365 0.3142063492063492 0.02022073412698413 0.016666666666666666
1 0.7659647817460317 0.34410714285714283 0.01433779761904762 0.017645502645502645
1 0.7547519841269841 0.35660383597883594 0.01617559523809524 0.01519510582010582
1 0.6820858134920635 0.4000330687830688 0.022876984126984124 0.024401455026455028
1 0.5704737103174603 0.3786805555555556 0.017976190476190475 0.023531746031746032
1 0.6549578373015873 0.3693121693121693 0.018955853174603177 0.030069444444444447
1 0.7047991071428571 0.3915376984126984 0.01470734126984127 0.017867063492063493
1 0.4781448412698413 0.29240079365079363 0.016341765873015873 0.019173280423280422
1 0.37519593253968253 0.8452678571428572 0.02069940476190476 0.030188492063492067
1 0.30403769841269845 0.8461309523809524 0.02005456349206349 0.012936507936507935