1 0.7928397817460318 0.3388194444444444 0.024461805555555556 0.031507936507936506
1 0.7463566468253968 0.48884589947089946 0.02480406746031746 0.028842592592592593
2 0.7748139880952382 0.4684887566137566 0.022016369047619045 0.02748346560846561
1 0.7249007936507937 0.7555720899470899 0.02471478174603175 0.029560185185185186
1 0.8502628968253969 0.37307208994708996 0.02712053571428571 0.03014219576719577
1 0.8139856150793651 0.4011375661375661 0.025438988095238094 0.030896164021164022
1 0.5748239087301588 0.27057208994709 0.02022321428571429 0.029447751322751323
1 0.6593625992063492 0.3299702380952381 0.02025793650793651 0.027113095238095235
1 0.9066914682539683 0.5929728835978836 0.019072420634920637 0.026121031746031743
1 0.5107589285714286 0.2950330687830688 0.02136656746031746 0.027860449735449735
1 0.6292361111111111 0.3332473544973545 0.018608630952380953 0.02695436507936508
1 0.28081101190476193 0.8489649470899471 0.016391369047619047 0.02581679894179894
1 0.7913244047619047 0.8413789682539682 0.02457589285714286 0.03005621693121693
1 0.2550421626984127 0.8394312169312169 0.01763640873015873 0.018882275132275132
1 0.7137599206349207 0.45839616402116407 0.024858630952380955 0.027671957671957674
1 0.20022321428571427 0.8546693121693122 0.01820436507936508 0.022946428571428572
1 0.2818799603174603 0.8211243386243386 0.01875496031746032 0.02005291005291005
1 0.7961036706349206 0.4165112433862434 0.024345238095238093 0.02960648148148148
1 0.537514880952381 0.3155853174603175 0.023189484126984128 0.028743386243386244
1 0.4841765873015873 0.3029265873015873 0.02243551587301587 0.029153439153439153
2 0.21991567460317463 0.7906084656084656 0.01461309523809524 0.016967592592592593
1 0.18348214285714284 0.8354563492063493 0.022700892857142857 0.02599206349206349
1 0.5583804563492063 0.3304100529100529 0.019719742063492064 0.024126984126984125
2 0.5040997023809524 0.835816798941799 0.025845734126984127 0.029041005291005288
1 0.4932911706349207 0.857228835978836 0.026515376984126985 0.03537698412698413
1 0.15842757936507937 0.7010780423280423 0.021359126984126984 0.03082010582010582
1 0.49063492063492065 0.8052645502645502 0.022185019841269842 0.030949074074074077
1 0.6226934523809523 0.4313458994708995 0.021939484126984127 0.02656415343915344
1 0.48584077380952384 0.3144543650793651 0.017524801587301585 0.018273809523809522
1 0.5008333333333334 0.31717261904761906 0.02107390873015873 0.02609457671957672
1 0.5173660714285714 0.3098842592592593 0.019022817460317462 0.02741732804232804
1 0.5285615079365079 0.3357076719576719 0.018876488095238095 0.022605820105820105
1 0.5937152777777778 0.22733465608465608 0.016785714285714286 0.023740079365079367
1 0.634967757936508 0.32092592592592595 0.021165674603174603 0.02679232804232804
1 0.5783829365079365 0.36070767195767195 0.017728174603174603 0.024107142857142858
1 0.6419940476190477 0.34232804232804237 0.02150297619047619 0.030287698412698415
1 0.6692435515873015 0.3889616402116402 0.021996527777777778 0.029808201058201058
1 0.6995064484126984 0.4354828042328043 0.02242063492063492 0.03043650793650794
1 0.70015625 0.4611904761904762 0.019878472222222224 0.028310185185185185
1 0.7178149801587301 0.4790178571428571 0.021664186507936507 0.02535383597883598
1 0.7722346230158731 0.4108101851851852 0.020771329365079364 0.03127645502645503
1 0.7343030753968254 0.43137566137566136 0.01931051587301587 0.02549272486772487
1 0.7779166666666667 0.33857804232804234 0.021996527777777778 0.02993716931216931
1 0.8050024801587301 0.3454464285714286 0.022237103174603173 0.028568121693121694
1 0.7586210317460318 0.47932870370370373 0.01779017857142857 0.028359788359788363
1 0.7768253968253968 0.44625992063492065 0.023722718253968256 0.028220899470899473
1 0.9453149801587302 0.6979563492063492 0.015942460317460317 0.0195271164021164
1 0.9304737103174603 0.7051157407407407 0.016393849206349204 0.021121031746031745
1 0.9162772817460317 0.7191633597883598 0.016832837301587304 0.023951719576719578
1 0.9012847222222222 0.7219047619047619 0.01646577380952381 0.02289021164021164
1 0.8838417658730159 0.7313128306878306 0.02021081349206349 0.022625661375661375
1 0.7438715277777778 0.760869708994709 0.019856150793650794 0.032440476190476186
1 0.8049280753968253 0.820922619047619 0.016750992063492065 0.03159060846560847
1 0.571860119047619 0.6552017195767196 0.02394345238095238 0.028637566137566135
1 0.5929786706349206 0.6541402116402116 0.02127480158730159 0.028108465608465607
1 0.5105456349206349 0.867880291005291 0.02252232142857143 0.03176256613756614
2 0.5188938492063492 0.8178240740740741 0.02066964285714286 0.030254629629629628
2 0.5860639880952382 0.8786607142857144 0.02056795634920635 0.027876984126984125
1 0.6017013888888889 0.8731150793650794 0.017333829365079365 0.023945105820105818
1 0.628469742063492 0.823125 0.021887400793650792 0.03290343915343916
1 0.6437103174603175 0.8387202380952381 0.019196428571428573 0.021157407407407406
1 0.3061706349206349 0.8384589947089947 0.018581349206349206 0.027787698412698413
1 0.2918576388888889 0.8404695767195767 0.01380952380952381 0.0246494708994709
1 0.26972718253968253 0.8423247354497355 0.013938492063492064 0.023591269841269843
1 0.2634647817460317 0.8316335978835979 0.016475694444444446 0.022880291005291004
1 0.06941220238095239 0.7508134920634921 0.02036210317460317 0.028227513227513226
2 0.11597470238095238 0.7922288359788359 0.007760416666666666 0.011666666666666667
1 0.7732986111111111 0.8187996031746032 0.021703869047619048 0.029024470899470897
1 0.8626512896825397 0.585244708994709 0.017864583333333333 0.023111772486772486
1 0.7965228174603174 0.5009490740740741 0.026071428571428572 0.03263888888888889
1 0.43052331349206346 0.37299933862433865 0.019099702380952384 0.026140873015873013
1 0.2834077380952381 0.7877314814814814 0.017041170634920635 0.020949074074074075
1 0.27253720238095236 0.685109126984127 0.01423859126984127 0.018544973544973545
2 0.06473214285714286 0.45471560846560843 0.01019593253968254 0.01109457671957672
2 0.07165426587301588 0.45089285714285715 0.008745039682539682 0.012622354497354498
2 0.06154017857142857 0.44722222222222224 0.007633928571428572 0.010787037037037036
2 0.0509499007936508 0.4373809523809524 0.00972470238095238 0.01312830687830688
2 0.058921130952380954 0.4344246031746032 0.00927827380952381 0.010886243386243387
2 0.0957390873015873 0.4370502645502646 0.008747519841269842 0.009712301587301587
2 0.09270089285714285 0.5312962962962964 0.007256944444444445 0.011921296296296296
2 0.09799603174603175 0.5404232804232805 0.005612599206349206 0.009986772486772487
2 0.1222172619047619 0.5527612433862433 0.0074131944444444445 0.01080357142857143
2 0.1294246031746032 0.5573247354497354 0.00882936507936508 0.009837962962962963
2 0.12871775793650794 0.5698677248677249 0.008179563492063491 0.009226190476190476
2 0.11952132936507937 0.5706084656084656 0.006612103174603175 0.009788359788359789
2 0.11193204365079365 0.5749404761904762 0.007805059523809523 0.00927910052910053
2 0.007688492063492063 0.4608101851851852 0.010034722222222223 0.01318452380952381
2 0.003256448412698413 0.4733531746031746 0.006512896825396826 0.0125760582010582
2 0.003256448412698413 0.5047354497354497 0.006512896825396826 0.012020502645502647
2 0.00833829365079365 0.5248478835978836 0.007512400793650793 0.009527116402116401
2 0.06779017857142856 0.38055555555555554 0.00968501984126984 0.010519179894179893
2 0.08243551587301587 0.38223875661375667 0.008687996031746033 0.01021494708994709
2 0.1486359126984127 0.5191369047619048 0.008258928571428572 0.008707010582010581
2 0.14437251984126984 0.5267592592592593 0.006383928571428571 0.009781746031746032
2 0.0603546626984127 0.640459656084656 0.009263392857142857 0.011838624338624338
1 0.4829489087301587 0.45417658730158733 0.019603174603174605 0.021025132275132273