1 0.6637276785714286 0.6033366402116402 0.029823908730158732 0.04359457671957672
1 0.4670560515873016 0.5581349206349207 0.027006448412698413 0.03653108465608466
1 0.3461656746031746 0.579295634920635 0.026026785714285714 0.03806878306878307
1 0.6672048611111111 0.5487632275132275 0.0313640873015873 0.04971560846560847
1 0.7853025793650794 0.5105224867724868 0.036307043650793645 0.043439153439153444
1 0.6688715277777777 0.27441798941798945 0.04141121031746032 0.05157076719576719
1 0.3298611111111111 0.8190806878306879 0.03368055555555556 0.03936838624338624
1 0.44303571428571425 0.6003769841269841 0.025230654761904763 0.03906746031746032
1 0.6759722222222222 0.9068320105820107 0.025327380952380952 0.03877314814814815
1 0.6270138888888889 0.5245899470899471 0.029878472222222223 0.03139550264550264
1 0.7321378968253969 0.902443783068783 0.0258953373015873 0.033482142857142856
1 0.6975272817460317 0.8482771164021164 0.026197916666666664 0.03737103174603175
1 0.8217088293650794 0.5088458994708994 0.03298115079365079 0.038766534391534394
1 0.30118799603174606 0.6067427248677248 0.03163194444444445 0.03656746031746032
1 0.6816319444444445 0.9405985449735449 0.023303571428571427 0.024265873015873015
2 0.889796626984127 0.8876554232804232 0.01695684523809524 0.017566137566137566
1 0.47506944444444443 0.34994708994708995 0.02161954365079365 0.030062830687830687
1 0.7242460317460317 0.6010119047619048 0.032333829365079364 0.04324404761904762
1 0.27236607142857144 0.9181448412698412 0.03364087301587301 0.04972222222222223
1 0.41111607142857143 0.6571329365079366 0.02803323412698413 0.034067460317460316
1 0.4565600198412698 0.6252810846560847 0.028702876984126983 0.03406415343915344
1 0.35571676587301587 0.5965277777777778 0.02338045634920635 0.024325396825396826
1 0.3715079365079365 0.5443287037037037 0.028425099206349207 0.03670304232804233
1 0.2734002976190476 0.5512929894179894 0.030932539682539683 0.03364417989417989
1 0.15171378968253968 0.5582539682539683 0.02562003968253968 0.03801587301587302
1 0.7254737103174603 0.8007142857142857 0.0338764880952381 0.04628306878306879
1 0.8256374007936508 0.7905092592592593 0.027021329365079366 0.03755291005291005
1 0.7022123015873016 0.8956679894179894 0.02546130952380952 0.032367724867724865
1 0.8499007936507937 0.6982109788359788 0.029446924603174603 0.03661044973544973
1 0.4783556547619048 0.5119973544973545 0.02492311507936508 0.03785714285714286
1 0.5579439484126985 0.4713888888888889 0.029952876984126985 0.034133597883597884
1 0.49429563492063494 0.3884358465608466 0.02648313492063492 0.03702050264550265
1 0.3215500992063492 0.3809424603174603 0.026121031746031743 0.032648809523809524
1 0.7649975198412698 0.3781183862433863 0.027279265873015872 0.03549603174603175
1 0.45243055555555556 0.865324074074074 0.0323015873015873 0.038561507936507936
2 0.9441393849206349 0.2471825396825397 0.010225694444444444 0.01078042328042328
2 0.9467857142857143 0.2552480158730159 0.007819940476190477 0.009199735449735449
2 0.9498189484126984 0.25687499999999996 0.008110119047619048 0.009371693121693121
2 0.9288492063492063 0.2650066137566138 0.007881944444444445 0.010228174603174604
2 0.9226264880952382 0.25869378306878305 0.007624007936507936 0.009156746031746031
2 0.913673115079365 0.264021164021164 0.007046130952380952 0.011339285714285713
2 0.933390376984127 0.30760251322751325 0.008621031746031746 0.011474867724867726
2 0.9240997023809523 0.3127579365079365 0.008033234126984127 0.008012566137566138
2 0.9493377976190476 0.34186507936507937 0.006954365079365079 0.008039021164021163
2 0.9437053571428572 0.3467625661375661 0.007517361111111111 0.009365079365079364
2 0.930421626984127 0.3424206349206349 0.007624007936507936 0.009494047619047619
2 0.9239558531746032 0.34177910052910054 0.006589781746031746 0.008210978835978835
2 0.9153893849206349 0.3345039682539682 0.007078373015873015 0.00906415343915344
2 0.9079141865079365 0.3389980158730159 0.008167162698412698 0.010347222222222221
2 0.9034375 0.34584325396825394 0.006560019841269841 0.008637566137566138
2 0.9061160714285714 0.32220238095238096 0.007140376984126984 0.011415343915343917
2 0.8987524801587301 0.3236574074074074 0.007589285714285714 0.012784391534391534
2 0.8995560515873017 0.31403108465608465 0.008134920634920634 0.008931878306878308
2 0.9108978174603174 0.19302579365079367 0.007041170634920635 0.008740079365079366
2 0.8530456349206349 0.23927910052910054 0.008159722222222223 0.010373677248677248
2 0.8499652777777778 0.24606150793650794 0.007626488095238095 0.006223544973544974
2 0.8569122023809524 0.2491633597883598 0.005625 0.008578042328042329
2 0.8529166666666667 0.2555588624338624 0.008782242063492063 0.006911375661375661
2 0.8467261904761905 0.2570800264550264 0.005766369047619048 0.009007936507936508
2 0.9540376984126984 0.4408994708994709 0.006103670634920635 0.008525132275132276
2 0.9269890873015872 0.43116402116402114 0.006302083333333333 0.008310185185185184