2 0.04127480158730158 0.7815740740740741 0.008053075396825397 0.008501984126984127
2 0.05754960317460317 0.9350396825396825 0.011520337301587302 0.013571428571428571
2 0.10508928571428572 0.8155753968253969 0.010850694444444444 0.01267857142857143
2 0.1115203373015873 0.8269874338624339 0.012976190476190476 0.013720238095238096
2 0.18081349206349207 0.24563492063492062 0.01778521825396825 0.01968584656084656
2 0.19060267857142857 0.26323412698412696 0.015436507936507938 0.018792989417989417
2 0.21336557539682538 0.4662896825396825 0.012415674603174604 0.01058862433862434
2 0.22964037698412698 0.5917923280423281 0.008725198412698412 0.012526455026455028
2 0.23349950396825397 0.6305687830687831 0.010850694444444444 0.016703042328042327
2 0.17544642857142856 0.7219907407407408 0.01778521825396825 0.022668650793650793
2 0.18735863095238095 0.7256448412698412 0.008725198412698412 0.009695767195767195
2 0.21565724206349204 0.6949966931216931 0.008501984126984127 0.011633597883597883
2 0.13696676587301587 0.8073743386243386 0.012638888888888889 0.016256613756613754
2 0.14776041666666667 0.8811243386243386 0.01588293650793651 0.020284391534391537
2 0.15547867063492063 0.9481646825396826 0.011631944444444445 0.012080026455026455
2 0.19742559523809525 0.9556944444444444 0.020580357142857143 0.02087962962962963
2 0.22986359126984127 0.9005886243386244 0.010739087301587302 0.017450396825396827
2 0.19356646825396825 0.8553240740740741 0.01017857142857143 0.010439814814814815
2 0.20542410714285714 0.8228835978835979 0.009283234126984128 0.012377645502645503
2 0.22354414682539683 0.8203505291005291 0.007271825396825397 0.009993386243386243
2 0.2433407738095238 0.8527116402116401 0.019799107142857143 0.02251984126984127
2 0.2852876984126984 0.3810548941798942 0.009955357142857143 0.013720238095238096
2 0.302234623015873 0.5399636243386243 0.020580357142857143 0.024907407407407406
2 0.2833308531746032 0.5584589947089947 0.0076066468253968254 0.010291005291005292
2 0.2740451388888889 0.7137896825396826 0.008948412698412699 0.011633597883597883
2 0.25178819444444445 0.7765013227513227 0.020133928571428573 0.023118386243386243
2 0.2590029761904762 0.7904464285714285 0.01778521825396825 0.015509259259259259
2 0.3118526785714286 0.7433928571428572 0.019238591269841267 0.023118386243386243
2 0.3051984126984127 0.8755324074074075 0.011073908730158729 0.010291005291005292
2 0.294124503968254 0.9218386243386243 0.019799107142857143 0.023267195767195766
2 0.2749404761904762 0.9808994708994708 0.017673611111111112 0.02087962962962963
2 0.3543576388888889 0.9130390211640212 0.010513392857142857 0.011633597883597883
2 0.365265376984127 0.8929794973544973 0.009060019841269841 0.015958994708994707
2 0.3776810515873016 0.9080456349206348 0.014206349206349207 0.01804563492063492
2 0.38159474206349203 0.919976851851852 0.014206349206349207 0.015958994708994707
2 0.34580109126984127 0.8314616402116403 0.007941468253968255 0.00984457671957672
2 0.3409920634920635 0.8219146825396825 0.007271825396825397 0.009543650793650793
2 0.322983630952381 0.8288492063492063 0.008836805555555556 0.012080026455026455
2 0.3373015873015873 0.7842559523809525 0.015101686507936508 0.019537037037037037
2 0.2772891865079365 0.7459292328042328 0.006264880952380953 0.008204365079365079
2 0.2573809523809524 0.7043915343915343 0.003355654761904762 0.005069444444444444
2 0.34703125 0.4531646825396825 0.021140873015873016 0.027592592592592592
2 0.38735615079365077 0.4181150793650794 0.017896825396825397 0.024011243386243386
2 0.44999503968253973 0.7886574074074074 0.014987599206349206 0.022668650793650793
2 0.4493229166666667 0.8805291005291005 0.014094742063492063 0.01968584656084656
2 0.44048859126984125 0.8419742063492064 0.017001488095238094 0.020433201058201057
2 0.49512896825396824 0.8610648148148149 0.015994543650793648 0.028485449735449735
2 0.4065401785714286 0.957933201058201 0.01353422619047619 0.017000661375661374
2 0.48908978174603174 0.5371296296296296 0.008836805555555556 0.009695767195767195
2 0.4819866071428571 0.47978505291005286 0.014541170634920636 0.018792989417989417
2 0.4908779761904762 0.4651719576719577 0.014652777777777777 0.01968584656084656
2 0.5285739087301587 0.36546957671957675 0.015548115079365078 0.02162698412698413
2 0.543172123015873 0.35838624338624336 0.01565972222222222 0.01968584656084656
2 0.5255530753968255 0.4253505291005291 0.015324900793650793 0.02087962962962963
2 0.546359126984127 0.46270833333333333 0.01756200396825397 0.020730820105820107
2 0.5669965277777778 0.4272883597883598 0.014317956349206348 0.018792989417989417
2 0.565374503968254 0.3966402116402117 0.01196924603174603 0.016554232804232804
2 0.582375992063492 0.48605158730158726 0.014652777777777777 0.01342261904761905
2 0.6256646825396825 0.9232572751322751 0.012192460317460317 0.014467592592592593
2 0.6796899801587302 0.9688194444444445 0.015771329365079367 0.019090608465608463
2 0.6926661706349206 0.956739417989418 0.016666666666666666 0.022371031746031746
2 0.6910441468253968 0.9140839947089947 0.014764384920634921 0.019388227513227514
2 0.695014880952381 0.9295965608465608 0.015101686507936508 0.016703042328042327
2 0.6437301587301587 0.8930555555555555 0.017896825396825397 0.02177579365079365
2 0.6529017857142857 0.9072222222222223 0.017896825396825397 0.02177579365079365
2 0.6540749007936508 0.8482374338624339 0.016220238095238097 0.02580026455026455
2 0.6692881944444445 0.8495800264550265 0.016666666666666666 0.026398809523809522
2 0.624265873015873 0.696712962962963 0.018343253968253967 0.02610119047619048
2 0.6412673611111112 0.7013359788359789 0.019238591269841267 0.02610119047619048
2 0.6683928571428571 0.7008134920634921 0.012415674603174604 0.013720238095238096
2 0.6381374007936508 0.611031746031746 0.017896825396825397 0.020284391534391537
2 0.681984126984127 0.6295965608465609 0.016778273809523812 0.020730820105820107
2 0.7001612103174604 0.48634920634920636 0.019350198412698413 0.02416005291005291
2 0.7187847222222222 0.5797850529100529 0.00984375 0.011187169312169312
2 0.7125198412698412 0.437281746031746 0.019238591269841267 0.02416005291005291
2 0.5814806547619048 0.419457671957672 0.016666666666666666 0.019834656084656083
2 0.5306994047619048 0.39179232804232805 0.015771329365079367 0.01968584656084656
2 0.5532390873015872 0.4119279100529101 0.011631944444444445 0.012827380952380953
2 0.6796354166666666 0.2809821428571429 0.014987599206349206 0.019388227513227514
2 0.6533482142857143 0.33340277777777777 0.010290178571428572 0.015360449735449736
2 0.6832713293650793 0.30581349206349207 0.015771329365079367 0.01685185185185185
2 0.73796875 0.7092394179894179 0.019575892857142858 0.022817460317460316
2 0.7804166666666666 0.90192791005291 0.01230406746031746 0.014467592592592593
2 0.7599479166666667 0.8498048941798941 0.015213293650793651 0.017896825396825397
2 0.790483630952381 0.8422718253968254 0.014094742063492063 0.013869047619047618
2 0.772921626984127 0.8062566137566137 0.011185515873015873 0.0173015873015873
2 0.7848363095238096 0.803125 0.01062748015873016 0.011335978835978837
2 0.7957415674603174 0.8116997354497354 0.011631944444444445 0.01685185185185185
2 0.7942881944444445 0.7676289682539682 0.014094742063492063 0.01968584656084656
2 0.779858630952381 0.7732969576719576 0.013422619047619048 0.018194444444444447
2 0.8140848214285714 0.7129662698412699 0.010739087301587302 0.013869047619047618
2 0.7745436507936508 0.5657671957671958 0.01644345238095238 0.018941798941798944
2 0.7946230158730159 0.5469742063492063 0.010066964285714287 0.013571428571428571
2 0.754186507936508 0.3992493386243386 0.013983134920634922 0.01759920634920635
2 0.731031746031746 0.4430224867724868 0.007271825396825397 0.01058862433862434
2 0.7558085317460318 0.2870965608465608 0.013199404761904761 0.017000661375661374
2 0.8523412698412698 0.37031746031746027 0.016106150793650794 0.01998346560846561
2 0.8676636904761905 0.365244708994709 0.016555059523809524 0.020582010582010583
2 0.8957390873015872 0.3431746031746032 0.014541170634920636 0.017896825396825397
2 0.8626860119047619 0.39343253968253966 0.013757440476190475 0.015810185185185188
2 0.8485367063492064 0.42982473544973543 0.014094742063492063 0.019090608465608463
2 0.911232638888889 0.3972354497354497 0.01353422619047619 0.015062830687830688
2 0.8530109126984128 0.46755621693121696 0.01588293650793651 0.019090608465608463
2 0.8595535714285714 0.524156746031746 0.01196924603174603 0.01685185185185185
2 0.8430009920634921 0.6141633597883598 0.015548115079365078 0.021474867724867723
2 0.8157068452380952 0.6425727513227514 0.014206349206349207 0.017152777777777777
2 0.8452380952380952 0.7032738095238095 0.013983134920634922 0.020730820105820107
2 0.8930555555555556 0.7471957671957672 0.012976190476190476 0.014318783068783068
2 0.9329315476190476 0.8486871693121693 0.011073908730158729 0.012976190476190476
2 0.9187251984126985 0.5718816137566137 0.014429563492063492 0.022817460317460316