2 0.023561507936507936 0.13117394179894182 0.022321428571428572 0.028660714285714286
2 0.05414930555555556 0.09810515873015874 0.023975694444444445 0.028660714285714286
2 0.07895089285714285 0.06779100529100529 0.019015376984126985 0.02535383597883598
2 0.13806299603174602 0.06558531746031747 0.01984126984126984 0.02755621693121693
2 0.1694766865079365 0.09810515873015874 0.01984126984126984 0.028660714285714286
2 0.18559771825396826 0.06999669312169311 0.014055059523809523 0.023148148148148147
2 0.06117807539682539 0.2210085978835979 0.016535218253968254 0.023148148148148147
2 0.07688492063492064 0.27116402116402116 0.028107638888888887 0.030863095238095238
2 0.15128968253968253 0.1598313492063492 0.023147321428571427 0.024249338624338625
2 0.033896329365079365 0.445327380952381 0.01984126984126984 0.028660714285714286
2 0.08432539682539683 0.3835978835978836 0.021495535714285714 0.024249338624338625
2 0.16865079365079366 0.36265542328042333 0.023147321428571427 0.030863095238095238
2 0.10664682539682539 0.5329596560846561 0.028107638888888887 0.036375661375661374
2 0.13310267857142857 0.5445337301587302 0.02976190476190476 0.030863095238095238
2 0.06613839285714286 0.7964054232804233 0.026455853174603174 0.031967592592592596
2 0.13434275793650793 0.7159391534391535 0.028936011904761905 0.03858134920634921
2 0.21453373015873015 0.6712962962962963 0.027281746031746032 0.028660714285714286
2 0.23726934523809523 0.6905853174603175 0.023147321428571427 0.02976190476190476
2 0.25959077380952383 0.658068783068783 0.0248015873015873 0.026455026455026454
2 0.3145659722222222 0.7953042328042328 0.022321428571428572 0.031967592592592596
2 0.21825396825396826 0.5191798941798942 0.026455853174603174 0.03747685185185185
2 0.3678893849206349 0.28273809523809523 0.023147321428571427 0.02976190476190476
2 0.3699578373015873 0.6205919312169312 0.02562748015873016 0.0352744708994709
2 0.4758606150793651 0.8013657407407407 0.016535218253968254 0.023148148148148147
2 0.5026463293650794 0.6732804232804233 0.01984126984126984 0.024249338624338625
2 0.47577628968253965 0.9540343915343915 0.0206671626984127 0.02976190476190476
2 0.4422941468253968 0.18518518518518517 0.021495535714285714 0.028660714285714286
2 0.4137723214285714 0.2728174603174603 0.023975694444444445 0.02755621693121693
2 0.46130952380952384 0.30368055555555556 0.023147321428571427 0.02755621693121693
2 0.42204117063492064 0.38855820105820105 0.023975694444444445 0.02755621693121693
2 0.4282415674603175 0.40399140211640217 0.016535218253968254 0.023148148148148147
2 0.45221478174603175 0.40674603174603174 0.0248015873015873 0.028660714285714286
2 0.4894171626984127 0.45579695767195766 0.01984126984126984 0.02976190476190476
2 0.5113268849206349 0.5230390211640212 0.023975694444444445 0.02976190476190476
2 0.524967757936508 0.5880720899470899 0.0248015873015873 0.02976190476190476
2 0.5113268849206349 0.560515873015873 0.01570684523809524 0.020942460317460318
2 0.5555555555555556 0.3560416666666667 0.021495535714285714 0.030863095238095238
2 0.6010243055555555 0.2617956349206349 0.026455853174603174 0.02976190476190476
2 0.5725024801587302 0.32076719576719576 0.022321428571428572 0.028660714285714286
2 0.6493874007936508 0.4271395502645503 0.017361111111111112 0.020942460317460318
2 0.5520833333333334 0.4569014550264551 0.023975694444444445 0.02535383597883598
2 0.6911383928571428 0.1421957671957672 0.023147321428571427 0.028660714285714286
2 0.7035391865079366 0.12014880952380952 0.021495535714285714 0.024249338624338625
2 0.7353670634920635 0.019289021164021165 0.019015376984126985 0.020942460317460318
2 0.7333010912698413 0.07550595238095238 0.016535218253968254 0.02535383597883598
2 0.8072916666666666 0.08101851851851852 0.019015376984126985 0.02535383597883598
2 0.8184523809523809 0.08597883597883597 0.018187003968253967 0.022046957671957673
2 0.8300272817460318 0.10582010582010581 0.021495535714285714 0.026455026455026454
2 0.8449082341269841 0.19896494708994708 0.0248015873015873 0.03858134920634921
2 0.7605828373015873 0.2761243386243386 0.021495535714285714 0.02755621693121693
2 0.7649875992063492 0.374484126984127 0.023092757936507936 0.03007275132275132
2 0.7896899801587302 0.37519841269841264 0.025240575396825397 0.028640873015873015
2 0.7346453373015873 0.6419179894179895 0.02470238095238095 0.027926587301587303
2 0.6519444444444444 0.9011210317460316 0.01611111111111111 0.022195767195767196
2 0.652750496031746 0.9816732804232804 0.019868551587301587 0.028640873015873015
2 0.6830902777777778 0.9813161375661376 0.021480654761904763 0.026491402116402118
2 0.7139707341269841 0.8245072751322751 0.015572916666666667 0.022195767195767196
2 0.7657911706349206 0.8721230158730159 0.02362847222222222 0.03007275132275132
2 0.7480704365079365 0.8821461640211641 0.01611111111111111 0.02148148148148148
2 0.8560119047619048 0.7897784391534391 0.026850198412698412 0.041531084656084655
2 0.920453869047619 0.9408597883597883 0.02470238095238095 0.028640873015873015
2 0.9483804563492063 0.7539781746031746 0.025776289682539685 0.03293650793650794
2 0.9228720238095238 0.6884623015873015 0.022018849206349205 0.026491402116402118
2 0.9749627976190477 0.6487202380952382 0.024166666666666666 0.03007275132275132
2 0.7848561507936508 0.611845238095238 0.024166666666666666 0.027926587301587303
2 0.8245957341269842 0.4922685185185185 0.025240575396825397 0.026491402116402118
2 0.8871602182539683 0.4167294973544974 0.026850198412698412 0.03007275132275132
2 0.9032688492063492 0.46040674603174603 0.02470238095238095 0.028640873015873015
2 0.9244816468253969 0.49191137566137566 0.022018849206349205 0.022913359788359792
2 0.992718253968254 0.4507407407407407 0.014565972222222221 0.03365410052910053
2 0.8455406746031745 0.32292989417989415 0.023092757936507936 0.03007275132275132
2 0.8664831349206349 0.2799669312169312 0.024166666666666666 0.02720899470899471
2 0.868095238095238 0.3214980158730159 0.026314484126984127 0.03007275132275132
2 0.8895758928571429 0.2992989417989418 0.025240575396825397 0.03007275132275132
2 0.9094444444444445 0.3100396825396825 0.025240575396825397 0.025777116402116402
2 0.3314732142857143 0.6322751322751323 0.029017857142857144 0.021825396825396824
2 0.3365575396825397 0.6478174603174603 0.020833333333333332 0.015873015873015872
2 0.4392361111111111 0.734457671957672 0.025793650793650792 0.021825396825396824
2 0.5014880952380952 0.708994708994709 0.01636904761904762 0.021164021164021163
2 0.41369047619047616 0.5773809523809523 0.02132936507936508 0.02447089947089947
2 0.22371031746031747 0.3115079365079365 0.017361111111111112 0.023809523809523808
2 0.23549107142857142 0.2961309523809524 0.014136904761904762 0.016203703703703703
2 0.28311011904761907 0.31216931216931215 0.016617063492063492 0.01984126984126984
2 0.30146329365079366 0.19146825396825398 0.010168650793650794 0.013888888888888888
2 0.33035714285714285 0.18733465608465608 0.012896825396825396 0.017526455026455025
2 0.2932787698412698 0.13624338624338625 0.015625 0.015873015873015872
2 0.34523809523809523 0.14169973544973544 0.01636904761904762 0.026124338624338623
2 0.1943204365079365 0.7724867724867724 0.008680555555555556 0.013227513227513227
2 0.3787202380952381 0.6372354497354498 0.018353174603174604 0.025793650793650792
2 0.6009424603174603 0.36507936507936506 0.014384920634920634 0.0205026455026455
2 0.5290178571428571 0.23809523809523808 0.018849206349206348 0.026455026455026454
2 0.6071428571428571 0.15922619047619047 0.00992063492063492 0.015542328042328041
2 0.7625248015873016 0.4193121693121693 0.012648809523809524 0.01521164021164021
2 0.8617311507936508 0.7599206349206349 0.019593253968253968 0.02513227513227513
2 0.8787202380952381 0.7513227513227513 0.016865079365079364 0.017195767195767195
2 0.8402777777777778 0.7080026455026455 0.025793650793650792 0.02513227513227513
2 0.9656498015873016 0.6822089947089947 0.013640873015873016 0.021164021164021163
2 0.9908234126984127 0.46742724867724866 0.018353174603174604 0.018187830687830687
2 0.8563988095238095 0.3599537037037037 0.022321428571428572 0.022817460317460316
2 0.9129464285714286 0.4393187830687831 0.015376984126984126 0.016203703703703703
2 0.8623511904761905 0.12962962962962962 0.017857142857142856 0.02513227513227513
2 0.9141865079365079 0.24702380952380953 0.01636904761904762 0.026455026455026454