1 0.4009871031746032 0.33572420634920636 0.02019097222222222 0.030085978835978838
1 0.7583556547619048 0.5918287037037038 0.024379960317460318 0.032096560846560845
1 0.8547247023809523 0.5954431216931216 0.024521329365079367 0.029457671957671957
1 0.7125917658730159 0.5736177248677248 0.026607142857142857 0.03222222222222222
2 0.2101264880952381 0.4816071428571429 0.01880952380952381 0.023852513227513226
1 0.6101463293650794 0.33571097883597883 0.030582837301587302 0.03334986772486772
1 0.319734623015873 0.4912268518518519 0.01865079365079365 0.02604828042328042
1 0.7243700396825397 0.6049636243386244 0.024791666666666667 0.035168650793650794
1 0.44422867063492066 0.2310548941798942 0.01623263888888889 0.02488756613756614
1 0.863625992063492 0.3487533068783069 0.018878968253968256 0.02504298941798942
1 0.7872718253968255 0.379510582010582 0.017323908730158728 0.023773148148148147
1 0.5928670634920635 0.6262103174603175 0.021292162698412696 0.03156415343915344
1 0.7159002976190477 0.33105820105820105 0.019389880952380954 0.025793650793650792
1 0.627765376984127 0.7156283068783068 0.021686507936507934 0.029176587301587304
1 0.7619593253968253 0.4237037037037037 0.01951388888888889 0.026025132275132278
1 0.41541418650793654 0.5451025132275132 0.021498015873015874 0.02986441798941799
1 0.3193229166666667 0.7142989417989418 0.019280753968253968 0.02589616402116402
1 0.7329613095238096 0.5431845238095238 0.02290426587301587 0.026421957671957673
1 0.1696750992063492 0.4202513227513227 0.01961061507936508 0.02525462962962963
1 0.5821850198412698 0.2995205026455027 0.022356150793650793 0.029447751322751323
2 0.22694196428571428 0.20860119047619047 0.018090277777777778 0.02011904761904762
1 0.8087500000000001 0.3860978835978836 0.01816964285714286 0.024513888888888887
1 0.35193204365079367 0.6766567460317461 0.01720982142857143 0.02507275132275132
1 0.607172619047619 0.6961904761904762 0.02107142857142857 0.02736111111111111
1 0.6108978174603175 0.8061011904761906 0.01925843253968254 0.028072089947089946
1 0.5486408730158729 0.5333068783068783 0.023464781746031747 0.030165343915343916
1 0.2698214285714286 0.31647817460317457 0.01934027777777778 0.026378968253968252
1 0.5385044642857143 0.7437003968253968 0.020089285714285716 0.03037037037037037
1 0.3407762896825397 0.25494378306878307 0.02074652777777778 0.028988095238095236
1 0.5466493055555556 0.8675066137566138 0.017336309523809525 0.02019510582010582
1 0.39565972222222223 0.30680224867724865 0.019699900793650794 0.027311507936507936
1 0.42375744047619046 0.3390972222222222 0.018640873015873013 0.027648809523809523
1 0.16574404761904762 0.8722453703703704 0.015677083333333335 0.01937169312169312
1 0.18581597222222224 0.8166765873015873 0.016059027777777776 0.022430555555555554
1 0.13878968253968255 0.7695238095238095 0.01452876984126984 0.01988095238095238
1 0.1613467261904762 0.7764054232804233 0.011470734126984126 0.01529431216931217
1 0.1483482142857143 0.7414847883597884 0.01452876984126984 0.018862433862433862
1 0.10399553571428571 0.7529530423280423 0.012234623015873015 0.01631283068783069
1 0.16498015873015875 0.7534623015873015 0.013382936507936509 0.01937169312169312
1 0.18103670634920635 0.7769146825396825 0.01261656746031746 0.01529431216931217
1 0.1995808531746032 0.7432671957671957 0.013764880952380952 0.02039021164021164
1 0.10055555555555555 0.743012566137566 0.01070436507936508 0.012744708994708994
1 0.13592261904761904 0.6137830687830688 0.013382936507936509 0.01937169312169312
1 0.2087574404761905 0.6084292328042329 0.013764880952380952 0.017843915343915343
1 0.13496527777777775 0.5714715608465609 0.01529265873015873 0.02039021164021164
1 0.13592261904761904 0.4751190476190476 0.019499007936507936 0.026507936507936508
1 0.14548115079365082 0.3983994708994709 0.017968750000000002 0.0219212962962963
1 0.16306795634920634 0.3173412698412698 0.013382936507936509 0.018862433862433862
1 0.1775967261904762 0.29465608465608467 0.014910714285714286 0.01937169312169312
1 0.22481646825396825 0.25183531746031745 0.016059027777777776 0.02039021164021164
1 0.28331349206349205 0.525079365079365 0.017586805555555553 0.023449074074074074
1 0.30376984126984125 0.4475925925925926 0.01873511904761905 0.02447089947089947
1 0.3005183531746032 0.39228174603174604 0.01911706349206349 0.023958333333333335
1 0.31428323412698417 0.3930456349206349 0.013764880952380952 0.017331349206349204
1 0.27222470238095237 0.38412367724867724 0.016822916666666667 0.01988095238095238
1 0.2980332341269841 0.4121626984126984 0.016440972222222225 0.01988095238095238
1 0.25253472222222223 0.3451256613756614 0.01873511904761905 0.02447089947089947
1 0.30275049603174603 0.23224206349206347 0.015689484126984128 0.019758597883597885
1 0.3136458333333333 0.24463955026455025 0.017723214285714283 0.023630952380952377
1 0.3325297619047619 0.2357308201058201 0.0159796626984127 0.021306216931216933
1 0.342844742063492 0.1228042328042328 0.01394593253968254 0.020145502645502647
1 0.33965029761904764 0.11505621693121694 0.012202380952380952 0.01626984126984127
1 0.40037450396825397 0.11311838624338624 0.009878472222222223 0.012397486772486773
1 0.40821924603174603 0.13655753968253967 0.010458829365079365 0.015109126984126984
1 0.3929637896825397 0.24890211640211637 0.021790674603174603 0.031378968253968256
1 0.3843923611111111 0.2397982804232804 0.020337301587301588 0.027893518518518515
1 0.3643452380952381 0.28357473544973544 0.020337301587301588 0.027893518518518515
1 0.3325297619047619 0.26420304232804237 0.0159796626984127 0.02634259259259259
1 0.34778521825396824 0.27175925925925926 0.01685267857142857 0.023630952380952377
1 0.47693204365079367 0.1836243386243386 0.017723214285714283 0.02634259259259259
1 0.5245808531746032 0.2289517195767196 0.01830357142857143 0.024017857142857143
1 0.508891369047619 0.24076719576719577 0.01830357142857143 0.024404761904761905
1 0.49886904761904766 0.22933862433862434 0.01685267857142857 0.02169312169312169
1 0.4695238095238095 0.21674933862433865 0.013365575396825397 0.01588293650793651
1 0.5803670634920635 0.020145502645502647 0.017142857142857144 0.024791666666666667
1 0.6166865079365079 0.07108796296296296 0.014818948412698412 0.019758597883597885
1 0.7112574404761904 0.07728505291005291 0.014526289682539682 0.018207671957671957
1 0.725639880952381 0.08406415343915344 0.013075396825396825 0.01704695767195767
1 0.7227356150793651 0.10168981481481482 0.011912202380952381 0.01665674603174603
1 0.7262202380952381 0.10265873015873016 0.00958829365079365 0.017820767195767195
1 0.6713070436507936 0.18943783068783068 0.020047123015873015 0.027893518518518515
1 0.63484375 0.19950727513227512 0.018013392857142856 0.02634259259259259
1 0.5777529761904762 0.249484126984127 0.02121031746031746 0.027893518518518515
1 0.6620114087301587 0.23340608465608467 0.01656001984126984 0.022080026455026453
1 0.6705828373015873 0.2578108465608466 0.02324404761904762 0.02750661375661376
1 0.6641889880952382 0.2767956349206349 0.017433035714285717 0.01898148148148148
1 0.6624454365079365 0.3042989417989418 0.0191765873015873 0.02518187830687831
1 0.7514980158730159 0.2303075396825397 0.014818948412698412 0.022857142857142857
1 0.7376984126984127 0.21461640211640212 0.016269841269841268 0.020145502645502647
1 0.7734350198412698 0.32056878306878306 0.019756944444444445 0.026729497354497353
1 0.739875992063492 0.329672619047619 0.020047123015873015 0.02634259259259259
1 0.8011830357142857 0.31979497354497355 0.017142857142857144 0.022857142857142857
1 0.8821006944444445 0.32095568783068784 0.013365575396825397 0.01898148148148148
1 0.8369196428571428 0.4114153439153439 0.018886408730158732 0.024791666666666667
1 0.8822445436507936 0.46429232804232806 0.019466765873015872 0.023630952380952377
1 0.8919791666666667 0.4743650793650794 0.01859375 0.02595568783068783
1 0.9144965277777778 0.45964616402116404 0.020629960317460318 0.02595568783068783
1 0.9005505952380952 0.45615740740740746 0.0159796626984127 0.02518187830687831
1 0.8258779761904762 0.47785383597883596 0.01656001984126984 0.023630952380952377
1 0.8729464285714286 0.5462268518518518 0.017723214285714283 0.024017857142857143
1 0.8912524801587302 0.5537830687830688 0.01656001984126984 0.02053240740740741
1 0.8669915674603175 0.5869047619047619 0.019756944444444445 0.024791666666666667
1 0.8132390873015873 0.6159589947089947 0.020337301587301588 0.025568783068783067
1 0.8290749007936508 0.6454001322751323 0.020629960317460318 0.024791666666666667
1 0.8438938492063491 0.6707738095238095 0.024114583333333335 0.03292989417989418
1 0.8636507936507936 0.6887896825396825 0.020629960317460318 0.030218253968253967
1 0.8190500992063492 0.704672619047619 0.024987599206349208 0.03176587301587302
1 0.798859126984127 0.6903373015873016 0.020047123015873015 0.025568783068783067
1 0.7273834325396825 0.7000231481481481 0.023534226190476192 0.029441137566137567
1 0.7315972222222222 0.7248181216931217 0.020920138888888887 0.029441137566137567
1 0.7372619047619048 0.6024007936507937 0.015399305555555557 0.027893518518518515
1 0.7121304563492064 0.600462962962963 0.015689484126984128 0.025568783068783067
1 0.915657242063492 0.6787169312169312 0.018886408730158732 0.024017857142857143
1 0.8921230158730159 0.7530985449735449 0.020047123015873015 0.024791666666666667
1 0.838953373015873 0.7443816137566138 0.022953869047619046 0.03215277777777778
1 0.8245709325396826 0.737989417989418 0.016269841269841268 0.023244047619047623
1 0.8251537698412699 0.8174041005291005 0.01685267857142857 0.029441137566137567
1 0.8553695436507937 0.8950760582010582 0.022080853174603173 0.02828042328042328
1 0.7878174603174604 0.8174041005291005 0.018886408730158732 0.025568783068783067
1 0.7687872023809523 0.8003604497354497 0.019756944444444445 0.030218253968253967
1 0.7276736111111111 0.7864120370370371 0.018886408730158732 0.027116402116402115
1 0.7148908730158731 0.8325132275132275 0.019466765873015872 0.029441137566137567
1 0.6880133928571429 0.7765343915343914 0.015109126984126985 0.024404761904761905
1 0.6357167658730158 0.7114517195767195 0.014526289682539682 0.026729497354497353
1 0.6479191468253968 0.7007969576719577 0.017433035714285717 0.025568783068783067
1 0.6390575396825396 0.6395899470899471 0.02121031746031746 0.03176587301587302
1 0.657797619047619 0.6151851851851852 0.02150049603174603 0.03176587301587302
1 0.5832713293650794 0.7529034391534393 0.01830357142857143 0.026729497354497353
1 0.5687450396825396 0.7457374338624339 0.015399305555555557 0.024017857142857143
1 0.6156696428571429 0.7912566137566138 0.014526289682539682 0.024404761904761905
1 0.6127628968253968 0.8611805555555556 0.020920138888888887 0.03253968253968254
1 0.550875496031746 0.9152215608465609 0.022080853174603173 0.03292989417989418
1 0.5145585317460317 0.9877314814814815 0.02150049603174603 0.024537037037037038
1 0.4581919642857143 0.8567261904761904 0.022080853174603173 0.02828042328042328
1 0.38991319444444444 0.8503339947089946 0.01162202380952381 0.014722222222222223
1 0.364781746031746 0.9347850529100529 0.020047123015873015 0.028667328042328043
1 0.3592609126984127 0.6967294973544973 0.020047123015873015 0.02595568783068783
1 0.3431349206349206 0.7069973544973545 0.019756944444444445 0.02634259259259259
1 0.30275049603174603 0.6281613756613756 0.020337301587301588 0.02750661375661376
1 0.3435714285714286 0.4706845238095238 0.0159796626984127 0.023244047619047623
1 0.31524305555555554 0.4187731481481481 0.015109126984126985 0.020145502645502647
1 0.23243799603174606 0.37422288359788364 0.018013392857142856 0.023244047619047623
1 0.23911954365079366 0.25529431216931214 0.013365575396825397 0.017820767195767195
1 0.4952356150793651 0.09065145502645502 0.00726438492063492 0.012397486772486773
1 0.4977058531746032 0.1115707671957672 0.00697420634920635 0.0092989417989418
1 0.49102430555555554 0.1107936507936508 0.00697420634920635 0.007748015873015873
1 0.4804191468253968 0.35001322751322755 0.014818948412698412 0.01898148148148148
1 0.5080208333333334 0.46332671957671956 0.017142857142857144 0.024017857142857143
1 0.5505853174603175 0.45112103174603174 0.022663690476190476 0.03060515873015873
1 0.5786235119047619 0.44705357142857144 0.021790674603174603 0.028667328042328043
1 0.4547048611111111 0.4972222222222222 0.01859375 0.023630952380952377
1 0.516155753968254 0.5286011904761905 0.017723214285714283 0.023630952380952377
1 0.5039533730158731 0.5921329365079365 0.017723214285714283 0.02595568783068783
1 0.4468601190476191 0.44666666666666666 0.015689484126984128 0.02169312169312169
1 0.5054067460317461 0.6707738095238095 0.0159796626984127 0.022080026455026453
1 0.5452108134920635 0.6837533068783069 0.020629960317460318 0.027893518518518515
1 0.5550892857142857 0.2849305555555556 0.013075396825396825 0.018207671957671957
1 0.7221527777777778 0.43814484126984127 0.018886408730158732 0.02169312169312169
1 0.5326364087301587 0.8573048941798941 0.019231150793650797 0.02816468253968254
1 0.3204141865079365 0.8322519841269841 0.008980654761904763 0.01267857142857143
1 0.32913194444444444 0.8206283068783069 0.008452380952380953 0.014087301587301588
1 0.7896602182539683 0.7283928571428571 0.017819940476190475 0.02595899470899471