1 0.21359375 0.21189814814814814 0.024206349206349204 0.028561507936507937
1 0.2892956349206349 0.2732804232804233 0.02238343253968254 0.030168650793650796
1 0.4738020833333333 0.3822089947089947 0.0219171626984127 0.029289021164021163
1 0.5227356150793651 0.31220568783068786 0.025367063492063493 0.03127645502645503
1 0.7718998015873016 0.4603075396825397 0.025277777777777777 0.029732142857142856
1 0.44260912698412697 0.2045138888888889 0.02451140873015873 0.03315806878306878
1 0.16472966269841272 0.6023578042328043 0.02416170634920635 0.027916666666666666
1 0.8560590277777778 0.32928902116402115 0.02598214285714286 0.033167989417989416
1 0.19119791666666666 0.17479828042328044 0.02022321428571429 0.028227513227513226
1 0.5211383928571428 0.09578703703703705 0.02318452380952381 0.029755291005291007
1 0.18214781746031744 0.3641931216931217 0.020952380952380955 0.027023809523809523
1 0.3667113095238095 0.6006216931216931 0.02257688492063492 0.03015542328042328
1 0.71125 0.11449404761904762 0.02036210317460317 0.027903439153439152
1 0.7377628968253968 0.5015575396825397 0.02585565476190476 0.031686507936507936
1 0.7157068452380952 0.07517195767195767 0.023288690476190477 0.030380291005291007
1 0.7248412698412698 0.23070105820105818 0.02516121031746032 0.03243386243386243
1 0.35369791666666667 0.09819444444444445 0.019598214285714285 0.030162037037037036
1 0.7515625 0.27150132275132277 0.02507440476190476 0.03325396825396826
1 0.49271329365079364 0.561683201058201 0.02335813492063492 0.029404761904761906
1 0.6550967261904762 0.3929398148148148 0.023196924603174605 0.028373015873015873
1 0.7579191468253967 0.9771064814814815 0.023740079365079363 0.03511574074074074
1 0.6710912698412699 0.41603835978835974 0.02470238095238095 0.030949074074074077
1 0.17195684523809524 0.4067096560846561 0.021493055555555553 0.023445767195767197
1 0.425672123015873 0.6512136243386243 0.019461805555555555 0.028224206349206346
1 0.4150644841269841 0.29923280423280424 0.02307291666666667 0.029097222222222222
1 0.34735119047619045 0.75573082010582 0.024816468253968254 0.029037698412698414
1 0.7398958333333334 0.6383862433862434 0.025324900793650792 0.0378505291005291
1 0.9357366071428571 0.909593253968254 0.027678571428571427 0.03001984126984127
1 0.8132713293650794 0.7874900793650793 0.019149305555555555 0.026944444444444444
1 0.41458829365079364 0.06715608465608466 0.019516369047619046 0.02533068783068783
1 0.6916790674603175 0.38780092592592597 0.023807043650793648 0.031031746031746032
1 0.46234623015873016 0.41134920634920635 0.02150297619047619 0.030982142857142857
1 0.7906646825396826 0.49773809523809526 0.027956349206349207 0.031068121693121693
1 0.7235763888888889 0.9796064814814814 0.019868551587301587 0.03244708994708995
1 0.1765922619047619 0.25770502645502646 0.017222222222222222 0.023908730158730157
1 0.8150892857142857 0.350109126984127 0.028038194444444445 0.033445767195767195
1 0.28199156746031745 0.34168320105820105 0.019680059523809523 0.02649801587301587
1 0.1933655753968254 0.44692791005291005 0.020386904761904762 0.025773809523809522
1 0.32144345238095234 0.06504298941798942 0.01826636904761905 0.021160714285714286
1 0.2511979166666667 0.6150363756613756 0.01750744047619048 0.016805555555555556
1 0.3628670634920635 0.13778439153439154 0.019928075396825395 0.025188492063492066
1 0.47581101190476194 0.5968650793650794 0.0161780753968254 0.02351190476190476
1 0.2036780753968254 0.305952380952381 0.02009672619047619 0.02684193121693122
1 0.19855902777777779 0.43823743386243386 0.015843253968253968 0.023416005291005293
1 0.5407242063492063 0.6970171957671958 0.017805059523809525 0.029110449735449736
1 0.3461383928571429 0.4942824074074074 0.019707341269841267 0.025641534391534392
1 0.6837549603174603 0.4601091269841269 0.02130704365079365 0.025539021164021167
1 0.41265376984126984 0.5077943121693121 0.019952876984126986 0.023554894179894183
1 0.28015873015873016 0.30089616402116404 0.019399801587301587 0.02029100529100529
1 0.3729092261904762 0.11176587301587303 0.021187996031746033 0.03113095238095238
1 0.9290252976190476 0.4191964285714286 0.019387400793650793 0.02998677248677249
1 0.6589335317460318 0.11373015873015874 0.02006200396825397 0.02736441798941799
1 0.28193452380952383 0.6301223544973545 0.01795634920634921 0.02033399470899471
1 0.32106150793650795 0.0844973544973545 0.016297123015873015 0.021944444444444444
1 0.7292609126984128 0.09130621693121693 0.02218998015873016 0.028098544973544973
1 0.706468253968254 0.18657738095238097 0.023313492063492064 0.030945767195767197
1 0.8510441468253968 0.3943320105820106 0.026765873015873017 0.031815476190476186
1 0.8262177579365079 0.429728835978836 0.02406498015873016 0.031121031746031747
1 0.8154389880952381 0.4933730158730159 0.025610119047619048 0.0342526455026455
1 0.7601587301587301 0.4632010582010582 0.023296130952380954 0.027490079365079363
1 0.7075768849206349 0.3756382275132275 0.023187003968253968 0.034375
1 0.7185615079365079 0.3567857142857143 0.02035218253968254 0.023878968253968253
1 0.6918799603174602 0.3550132275132275 0.02013640873015873 0.033095238095238094
1 0.692529761904762 0.42705026455026457 0.023936011904761904 0.03315476190476191
1 0.6451488095238095 0.37342592592592594 0.020994543650793653 0.029093915343915346
1 0.5601190476190476 0.33898148148148144 0.02021825396825397 0.029097222222222222
1 0.5552281746031745 0.45719907407407406 0.022343750000000002 0.03079695767195767
1 0.45378968253968255 0.3952050264550264 0.016530257936507937 0.019074074074074073
1 0.20571676587301588 0.1705489417989418 0.017162698412698414 0.026471560846560847
1 0.42142857142857143 0.15284060846560846 0.012544642857142857 0.017417328042328043
1 0.42319940476190476 0.16089616402116402 0.02359871031746032 0.03155092592592593
1 0.45433035714285713 0.09991402116402116 0.020662202380952382 0.03064153439153439
1 0.47010168650793654 0.010962301587301587 0.02427579365079365 0.021924603174603173
1 0.3939012896825397 0.018035714285714287 0.01394593253968254 0.019117063492063494
1 0.18756448412698412 0.2985019841269841 0.019248511904761904 0.023832671957671955
2 0.20375744047619046 0.4232506613756614 0.009538690476190477 0.009679232804232805
1 0.15224702380952382 0.37293320105820105 0.02113343253968254 0.02613756613756614
1 0.14575148809523808 0.6117427248677249 0.021316964285714286 0.023888888888888887
1 0.03961557539682539 0.655704365079365 0.020076884920634922 0.026716269841269843
1 0.04819196428571429 0.7086474867724867 0.021790674603174603 0.027602513227513226
1 0.09488591269841269 0.7936805555555556 0.02046875 0.026091269841269842
1 0.10279265873015872 0.8187698412698413 0.02238343253968254 0.02548611111111111
1 0.09582837301587302 0.8418386243386242 0.020297619047619047 0.03044642857142857
1 0.07223958333333333 0.6574966931216931 0.019441964285714285 0.026180555555555558
1 0.07542906746031745 0.6748445767195768 0.018958333333333334 0.01970238095238095
1 0.05489831349206349 0.6560284391534391 0.01678323412698413 0.0253042328042328
1 0.15334821428571427 0.8565410052910052 0.0205530753968254 0.027595899470899472
1 0.17082093253968253 0.8608333333333333 0.020679563492063492 0.03274470899470899
1 0.1915798611111111 0.8643981481481482 0.02445684523809524 0.03095568783068783
1 0.2064484126984127 0.9044907407407407 0.020456349206349207 0.030846560846560848
1 0.2303893849206349 0.841845238095238 0.019930555555555556 0.02634589947089947
1 0.25889632936507934 0.8177281746031746 0.01747519841269841 0.02271825396825397
1 0.31593998015873015 0.823316798941799 0.021773313492063493 0.029087301587301585
1 0.39687500000000003 0.7327083333333333 0.018953373015873017 0.02767857142857143
1 0.4454265873015873 0.7455555555555555 0.011411210317460316 0.014943783068783068
1 0.1768328373015873 0.7267791005291006 0.017078373015873016 0.018568121693121692
1 0.9684920634920635 0.3974867724867725 0.021480654761904763 0.02568452380952381
1 0.910062003968254 0.4074570105820106 0.023559027777777776 0.027096560846560844
1 0.8841840277777778 0.90380291005291 0.027271825396825395 0.03701719576719577
1 0.9244866071428572 0.937853835978836 0.025362103174603176 0.03374338624338625
1 0.9808730158730159 0.9290244708994708 0.026956845238095238 0.027754629629629633
1 0.9566691468253968 0.9131812169312169 0.022993551587301587 0.029699074074074076
1 0.8684871031746031 0.9631712962962964 0.0233234126984127 0.028105158730158727
1 0.8649826388888889 0.9270601851851852 0.028859126984126984 0.03549603174603175
1 0.9060863095238095 0.8838392857142857 0.026135912698412696 0.03346560846560847
1 0.9352083333333334 0.8344411375661376 0.026217757936507935 0.03692791005291005
1 0.6952380952380952 0.9080588624338624 0.02804811507936508 0.03248677248677249
1 0.7744766865079366 0.7132771164021163 0.019352678571428573 0.02519510582010582
1 0.6910987103174604 0.6936408730158731 0.017281746031746033 0.027096560846560844
1 0.78453125 0.6410681216931217 0.023916170634920637 0.028326719576719575
1 0.5564335317460317 0.5710681216931217 0.023080357142857142 0.029014550264550264
1 0.569484126984127 0.5345171957671958 0.01601934523809524 0.026607142857142854
1 0.5311607142857142 0.750843253968254 0.017996031746031746 0.024834656084656084
1 0.5194816468253969 0.7309027777777778 0.0219171626984127 0.028872354497354497
1 0.4359449404761905 0.484837962962963 0.021624503968253966 0.028131613756613754
1 0.39661954365079366 0.4908101851851852 0.022036210317460315 0.02634920634920635
1 0.3654811507936508 0.48863756613756615 0.021517857142857144 0.03298280423280423
1 0.321046626984127 0.5123346560846561 0.02185515873015873 0.02753637566137566
1 0.38232886904761904 0.5840542328042329 0.020763888888888887 0.02753637566137566
1 0.2666939484126984 0.4857936507936508 0.01886904761904762 0.021805555555555554
1 0.2849776785714286 0.5146792328042329 0.01884176587301587 0.028105158730158727
1 0.49209325396825393 0.14875661375661375 0.01947668650793651 0.027159391534391533
1 0.47815228174603175 0.1364021164021164 0.019047619047619046 0.024411375661375658
1 0.9643005952380952 0.4503406084656084 0.02890376984126984 0.03314814814814815
1 0.825654761904762 0.9027876984126985 0.023407738095238093 0.027751322751322752
1 0.8516468253968255 0.673505291005291 0.024047619047619047 0.029212962962962965