1 0.21419146825396826 0.7026124338624338 0.021815476190476187 0.03083664021164021
2 0.7990674603174603 0.36621362433862437 0.02392609126984127 0.02724537037037037
1 0.23992063492063492 0.6052380952380952 0.02402281746031746 0.02998346560846561
2 0.229327876984127 0.2562136243386243 0.023896329365079363 0.03055886243386243
1 0.2313516865079365 0.32548280423280423 0.024533730158730158 0.02132936507936508
2 0.3106374007936508 0.6999470899470899 0.02167906746031746 0.029629629629629627
1 0.23678323412698413 0.7037665343915344 0.022998511904761907 0.03275793650793651
1 0.21940724206349205 0.6201223544973545 0.022676091269841273 0.029543650793650796
2 0.32154265873015875 0.1261243386243386 0.01857142857142857 0.027337962962962963
2 0.45022569444444444 0.9886111111111111 0.01886904761904762 0.020826719576719575
1 0.5036929563492064 0.2806150793650794 0.0159375 0.02162367724867725
2 0.21585069444444444 0.24334656084656084 0.029042658730158728 0.02628637566137566
1 0.48332341269841267 0.261765873015873 0.014620535714285714 0.019775132275132275
1 0.9785590277777778 0.3300496031746032 0.0076612103174603175 0.013789682539682541
1 0.2498735119047619 0.6762169312169313 0.019377480158730157 0.03003968253968254
1 0.27188492063492065 0.7477116402116402 0.019422123015873018 0.020618386243386244
1 0.18265128968253969 0.7818022486772487 0.024518849206349207 0.027800925925925923
1 0.1999578373015873 0.7604001322751323 0.022698412698412697 0.02664021164021164
1 0.3143576388888889 0.530952380952381 0.01654017857142857 0.020955687830687828
1 0.4180555555555555 0.4993320105820106 0.022926587301587302 0.028802910052910052
1 0.2937127976190476 0.5166865079365079 0.019608134920634922 0.02761904761904762
2 0.2363343253968254 0.24446428571428572 0.018812003968253967 0.022529761904761903
1 0.2604538690476191 0.33089285714285716 0.024201388888888887 0.0272255291005291
2 0.33012152777777776 0.13470238095238093 0.01656001984126984 0.022933201058201055
2 0.313812003968254 0.1394212962962963 0.016056547619047616 0.021630291005291003
1 0.3833333333333333 0.1434490740740741 0.014786706349206348 0.02333664021164021
2 0.5076537698412699 0.16981150793650793 0.014179067460317461 0.01699404761904762
2 0.5179042658730159 0.15587962962962962 0.01380952380952381 0.019636243386243386
2 0.5212748015873017 0.17357473544973545 0.015 0.01841931216931217
2 0.49895833333333334 0.18106150793650794 0.013263888888888888 0.01728174603174603
1 0.499734623015873 0.24777447089947088 0.016009424603174602 0.02113756613756614
1 0.5169593253968254 0.2779431216931217 0.014791666666666667 0.02201058201058201
1 0.5689930555555555 0.2295734126984127 0.017237103174603176 0.021038359788359787
1 0.5691493055555555 0.25572751322751325 0.01588293650793651 0.01951388888888889
1 0.7441493055555555 0.233640873015873 0.022819940476190476 0.031679894179894176
1 0.7302728174603175 0.24431878306878307 0.017968750000000002 0.024239417989417988
1 0.7138839285714286 0.2491005291005291 0.01945684523809524 0.024411375661375658
1 0.6973363095238095 0.25743055555555555 0.019694940476190477 0.021666666666666664
1 0.679342757936508 0.2521792328042328 0.01628968253968254 0.022430555555555554
1 0.7278621031746031 0.20575396825396827 0.017842261904761906 0.022843915343915343
1 0.7165451388888889 0.1358862433862434 0.019618055555555555 0.022066798941798943
1 0.595 0.15270171957671957 0.01785218253968254 0.022523148148148146
1 0.5123784722222222 0.32427910052910053 0.014563492063492063 0.020790343915343915
1 0.5143204365079365 0.2926818783068783 0.01349702380952381 0.019563492063492064
1 0.4998462301587302 0.2960912698412698 0.013888888888888888 0.01761904761904762
1 0.44668402777777777 0.3605257936507937 0.013100198412698412 0.02193121693121693
1 0.7919816468253968 0.35661375661375666 0.019122023809523808 0.023214285714285715
2 0.7987624007936508 0.7162268518518519 0.01599206349206349 0.02164351851851852
1 0.46123511904761905 0.947744708994709 0.024838789682539685 0.03526785714285714
2 0.5918898809523809 0.6774603174603174 0.026421130952380953 0.032371031746031745
1 0.920483630952381 0.3280654761904762 0.010590277777777778 0.011342592592592592
1 0.9867385912698413 0.3547222222222222 0.008774801587301588 0.010922619047619047
1 0.9848511904761905 0.3317328042328042 0.007368551587301588 0.011001984126984127
2 0.9698338293650793 0.3791600529100529 0.008038194444444443 0.009133597883597884
2 0.957983630952381 0.38711640211640214 0.009283234126984128 0.01199404761904762
2 0.9237301587301587 0.3502645502645503 0.007418154761904762 0.008915343915343916
1 0.2643874007936508 0.6017294973544974 0.021631944444444443 0.027824074074074074
1 0.7659474206349207 0.40790674603174604 0.018288690476190476 0.020849867724867722
2 0.02103422619047619 0.37186507936507934 0.009293154761904761 0.01058862433862434
2 0.01681795634920635 0.37879298941798945 0.01015376984126984 0.009580026455026454
2 0.031922123015873015 0.36993716931216936 0.008157242063492064 0.011689814814814816
2 0.03991815476190476 0.37167989417989417 0.00867063492063492 0.011871693121693122
2 0.04884672619047619 0.36397486772486776 0.007328869047619048 0.008019179894179895
2 0.047452876984126986 0.38599537037037035 0.010114087301587301 0.010773809523809524
2 0.0678000992063492 0.4101488095238095 0.009320436507936507 0.012017195767195768
2 0.07548859126984127 0.432718253968254 0.010453869047619047 0.01091931216931217
2 0.08199156746031745 0.43026455026455024 0.008742559523809524 0.008488756613756615
2 0.08366071428571428 0.43989748677248675 0.007261904761904762 0.011243386243386243
2 0.07237599206349206 0.44420965608465607 0.009801587301587303 0.009957010582010583
2 0.06270833333333334 0.45356812169312166 0.007807539682539682 0.01050925925925926
2 0.06601190476190477 0.47267526455026454 0.009459325396825397 0.012671957671957673
2 0.04991319444444445 0.47554232804232804 0.010699404761904762 0.0115244708994709
2 0.04335813492063492 0.4779497354497354 0.009357638888888888 0.012212301587301588
2 0.029288194444444447 0.48077050264550264 0.010667162698412698 0.012076719576719578
2 0.02005208333333333 0.4772619047619048 0.009188988095238094 0.010836640211640212
2 0.011934523809523808 0.4662301587301588 0.01029265873015873 0.01271494708994709
2 0.017576884920634923 0.44377314814814817 0.00795138888888889 0.009914021164021165
2 0.0032093253968253966 0.3893882275132275 0.006416170634920635 0.00765542328042328
2 0.062413194444444445 0.42840608465608465 0.007353670634920635 0.009206349206349206
2 0.10991815476190477 0.46257936507936503 0.008266369047619047 0.009093915343915343
2 0.10452380952380952 0.42787698412698416 0.006884920634920635 0.010264550264550264
2 0.09936259920634921 0.42897486772486776 0.00873015873015873 0.009639550264550264
2 0.06567708333333333 0.5404133597883598 0.008350694444444445 0.009487433862433862
2 0.06039930555555555 0.5433730158730159 0.00808779761904762 0.009054232804232804
2 0.08002728174603176 0.5504298941798942 0.007643849206349206 0.009057539682539683
2 0.09253968253968255 0.5649404761904763 0.0067311507936507935 0.00984457671957672
2 0.1052876984126984 0.5742162698412698 0.006416170634920635 0.00933531746031746
2 0.03781498015873016 0.6000958994708995 0.00849454365079365 0.011693121693121693
2 0.027802579365079363 0.600271164021164 0.008003472222222223 0.011339285714285713
2 0.02318452380952381 0.583723544973545 0.007239583333333334 0.01070767195767196
2 0.03391865079365079 0.5851752645502646 0.008345734126984127 0.009375
2 0.03131696428571428 0.5759193121693121 0.0066691468253968255 0.01062830687830688
2 0.03650545634920635 0.5554298941798942 0.0052976190476190475 0.008468915343915345
2 0.015570436507936509 0.5697453703703704 0.008948412698412699 0.008862433862433863
2 0.07526289682539682 0.6050958994708995 0.009293154761904761 0.011104497354497355
2 0.05328373015873016 0.5800000000000001 0.00826140873015873 0.010317460317460317
2 0.07602678571428571 0.48586640211640214 0.009174107142857144 0.011908068783068783
2 0.10478670634920635 0.5191964285714286 0.00953125 0.007992724867724869