2 0.46875 0.6779100529100529 0.1273139880952381 0.15873015873015872
2 0.38566468253968256 0.7313723544973545 0.07688492063492064 0.1135350529100529
2 0.19799851190476192 0.2921064814814815 0.0818452380952381 0.10802579365079365
2 0.4460143849206349 0.2595899470899471 0.09011160714285714 0.12676256613756615
2 0.6762574404761905 0.4662698412698413 0.07275049603174603 0.07275132275132275
2 0.9147643849206349 0.4541435185185185 0.03554811507936508 0.050704365079365085
2 0.956515376984127 0.5825628306878307 0.0496031746031746 0.06283068783068783
2 0.9923115079365079 0.7771164021164021 0.015376984126984126 0.03968253968253968
2 0.9832167658730159 0.4001322751322751 0.0335639880952381 0.050704365079365085
2 0.9861111111111112 0.3202149470899471 0.027777777777777776 0.06503637566137566
2 0.44105406746031744 0.015433201058201059 0.02562748015873016 0.030863095238095238
2 0.7477678571428571 0.6900363756613757 0.017361111111111112 0.01984126984126984
2 0.8010912698412699 0.7175925925925926 0.021495535714285714 0.024249338624338625