1 0.6206101190476191 0.8668055555555555 0.024479166666666666 0.035836640211640215
1 0.4277827380952381 0.12233134920634921 0.024032738095238097 0.035595238095238096
1 0.4114012896825397 0.33133267195767196 0.024727182539682542 0.033098544973544974
1 0.2609077380952381 0.7265906084656085 0.027765376984126986 0.0353207671957672
1 0.3831919642857143 0.26967592592592593 0.023236607142857142 0.0300760582010582
1 0.1928249007936508 0.9794708994708995 0.026592261904761903 0.0384457671957672
1 0.6332440476190475 0.8499966931216931 0.02400049603174603 0.04453042328042328
1 0.27324156746031747 0.5764285714285714 0.02621031746031746 0.03560846560846561
1 0.43330109126984123 0.5469940476190476 0.023410218253968253 0.03616402116402116
1 0.21573164682539683 0.7779034391534392 0.027720734126984125 0.03774801587301588
1 0.6039459325396825 0.8938161375661376 0.02615079365079365 0.036865079365079365
1 0.3324181547619047 0.23930886243386243 0.025305059523809525 0.03664682539682539
1 0.37283234126984127 0.8180026455026455 0.026914682539682537 0.0341005291005291
1 0.49544890873015873 0.43873015873015875 0.026966765873015875 0.03376322751322751
1 0.32836805555555554 0.15700066137566138 0.02519593253968254 0.03431547619047619
1 0.35340525793650795 0.7066435185185185 0.026401289682539682 0.03400793650793651
1 0.6603323412698413 0.3611243386243386 0.024156746031746033 0.03411044973544974
1 0.5420386904761905 0.09729166666666667 0.025009920634920635 0.031746031746031744
1 0.5503670634920634 0.6502976190476191 0.023095238095238096 0.03518187830687831
1 0.4200347222222222 0.749837962962963 0.025637400793650796 0.03888558201058201
1 0.6049702380952381 0.7552612433862433 0.026924603174603174 0.039110449735449734
1 0.7075049603174602 0.9665773809523809 0.02480406746031746 0.03816468253968254
1 0.062450396825396826 0.36811507936507937 0.015850694444444445 0.02101851851851852
1 0.4290178571428571 0.5068452380952381 0.02291170634920635 0.03311838624338625
1 0.6863963293650794 0.5384689153439153 0.021393849206349208 0.030710978835978838
1 0.21937251984126985 0.9557539682539682 0.02537202380952381 0.03548941798941799
1 0.6567683531746032 0.5110978835978836 0.0234375 0.032542989417989415
1 0.4367757936507936 0.16714616402116403 0.02390873015873016 0.03245370370370371
1 0.4051810515873016 0.5114219576719576 0.024107142857142858 0.0333531746031746
1 0.7211185515873016 0.9123974867724868 0.030238095238095238 0.038492063492063494
1 0.8430257936507937 0.23925595238095237 0.02135168650793651 0.027285052910052912
1 0.28441468253968255 0.05555886243386243 0.02531498015873016 0.03145833333333333
1 0.20195436507936507 0.5980257936507937 0.025086805555555557 0.03350198412698413
1 0.7965525793650793 0.15761243386243387 0.02048611111111111 0.026990740740740742
1 0.6125372023809523 0.6137962962962963 0.023065476190476192 0.029219576719576718
1 0.2430952380952381 0.8772718253968254 0.023482142857142858 0.028541666666666667
1 0.9877033730158731 0.5272784391534392 0.018990575396825395 0.025744047619047618
1 0.6511780753968255 0.3278009259259259 0.02529017857142857 0.03828042328042328
1 0.5772495039682539 0.7627116402116403 0.022346230158730156 0.03455026455026455
1 0.6410739087301587 0.21588293650793652 0.02659722222222222 0.03597883597883598
1 0.14270833333333333 0.8255125661375661 0.024724702380952382 0.03408399470899471
1 0.3488268849206349 0.15548941798941798 0.023809523809523808 0.03283730158730159
1 0.7493774801587301 0.309130291005291 0.025679563492063493 0.034973544973544976
1 0.016912202380952382 0.3545734126984127 0.014655257936507937 0.01870701058201058
1 0.212140376984127 0.17820767195767195 0.02385416666666667 0.028528439153439153
1 0.08304563492063491 0.26045304232804234 0.018767361111111113 0.02524801587301587
1 0.37568452380952383 0.7377546296296296 0.027919146825396823 0.024553571428571428
1 0.3575496031746032 0.24039682539682541 0.02443700396825397 0.03325727513227513
1 0.39632688492063495 0.8428373015873015 0.026827876984126985 0.03940145502645503
1 0.28276537698412696 0.1603042328042328 0.02186259920634921 0.03014219576719577
1 0.031190476190476192 0.3946660052910053 0.017934027777777778 0.02015873015873016
1 0.12132936507936508 0.6528935185185185 0.018931051587301587 0.027142857142857142
1 0.5114806547619047 0.013521825396825397 0.02454861111111111 0.02531084656084656
1 0.3353720238095238 0.9061574074074074 0.02509672619047619 0.03664351851851852
1 0.06545634920634921 0.2512797619047619 0.01730406746031746 0.023915343915343914
1 0.6617683531746031 0.21327380952380953 0.026440972222222223 0.032371031746031745
1 0.7510416666666666 0.3548148148148148 0.025200892857142856 0.03208333333333333
1 0.1780654761904762 0.21246693121693122 0.019779265873015872 0.023171296296296294
1 0.31838045634920636 0.35609457671957667 0.022393353174603177 0.02636243386243386
1 0.28753968253968254 0.5889021164021164 0.034206349206349206 0.03513558201058201
1 0.6774454365079365 0.37355489417989424 0.022261904761904764 0.03815476190476191
1 0.505811011904762 0.34725859788359786 0.024198908730158727 0.03043650793650794
1 0.5273859126984127 0.666167328042328 0.024637896825396827 0.03500330687830688
1 0.5781051587301588 0.9222817460317461 0.029734623015873016 0.03920304232804233
1 0.05773065476190477 0.35750661375661374 0.014402281746031746 0.01681547619047619
1 0.32188244047619047 0.16663690476190476 0.021267361111111112 0.030492724867724866
1 0.11361111111111111 0.28389219576719577 0.01645585317460317 0.019503968253968253
1 0.2616418650793651 0.45942791005291006 0.027522321428571427 0.03553240740740741
1 0.3010218253968254 0.5156944444444445 0.02784722222222222 0.04040343915343916
1 0.3185267857142857 0.5251686507936507 0.031470734126984125 0.03822420634920635
1 0.22432539682539682 0.6249966931216931 0.02518353174603175 0.03363095238095238
1 0.10837549603174604 0.6529728835978835 0.016416170634920634 0.020162037037037037
1 0.10099702380952381 0.6165542328042328 0.019437003968253968 0.024794973544973547
1 0.08567460317460317 0.6585648148148148 0.01822420634920635 0.021279761904761902
1 0.12786210317460317 0.7568783068783069 0.030156250000000002 0.03982473544973545
1 0.15102430555555554 0.6916964285714285 0.0274280753968254 0.038247354497354495
1 0.15087549603174605 0.6655720899470899 0.024365079365079364 0.03003968253968254
1 0.09512152777777777 0.7953075396825398 0.019756944444444445 0.026127645502645503
1 0.1016170634920635 0.8352513227513229 0.017661210317460315 0.024513888888888887
1 0.1548139880952381 0.9083994708994709 0.024444444444444446 0.03699404761904762
1 0.11461309523809524 0.8787698412698413 0.013467261904761904 0.017982804232804232
1 0.13643353174603176 0.8533630952380953 0.017599206349206347 0.018482142857142857
1 0.3492485119047619 0.8673115079365079 0.02058779761904762 0.02726190476190476
1 0.3353918650793651 0.87505291005291 0.02640625 0.029666005291005288
1 0.3273015873015873 0.859540343915344 0.020791170634920635 0.023792989417989418
1 0.3954191468253968 0.8095965608465607 0.02407986111111111 0.03055886243386243
1 0.07662698412698413 0.7452149470899472 0.017482638888888888 0.023535052910052912
1 0.14454365079365078 0.5476719576719578 0.025032242063492065 0.02990079365079365
1 0.191515376984127 0.5247222222222222 0.0291765873015873 0.043369708994708996
1 0.4739012896825397 0.05363756613756614 0.020305059523809524 0.03288690476190476
1 0.4896825396825397 0.058501984126984125 0.01665922619047619 0.02651785714285714
1 0.4927628968253968 0.015625 0.01742063492063492 0.027291666666666665
1 0.4096577380952381 0.06540674603174602 0.02427827380952381 0.037308201058201054
1 0.22038938492063492 0.21893849206349209 0.012219742063492064 0.015363756613756614
1 0.26662946428571427 0.34183201058201057 0.019811507936507936 0.027721560846560845
1 0.4068700396825397 0.31424272486772487 0.019950396825396826 0.02587301587301587
1 0.43590277777777775 0.31203703703703706 0.023859126984126986 0.03252645502645503
1 0.5228125 0.3789384920634921 0.026614583333333334 0.04056547619047619
1 0.4210094246031746 0.6341534391534391 0.02345734126984127 0.031822089947089946
1 0.46391369047619047 0.6309656084656085 0.022356150793650793 0.03148478835978836
1 0.5055233134920635 0.6667592592592593 0.02105654761904762 0.031746031746031744
1 0.49741319444444443 0.8068915343915344 0.02006200396825397 0.03319444444444444
1 0.5300892857142857 0.8457705026455027 0.02189484126984127 0.031468253968253965
1 0.4845858134920635 0.9789451058201057 0.0185515873015873 0.029176587301587304
1 0.46999751984126986 0.8990046296296297 0.02207093253968254 0.030281084656084655
1 0.44996031746031745 0.9005423280423279 0.023876488095238093 0.03279761904761905
1 0.47087797619047617 0.8502017195767196 0.01892609126984127 0.027251984126984125
1 0.43132440476190476 0.8044775132275132 0.016217757936507936 0.026164021164021164
1 0.5805357142857143 0.9512400793650794 0.03088293650793651 0.043849206349206346
1 0.6931299603174603 0.9419510582010582 0.024501488095238097 0.033449074074074076
1 0.7105729166666667 0.9298511904761905 0.02794890873015873 0.03378968253968254
1 0.6916393849206349 0.9036078042328043 0.02748263888888889 0.03855489417989418
1 0.7723883928571429 0.9180059523809524 0.030915178571428573 0.04690806878306878
1 0.8092981150793651 0.9810152116402117 0.023807043650793648 0.037969576719576716
1 0.7910887896825397 0.9575429894179894 0.021460813492063493 0.03259920634920635
1 0.5815029761904762 0.7163988095238095 0.0269890873015873 0.042423941798941794
1 0.549640376984127 0.7304861111111111 0.02736607142857143 0.035836640211640215
1 0.5018849206349206 0.7351719576719576 0.022336309523809526 0.029871031746031746
1 0.30613839285714284 0.6768683862433862 0.023442460317460317 0.03799603174603175
1 0.5169766865079365 0.27110780423280423 0.027222222222222224 0.03416005291005291
1 0.37426339285714283 0.22534060846560844 0.022036210317460315 0.031574074074074074
1 0.5832142857142857 0.1599107142857143 0.02626984126984127 0.031577380952380954
1 0.6095312500000001 0.3160251322751323 0.023697916666666666 0.03186838624338625
1 0.7896403769841269 0.2519246031746032 0.020181051587301588 0.028511904761904763
1 0.7604588293650794 0.19256613756613758 0.015570436507936509 0.02300595238095238
1 0.7746924603174603 0.16604497354497355 0.016726190476190474 0.023746693121693124
1 0.8288392857142858 0.10755291005291005 0.01719990079365079 0.023564814814814816
1 0.8478670634920634 0.1448346560846561 0.015553075396825397 0.01997685185185185
1 0.8593179563492064 0.13664021164021165 0.015749007936507936 0.019556878306878307
1 0.8683506944444445 0.13899801587301586 0.01771081349206349 0.02511243386243386
1 0.8541691468253969 0.03072420634920635 0.015550595238095238 0.02033068783068783
1 0.9164905753968254 0.1061739417989418 0.01414186507936508 0.021650132275132274
1 0.8990798611111112 0.17277116402116402 0.01626488095238095 0.022913359788359792
1 0.9862276785714286 0.14328703703703705 0.015592757936507936 0.019408068783068784
1 0.9963045634920634 0.14618386243386244 0.007388392857142857 0.02015542328042328
1 0.9940997023809524 0.1606547619047619 0.011800595238095238 0.01548941798941799
1 0.993263888888889 0.12622354497354496 0.01318700396825397 0.018052248677248677
1 0.9795932539682539 0.11765542328042329 0.015558035714285713 0.020244708994708996
1 0.9065773809523809 0.23467592592592593 0.01765625 0.022357804232804233
2 0.9623164682539682 0.26072420634920634 0.014583333333333332 0.01982804232804233
1 0.8328373015873016 0.3476488095238095 0.020181051587301588 0.024775132275132276
1 0.7617485119047619 0.34468584656084655 0.018035714285714287 0.029768518518518517
1 0.8427108134920634 0.3643882275132275 0.016820436507936506 0.022116402116402114
1 0.8638913690476191 0.36667658730158725 0.01857390873015873 0.025009920634920635
1 0.8483829365079365 0.37430886243386247 0.015560515873015874 0.020949074074074075
1 0.8372495039682539 0.413994708994709 0.016398809523809524 0.024692460317460318
1 0.7677876984126983 0.4199933862433862 0.017509920634920635 0.022966269841269843
1 0.7528968253968253 0.43100529100529095 0.01783730158730159 0.02509920634920635
1 0.6788839285714287 0.42243716931216935 0.021160714285714283 0.029814814814814815
1 0.701656746031746 0.4197519841269841 0.025017361111111112 0.028647486772486772
1 0.731733630952381 0.4877546296296296 0.023234126984126986 0.032721560846560846
1 0.7804861111111111 0.5249338624338624 0.02152281746031746 0.02640873015873016
1 0.8967534722222222 0.6903869047619048 0.027219742063492064 0.03798611111111111
1 0.8198983134920634 0.6578902116402117 0.016966765873015873 0.021732804232804232
1 0.8077678571428571 0.6496957671957673 0.01548611111111111 0.02131283068783069
1 0.9475917658730159 0.6187202380952381 0.016475694444444446 0.01902777777777778
1 0.9631051587301587 0.6209623015873016 0.018048115079365077 0.020148809523809524
1 0.9834623015873016 0.6639153439153439 0.01825644841269841 0.022023809523809522
1 0.9616517857142858 0.5855026455026455 0.01654265873015873 0.017291666666666667
1 0.9728695436507937 0.5328207671957672 0.016607142857142855 0.02369378306878307
1 0.9926810515873016 0.5664616402116402 0.014637896825396826 0.020849867724867722
1 0.9869419642857142 0.5567493386243386 0.01576388888888889 0.016927910052910052
1 0.959407242063492 0.46715608465608466 0.016617063492063492 0.020095899470899473
1 0.993469742063492 0.44075396825396823 0.013060515873015871 0.02527116402116402
1 0.9740079365079365 0.45639550264550266 0.016408730158730157 0.022939814814814816
1 0.9872594246031746 0.3509556878306878 0.01700644841269841 0.022986111111111113
1 0.8632415674603175 0.49909391534391534 0.01798611111111111 0.020102513227513226
1 0.8531746031746031 0.5057208994708995 0.015451388888888888 0.019914021164021165
1 0.914375 0.5841369047619048 0.015927579365079363 0.02464616402116402
1 0.9229885912698412 0.584183201058201 0.013549107142857144 0.018015873015873016
1 0.811875 0.5677876984126984 0.015414186507936507 0.019675925925925927
1 0.5673065476190476 0.8176917989417989 0.026061507936507935 0.03881613756613757
1 0.5962624007936508 0.8129993386243387 0.02694940476190476 0.03699404761904762
1 0.1594717261904762 0.971739417989418 0.015843253968253968 0.030115740740740738
1 0.18147073412698414 0.8758697089947091 0.015726686507936505 0.024083994708994708
1 0.24514384920634918 0.9062003968253968 0.016378968253968257 0.024242724867724868
1 0.14574156746031747 0.7336904761904761 0.02052827380952381 0.026279761904761903
1 0.10409474206349206 0.6928439153439153 0.016011904761904762 0.02189814814814815
1 0.13584573412698414 0.6061772486772486 0.02937748015873016 0.030631613756613756
1 0.08916170634920635 0.45985449735449735 0.020788690476190474 0.023508597883597885
1 0.07209077380952382 0.5291170634920634 0.017552083333333333 0.0213260582010582
1 0.07172371031746032 0.5143617724867725 0.016185515873015876 0.01534722222222222
1 0.19323660714285715 0.40215277777777775 0.0159375 0.02117724867724868
1 0.22523561507936507 0.35297288359788365 0.025106646825396827 0.03457671957671958
1 0.2405952380952381 0.20105158730158731 0.016654265873015873 0.021494708994708994
1 0.38530257936507933 0.6645734126984127 0.026604662698412697 0.03677910052910053
1 0.5949280753968254 0.3541666666666667 0.013234126984126984 0.018482142857142857
1 0.5812723214285714 0.33743055555555557 0.0161780753968254 0.021140873015873016
1 0.02947172619047619 0.2819411375661376 0.017269345238095236 0.018568121693121692
1 0.009283234126984128 0.24200066137566137 0.018566468253968255 0.021875000000000002
1 0.004714781746031746 0.26763227513227517 0.009429563492063493 0.021038359788359787
1 0.005188492063492064 0.2950595238095238 0.010374503968253969 0.02127645502645503
1 0.005659722222222222 0.30955687830687834 0.011319444444444444 0.01749669312169312
1 0.040148809523809524 0.314484126984127 0.016688988095238097 0.01978505291005291
1 0.020944940476190478 0.3079927248677249 0.013521825396825398 0.01689153439153439
1 0.09637648809523809 0.34228835978835975 0.014548611111111111 0.017410714285714286
1 0.16778521825396825 0.19926256613756615 0.01482390873015873 0.018756613756613756
1 0.024486607142857143 0.19078042328042327 0.017155257936507937 0.026160714285714287
1 0.7050793650793651 0.6821064814814815 0.02681051587301587 0.03759589947089947
1 0.28391617063492064 0.2227149470899471 0.02124751984126984 0.029834656084656085
1 0.6934945436507937 0.25588955026455024 0.025848214285714287 0.03369378306878307