1 0.30198660714285713 0.4839649470899471 0.02425843253968254 0.030773809523809526
1 0.6273189484126984 0.927936507936508 0.021155753968253966 0.029298941798941797
1 0.6174330357142856 0.5925033068783069 0.019541170634920637 0.026712962962962963
1 0.2132738095238095 0.4231911375661376 0.022524801587301586 0.02621693121693122
1 0.6746825396825398 0.6723974867724868 0.019377480158730157 0.02607804232804233
1 0.8812599206349205 0.4303306878306878 0.020627480158730158 0.022506613756613756
1 0.8205257936507937 0.4465443121693121 0.0194469246031746 0.02566137566137566
1 0.6088740079365079 0.1760978835978836 0.01695188492063492 0.019576719576719578
1 0.08906746031746032 0.23290013227513226 0.018745039682539683 0.02205687830687831
1 0.2130109126984127 0.5730753968253969 0.02216021825396825 0.02718915343915344
1 0.4380084325396825 0.11739748677248676 0.020419146825396826 0.02709325396825397
1 0.7088467261904763 0.5266633597883599 0.018568948412698415 0.01900793650793651
1 0.3626140873015873 0.838098544973545 0.02019097222222222 0.02720568783068783
1 0.909156746031746 0.5146626984126984 0.01687251984126984 0.021395502645502648
1 0.5694791666666666 0.8811607142857143 0.02271329365079365 0.027688492063492064
1 0.8959325396825397 0.5111441798941799 0.020424107142857143 0.021008597883597883
1 0.265905257936508 0.28171296296296294 0.01857142857142857 0.02240410052910053
1 0.21132440476190475 0.6231084656084656 0.016354166666666666 0.02525462962962963
1 0.7321453373015874 0.2572850529100529 0.018950892857142857 0.019540343915343917
1 0.6616418650793651 0.15343584656084655 0.017388392857142856 0.019477513227513225
1 0.618717757936508 0.19255291005291003 0.01580109126984127 0.019593253968253968
1 0.6771031746031746 0.17268849206349207 0.014499007936507937 0.020515873015873015
1 0.3503050595238095 0.5868088624338624 0.021609623015873016 0.028918650793650795
1 0.6646403769841269 0.1658035714285714 0.016359126984126983 0.020902777777777777
1 0.5612772817460318 0.5813822751322751 0.025605158730158728 0.03297619047619048
1 0.7031274801587302 0.0557010582010582 0.020337301587301588 0.020469576719576717
1 0.6080828373015873 0.1992824074074074 0.013834325396825397 0.01842261904761905
1 0.8926537698412698 0.5216501322751322 0.016919642857142855 0.017175925925925924
1 0.9286235119047619 0.5062566137566138 0.020629960317460318 0.025413359788359787
1 0.9359548611111111 0.649537037037037 0.020133928571428573 0.023042328042328045
1 0.9233184523809524 0.5990443121693122 0.01759672619047619 0.02139880952380952
1 0.9316269841269842 0.5800000000000001 0.019637896825396826 0.01906415343915344
1 0.9611235119047619 0.5783267195767196 0.013348214285714286 0.017741402116402117
1 0.867921626984127 0.8800992063492064 0.019779265873015872 0.023121693121693123
1 0.6691269841269841 0.977007275132275 0.017016369047619048 0.02384920634920635
1 0.6530381944444444 0.9840443121693122 0.016914682539682542 0.025327380952380952
1 0.6346304563492063 0.9748313492063492 0.02050347222222222 0.02509259259259259
1 0.5367286706349207 0.958723544973545 0.023040674603174605 0.036250000000000004
1 0.5928546626984127 0.9474503968253969 0.020379464285714285 0.02769510582010582
1 0.5131200396825397 0.8826951058201058 0.02050595238095238 0.027612433862433863
1 0.49347222222222226 0.8828108465608465 0.021701388888888888 0.028935185185185185
1 0.41939732142857145 0.8696759259259259 0.021872519841269842 0.033759920634920636
1 0.4482986111111111 0.8870138888888889 0.01828125 0.02785383597883598
1 0.4063392857142857 0.8884126984126984 0.01884176587301587 0.02505621693121693
1 0.4254340277777778 0.891385582010582 0.01817956349206349 0.026107804232804233
1 0.3705902777777778 0.9054563492063492 0.019226190476190477 0.029064153439153438
1 0.3821329365079365 0.9260582010582011 0.019600694444444445 0.028290343915343914
1 0.3217931547619048 0.8957374338624339 0.01645089285714286 0.022215608465608466
1 0.3247395833333333 0.910760582010582 0.020007440476190477 0.026378968253968252
1 0.3083705357142857 0.8702976190476192 0.01914186507936508 0.028002645502645505
1 0.41205357142857146 0.7004894179894181 0.018727678571428572 0.027701719576719575
1 0.40857142857142853 0.6950297619047618 0.017532242063492062 0.023075396825396825
1 0.3375148809523809 0.5887632275132275 0.019015376984126985 0.027420634920634922
1 0.3324280753968254 0.5965376984126984 0.01927827380952381 0.023535052910052912
1 0.4825446428571428 0.5617228835978836 0.0265625 0.03350198412698413
1 0.49255704365079367 0.5805919312169312 0.02385168650793651 0.029966931216931218
1 0.5135887896825396 0.5962962962962963 0.022194940476190476 0.031990740740740736
1 0.5365699404761904 0.5329001322751323 0.019776785714285712 0.0297255291005291
1 0.4167857142857143 0.4978769841269841 0.022705853174603174 0.028244047619047617
1 0.40869791666666666 0.44431216931216927 0.025763888888888888 0.0358531746031746
1 0.42156746031746034 0.4180952380952381 0.029935515873015874 0.03308862433862434
1 0.20767857142857143 0.5812070105820105 0.018196924603174604 0.02070436507936508
1 0.20329365079365078 0.6599206349206349 0.01939236111111111 0.024216269841269844
1 0.22287946428571428 0.6587334656084656 0.01869047619047619 0.021144179894179892
1 0.24179811507936508 0.6654993386243386 0.02322668650793651 0.026276455026455023
1 0.1450843253968254 0.5901653439153439 0.02155753968253968 0.02533068783068783
1 0.139327876984127 0.5811673280423281 0.017916666666666664 0.019226190476190477
1 0.09388392857142858 0.6303207671957671 0.018447420634920633 0.01888558201058201
1 0.08963045634920634 0.7806977513227513 0.01904017857142857 0.019507275132275133
1 0.10876488095238096 0.7519345238095237 0.015558035714285713 0.019503968253968253
1 0.08091269841269841 0.7484358465608466 0.017046130952380955 0.01794973544973545
1 0.10867559523809524 0.8309755291005291 0.01748015873015873 0.020023148148148148
1 0.1333655753968254 0.8156613756613756 0.01648561507936508 0.018776455026455027
1 0.1765500992063492 0.8053406084656084 0.01275545634920635 0.018425925925925925
1 0.24404265873015873 0.7035978835978836 0.022413194444444444 0.02832010582010582
1 0.19985367063492063 0.6748974867724868 0.01986111111111111 0.02128968253968254
1 0.08893849206349207 0.29749669312169313 0.018407738095238095 0.022764550264550265
1 0.10800347222222223 0.2854861111111111 0.01913938492063492 0.021904761904761903
1 0.11976438492063492 0.32875 0.021093749999999998 0.02245701058201058
1 0.09938988095238095 0.26323412698412696 0.019982638888888887 0.022096560846560843
1 0.1105828373015873 0.26572089947089944 0.014387400793650792 0.018677248677248678
1 0.415562996031746 0.10489087301587302 0.020498511904761905 0.025830026455026456
1 0.45248015873015873 0.1124702380952381 0.01952876984126984 0.0269973544973545
1 0.450687003968254 0.08389880952380953 0.019439484126984125 0.025826719576719576
1 0.6540823412698413 0.06160714285714286 0.013231646825396825 0.01761904761904762
1 0.6596502976190476 0.0746494708994709 0.01597470238095238 0.01875
1 0.5476909722222222 0.2646957671957672 0.01852926587301587 0.02501984126984127
1 0.5254637896825397 0.26698743386243384 0.018348214285714287 0.02121031746031746
1 0.5715897817460318 0.24461640211640212 0.013531746031746032 0.017744708994708994
1 0.764437003968254 0.2265244708994709 0.01896577380952381 0.02003968253968254
1 0.6017162698412698 0.4091997354497355 0.01869047619047619 0.022992724867724867
1 0.6477628968253969 0.5352678571428572 0.023541666666666666 0.030267857142857145
1 0.65921875 0.5490277777777778 0.018472222222222223 0.028406084656084657
1 0.6796924603174603 0.5045800264550264 0.019853670634920634 0.025558862433862437
1 0.659625496031746 0.6210482804232804 0.019072420634920637 0.028326719576719575
1 0.733296130952381 0.8167261904761905 0.01880456349206349 0.02650462962962963
1 0.7049503968253968 0.7582473544973545 0.020404265873015873 0.029176587301587304
1 0.5578124999999999 0.7890310846560847 0.02142609126984127 0.030267857142857145
1 0.9727455357142858 0.3459027777777778 0.009012896825396827 0.01244047619047619
1 0.9775049603174604 0.3512169312169312 0.007780257936507937 0.009404761904761905
1 0.9676041666666667 0.3529431216931217 0.006326884920634921 0.006789021164021165
1 0.996453373015873 0.3244113756613757 0.00709077380952381 0.008174603174603175
1 0.9773958333333334 0.4056018518518518 0.00882440476190476 0.011140873015873015
1 0.9189781746031747 0.3709953703703704 0.008373015873015872 0.00949074074074074
1 0.9854588293650793 0.4179398148148148 0.009774305555555555 0.009246031746031747
1 0.8792336309523809 0.2866666666666667 0.007584325396825397 0.00935846560846561
1 0.8900520833333333 0.28405092592592596 0.00644593253968254 0.008680555555555556
1 0.8837723214285714 0.2808664021164021 0.005907738095238095 0.009146825396825396
1 0.8771453373015873 0.28213293650793647 0.005446428571428572 0.00830026455026455
1 0.7549652777777778 0.40610780423280424 0.01595734126984127 0.02185515873015873
1 0.296671626984127 0.36507936507936506 0.019794146825396826 0.024226190476190478
1 0.22740575396825397 0.3951951058201058 0.01816964285714286 0.02220899470899471
1 0.22738095238095238 0.5630191798941798 0.020421626984126987 0.027374338624338624
1 0.24826636904761903 0.5607671957671958 0.017351190476190475 0.02180224867724868
1 0.9736036706349207 0.5677579365079365 0.008449900793650794 0.00970568783068783
1 0.9955282738095238 0.5680886243386244 0.008754960317460318 0.009044312169312169
1 0.7898090277777778 0.724811507936508 0.020657242063492065 0.025208333333333336
1 0.493546626984127 0.9483399470899472 0.021049107142857144 0.02288690476190476
1 0.30107886904761905 0.41592261904761907 0.01750248015873016 0.023475529100529097