1 0.5494766865079365 0.7776124338624338 0.02903769841269841 0.04182208994708995
1 0.42717509920634916 0.13638227513227513 0.022336309523809526 0.03909060846560846
1 0.6695882936507938 0.679047619047619 0.04199652777777778 0.050284391534391536
1 0.5214657738095239 0.7916302910052909 0.03125496031746031 0.041977513227513225
1 0.8711309523809524 0.5637665343915343 0.042477678571428576 0.04473544973544973
1 0.30238343253968253 0.22568121693121695 0.03167410714285714 0.03999007936507937
1 0.9657936507936508 0.36255621693121687 0.037626488095238095 0.03253968253968254
1 0.2920907738095238 0.18260912698412698 0.03554067460317461 0.04577050264550264
1 0.8890699404761905 0.47703703703703704 0.03647073412698413 0.036494708994708996
1 0.8456473214285715 0.6199074074074074 0.03708829365079365 0.0378042328042328
1 0.1719642857142857 0.3316402116402116 0.03979910714285714 0.03974867724867725
1 0.34242063492063496 0.30316137566137563 0.03040922619047619 0.033230820105820104
1 0.8237351190476191 0.5552876984126984 0.035664682539682545 0.04110449735449735
1 0.33974454365079365 0.6787003968253967 0.03203869047619048 0.042638888888888886
1 0.4119568452380952 0.28518518518518515 0.024563492063492065 0.03162698412698413
1 0.43630208333333337 0.28977843915343915 0.02338293650793651 0.02715608465608466
1 0.42098958333333336 0.26086309523809526 0.02023561507936508 0.02607473544973545
1 0.27593501984126984 0.24234126984126986 0.032336309523809524 0.04267857142857143
1 0.2600124007936508 0.19310515873015874 0.02464781746031746 0.03357142857142857
1 0.8665352182539682 0.5172652116402117 0.0426984126984127 0.045578703703703705
1 0.3807440476190476 0.2064980158730159 0.020984623015873016 0.026121031746031743
1 0.6132762896825397 0.2532473544973545 0.02264136904761905 0.032728174603174606
1 0.4904737103174603 0.786170634920635 0.02822420634920635 0.03871693121693122
1 0.625436507936508 0.12035714285714286 0.01920138888888889 0.026226851851851852
1 0.6398214285714287 0.14145502645502644 0.020677083333333336 0.03124669312169312
1 0.2594295634920635 0.3074239417989418 0.024109623015873015 0.022681878306878307
1 0.6193328373015873 0.15073412698412697 0.0196155753968254 0.028792989417989415
1 0.9003571428571429 0.8777678571428571 0.02855902777777778 0.03759589947089947
1 0.5558333333333333 0.15891534391534393 0.01607142857142857 0.024017857142857143
1 0.7201190476190477 0.619563492063492 0.03418650793650794 0.04289021164021164
1 0.3715277777777778 0.22246031746031747 0.012259424603174604 0.02246031746031746
1 0.9720510912698412 0.32189814814814816 0.02828373015873016 0.0198478835978836
1 0.15215525793650794 0.3415376984126984 0.031480654761904765 0.0364781746031746
1 0.199375 0.35328042328042325 0.02623263888888889 0.02998015873015873
1 0.1422247023809524 0.2995634920634921 0.040850694444444446 0.043472222222222225
1 0.1991889880952381 0.3178009259259259 0.03185515873015873 0.038974867724867725
1 0.38226190476190475 0.2326058201058201 0.016490575396825396 0.025482804232804232
1 0.5594940476190476 0.17021494708994708 0.01505704365079365 0.01921957671957672
1 0.5495634920634921 0.1467228835978836 0.01441468253968254 0.020929232804232804
1 0.5420362103174603 0.1262202380952381 0.015376984126984126 0.020076058201058202
1 0.6331770833333333 0.11639550264550265 0.016336805555555556 0.02605489417989418
1 0.6110714285714286 0.128994708994709 0.016336805555555556 0.023065476190476192
1 0.915592757936508 0.35027116402116404 0.021498015873015874 0.022628968253968255
1 0.9331299603174603 0.3462466931216931 0.017351190476190475 0.022628968253968255
1 0.8309151785714286 0.48177910052910056 0.03696428571428571 0.04224206349206349
1 0.8107366071428571 0.5164781746031746 0.03281498015873016 0.04224206349206349
1 0.6517584325396825 0.6691071428571429 0.027157738095238096 0.03972883597883598
1 0.4995684523809524 0.8141964285714286 0.0252703373015873 0.02414021164021164
1 0.15973462301587302 0.7196494708994708 0.04563740079365079 0.05531746031746032
1 0.28721974206349205 0.9278505291005291 0.016217757936507936 0.025145502645502648
2 0.23781001984126984 0.9910813492063493 0.01320188492063492 0.017837301587301586
1 0.6134747023809525 0.322609126984127 0.015463789682539683 0.022628968253968255
1 0.6255456349206349 0.33141203703703703 0.016971726190476193 0.02011574074074074
1 0.5077653769841269 0.2572718253968254 0.019389880952380954 0.022810846560846563