1 0.5207366071428572 0.43296296296296294 0.020282738095238097 0.028263888888888887
1 0.3916517857142857 0.5706084656084656 0.021510416666666667 0.029351851851851855
1 0.2730902777777778 0.6433134920634921 0.021453373015873016 0.031306216931216935
1 0.6799925595238095 0.7379199735449735 0.025833333333333333 0.03156415343915344
1 0.39602926587301585 0.24830357142857143 0.019900793650793648 0.029206349206349205
1 0.30122767857142857 0.6795436507936509 0.022323908730158732 0.02587962962962963
2 0.19925595238095237 0.31273478835978835 0.01670138888888889 0.023369708994708995
1 0.9690525793650793 0.4799834656084656 0.009776785714285715 0.00945436507936508
1 0.2078844246031746 0.5414748677248677 0.018452380952380953 0.02625
1 0.3089434523809524 0.5638161375661376 0.024422123015873015 0.025773809523809522
1 0.36941468253968257 0.31797619047619047 0.02547123015873016 0.027602513227513226
1 0.6833308531746032 0.13354828042328043 0.019662698412698413 0.0254728835978836
1 0.5818477182539683 0.6712797619047619 0.02736359126984127 0.022691798941798944
1 0.3594419642857143 0.6009821428571428 0.021393849206349208 0.028597883597883598
1 0.7691790674603174 0.49294973544973547 0.015354662698412697 0.02556216931216931
1 0.3214136904761905 0.40240740740740744 0.022242063492063494 0.02561838624338624
1 0.3200446428571429 0.49706018518518513 0.020124007936507936 0.024788359788359787
1 0.07349454365079365 0.5066898148148148 0.018013392857142856 0.019814814814814816
1 0.3443154761904762 0.7122354497354498 0.018311011904761903 0.025297619047619048
1 0.10551587301587302 0.8129563492063493 0.019955357142857143 0.02476521164021164
1 0.3413814484126984 0.610978835978836 0.018278769841269842 0.0270734126984127
1 0.39136160714285717 0.4436276455026455 0.01941468253968254 0.024854497354497355
1 0.7184424603174604 0.17250992063492063 0.024486607142857143 0.02634259259259259
1 0.5909325396825397 0.7166005291005291 0.02296875 0.022797619047619046
1 0.247609126984127 0.7129497354497355 0.019171626984126982 0.022939814814814816
1 0.8527876984126984 0.46166335978835976 0.019375 0.027010582010582013
1 0.5232415674603175 0.3618452380952381 0.022802579365079366 0.0202744708994709
1 0.6303993055555556 0.5921130952380952 0.017433035714285717 0.021736111111111112
1 0.5118700396825397 0.32820436507936507 0.01842261904761905 0.024556878306878308
1 0.49572916666666667 0.5695304232804232 0.01937251984126984 0.023346560846560845
1 0.3043030753968254 0.6095734126984127 0.017152777777777777 0.023743386243386243
1 0.028774801587301585 0.5704001322751323 0.016220238095238097 0.018918650793650793
1 0.8574007936507937 0.445271164021164 0.016051587301587303 0.021306216931216933
1 0.4296875 0.36237764550264545 0.019627976190476192 0.024097222222222225
1 0.9849206349206349 0.4089384920634921 0.021552579365079365 0.017251984126984126
1 0.978640873015873 0.5661078042328043 0.017224702380952382 0.01582010582010582
1 0.7781001984126985 0.6622685185185185 0.015870535714285715 0.024675925925925928
1 0.4567485119047619 0.6432771164021164 0.01626240079365079 0.023290343915343917
1 0.8416170634920636 0.44206349206349205 0.01911706349206349 0.018630952380952383
1 0.010327380952380952 0.656332671957672 0.016706349206349207 0.020995370370370373
1 0.1011954365079365 0.737853835978836 0.011750992063492064 0.01867063492063492
1 0.044332837301587304 0.736656746031746 0.013990575396825395 0.019593253968253968
1 0.048621031746031745 0.7041104497354498 0.017586805555555553 0.02490079365079365
2 0.21645337301587303 0.30487433862433866 0.019818948412698413 0.024034391534391537
1 0.10254960317460318 0.8653835978835979 0.014868551587301588 0.019368386243386243
1 0.11689732142857143 0.8665641534391534 0.01659474206349206 0.024388227513227514
1 0.08039434523809523 0.8167328042328043 0.01949404761904762 0.023677248677248675
1 0.15973214285714285 0.8454761904761904 0.013722718253968253 0.020066137566137565
1 0.2015252976190476 0.850568783068783 0.015572916666666667 0.02095238095238095
1 0.21574900793650792 0.8447189153439153 0.015639880952380954 0.01789021164021164
1 0.20786210317460319 0.8598677248677248 0.017576884920634923 0.02228174603174603
1 0.12889384920634922 0.7834126984126984 0.015128968253968254 0.019464285714285715
1 0.1135218253968254 0.7538921957671958 0.01648313492063492 0.02683862433862434
1 0.14138640873015873 0.764593253968254 0.01355406746031746 0.0216765873015873
1 0.13254464285714285 0.3323809523809524 0.005833333333333334 0.00666005291005291
1 0.21702876984126981 0.2735185185185185 0.018189484126984127 0.023753306878306877
1 0.3737251984126984 0.3437665343915344 0.019072420634920637 0.02677579365079365
1 0.354327876984127 0.35197751322751325 0.020828373015873015 0.026593915343915343
1 0.5543923611111111 0.37441137566137567 0.019355158730158733 0.027628968253968253
1 0.3525545634920635 0.5915211640211641 0.016785714285714286 0.023528439153439155
1 0.47795634920634916 0.6132175925925926 0.01931547619047619 0.03105820105820106
1 0.4756175595238095 0.7445072751322751 0.01851190476190476 0.028657407407407406
1 0.49172123015873015 0.741742724867725 0.01917906746031746 0.03640542328042328
1 0.4844295634920635 0.7758531746031746 0.017323908730158728 0.024272486772486775
1 0.4796850198412698 0.8996924603174603 0.018345734126984127 0.024232804232804234
1 0.4665699404761905 0.945410052910053 0.01646329365079365 0.028002645502645505
1 0.455250496031746 0.9507969576719577 0.016686507936507937 0.02682208994708995
1 0.6062723214285713 0.5882572751322752 0.020649801587301588 0.031613756613756615
1 0.5875669642857143 0.6179596560846561 0.01711061507936508 0.02526785714285714
1 0.6352579365079365 0.6902612433862434 0.018506944444444444 0.02974537037037037
1 0.6509747023809523 0.7029728835978836 0.013970734126984127 0.0212962962962963
1 0.6263318452380953 0.694837962962963 0.015942460317460317 0.024285714285714285
1 0.9949851190476191 0.48697089947089944 0.009737103174603174 0.011322751322751323
1 0.9763690476190475 0.47220899470899474 0.009595734126984126 0.009930555555555555
1 0.9761607142857143 0.48143849206349204 0.008715277777777778 0.009761904761904762
1 0.9905803571428572 0.43320767195767196 0.009273313492063492 0.010631613756613756
1 0.9433209325396825 0.3971593915343915 0.007819940476190477 0.009761904761904762
1 0.80015625 0.48411044973544975 0.012688492063492063 0.017294973544973544
1 0.8868452380952382 0.8700231481481481 0.018819444444444444 0.026541005291005292
1 0.8661011904761905 0.8654431216931217 0.02216269841269841 0.027645502645502643
1 0.8730332341269842 0.8546924603174604 0.015848214285714285 0.018955026455026454
1 0.691031746031746 0.14973214285714287 0.018988095238095238 0.021157407407407406
1 0.4813566468253968 0.569375 0.01676339285714286 0.02419973544973545
1 0.45884176587301584 0.5743584656084656 0.017016369047619048 0.020277777777777777
1 0.4308680555555556 0.5926587301587302 0.018095238095238095 0.027291666666666665
1 0.36337549603174607 0.8703736772486773 0.019903273809523808 0.03146494708994709
1 0.15879464285714284 0.41343915343915344 0.015667162698412698 0.019054232804232803
1 0.3709250992063492 0.5754365079365079 0.016619543650793652 0.026058201058201058
1 0.2632217261904762 0.4749404761904762 0.02055059523809524 0.029143518518518517
1 0.2183060515873016 0.5007705026455026 0.02048611111111111 0.02646494708994709
1 0.49638640873015877 0.3372453703703704 0.018293650793650796 0.024857804232804235
1 0.18810515873015873 0.5522156084656085 0.010131448412698413 0.017271825396825397
2 0.794501488095238 0.8387830687830687 0.009980158730158731 0.013075396825396825