2 0.599188988095238 0.3168915343915344 0.03505456349206349 0.04506283068783069
1 0.08537202380952381 0.6946527777777778 0.027678571428571427 0.03549603174603175
2 0.48196180555555557 0.36731150793650796 0.03564236111111111 0.04391534391534392
1 0.6428596230158731 0.17373346560846561 0.03342013888888889 0.04781415343915344
2 0.5972172619047619 0.2672056878306878 0.03709325396825397 0.04417328042328043
1 0.7491195436507936 0.269212962962963 0.02753968253968254 0.034834656084656086
1 0.2631919642857143 0.9622387566137566 0.03312996031746032 0.039563492063492064
1 0.5976512896825397 0.7782837301587302 0.023152281746031744 0.028323412698412702
1 0.43440724206349207 0.4927215608465608 0.030736607142857145 0.04025132275132275
1 0.6793650793650793 0.43381283068783066 0.03698412698412699 0.03800595238095238
1 0.7055431547619048 0.358422619047619 0.02809027777777778 0.04159391534391534
1 0.6297098214285713 0.38903439153439157 0.03178819444444444 0.03892857142857143
2 0.1253497023809524 0.34802579365079367 0.024174107142857143 0.030337301587301586
1 0.6848958333333334 0.3253439153439154 0.03527777777777778 0.04625661375661375
1 0.07975198412698413 0.34571097883597884 0.025917658730158732 0.029401455026455026
1 0.7528596230158731 0.45226521164021166 0.027103174603174605 0.035826719576719575
2 0.5121378968253968 0.4982208994708994 0.026535218253968252 0.03489087301587302
1 0.7038392857142858 0.7351455026455026 0.023534226190476192 0.03708994708994709
1 0.08089037698412697 0.42539682539682544 0.03307291666666667 0.029451058201058204
1 0.5924479166666666 0.3899537037037037 0.03123263888888889 0.04025462962962963
1 0.33081845238095237 0.18386574074074075 0.027043650793650797 0.033822751322751324
1 0.6020089285714286 0.5061739417989418 0.022423115079365077 0.02998015873015873
1 0.8244742063492064 0.4473478835978836 0.022730654761904764 0.02653108465608466
2 0.8953943452380952 0.3183465608465608 0.017294146825396827 0.02166005291005291
1 0.3924950396825397 0.8929166666666666 0.02812251984126984 0.04048611111111111
2 0.10711061507936508 0.3690112433862434 0.027165178571428573 0.03390873015873016
1 0.46317708333333335 0.6346858465608466 0.02329861111111111 0.023280423280423283
1 0.7970163690476191 0.5293584656084656 0.023797123015873018 0.027453703703703702
2 0.21461805555555558 0.49660714285714286 0.026401289682539682 0.028445767195767194
1 0.28319940476190475 0.7268121693121693 0.030580357142857142 0.03508267195767196
1 0.5300719246031746 0.45799603174603176 0.025734126984126984 0.03881613756613757
2 0.2281622023809524 0.20446097883597883 0.020143849206349207 0.024308862433862436
1 0.6700372023809524 0.5718253968253968 0.022289186507936508 0.02974537037037037
1 0.12341517857142857 0.7493121693121694 0.026220238095238095 0.030380291005291007
1 0.37187251984126984 0.7871957671957672 0.025009920634920635 0.03218915343915344
2 0.14844494047619047 0.8979034391534392 0.017554563492063493 0.022824074074074073
2 0.8597693452380952 0.3568022486772487 0.024050099206349207 0.023700396825396826
1 0.6463268849206348 0.5036772486772486 0.022368551587301586 0.023872354497354496
2 0.23282242063492065 0.32223544973544976 0.017621527777777778 0.021683201058201054
1 0.24590277777777778 0.188614417989418 0.026071428571428572 0.029821428571428575
2 0.9909151785714285 0.4047718253968254 0.014992559523809524 0.015033068783068784
2 0.49267361111111113 0.40319113756613756 0.02755952380952381 0.026832010582010582
1 0.37284474206349205 0.33515873015873016 0.019541170634920637 0.023402777777777776
2 0.2110168650793651 0.3040707671957672 0.020920138888888887 0.023237433862433862
1 0.3588740079365079 0.897744708994709 0.024667658730158727 0.03183531746031746
2 0.5775818452380952 0.27609788359788356 0.03353422619047619 0.049589947089947094
1 0.27817956349206346 0.47034060846560843 0.02293402777777778 0.027083333333333334
1 0.8129042658730159 0.4764914021164021 0.02293154761904762 0.035145502645502646
2 0.2535838293650794 0.20919973544973544 0.022373511904761903 0.029537037037037035
1 0.3357018849206349 0.9308399470899471 0.02412450396825397 0.030013227513227516
1 0.8421825396825396 0.3504332010582011 0.029771825396825397 0.028389550264550263
1 0.24562251984126984 0.9891931216931218 0.023065476190476192 0.021613756613756613
2 0.6671825396825397 0.7640244708994709 0.020520833333333332 0.03201058201058201
2 0.9856299603174603 0.24856812169312167 0.012512400793650794 0.01382936507936508
1 0.2081076388888889 0.33401455026455024 0.017566964285714286 0.020281084656084657
1 0.4239558531746032 0.7540608465608466 0.022306547619047618 0.03231481481481482
1 0.6546651785714286 0.6497982804232805 0.01659474206349206 0.02115410052910053
1 0.10184771825396825 0.42319775132275134 0.019791666666666666 0.030456349206349206
1 0.7053596230158731 0.24372685185185183 0.02162202380952381 0.029371693121693118
1 0.7843303571428571 0.5064484126984127 0.01857638888888889 0.02509920634920635
1 0.7695510912698412 0.4850793650793651 0.01831845238095238 0.023650793650793648
1 0.7450223214285714 0.49684854497354497 0.02150049603174603 0.02730820105820106
1 0.7644518849206349 0.5154530423280423 0.017361111111111112 0.023230820105820105
2 0.7178000992063492 0.4955952380952381 0.018025793650793653 0.03321097883597884
2 0.7034325396825396 0.49986441798941794 0.020905257936507937 0.02722222222222222
1 0.7860515873015873 0.6508498677248677 0.022016369047619045 0.024890873015873016
1 0.7888392857142857 0.671494708994709 0.01930803571428571 0.02183531746031746
1 0.7666989087301587 0.6930753968253969 0.01771329365079365 0.023707010582010583
1 0.8013268849206349 0.5727281746031746 0.014977678571428572 0.023091931216931216
1 0.7907341269841269 0.5737466931216931 0.018311011904761903 0.023601190476190477
1 0.8255828373015873 0.5481084656084656 0.018053075396825397 0.020496031746031745
1 0.8414012896825397 0.5417791005291005 0.01931795634920635 0.024659391534391534
1 0.8321775793650794 0.4911078042328042 0.018072916666666668 0.024239417989417988
1 0.7626066468253968 0.25499338624338624 0.018444940476190476 0.02529100529100529
1 0.905875496031746 0.4280555555555556 0.0083234126984127 0.010529100529100529
1 0.6947048611111112 0.7723544973544973 0.02063740079365079 0.02629298941798942
2 0.6757961309523809 0.8429166666666666 0.01781498015873016 0.02367063492063492
1 0.6828373015873015 0.8351421957671957 0.018563988095238095 0.026474867724867724
1 0.5938318452380952 0.7917261904761904 0.02247767857142857 0.02748677248677249
1 0.6203546626984127 0.48962962962962964 0.024831349206349208 0.0350462962962963
1 0.5505853174603175 0.4475363756613756 0.025595238095238095 0.03955026455026455
1 0.34554811507936506 0.7060482804232805 0.02222222222222222 0.029011243386243387
1 0.4336284722222222 0.8270072751322751 0.021788194444444443 0.030843253968253968
1 0.308546626984127 0.9401884920634921 0.02396825396825397 0.04006613756613756
1 0.22078869047619049 0.8897420634920634 0.022289186507936508 0.02939484126984127
1 0.1279439484126984 0.8898908730158731 0.02197172619047619 0.02739748677248677
1 0.14976190476190476 0.7361177248677249 0.027180059523809523 0.03103835978835979
1 0.10991071428571429 0.6749437830687831 0.024992559523809525 0.03102843915343915
1 0.08625 0.5600330687830688 0.02230406746031746 0.029818121693121695
1 0.10168650793650794 0.5572519841269842 0.01621279761904762 0.020939153439153438
1 0.16015625 0.5140277777777778 0.02101934523809524 0.024966931216931217
1 0.276264880952381 0.5064980158730159 0.02315972222222222 0.03131944444444444
1 0.3005059523809524 0.4383167989417989 0.025138888888888888 0.032582671957671956
1 0.0171453373015873 0.17650462962962962 0.006810515873015874 0.011292989417989417
1 0.009913194444444445 0.17546626984126984 0.007256944444444445 0.009973544973544973
1 0.03547867063492064 0.08393849206349206 0.007559523809523809 0.011190476190476192
1 0.04361855158730159 0.05915343915343915 0.007911706349206349 0.00978505291005291
1 0.12736607142857143 0.1384424603174603 0.007859623015873016 0.01009589947089947
1 0.09976438492063493 0.17546626984126984 0.00744047619047619 0.009973544973544973
1 0.08850198412698412 0.18043650793650792 0.0053050595238095235 0.007681878306878307
1 0.7067261904761905 0.6804001322751323 0.016845238095238097 0.025155423280423278
1 0.46057291666666667 0.5932738095238095 0.020384424603174602 0.031789021164021165
1 0.3365625 0.27770833333333333 0.021505456349206347 0.02461309523809524
1 0.31475446428571424 0.27447751322751324 0.024144345238095236 0.02673611111111111
1 0.1525892857142857 0.1667361111111111 0.020865575396825396 0.028988095238095236
1 0.1740451388888889 0.16908068783068783 0.026125992063492063 0.03245370370370371
2 0.16833829365079364 0.9077579365079365 0.022862103174603177 0.02611111111111111
2 0.09406001984126984 0.21378637566137568 0.007470238095238096 0.009332010582010582
2 0.11174603174603175 0.2015873015873016 0.00853422619047619 0.01062169312169312
2 0.10519593253968254 0.19767857142857143 0.008640873015873017 0.008921957671957671
2 0.10738839285714286 0.19407738095238095 0.007973710317460317 0.010687830687830687
2 0.05140625 0.18547949735449734 0.008117559523809523 0.010211640211640212
2 0.06422371031746031 0.17423280423280424 0.007254464285714286 0.010955687830687831
2 0.08149801587301587 0.1764748677248677 0.007115575396825397 0.010548941798941799
2 0.051354166666666666 0.15102513227513228 0.008291170634920636 0.009794973544973546
2 0.05645089285714286 0.11045304232804233 0.009310515873015873 0.009381613756613756
2 0.007095734126984127 0.21592592592592594 0.010200892857142858 0.009130291005291006
2 0.0031944444444444446 0.2081117724867725 0.00638640873015873 0.013885582010582011
1 0.12142857142857143 0.1739351851851852 0.007517361111111111 0.010357142857142856
1 0.09006200396825396 0.11436838624338624 0.006951884920634921 0.009871031746031746
1 0.0793328373015873 0.11501322751322751 0.007371031746031746 0.009937169312169312
1 0.06348462301587302 0.14077050264550264 0.010533234126984127 0.01007936507936508
1 0.6816269841269842 0.1944642857142857 0.027410714285714285 0.03306878306878307
1 0.3025496031746032 0.7658300264550264 0.028732638888888887 0.03336640211640212
2 0.17516121031746032 0.4909126984126984 0.02737847222222222 0.030287698412698415
2 0.19903769841269842 0.4895205026455026 0.018353174603174604 0.026279761904761903
2 0.12934771825396824 0.45886904761904757 0.021165674603174603 0.023690476190476192
1 0.21572916666666667 0.5174503968253968 0.026240079365079366 0.025502645502645502
2 0.9702678571428571 0.44793320105820106 0.00788938492063492 0.012582671957671957
2 0.9762078373015873 0.44588955026455024 0.005307539682539682 0.009322089947089947
2 0.9690625 0.45803571428571427 0.008293650793650792 0.007992724867724869
2 0.9656200396825397 0.44850859788359787 0.007604166666666667 0.009599867724867725
2 0.956359126984127 0.4493584656084656 0.008913690476190476 0.008819444444444446
2 0.9484920634920635 0.4413458994708995 0.007435515873015873 0.010148809523809523
2 0.9711979166666667 0.4074636243386244 0.008844246031746031 0.011795634920634922
2 0.9328794642857142 0.39607804232804233 0.009055059523809523 0.008855820105820107
2 0.9149950396825397 0.42396825396825394 0.007502480158730159 0.010925925925925926
2 0.9141170634920635 0.4339550264550264 0.009188988095238094 0.008402777777777778
2 0.9814409722222223 0.2908730158730159 0.010954861111111111 0.010810185185185185
2 0.9928869047619048 0.29411044973544975 0.007683531746031746 0.010763888888888889
2 0.94265625 0.2685846560846561 0.009811507936507938 0.012228835978835978
1 0.8742336309523809 0.3678439153439153 0.0196155753968254 0.02675595238095238
1 0.8228472222222222 0.35485119047619046 0.017058531746031745 0.02060185185185185
1 0.8691889880952381 0.2996660052910053 0.01916666666666667 0.02261243386243386
1 0.7743576388888889 0.45486772486772487 0.022286706349206348 0.028101851851851854
2 0.733576388888889 0.4374900793650794 0.020719246031746033 0.028878968253968254
2 0.9846279761904762 0.3622189153439153 0.009675099206349206 0.012202380952380952
2 0.8456150793650794 0.767066798941799 0.018191964285714284 0.023227513227513225