1 0.7654489087301587 0.2532407407407407 0.024499007936507937 0.03691798941798942
1 0.7080233134920635 0.2549371693121693 0.02179563492063492 0.032473544973544974
1 0.14577876984126983 0.7760780423280423 0.02349454365079365 0.032648809523809524
1 0.22484871031746032 0.6907208994708994 0.031051587301587302 0.037172619047619045
1 0.4117113095238095 0.40467592592592594 0.01842509920634921 0.02736441798941799
1 0.7950917658730159 0.40798280423280425 0.025396825396825397 0.03477513227513227
1 0.19323164682539684 0.8698908730158731 0.024918154761904763 0.032999338624338626
1 0.774233630952381 0.5365939153439153 0.026103670634920636 0.03601521164021164
1 0.22523313492063493 0.8701025132275132 0.022822420634920633 0.029520502645502645
1 0.863546626984127 0.39507605820105823 0.018472222222222223 0.02566798941798942
1 0.1487450396825397 0.8713789682539683 0.024632936507936506 0.03427910052910053
1 0.7295089285714286 0.4146031746031746 0.031160714285714285 0.034312169312169315
1 0.10067460317460318 0.7239087301587301 0.0272296626984127 0.03365079365079365
1 0.8153819444444445 0.6290839947089947 0.023360615079365078 0.03180555555555556
1 0.2105233134920635 0.8945667989417989 0.02560019841269841 0.03590608465608466
1 0.4363938492063492 0.3194775132275132 0.022237103174603173 0.032404100529100525
1 0.8535317460317461 0.5700099206349206 0.02974702380952381 0.03350859788359788
1 0.7433606150793651 0.5427149470899472 0.022388392857142857 0.029454365079365077
1 0.3622792658730159 0.6247453703703704 0.020478670634920634 0.029375
1 0.8744940476190476 0.5260813492063492 0.023115079365079366 0.03652777777777778
1 0.8032366071428572 0.5912698412698413 0.019853670634920634 0.027321428571428573
1 0.8813368055555556 0.659537037037037 0.024992559523809525 0.03033068783068783
1 0.1723313492063492 0.8704034391534391 0.024310515873015873 0.038369708994709
1 0.7931150793650794 0.36896164021164024 0.026453373015873013 0.03038690476190476
1 0.43783730158730155 0.4612070105820106 0.01884424603174603 0.030611772486772486
1 0.7967931547619048 0.3429662698412699 0.026257440476190476 0.03495039682539682
1 0.261875 0.4212169312169312 0.024201388888888887 0.0325
1 0.1168204365079365 0.7719279100529101 0.028807043650793653 0.03519510582010582
1 0.529890873015873 0.5614781746031746 0.018268849206349205 0.028336640211640212
1 0.5465997023809523 0.5952943121693122 0.01968998015873016 0.02700066137566138
1 0.7836855158730159 0.5314814814814814 0.028509424603174603 0.03854828042328042
1 0.7929042658730158 0.5138723544973545 0.022958829365079363 0.037136243386243384
1 0.7230902777777778 0.5350429894179894 0.020267857142857143 0.02621693121693122
1 0.6085540674603175 0.6446097883597883 0.016979166666666667 0.020671296296296295
1 0.3468998015873016 0.42350198412698414 0.022413194444444444 0.028528439153439153
1 0.7708358134920635 0.14668320105820107 0.024965277777777777 0.03185846560846561
1 0.736860119047619 0.15760251322751323 0.02531498015873016 0.029659391534391535
1 0.7558581349206349 0.17109126984126985 0.021517857142857144 0.026243386243386242
1 0.7428521825396825 0.20225198412698414 0.025109126984126984 0.031302910052910055
1 0.7359474206349207 0.23005291005291004 0.019982638888888887 0.028237433862433863
1 0.8061036706349206 0.2708234126984127 0.025999503968253967 0.03625661375661376
1 0.8473363095238096 0.27498677248677245 0.023060515873015875 0.03185846560846561
1 0.8244072420634921 0.310406746031746 0.024913194444444446 0.029179894179894177
1 0.8230828373015873 0.29069113756613757 0.022261904761904764 0.029335317460317457
1 0.8086359126984127 0.3586772486772487 0.019875992063492064 0.03154761904761905
1 0.8699404761904762 0.26889219576719575 0.01761656746031746 0.021789021164021163
1 0.8613392857142858 0.2561276455026455 0.016078869047619047 0.017466931216931218
1 0.6546899801587301 0.24960648148148146 0.011783234126984126 0.017152777777777777
1 0.6463938492063492 0.2557142857142857 0.011917162698412698 0.013819444444444445
1 0.8615426587301587 0.33819444444444446 0.02009672619047619 0.026789021164021164
1 0.8421775793650793 0.3374669312169312 0.01906498015873016 0.027457010582010583
1 0.9601116071428571 0.33657738095238093 0.024427083333333332 0.029209656084656085
1 0.9583010912698412 0.3899537037037037 0.019037698412698412 0.021441798941798942
1 0.9383159722222222 0.37015873015873013 0.020300099206349204 0.02568121693121693
1 0.9427802579365079 0.3801124338624339 0.02038938492063492 0.02226521164021164
1 0.9271701388888889 0.36287037037037034 0.019799107142857143 0.024540343915343914
1 0.918375496031746 0.37836640211640216 0.022524801587301586 0.02654761904761905
1 0.9031299603174603 0.41575066137566136 0.023343253968253968 0.02992063492063492
1 0.8702157738095239 0.3897519841269841 0.01759424603174603 0.024576719576719575
1 0.9923933531746032 0.3179563492063492 0.01521577380952381 0.025191798941798946
1 0.954905753968254 0.5335284391534392 0.018933531746031747 0.024421296296296295
1 0.9583978174603175 0.589156746031746 0.024146825396825396 0.03317791005291005
1 0.9022891865079365 0.572582671957672 0.019719742063492064 0.02547619047619048
1 0.9346279761904762 0.5748412698412698 0.021626984126984126 0.026458333333333334
1 0.8746651785714286 0.5993287037037036 0.019833829365079363 0.0308994708994709
1 0.8540600198412699 0.5954794973544973 0.02431795634920635 0.02602843915343915
1 0.8845882936507936 0.5820072751322751 0.019069940476190476 0.023121693121693123
1 0.8672569444444445 0.6328902116402116 0.020334821428571428 0.02662367724867725
1 0.8989161706349206 0.6353240740740741 0.016478174603174602 0.020185185185185184
1 0.9229811507936508 0.7369808201058201 0.021282242063492066 0.027685185185185184
1 0.982594246031746 0.8875132275132276 0.018695436507936508 0.022662037037037036
1 0.9695312500000001 0.8738657407407407 0.02038938492063492 0.02717592592592593
1 0.9534796626984127 0.8580753968253969 0.019506448412698413 0.023402777777777776
1 0.9526264880952381 0.9235119047619047 0.017661210317460315 0.026084656084656082
1 0.940607638888889 0.9140046296296296 0.018742559523809522 0.025453042328042328
1 0.8857415674603174 0.8870238095238095 0.01994791666666667 0.02521494708994709
1 0.8695560515873016 0.8780687830687831 0.017132936507936507 0.024269179894179895
1 0.9108035714285715 0.8582738095238095 0.02177827380952381 0.028508597883597882
1 0.9032192460317461 0.8376719576719577 0.018720238095238095 0.02335978835978836
1 0.8858556547619048 0.787149470899471 0.018129960317460315 0.024814814814814817
1 0.9045560515873016 0.7837731481481481 0.01783730158730159 0.023713624338624336
1 0.9836631944444445 0.6408796296296296 0.017373511904761905 0.022103174603174604
1 0.9913318452380953 0.6029199735449735 0.017336309523809525 0.027318121693121693
1 0.72296875 0.7786243386243386 0.015803571428571427 0.020919312169312167
1 0.7321552579365079 0.7040013227513228 0.01756200396825397 0.023548280423280422
1 0.6752876984126984 0.79682208994709 0.015669642857142858 0.022030423280423282
1 0.6891889880952381 0.7927513227513228 0.016629464285714286 0.020793650793650795
1 0.7001339285714285 0.6141104497354497 0.020627480158730158 0.02708664021164021
1 0.7187028769841269 0.6145568783068783 0.016857638888888887 0.028746693121693125
1 0.7249032738095238 0.6483101851851852 0.016475694444444446 0.021765873015873013
1 0.6790897817460317 0.6489054232804232 0.014967757936507937 0.022275132275132274
1 0.6913318452380952 0.5449503968253968 0.021552579365079365 0.028366402116402116
1 0.7078521825396825 0.5018650793650794 0.019543650793650794 0.02503637566137566
1 0.6253621031746032 0.1883829365079365 0.012192460317460317 0.017076719576719575
1 0.56578125 0.3249140211640211 0.011470734126984126 0.014001322751322752
1 0.5709747023809524 0.3238921957671958 0.009714781746031747 0.013492063492063491
1 0.5262996031746031 0.32026785714285716 0.016227678571428573 0.02158730158730159
1 0.42553075396825396 0.2660218253968254 0.019635416666666666 0.02499338624338624
1 0.38758184523809525 0.23467592592592593 0.01695188492063492 0.023753306878306877
1 0.377452876984127 0.21123677248677247 0.016502976190476193 0.022896825396825395
1 0.3734548611111111 0.2368716931216931 0.015776289682539683 0.022774470899470902
1 0.3660416666666667 0.2221031746031746 0.015905257936507936 0.02162037037037037
1 0.46249007936507935 0.18871362433862432 0.01146577380952381 0.015092592592592593
1 0.35637648809523814 0.3049074074074074 0.017810019841269842 0.023082010582010582
1 0.3007614087301588 0.374537037037037 0.022038690476190476 0.027341269841269843
1 0.31010912698412696 0.4500992063492063 0.022199900793650796 0.028802910052910052
1 0.23869791666666665 0.40430555555555553 0.021902281746031746 0.03088293650793651
1 0.22458829365079364 0.37967261904761906 0.023080357142857142 0.030710978835978838
1 0.20857638888888888 0.3893882275132275 0.01852926587301587 0.024064153439153437
1 0.21859623015873017 0.35727843915343915 0.01958333333333333 0.023501984126984125
1 0.38587301587301587 0.4803736772486773 0.02037202380952381 0.027311507936507936
1 0.38585565476190475 0.45591269841269844 0.019288194444444445 0.02594246031746032
1 0.4857390873015873 0.5108234126984127 0.01828373015873016 0.02608134920634921
1 0.5036507936507937 0.5176421957671957 0.018821924603174604 0.024378306878306878
1 0.5097073412698412 0.51125 0.020069444444444445 0.02693452380952381
1 0.5134300595238096 0.5015112433862433 0.018568948412698415 0.023396164021164022
1 0.539890873015873 0.44615410052910054 0.017805059523809525 0.023300264550264547
1 0.4645188492063492 0.3975892857142857 0.017251984126984126 0.02665674603174603
1 0.43871279761904763 0.4396097883597884 0.019965277777777776 0.027860449735449735
1 0.4206423611111111 0.37628306878306883 0.02216765873015873 0.030062830687830687
1 0.39721478174603175 0.398505291005291 0.019573412698412698 0.023121693121693123
1 0.4257713293650794 0.40519841269841267 0.017085813492063492 0.024229497354497354
1 0.40405505952380955 0.3233366402116402 0.020595238095238097 0.02619047619047619
1 0.3143377976190476 0.5592460317460318 0.02122271825396825 0.028578042328042327
1 0.41844246031746035 0.5704365079365079 0.018038194444444447 0.025360449735449736
1 0.4378199404761905 0.5705853174603175 0.02161706349206349 0.025658068783068783
1 0.4500124007936508 0.5978042328042328 0.01906001984126984 0.025125661375661378
1 0.4770560515873016 0.5698677248677249 0.021959325396825397 0.030687830687830688
1 0.5666319444444444 0.5656283068783069 0.01970486111111111 0.025988756613756613
1 0.5465476190476191 0.6120403439153439 0.019501488095238093 0.02180224867724868
1 0.5058308531746032 0.6083564814814815 0.01978670634920635 0.027371031746031744
1 0.4700148809523809 0.6463029100529101 0.020947420634920635 0.02781746031746032
1 0.5262946428571429 0.6954695767195767 0.01750248015873016 0.02590939153439153
1 0.5431225198412698 0.6907837301587301 0.017951388888888888 0.02569775132275132
1 0.4143948412698413 0.7348809523809524 0.019918154761904762 0.028207671957671956
1 0.46135664682539684 0.9394246031746032 0.022237103174603173 0.03418981481481481
1 0.48163194444444446 0.9224768518518519 0.019682539682539683 0.03155092592592593
1 0.5099776785714286 0.9274636243386244 0.017552083333333333 0.026970899470899472
1 0.4837078373015873 0.9579133597883598 0.017549603174603176 0.025360449735449736
1 0.43954117063492065 0.9332870370370371 0.021840277777777778 0.03269179894179894
1 0.45896329365079364 0.9121626984126985 0.020265376984126983 0.029424603174603176
1 0.5848462301587302 0.989593253968254 0.02103422619047619 0.02081349206349206
1 0.6114880952380952 0.9654861111111112 0.018940972222222224 0.02972883597883598
1 0.5883060515873016 0.8143386243386244 0.022571924603174604 0.032992724867724865
1 0.3971329365079365 0.9854166666666667 0.024312996031746033 0.029166666666666667
1 0.22858382936507937 0.9555257936507937 0.020949900793650795 0.029748677248677247
1 0.19019097222222223 0.9554960317460318 0.020944940476190478 0.03400132275132275
1 0.16601686507936508 0.9709490740740742 0.02246031746031746 0.03364417989417989
1 0.11965277777777777 0.9568287037037037 0.025806051587301586 0.0361276455026455
1 0.13631200396825396 0.848584656084656 0.0244890873015873 0.03304232804232804
1 0.2233358134920635 0.8001587301587301 0.025381944444444447 0.030499338624338627
1 0.2557688492063492 0.849563492063492 0.02290922619047619 0.037695105820105816
1 0.1360292658730159 0.7549933862433862 0.024322916666666666 0.02585648148148148
1 0.17289930555555555 0.7434953703703704 0.025617559523809525 0.03088624338624339
1 0.16169394841269843 0.7746792328042328 0.014883432539682539 0.024811507936507937
1 0.07580853174603175 0.7791236772486773 0.019481646825396826 0.02130952380952381
1 0.21181299603174603 0.6922585978835979 0.02634672619047619 0.032962962962962965
1 0.1314434523809524 0.6451025132275132 0.03374751984126984 0.037271825396825393
1 0.11192212301587301 0.6318683862433863 0.027440476190476192 0.035595238095238096
1 0.07555803571428571 0.5886772486772487 0.01574652777777778 0.021964285714285714
1 0.09593501984126984 0.496332671957672 0.01931547619047619 0.02158399470899471
1 0.09196180555555557 0.5113029100529101 0.01783482142857143 0.024580026455026455
1 0.07754464285714287 0.4198809523809524 0.01648809523809524 0.019871031746031748
1 0.12936011904761907 0.3856051587301587 0.025538194444444443 0.03455687830687831
1 0.17210069444444442 0.3492096560846561 0.020885416666666667 0.02589616402116402
1 0.29137896825396825 0.4437830687830688 0.014595734126984127 0.017258597883597883
1 0.27178571428571424 0.5298048941798942 0.021398809523809525 0.02924272486772487
1 0.32363591269841274 0.2917625661375661 0.015270337301587302 0.018022486772486773
1 0.19126240079365078 0.26304894179894184 0.010317460317460317 0.012837301587301588
1 0.17972470238095237 0.2630654761904762 0.01271329365079365 0.013525132275132275
1 0.18859623015873014 0.2761276455026455 0.012646329365079366 0.013528439153439152
1 0.3291170634920635 0.41138888888888886 0.016882440476190474 0.02466600529100529
1 0.4738268849206349 0.43613425925925925 0.020386904761904762 0.02502314814814815
1 0.5130530753968254 0.41093253968253973 0.01800595238095238 0.018720238095238095
1 0.517264384920635 0.4321792328042328 0.01803075396825397 0.018935185185185183
1 0.5638120039682539 0.38288690476190473 0.011922123015873016 0.01617063492063492
1 0.6399379960317461 0.4307142857142857 0.013236607142857142 0.019226190476190477
1 0.4987723214285714 0.24556878306878308 0.011128472222222222 0.014302248677248677
1 0.5529315476190476 0.1923148148148148 0.010726686507936508 0.012996031746031745
1 0.6336309523809525 0.2852744708994709 0.011956845238095239 0.014976851851851852
1 0.5614533730158731 0.279021164021164 0.009342757936507937 0.011917989417989418
1 0.5703273809523809 0.5158267195767196 0.01732142857142857 0.025029761904761905
1 0.5398685515873016 0.5015277777777778 0.017289186507936507 0.023521825396825395
1 0.6600223214285714 0.2004265873015873 0.013244047619047619 0.01662367724867725
1 0.6664434523809524 0.4475727513227513 0.019268353174603174 0.027741402116402115
1 0.7491245039682539 0.664239417989418 0.008874007936507937 0.012552910052910054
1 0.6356125992063492 0.7883928571428571 0.01592261904761905 0.018326719576719577
1 0.6433953373015873 0.8051223544973545 0.014340277777777778 0.01776785714285714
1 0.8198040674603174 0.5338789682539683 0.022485119047619045 0.029007936507936507
1 0.8115897817460317 0.5160978835978837 0.018125 0.02746362433862434
1 0.7798561507936508 0.5020271164021164 0.023296130952380954 0.02830357142857143
1 0.8301190476190476 0.4931547619047619 0.017919146825396824 0.029246031746031746
1 0.815250496031746 0.49439814814814814 0.021793154761904764 0.02816137566137566
1 0.8445287698412698 0.47495701058201056 0.023117559523809523 0.02644179894179894
1 0.8374826388888889 0.529047619047619 0.016897321428571428 0.021868386243386242
2 0.7841617063492063 0.7461111111111111 0.011560019841269841 0.013138227513227511
1 0.802874503968254 0.15124669312169312 0.019248511904761904 0.022837301587301587
1 0.12259176587301587 0.47931216931216936 0.01679563492063492 0.023574735449735453
1 0.37207093253968254 0.4648412698412699 0.016711309523809524 0.0221494708994709
1 0.4052604166666667 0.48055555555555557 0.018075396825396824 0.01994378306878307
1 0.5121378968253968 0.7563161375661376 0.016651785714285713 0.021967592592592594
1 0.38391121031746034 0.6722387566137565 0.016195436507936506 0.021359126984126984
1 0.3068452380952381 0.6364186507936508 0.015997023809523808 0.023621031746031747
1 0.31786210317460317 0.6064351851851851 0.016066468253968253 0.022900132275132275
1 0.40498759920634925 0.8879398148148149 0.02803323412698413 0.03103505291005291
1 0.34810515873015874 0.3720271164021164 0.022564484126984127 0.02677579365079365