1 0.46762896825396827 0.9271858465608466 0.021014384920634923 0.03048941798941799
1 0.584233630952381 0.732853835978836 0.021284722222222222 0.028564814814814814
1 0.42884672619047615 0.12169642857142857 0.0146875 0.017390873015873016
1 0.5029265873015872 0.4307936507936508 0.01716517857142857 0.023346560846560845
1 0.569342757936508 0.40192791005291006 0.014134424603174604 0.019021164021164022
1 0.48824156746031744 0.4426653439153439 0.017862103174603173 0.023746693121693124
1 0.854283234126984 0.18049272486772486 0.009506448412698413 0.013293650793650795
1 0.8220138888888889 0.17994047619047618 0.011738591269841269 0.01439484126984127
1 0.8149231150793651 0.1716501322751323 0.011034226190476192 0.015456349206349206
1 0.8046602182539683 0.16729828042328043 0.01132936507936508 0.015985449735449738
1 0.779499007936508 0.16699074074074075 0.01185515873015873 0.014963624338624339
1 0.7431547619047619 0.1539021164021164 0.013053075396825398 0.017453703703703704
1 0.73921875 0.16780753968253967 0.012348710317460317 0.0166005291005291
1 0.7217757936507936 0.15093915343915343 0.01109623015873016 0.015208333333333334
1 0.7974528769841269 0.2446527777777778 0.013993055555555555 0.016636904761904762
1 0.8830381944444444 0.26391534391534394 0.011545138888888888 0.014722222222222223
1 0.8990277777777778 0.275515873015873 0.011609623015873016 0.014398148148148148
1 0.8988318452380952 0.32258597883597884 0.010835813492063492 0.014434523809523809
1 0.9030580357142858 0.33243055555555556 0.010101686507936507 0.013538359788359787
1 0.9080977182539682 0.382119708994709 0.01160218253968254 0.012199074074074074
1 0.9026785714285714 0.41575066137566136 0.010863095238095238 0.012559523809523809
1 0.987375992063492 0.6566335978835979 0.022321428571428572 0.022341269841269842
1 0.9330059523809524 0.6390476190476191 0.01597470238095238 0.01747685185185185
1 0.9234945436507938 0.7261044973544973 0.016436011904761905 0.020132275132275133
1 0.9034771825396826 0.7311111111111112 0.016651785714285713 0.019110449735449734
1 0.8298710317460317 0.6526620370370371 0.01642609126984127 0.020277777777777777
1 0.8985912698412698 0.5784689153439153 0.020111607142857143 0.02554563492063492
1 0.8415823412698413 0.48426587301587304 0.013953373015873015 0.02019510582010582
1 0.8104885912698412 0.47120039682539683 0.015939980158730157 0.019794973544973546
1 0.8301066468253968 0.38395502645502644 0.01595238095238095 0.01880952380952381
1 0.8094146825396825 0.3473809523809524 0.015441468253968254 0.019914021164021165
1 0.8467534722222223 0.3224669312169312 0.012433035714285714 0.016402116402116404
1 0.7557762896825396 0.2640575396825397 0.010228174603174604 0.015171957671957673
1 0.7162152777777778 0.3073544973544974 0.014362599206349205 0.01779100529100529
1 0.753172123015873 0.35830357142857144 0.016537698412698414 0.022648809523809522
1 0.7527579365079364 0.4042559523809524 0.0157093253968254 0.018978174603174604
1 0.7262326388888889 0.40621693121693125 0.01779017857142857 0.025677910052910057
1 0.7147321428571429 0.4513723544973545 0.010711805555555554 0.015433201058201059
1 0.7765922619047618 0.5384920634920636 0.013807043650793651 0.015433201058201059
1 0.7623487103174603 0.5461309523809523 0.01472470238095238 0.01894510582010582
1 0.783514384920635 0.5224603174603175 0.012165178571428572 0.01645171957671958
1 0.7965525793650793 0.6276951058201059 0.013038194444444444 0.01886574074074074
1 0.779888392857143 0.6253670634920635 0.012177579365079365 0.018617724867724866
1 0.8295585317460318 0.700598544973545 0.013742559523809523 0.016904761904761905
1 0.8056969246031747 0.7080952380952381 0.01625 0.014986772486772488
1 0.8083779761904762 0.7208597883597884 0.013648313492063493 0.01478505291005291
1 0.9169618055555556 0.6368783068783069 0.010295138888888888 0.014441137566137567
1 0.6583110119047619 0.6198544973544974 0.012638888888888889 0.016418650793650794
1 0.6824479166666667 0.5216369047619048 0.012971230158730158 0.01921957671957672
1 0.6970138888888889 0.2738789682539683 0.01582093253968254 0.019212962962962963
1 0.7079935515873016 0.2866435185185185 0.012053571428571429 0.01901124338624339
1 0.6955282738095238 0.30234788359788356 0.015942460317460317 0.020277777777777777
1 0.68609375 0.2895634920634921 0.01582093253968254 0.01970568783068783
1 0.6889112103174603 0.260135582010582 0.014930555555555556 0.01892526455026455
1 0.6686805555555555 0.28746031746031747 0.015731646825396826 0.02064484126984127
1 0.6787574404761905 0.31217261904761906 0.012728174603174604 0.018607804232804233
1 0.6464657738095239 0.17179232804232805 0.009945436507936509 0.012066798941798943
1 0.6024479166666667 0.23532738095238095 0.013621031746031747 0.020773809523809524
1 0.516423611111111 0.14858796296296295 0.01308779761904762 0.018591269841269843
1 0.5862896825396826 0.2297519841269841 0.011956845238095239 0.014768518518518518
1 0.5818030753968254 0.23730820105820105 0.012356150793650794 0.015178571428571428
1 0.4591021825396825 0.12596560846560848 0.015736607142857142 0.02113425925925926
1 0.442485119047619 0.11967592592592592 0.013745039682539683 0.017374338624338626
1 0.4439707341269841 0.1362367724867725 0.013916170634920635 0.016927910052910052
1 0.4317038690476191 0.13029431216931217 0.012110615079365079 0.016557539682539684
1 0.42755208333333333 0.14834986772486772 0.014285714285714285 0.018849206349206348
1 0.44185763888888885 0.14865410052910052 0.013100198412698412 0.015787037037037037
1 0.49050099206349207 0.12235119047619047 0.009794146825396826 0.013171296296296296
1 0.48638144841269837 0.12929563492063492 0.010086805555555555 0.012357804232804232
1 0.4834548611111111 0.1372420634920635 0.00919890873015873 0.01280753968253968
1 0.5089707341269841 0.16646825396825396 0.013911210317460319 0.02053240740740741
1 0.519186507936508 0.15699074074074074 0.011421130952380952 0.01334325396825397
1 0.28740823412698413 0.43947089947089946 0.01906001984126984 0.022503306878306876
1 0.2872544642857143 0.463098544973545 0.01875496031746032 0.023449074074074074
1 0.2773759920634921 0.47815145502645506 0.018296130952380953 0.02193783068783069
1 0.23032738095238095 0.44808862433862434 0.016832837301587304 0.01915674603174603
1 0.3832688492063492 0.5031018518518519 0.017247023809523813 0.024054232804232804
1 0.395124007936508 0.521359126984127 0.017490079365079365 0.019401455026455027
1 0.32517857142857143 0.6212599206349206 0.015756448412698413 0.020697751322751323
1 0.3136011904761905 0.6873082010582011 0.016862599206349204 0.023406084656084656
1 0.2856498015873016 0.7952777777777778 0.015329861111111112 0.0232010582010582
1 0.2688640873015873 0.7979133597883598 0.013955853174603175 0.020383597883597882
1 0.5924454365079365 0.8896858465608465 0.01820436507936508 0.024546957671957675
1 0.6042410714285714 0.9058597883597884 0.018861607142857142 0.028958333333333332
1 0.6113616071428571 0.8852314814814815 0.01472718253968254 0.024464285714285716
1 0.5752926587301587 0.7821230158730158 0.016428571428571428 0.024828042328042327
1 0.596748511904762 0.7742195767195766 0.017299107142857144 0.025929232804232802
1 0.6048809523809524 0.7572685185185185 0.016056547619047616 0.021435185185185182
1 0.5411681547619047 0.5164583333333334 0.016530257936507937 0.02503637566137566
1 0.5234474206349207 0.5168882275132275 0.015848214285714285 0.01927579365079365
1 0.5605555555555555 0.5133531746031746 0.014526289682539682 0.017357804232804232
1 0.543420138888889 0.4979133597883598 0.013683035714285715 0.018822751322751324
1 0.585203373015873 0.4221891534391535 0.010066964285714287 0.01587962962962963
1 0.5300074404761904 0.3604695767195767 0.012385912698412698 0.023303571428571427
1 0.5141964285714286 0.2519940476190476 0.01613095238095238 0.01939153439153439
1 0.7574206349206349 0.22846560846560846 0.013462301587301587 0.01734126984126984
1 0.1406349206349206 0.7137698412698413 0.013888888888888888 0.01677910052910053
1 0.15437251984126982 0.7010052910052911 0.012140376984126984 0.016980820105820107
1 0.2452703373015873 0.33330026455026457 0.015287698412698413 0.017486772486772488
1 0.2451810515873016 0.21068121693121694 0.01025297619047619 0.011917989417989418
1 0.2542931547619047 0.21354166666666666 0.010729166666666666 0.010284391534391535
1 0.24338789682539683 0.19262896825396825 0.009871031746031746 0.00962962962962963
1 0.24565724206349207 0.2002876984126984 0.014265873015873017 0.013918650793650796
1 0.42900545634920634 0.3093948412698413 0.01884424603174603 0.023343253968253968
1 0.35212301587301587 0.3353108465608466 0.011502976190476192 0.019712301587301587
1 0.3305580357142857 0.35118055555555555 0.01603918650793651 0.023105158730158733
1 0.5676959325396825 0.3064153439153439 0.01585813492063492 0.01738425925925926
1 0.6207093253968253 0.5402050264550264 0.009079861111111111 0.010773809523809524
1 0.5919618055555556 0.558422619047619 0.009779265873015874 0.011921296296296296
1 0.5759424603174603 0.5744345238095238 0.010009920634920635 0.010125661375661376
1 0.744000496031746 0.5872156084656085 0.011436011904761905 0.01583664021164021
1 0.5051289682539682 0.30055224867724867 0.012641369047619047 0.021097883597883598
1 0.0978844246031746 0.6191832010582011 0.008720238095238095 0.012625661375661375
1 0.9682266865079365 0.31240410052910056 0.004151785714285714 0.005281084656084656
1 0.9880828373015873 0.27323412698412697 0.004154265873015873 0.0044444444444444444
1 0.9321651785714286 0.2598346560846561 0.004598214285714285 0.00556547619047619
1 0.9365277777777777 0.2623214285714286 0.002924107142857143 0.0037996031746031747
1 0.9233308531746032 0.2893353174603175 0.002601686507936508 0.004874338624338625
1 0.9329166666666666 0.30150462962962965 0.004298115079365079 0.005145502645502646
1 0.9305208333333334 0.31392857142857145 0.0037450396825396822 0.005443121693121693
1 0.929858630952381 0.3229166666666667 0.0035962301587301585 0.005122354497354498
1 0.9497147817460317 0.3554662698412699 0.00359375 0.0047552910052910055
1 0.9563640873015873 0.3731977513227513 0.0035317460317460317 0.004596560846560847
1 0.9623313492063492 0.37472222222222223 0.002829861111111111 0.004758597883597884
1 0.9407688492063492 0.3621660052910053 0.003033234126984127 0.004193121693121693
1 0.9310912698412698 0.3622982804232804 0.0035342261904761905 0.004460978835978836
1 0.9230084325396826 0.35150793650793655 0.003256448412698413 0.0035747354497354497
1 0.9188268849206349 0.33229166666666665 0.0031969246031746034 0.0050958994708994705
1 0.964437003968254 0.34281415343915345 0.003430059523809524 0.005446428571428571
1 0.9835491071428571 0.37231812169312173 0.004109623015873016 0.0047552910052910055
1 0.9817460317460318 0.39628306878306874 0.004109623015873016 0.005509259259259259
1 0.9766195436507936 0.4024735449735449 0.004330357142857143 0.004894179894179894
1 0.9510590277777778 0.38294973544973543 0.004114583333333333 0.004358465608465608
1 0.9469667658730159 0.2545138888888889 0.0038740079365079364 0.004556878306878307
1 0.9504662698412699 0.2506911375661376 0.0032911706349206347 0.003647486772486772