1 0.476453373015873 0.6074537037037038 0.020463789682539684 0.028224206349206346
1 0.12618551587301588 0.3672486772486772 0.023236607142857142 0.024632936507936506
1 0.7890550595238095 0.9251521164021164 0.022433035714285714 0.03038690476190476
1 0.5865649801587302 0.4433829365079365 0.01736607142857143 0.022923280423280422
1 0.5964781746031746 0.5376984126984127 0.02573660714285714 0.03522486772486772
1 0.718343253968254 0.8080588624338625 0.02077628968253968 0.029226190476190475
1 0.5914409722222222 0.3029199735449735 0.019665178571428573 0.026871693121693123
1 0.16997023809523812 0.3660945767195767 0.022430555555555554 0.019814814814814816
1 0.0512078373015873 0.5980456349206349 0.016044146825396826 0.020214947089947092
1 0.5610069444444444 0.3694642857142857 0.020739087301587304 0.017218915343915345
1 0.8372842261904762 0.6295205026455026 0.022938988095238096 0.02799272486772487
1 0.18639136904761905 0.9225165343915344 0.03455853174603175 0.045095899470899474
1 0.2694766865079365 0.762962962962963 0.030146329365079366 0.02990079365079365
1 0.11911458333333333 0.7070833333333333 0.01911706349206349 0.024999999999999998
1 0.20017609126984126 0.4161607142857143 0.01875 0.022549603174603174
1 0.18234623015873017 0.38895833333333335 0.018382936507936508 0.02205687830687831
1 0.2020064484126984 0.3757208994708995 0.016118551587301588 0.022923280423280422
1 0.2222891865079365 0.40580687830687834 0.020684523809523812 0.023637566137566138
1 0.3255753968253968 0.28420634920634924 0.014506448412698414 0.019699074074074074
1 0.6050818452380953 0.29298280423280426 0.01316220238095238 0.02005621693121693
1 0.8151488095238095 0.6233928571428572 0.019072420634920637 0.02542989417989418
1 0.520062003968254 0.8975727513227514 0.01934027777777778 0.030085978835978838
1 0.2799082341269841 0.8963194444444443 0.023638392857142858 0.0325925925925926
1 0.9775595238095238 0.555436507936508 0.009618055555555555 0.01074404761904762
1 0.9697619047619047 0.551795634920635 0.007539682539682539 0.00970568783068783
1 0.6696428571428571 0.7519609788359788 0.01611607142857143 0.014904100529100529
1 0.06407986111111111 0.6089880952380952 0.013256448412698414 0.013171296296296296
2 0.4971626984126984 0.1817956349206349 0.011178075396825396 0.014904100529100529
1 0.5178298611111111 0.4502414021164021 0.017157738095238097 0.02703373015873016
1 0.5013219246031746 0.4672255291005291 0.018975694444444444 0.022876984126984128
1 0.4500173611111111 0.6171164021164022 0.01914186507936508 0.028799603174603176