1 0.5609002976190477 0.3706878306878307 0.02425595238095238 0.031375661375661376
1 0.579139384920635 0.3979960317460317 0.022839781746031747 0.02751653439153439
1 0.2758333333333334 0.507635582010582 0.022063492063492063 0.028660714285714286
1 0.5273536706349207 0.26081679894179893 0.02141369047619048 0.02673941798941799
1 0.6172569444444445 0.41127645502645505 0.019035218253968252 0.022205687830687833
1 0.6203149801587302 0.44572089947089943 0.019714781746031744 0.022205687830687833
1 0.5499553571428571 0.45500992063492063 0.02039434523809524 0.025380291005291006
1 0.3837450396825397 0.5093948412698412 0.018355654761904764 0.021752645502645503
1 0.4906423611111111 0.8719543650793651 0.01529513888888889 0.020846560846560846
1 0.5205555555555555 0.7727017195767196 0.022093253968253967 0.028098544973544973
1 0.49319196428571427 0.7133333333333333 0.02107390873015873 0.028098544973544973
1 0.4554637896825397 0.7126554232804233 0.014955357142857142 0.019487433862433862
1 0.49234375 0.6301719576719577 0.02005456349206349 0.024017857142857143
1 0.4347296626984127 0.6668816137566138 0.019035218253968252 0.022205687830687833
1 0.36471230158730156 0.6249603174603175 0.019035218253968252 0.020846560846560846
1 0.3956423611111111 0.7180919312169313 0.012237103174603175 0.019487433862433862
1 0.6197519841269842 0.7631150793650793 0.019288194444444445 0.022351190476190476
1 0.6302008928571428 0.7217824074074074 0.015384424603174603 0.018677248677248678
1 0.6190649801587302 0.672337962962963 0.018370535714285714 0.022655423280423283
1 0.5206696428571429 0.6463128306878307 0.014466765873015873 0.023267195767195766
1 0.603219246031746 0.643558201058201 0.020205853174603175 0.02632936507936508
1 0.624000496031746 0.6337599206349206 0.0208953373015873 0.02632936507936508
1 0.516078869047619 0.6130952380952381 0.019057539682539683 0.026025132275132278
1 0.5483407738095237 0.5850793650793651 0.0206671626984127 0.028167989417989422
1 0.6804885912698413 0.6003869047619047 0.01997767857142857 0.023267195767195766
1 0.6964484126984127 0.6207473544973545 0.01699156746031746 0.021736111111111112
1 0.6865724206349207 0.6571825396825397 0.01515625 0.021736111111111112
1 0.6158506944444445 0.5135912698412698 0.019288194444444445 0.022351190476190476
1 0.552703373015873 0.5044047619047619 0.01607390873015873 0.02051256613756614
1 0.3671676587301588 0.5088458994708994 0.01699156746031746 0.023267195767195766
1 0.41963541666666665 0.5112929894179894 0.011252480158730158 0.018369708994708994
1 0.42353918650793654 0.5210912698412699 0.011252480158730158 0.01224537037037037
1 0.45396577380952385 0.2561078042328042 0.01240079365079365 0.018677248677248678
1 0.442140376984127 0.25794312169312167 0.012170138888888888 0.01806216931216931
1 0.5151587301587301 0.2662103174603175 0.013546626984126984 0.021124338624338625
1 0.544092261904762 0.2835085978835979 0.01768105158730159 0.023267195767195766
2 0.3205530753968254 0.3667857142857143 0.008266369047619047 0.009186507936507937
1 0.2947222222222222 0.3523941798941799 0.006659226190476191 0.007347883597883597
2 0.32755704365079363 0.3038690476190476 0.008497023809523808 0.011329365079365078
2 0.44627232142857143 0.24431878306878307 0.008035714285714285 0.010410052910052911
2 0.2753174603174603 0.32407407407407407 0.007348710317460317 0.00765542328042328
2 0.2653298611111111 0.3425992063492063 0.006200396825396825 0.006736111111111111
2 0.27554811507936505 0.40765873015873016 0.006428571428571429 0.006428571428571429
1 0.25648809523809524 0.44470238095238096 0.01515625 0.023574735449735453
1 0.2978224206349206 0.456031746031746 0.016532738095238093 0.01990079365079365
1 0.31274801587301587 0.37321428571428567 0.006889880952380953 0.008571428571428572
1 0.4299776785714286 0.4319775132275132 0.01955357142857143 0.021924603174603173