2 0.1306374007936508 0.3273941798941799 0.0052976190476190475 0.0075066137566137565
2 0.13817212301587303 0.3222056878306878 0.005463789682539683 0.007728174603174603
2 0.14702876984126986 0.3140376984126984 0.0052976190476190475 0.006845238095238095
2 0.12211061507936509 0.3518981481481482 0.007120535714285715 0.009272486772486772
2 0.12600198412698413 0.3566468253968254 0.005959821428571429 0.008167989417989418
2 0.11813740079365079 0.37011243386243386 0.004471726190476191 0.007728174603174603
2 0.11391369047619047 0.36900793650793656 0.0029811507936507936 0.005076058201058201
2 0.1346106150793651 0.37033399470899475 0.005629960317460317 0.007285052910052911
2 0.12616815476190477 0.3936243386243386 0.005629960317460317 0.007063492063492063
2 0.1850297619047619 0.3504629629629629 0.007782738095238095 0.008611111111111111
2 0.18925099206349205 0.35907407407407405 0.009273313492063492 0.008167989417989418
2 0.19421875 0.35211970899470896 0.009273313492063492 0.00882936507936508
2 0.1990203373015873 0.3605092592592593 0.007616567460317461 0.00882936507936508
2 0.13966021825396827 0.4396527777777778 0.005463789682539683 0.007285052910052911
2 0.16035714285714284 0.407202380952381 0.005796130952380953 0.008611111111111111
2 0.1584548611111111 0.3927414021164021 0.0052976190476190475 0.006623677248677249
2 0.1606076388888889 0.38313822751322746 0.0043055555555555555 0.005519179894179895
2 0.14918154761904762 0.3695601851851852 0.005629960317460317 0.005740740740740741
2 0.1332862103174603 0.34030753968253963 0.005629960317460317 0.007728174603174603
2 0.25191964285714286 0.33721891534391535 0.007782738095238095 0.010816798941798942
2 0.23569444444444446 0.2847883597883598 0.006125992063492063 0.0075066137566137565
2 0.16408234126984128 0.4524570105820106 0.004967757936507937 0.007285052910052911
2 0.183125 0.4217724867724868 0.007284226190476191 0.008167989417989418
2 0.18751240079365078 0.4123875661375661 0.0048015873015873015 0.0075066137566137565
2 0.19877232142857143 0.41503968253968254 0.005796130952380953 0.006623677248677249
2 0.19910218253968254 0.38004629629629627 0.006788194444444445 0.008167989417989418
2 0.20887152777777776 0.41095238095238096 0.007450396825396825 0.008611111111111111
2 0.2150793650793651 0.40952050264550266 0.007284226190476191 0.00882936507936508
2 0.22360615079365082 0.400135582010582 0.007120535714285715 0.008611111111111111
2 0.22907242063492064 0.38622685185185185 0.007120535714285715 0.007728174603174603
2 0.24463541666666666 0.41592261904761907 0.006788194444444445 0.0075066137566137565
2 0.23652281746031745 0.43678240740740737 0.006458333333333333 0.007728174603174603
2 0.24471726190476192 0.4453935185185185 0.005959821428571429 0.007728174603174603
2 0.23271329365079363 0.4616203703703704 0.008112599206349207 0.009712301587301587
2 0.2634275793650794 0.4585284391534391 0.006954365079365079 0.007946428571428571
2 0.1287326388888889 0.5179133597883598 0.004471726190476191 0.005740740740740741
2 0.18006200396825398 0.5202314814814815 0.006125992063492063 0.007285052910052911
2 0.229734623015873 0.5460615079365079 0.007782738095238095 0.008611111111111111
2 0.2604464285714285 0.492635582010582 0.005959821428571429 0.008611111111111111
2 0.2754315476190476 0.4995899470899471 0.004471726190476191 0.007063492063492063
2 0.2250967261904762 0.49208664021164017 0.004471726190476191 0.004857804232804233
2 0.2654985119047619 0.4973842592592592 0.005463789682539683 0.005740740740740741
2 0.2448015873015873 0.2544312169312169 0.005133928571428571 0.006845238095238095
2 0.28155753968253966 0.24361441798941802 0.006458333333333333 0.008611111111111111
2 0.3111135912698413 0.259510582010582 0.006292162698412699 0.008611111111111111
2 0.3145907738095238 0.2857804232804233 0.008278769841269842 0.009933862433862434
2 0.3222073412698413 0.27231481481481484 0.005959821428571429 0.005076058201058201
2 0.11126488095238095 0.5308300264550264 0.004635416666666667 0.005519179894179895
2 0.1851934523809524 0.5293948412698413 0.005463789682539683 0.007063492063492063
2 0.12953373015873015 0.37939484126984124 0.004404761904761905 0.005201719576719577
2 0.1396626984126984 0.38878968253968255 0.004781746031746032 0.0068783068783068784
2 0.11902777777777779 0.3856878306878307 0.003271329365079365 0.005367063492063492
2 0.21181051587301586 0.34280423280423283 0.0060267857142857146 0.007814153439153438
2 0.2437078373015873 0.3799768518518518 0.005525793650793651 0.0071428571428571435
2 0.07494295634920635 0.5208829365079365 0.005431547619047619 0.005248015873015873
2 0.5665252976190476 0.6899834656084657 0.008214285714285714 0.010029761904761904
2 0.919360119047619 0.024897486772486776 0.017026289682539685 0.022701719576719577
2 0.9922197420634921 0.07761904761904762 0.015560515873015874 0.02562830687830688
2 0.8498859126984126 0.18984126984126987 0.019771825396825395 0.023799603174603175
2 0.8305257936507936 0.21620039682539682 0.020044642857142855 0.023065476190476192
2 0.8273685515873015 0.317255291005291 0.01427827380952381 0.018673941798941798
2 0.83546875 0.3439814814814815 0.016750992063492065 0.018673941798941798
2 0.8902529761904762 0.27075396825396825 0.017026289682539685 0.0216005291005291
2 0.9442113095238095 0.3344609788359788 0.025538194444444443 0.026726190476190473
2 0.8674603174603175 0.38462301587301584 0.017026289682539685 0.020138888888888887
2 0.8787202380952381 0.35661375661375666 0.015927579365079363 0.01611111111111111
2 0.8579861111111111 0.3329993386243386 0.0090625 0.013548280423280422
2 0.9821056547619047 0.49373015873015874 0.011808035714285714 0.018673941798941798
2 0.8689707341269841 0.6207771164021164 0.022792658730158732 0.023799603174603175
2 0.9466815476190477 0.7081018518518519 0.022792658730158732 0.028558201058201057
2 0.8829761904761905 0.5578042328042327 0.01784970238095238 0.022334656084656086
2 0.8211904761904761 0.9451719576719576 0.014005456349206349 0.020869708994708993
2 0.7291989087301588 0.9380324074074075 0.01839781746031746 0.024163359788359786
2 0.8075967261904762 0.9125859788359788 0.015376984126984126 0.017939814814814815
2 0.8541418650793651 0.2004563492063492 0.015652281746031747 0.013548280423280422
2 0.8479637896825396 0.23121362433862436 0.010984623015873015 0.011349206349206348