1 0.5577306547619048 0.4658796296296296 0.02598214285714286 0.03588293650793651
1 0.3774925595238095 0.2800496031746032 0.02236359126984127 0.03170304232804233
1 0.5064732142857142 0.5095171957671958 0.026440972222222223 0.03190145502645503
1 0.3961433531746032 0.2783994708994709 0.017524801587301585 0.028201058201058202
1 0.3749900793650794 0.2888723544973545 0.01873511904761905 0.021755952380952383
1 0.4940451388888889 0.33158068783068784 0.01873511904761905 0.02498015873015873
1 0.5158010912698413 0.3090178571428572 0.023568948412698413 0.029814814814814815
1 0.5469246031746031 0.29693121693121693 0.025381944444444447 0.033035714285714286
1 0.5348387896825396 0.32311838624338624 0.022963789682539683 0.032232142857142855
1 0.5260763888888889 0.47581349206349205 0.024776785714285716 0.03787037037037037
1 0.4982762896825397 0.48145502645502647 0.02236111111111111 0.03142526455026455
1 0.701031746031746 0.38878968253968255 0.014503968253968253 0.023366402116402115
1 0.18583333333333332 0.8541302910052909 0.028402777777777777 0.045122354497354494
1 0.8602728174603175 0.6260945767195767 0.013898809523809523 0.017728174603174603
2 0.8587624007936508 0.7542129629629629 0.014503968253968253 0.017728174603174603