1 0.4564657738095238 0.4277943121693122 0.018695436507936508 0.023115079365079366
1 0.24330853174603173 0.664156746031746 0.020111607142857143 0.02545965608465608
1 0.024965277777777777 0.6760482804232804 0.023308531746031747 0.02585978835978836
1 0.32344742063492066 0.30504960317460317 0.023541666666666666 0.024507275132275134
1 0.29857142857142854 0.3505059523809524 0.02191468253968254 0.03256283068783069
1 0.2145510912698413 0.31047619047619046 0.023539186507936505 0.02722222222222222
1 0.3198958333333333 0.270135582010582 0.01923611111111111 0.023128306878306876
1 0.10190228174603175 0.7829133597883599 0.02142609126984127 0.028167989417989422
1 0.409327876984127 0.5011772486772487 0.02089285714285714 0.022810846560846563
1 0.2976860119047619 0.5129100529100529 0.021919642857142856 0.02505621693121693
1 0.05109623015873016 0.8005985449735451 0.02105406746031746 0.026385582010582012
1 0.5838368055555556 0.3029596560846561 0.019087301587301587 0.02590939153439153
1 0.01248015873015873 0.7060185185185185 0.0249578373015873 0.022688492063492063
1 0.4883110119047619 0.5788921957671957 0.021063988095238097 0.025029761904761905
1 0.361609623015873 0.7045039682539683 0.022963789682539683 0.028683862433862433
1 0.2988095238095238 0.39213624338624337 0.025277777777777777 0.029110449735449736
1 0.26086805555555553 0.9780026455026455 0.02499751984126984 0.03239417989417989
1 0.6739508928571428 0.7246428571428571 0.017003968253968254 0.022771164021164022
1 0.17709573412698412 0.8358928571428571 0.01951140873015873 0.025965608465608463
1 0.5398437500000001 0.1561276455026455 0.023655753968253968 0.02632936507936508
1 0.7739608134920635 0.32559854497354496 0.02097718253968254 0.020244708994708996
1 0.44290426587301585 0.38474867724867723 0.01925595238095238 0.02662037037037037
1 0.6447197420634921 0.7202380952380952 0.02127232142857143 0.02757275132275132
1 0.7773735119047619 0.5110383597883599 0.020186011904761905 0.020942460317460318
1 0.07789930555555555 0.7845998677248678 0.018928571428571427 0.023478835978835978
1 0.807671130952381 0.47808531746031746 0.019216269841269843 0.021617063492063493
2 0.3754166666666667 0.28139550264550267 0.018070436507936508 0.02193783068783069
1 0.20211309523809523 0.6567526455026454 0.02171378968253968 0.023429232804232803
1 0.3410689484126984 0.3231150793650794 0.023978174603174605 0.022476851851851852
1 0.6641319444444445 0.24378637566137568 0.02243799603174603 0.020694444444444442
1 0.6357638888888889 0.4492791005291005 0.01916418650793651 0.024933862433862437
1 0.5320362103174603 0.5300496031746031 0.02048611111111111 0.024718915343915345
1 0.4386036706349207 0.5582903439153439 0.020009920634920637 0.026557539682539683
1 0.7402901785714285 0.29764550264550266 0.020706845238095236 0.019639550264550266
1 0.21983630952380953 0.8659887566137566 0.021098710317460315 0.028664021164021166
1 0.5604637896825396 0.2414351851851852 0.02056795634920635 0.019520502645502646
1 0.4722544642857143 0.3655753968253968 0.019285714285714288 0.026458333333333334
1 0.4841865079365079 0.616087962962963 0.017854662698412696 0.02244047619047619
1 0.32421626984126983 0.4042261904761905 0.02041170634920635 0.021871693121693122
1 0.7304265873015873 0.491494708994709 0.01949652777777778 0.022351190476190476
1 0.2850024801587302 0.6724173280423281 0.017599206349206347 0.021841931216931215
1 0.5215277777777778 0.5066732804232804 0.02008184523809524 0.01999669312169312
1 0.492765376984127 0.22426256613756612 0.021041666666666667 0.023902116402116404
1 0.10874007936507936 0.2635648148148148 0.02211061507936508 0.02145171957671958
1 0.5632539682539682 0.2713690476190476 0.02205605158730159 0.02448743386243386
1 0.16031001984126983 0.8087334656084656 0.01880952380952381 0.03131283068783069
1 0.6556473214285715 0.4785085978835979 0.02100198412698413 0.02689153439153439
1 0.532155257936508 0.6641402116402116 0.0194469246031746 0.02542328042328042
1 0.11482390873015874 0.2848710317460318 0.01945684523809524 0.022324735449735452
1 0.595141369047619 0.2762400793650794 0.021857638888888888 0.02062169312169312
1 0.7418055555555556 0.45584656084656083 0.01716765873015873 0.0212962962962963
1 0.8283457341269841 0.38978505291005294 0.017175099206349208 0.023799603174603175
1 0.6534499007936508 0.5326157407407408 0.02039434523809524 0.023455687830687834
1 0.6981572420634921 0.22106812169312168 0.023442460317460317 0.020892857142857144
1 0.5893774801587301 0.5143121693121693 0.016587301587301585 0.022169312169312172
1 0.3111855158730159 0.46362103174603175 0.01992311507936508 0.02412367724867725
1 0.7515079365079365 0.4348743386243386 0.01707093253968254 0.024599867724867726
1 0.37382440476190476 0.42863756613756615 0.019352678571428573 0.019656084656084656
1 0.49684771825396823 0.6061607142857143 0.020004960317460317 0.02496031746031746
1 0.3545709325396826 0.7833597883597884 0.022534722222222223 0.029226190476190475
1 0.28782242063492064 0.5378902116402117 0.021098710317460315 0.020462962962962964
1 0.5629737103174602 0.6424503968253968 0.021026785714285713 0.026802248677248678
1 0.11708829365079365 0.7456216931216932 0.02186011904761905 0.02201058201058201
1 0.6850496031746032 0.6894444444444445 0.018819444444444444 0.01865079365079365
1 0.6586458333333333 0.6676124338624339 0.014476686507936508 0.01732142857142857
1 0.04145089285714285 0.6847387566137566 0.02032986111111111 0.02699404761904762
1 0.03039186507936508 0.8241997354497355 0.016721230158730158 0.019050925925925926
1 0.07364583333333333 0.7120337301587302 0.017795138888888888 0.024209656084656084
1 0.13742311507936508 0.8089914021164021 0.019327876984126986 0.023769841269841267
1 0.14278769841269842 0.8657473544973545 0.01990575396825397 0.018234126984126985
1 0.15305059523809525 0.8968650793650793 0.01730406746031746 0.024533730158730158
1 0.1814236111111111 0.8984986772486773 0.0179265873015873 0.022063492063492063
1 0.07261160714285714 0.8057407407407408 0.01778769841269841 0.020142195767195767
1 0.06683035714285714 0.8200462962962963 0.01859623015873016 0.018630952380952383
1 0.22945684523809523 0.9577050264550264 0.02034970238095238 0.029232804232804235
1 0.30531498015873015 0.9908862433862434 0.017931547619047618 0.018224206349206348
1 0.32285218253968256 0.9862301587301587 0.017512400793650792 0.023971560846560845
1 0.3452207341269841 0.9851488095238096 0.020049603174603175 0.029699074074074076
1 0.36800347222222224 0.9747751322751322 0.020203373015873015 0.03333333333333333
1 0.18815724206349205 0.8714219576719576 0.018444940476190476 0.027430555555555555
1 0.24020337301587302 0.8658432539682539 0.02252232142857143 0.025515873015873016
1 0.23223958333333333 0.878912037037037 0.019102182539682537 0.02089616402116402
1 0.3460441468253968 0.8368419312169313 0.01656001984126984 0.023535052910052912
1 0.30904017857142857 0.7499636243386243 0.02269593253968254 0.02755621693121693
1 0.34029513888888885 0.7191435185185185 0.020538194444444446 0.02304563492063492
1 0.49060019841269836 0.7866170634920635 0.018568948412698415 0.024444444444444446
1 0.48774801587301586 0.7522685185185186 0.020691964285714286 0.027787698412698413
1 0.5383506944444445 0.7879927248677249 0.018368055555555558 0.024087301587301588
1 0.5069146825396825 0.6827281746031747 0.017770337301587304 0.024408068783068785
1 0.4524578373015873 0.5625628306878308 0.015853174603174605 0.022175925925925925
1 0.5124280753968254 0.540410052910053 0.01961061507936508 0.023769841269841267
1 0.49762400793650796 0.3963425925925926 0.020124007936507936 0.026802248677248678
1 0.6269543650793651 0.46963624338624343 0.017916666666666664 0.025651455026455026
1 0.610999503968254 0.5161970899470899 0.018296130952380953 0.023389550264550266
1 0.7305406746031746 0.4435218253968254 0.014781746031746031 0.020753968253968254
1 0.7912425595238095 0.4821263227513228 0.019464285714285715 0.024097222222222225
1 0.810875496031746 0.49653108465608464 0.014422123015873015 0.01919973544973545
1 0.8010590277777777 0.5017096560846561 0.015967261904761904 0.02238756613756614
1 0.8901909722222222 0.7327149470899471 0.018886408730158732 0.023974867724867725
1 0.8808531746031746 0.7443683862433862 0.013658234126984126 0.015013227513227513
1 0.8675719246031747 0.7625396825396825 0.01452876984126984 0.016927910052910052
1 0.8418005952380953 0.7695138888888889 0.019461805555555555 0.023703703703703706
1 0.8372296626984127 0.7940145502645503 0.015158730158730158 0.0203505291005291
1 0.8041071428571428 0.8323842592592593 0.017197420634920635 0.023306878306878307
1 0.7860763888888889 0.7919775132275132 0.017738095238095237 0.022017195767195765
1 0.7998214285714286 0.8664649470899471 0.019290674603174605 0.02540674603174603
1 0.7944866071428571 0.8848544973544974 0.018603670634920636 0.028478835978835982
1 0.8302356150793652 0.6880886243386244 0.01603918650793651 0.020783730158730158
1 0.9194022817460318 0.6580092592592592 0.01574404761904762 0.02086309523809524
1 0.646341765873016 0.5852744708994708 0.019149305555555555 0.02599867724867725
1 0.6893526785714286 0.583260582010582 0.0179265873015873 0.02125661375661376
1 0.5786607142857142 0.5463260582010582 0.01706845238095238 0.01695436507936508
1 0.5939880952380953 0.5536607142857143 0.01896825396825397 0.023012566137566137
1 0.6042088293650794 0.534593253968254 0.01789434523809524 0.02289021164021164
1 0.627514880952381 0.5495568783068783 0.01968998015873016 0.024844576719576718
1 0.5129092261904762 0.6061309523809524 0.011966765873015874 0.01679563492063492
1 0.5998611111111111 0.673068783068783 0.013142361111111112 0.021580687830687832
1 0.581140873015873 0.6275264550264551 0.014543650793650794 0.019421296296296294
1 0.615203373015873 0.22665343915343913 0.015806051587301587 0.023055555555555555
1 0.5941666666666666 0.22575727513227514 0.01376984126984127 0.017675264550264552
1 0.5591790674603175 0.19298280423280426 0.020280257936507937 0.027430555555555555
1 0.5708457341269841 0.14875330687830687 0.017921626984126984 0.025033068783068785
1 0.44048859126984125 0.18433531746031745 0.01615327380952381 0.020095899470899473
1 0.451500496031746 0.19395833333333332 0.011882440476190475 0.013601190476190477
1 0.4517683531746032 0.20571097883597886 0.014471726190476191 0.015595238095238094
1 0.46303323412698416 0.20706679894179894 0.014632936507936508 0.016871693121693124
1 0.4494816468253968 0.22023478835978835 0.013665674603174603 0.015241402116402118
1 0.4058705357142857 0.12835648148148146 0.014112103174603175 0.018657407407407407
1 0.40790178571428576 0.1393121693121693 0.013854166666666666 0.019057539682539683
1 0.39275297619047617 0.12935185185185186 0.015848214285714285 0.020651455026455028
1 0.3352281746031746 0.06992724867724869 0.014751984126984126 0.02156746031746032
1 0.32027281746031744 0.06369047619047619 0.014122023809523808 0.021286375661375662
1 0.30932291666666667 0.0651058201058201 0.013157242063492064 0.01845899470899471
1 0.3122643849206349 0.07652116402116402 0.016235119047619047 0.021130952380952382
1 0.3206622023809524 0.08688161375661377 0.014303075396825397 0.02033399470899471
1 0.3321800595238095 0.1610350529100529 0.014650297619047618 0.019470899470899472
1 0.3350347222222222 0.17982142857142855 0.016755952380952382 0.023339947089947088
1 0.3196899801587302 0.26235780423280425 0.01925347222222222 0.018042328042328044
1 0.35801339285714284 0.2825363756613757 0.016294642857142858 0.020072751322751322
2 0.394811507936508 0.28596230158730157 0.01607142857142857 0.02119047619047619
1 0.2555753968253968 0.17938161375661377 0.016527777777777777 0.019593253968253968
1 0.24523809523809523 0.16639219576719577 0.014496527777777778 0.020866402116402116
1 0.21484375 0.47045304232804236 0.022021329365079365 0.028002645502645505
1 0.26154761904761903 0.4751951058201058 0.02183531746031746 0.028878968253968254
1 0.1995907738095238 0.3931746031746032 0.015597718253968254 0.01759920634920635
1 0.1690674603174603 0.3572949735449736 0.01330109126984127 0.01683531746031746
1 0.13512400793650794 0.36787367724867726 0.014260912698412698 0.017195767195767195
1 0.1506175595238095 0.35151785714285716 0.011361607142857144 0.012450396825396825
1 0.19358382936507937 0.3453604497354497 0.014461805555555556 0.015198412698412699
1 0.0992063492063492 0.28742724867724867 0.01503968253968254 0.02125
1 0.10317956349206349 0.24485780423280426 0.015456349206349206 0.015714285714285715
1 0.16289434523809523 0.23805886243386243 0.012668650793650793 0.015982142857142858
1 0.17542906746031747 0.24835648148148148 0.009112103174603176 0.012119708994708994
1 0.1301934523809524 0.6335019841269841 0.01873015873015873 0.021335978835978833
1 0.13512152777777778 0.6215674603174602 0.008871527777777779 0.012526455026455028
1 0.2224107142857143 0.6404166666666666 0.01886656746031746 0.022258597883597884
1 0.44065228174603177 0.9230257936507936 0.012063492063492064 0.015178571428571428
1 0.38355406746031745 0.4716600529100529 0.015200892857142857 0.019659391534391536
1 0.3403000992063492 0.5443551587301587 0.01744543650793651 0.02448743386243386
2 0.3242857142857143 0.521005291005291 0.010280257936507936 0.01220899470899471
1 0.2061111111111111 0.5524470899470899 0.02122767857142857 0.022020502645502645
1 0.5729811507936509 0.26557870370370373 0.013112599206349206 0.015562169312169314
1 0.47924603174603175 0.21025462962962962 0.016631944444444446 0.02611441798941799
1 0.47410466269841267 0.22842261904761904 0.019345238095238096 0.02085978835978836
2 0.4052306547619048 0.23983796296296295 0.016746031746031745 0.022175925925925925
1 0.08135912698412699 0.5062962962962962 0.01486359126984127 0.015439814814814814
1 0.19700892857142857 0.776306216931217 0.024303075396825396 0.02615079365079365
1 0.2000545634920635 0.8159060846560847 0.01884176587301587 0.02431547619047619
1 0.23307291666666666 0.8071064814814815 0.01787202380952381 0.023055555555555555
1 0.35046378968253966 0.36153439153439154 0.01637152777777778 0.023882275132275133
1 0.41609623015873015 0.38760912698412703 0.01611359126984127 0.021547619047619048
1 0.5596403769841269 0.5587268518518518 0.018521825396825398 0.02151785714285714
1 0.8010441468253968 0.259077380952381 0.005267857142857143 0.005952380952380952
1 0.8065798611111111 0.26965277777777774 0.005322420634920635 0.007066798941798942
1 0.8481274801587302 0.33790674603174603 0.005768849206349206 0.009332010582010582
1 0.8825744047619047 0.3508928571428571 0.007544642857142857 0.00859126984126984
1 0.8944022817460318 0.3555886243386243 0.006150793650793651 0.006623677248677249
1 0.9006894841269841 0.3554398148148148 0.004704861111111111 0.007665343915343915
1 0.922157738095238 0.38453042328042325 0.006287202380952381 0.0066302910052910054
1 0.8943179563492063 0.3830820105820106 0.00798859126984127 0.009523809523809525
1 0.8782217261904761 0.4079993386243386 0.0073511904761904764 0.007933201058201058
1 0.906922123015873 0.4244775132275132 0.006150793650793651 0.006154100529100529
1 0.8803224206349206 0.43260251322751325 0.007043650793650793 0.0077149470899470895
1 0.8910491071428571 0.4989583333333333 0.006961805555555555 0.008859126984126983
1 0.9154513888888889 0.5202380952380953 0.007681051587301587 0.009345238095238096