1 0.6509672619047618 0.3741832010582011 0.024670138888888887 0.029262566137566136
1 0.38058531746031743 0.6318948412698412 0.025486111111111112 0.03446759259259259
2 0.7293377976190476 0.4329497354497355 0.0257390873015873 0.026091269841269842
1 0.46604166666666663 0.3371626984126984 0.020811011904761905 0.027457010582010583
1 0.5384821428571428 0.569024470899471 0.02222470238095238 0.028273809523809524
1 0.7321453373015874 0.23869047619047618 0.019191468253968252 0.023429232804232803
1 0.1890922619047619 0.2986772486772487 0.025396825396825397 0.03097883597883598
1 0.39181795634920635 0.37298611111111113 0.021321924603174603 0.02941468253968254
1 0.12458085317460317 0.5773214285714285 0.02128968253968254 0.02513227513227513
1 0.9501810515873016 0.3953207671957672 0.02091517857142857 0.022662037037037036
1 0.09154761904761904 0.35618055555555556 0.02163690476190476 0.026197089947089948
1 0.8608457341269841 0.48208664021164016 0.025002480158730158 0.025899470899470898
1 0.8273611111111111 0.6240641534391534 0.025126488095238094 0.029262566137566136
1 0.4577777777777778 0.47976521164021163 0.019077380952380953 0.02654431216931217
1 0.6994940476190477 0.4140939153439154 0.021840277777777778 0.02748677248677249
1 0.8954910714285714 0.4436541005291005 0.01825644841269841 0.023306878306878307
1 0.0691170634920635 0.36938822751322753 0.01968998015873016 0.028839285714285713
1 0.13773809523809524 0.4162996031746032 0.022006448412698415 0.023862433862433863
1 0.39218501984126986 0.9694510582010581 0.019342757936507936 0.02447089947089947
1 0.06736607142857143 0.3445138888888889 0.023239087301587302 0.026924603174603174
1 0.8585094246031747 0.5995833333333334 0.015178571428571428 0.02611111111111111
1 0.7214136904761904 0.28034391534391534 0.019146825396825398 0.021438492063492062
1 0.3886359126984127 0.7927149470899472 0.020419146825396826 0.02006283068783069
1 0.6965823412698412 0.18159722222222222 0.024193948412698413 0.029464285714285714
1 0.8477728174603174 0.43730820105820106 0.023236607142857142 0.028978174603174603
1 0.46569692460317463 0.7399702380952381 0.017822420634920635 0.022767857142857142
1 0.8456001984126984 0.6314550264550265 0.02021825396825397 0.02572089947089947
1 0.3686135912698413 0.7800529100529101 0.02077876984126984 0.028961640211640213
1 0.8496875 0.32702050264550264 0.01958333333333333 0.02574074074074074
1 0.6478149801587301 0.495598544973545 0.02111607142857143 0.0275
1 0.38657986111111114 0.9502215608465607 0.019432043650793648 0.027271825396825395
1 0.374484126984127 0.7428604497354497 0.019903273809523808 0.027159391534391533
1 0.10063988095238094 0.5940145502645503 0.017604166666666667 0.022278439153439154
1 0.7497991071428571 0.32351851851851854 0.02336309523809524 0.021160714285714286
1 0.6167881944444444 0.22277777777777777 0.02196676587301587 0.028667328042328043
1 0.21520337301587303 0.27488425925925924 0.021044146825396823 0.024394841269841268
1 0.44808035714285716 0.9125099206349205 0.014957837301587302 0.02426256613756614
1 0.09029513888888889 0.2795767195767196 0.019719742063492064 0.024576719576719575
1 0.08544394841269841 0.3341732804232804 0.019908234126984125 0.02382936507936508
1 0.14210069444444445 0.5702711640211641 0.019563492063492064 0.022959656084656086
1 0.1392559523809524 0.5367460317460317 0.01789434523809524 0.022017195767195765
1 0.19800843253968253 0.47908730158730156 0.01637152777777778 0.02107142857142857
1 0.18543154761904762 0.4464748677248678 0.01609623015873016 0.023230820105820105
1 0.23568700396825396 0.37920965608465607 0.018581349206349206 0.02080687830687831
1 0.17558779761904764 0.3750462962962963 0.017832341269841272 0.022235449735449733
1 0.22351686507936508 0.33701719576719574 0.01839285714285714 0.0224239417989418
1 0.46981150793650794 0.3079199735449735 0.019878472222222224 0.024517195767195767
1 0.08688740079365079 0.699593253968254 0.01689484126984127 0.02142857142857143
1 0.11939484126984126 0.7081646825396825 0.015414186507936507 0.01906415343915344
1 0.19235615079365082 0.8108829365079365 0.016215277777777776 0.02146825396825397
1 0.18395089285714286 0.8293320105820106 0.016847718253968257 0.022013888888888885
1 0.22503224206349207 0.6803968253968254 0.017356150793650795 0.019388227513227514
1 0.43096478174603176 0.9424239417989417 0.016138392857142855 0.021223544973544974
1 0.4141939484126984 0.932228835978836 0.017175099206349208 0.023882275132275133
1 0.3860491071428571 0.557172619047619 0.022487599206349206 0.028287037037037038
1 0.40278273809523807 0.5731316137566138 0.018278769841269842 0.022969576719576716
1 0.40848958333333335 0.5486276455026455 0.019067460317460316 0.03158730158730159
1 0.604796626984127 0.5796924603174604 0.015890376984126982 0.021908068783068783
1 0.6066443452380952 0.6140277777777777 0.018846726190476188 0.023194444444444445
1 0.5904464285714285 0.6249900793650793 0.017247023809523813 0.022949735449735453
1 0.6074578373015873 0.629375 0.014561011904761905 0.021078042328042328
1 0.465124007936508 0.7133300264550265 0.01794642857142857 0.023187830687830688
1 0.4449553571428571 0.7478604497354499 0.019717261904761904 0.023095238095238096
1 0.9371329365079365 0.7299305555555555 0.02084325396825397 0.02535714285714286
1 0.8534647817460318 0.6960119047619047 0.015290178571428571 0.02224867724867725
2 0.9764732142857142 0.9104728835978836 0.017936507936507935 0.022926587301587302
1 0.9300049603174604 0.3962103174603175 0.02075892857142857 0.02288690476190476
1 0.992562003968254 0.3466269841269841 0.014873511904761905 0.018591269841269843
1 0.7740228174603175 0.37256283068783075 0.013249007936507937 0.019927248677248675
1 0.7164112103174604 0.2223015873015873 0.01476686507936508 0.019970238095238096
1 0.6220610119047619 0.24875992063492064 0.017968750000000002 0.023234126984126986
1 0.6352480158730159 0.3177910052910053 0.020404265873015873 0.02386904761904762
1 0.5970337301587301 0.32865079365079364 0.01778769841269841 0.01988095238095238
1 0.611624503968254 0.32929232804232805 0.015830853174603175 0.021554232804232805
1 0.6115699404761904 0.36466269841269844 0.01826636904761905 0.022744708994708995
1 0.6787103174603174 0.5004398148148148 0.01689484126984127 0.02210648148148148
1 0.5748115079365079 0.5343816137566137 0.018120039682539682 0.02211309523809524
1 0.4950372023809524 0.5007804232804233 0.01863343253968254 0.0236739417989418
1 0.4777628968253968 0.6834325396825396 0.01597470238095238 0.023687169312169312
1 0.4009647817460318 0.7517096560846561 0.013640873015873016 0.02113756613756614
1 0.3966790674603175 0.7367328042328043 0.013196924603174603 0.01857473544973545
1 0.39333581349206354 0.6924966931216932 0.017591765873015874 0.022308201058201055
1 0.3907118055555555 0.6557242063492064 0.019422123015873018 0.025899470899470898
1 0.32407986111111114 0.6157010582010582 0.02135168650793651 0.027430555555555555
1 0.316624503968254 0.6597982804232805 0.023871527777777776 0.025343915343915346
1 0.34885168650793646 0.6911474867724868 0.020610119047619047 0.024037698412698413
1 0.29987103174603175 0.104375 0.011748511904761904 0.015261243386243385
1 0.3587723214285714 0.040879629629629634 0.011889880952380952 0.018230820105820108
1 0.3668080357142857 0.055380291005291 0.013834325396825397 0.018273809523809522
1 0.3673214285714286 0.10176587301587302 0.011034226190476192 0.014983465608465609
1 0.37834325396825397 0.11291335978835979 0.011356646825396825 0.014672619047619047
1 0.3676909722222222 0.15480489417989418 0.01206845238095238 0.017232142857142856
1 0.36072916666666666 0.15568783068783068 0.009503968253968254 0.015466269841269841
1 0.36206845238095237 0.1779001322751323 0.013774801587301587 0.018921957671957673
1 0.34828125 0.17674272486772488 0.013214285714285715 0.017314814814814814
1 0.3490922619047619 0.1907936507936508 0.011359126984126984 0.014332010582010583
1 0.3400992063492063 0.1778042328042328 0.009565972222222222 0.01519510582010582
1 0.32017609126984126 0.16679563492063493 0.011158234126984128 0.013660714285714286
1 0.6824776785714286 0.06430886243386244 0.015168650793650793 0.01917989417989418
1 0.7384350198412698 0.08538359788359788 0.01742559523809524 0.028835978835978836
1 0.7344345238095238 0.16314484126984127 0.01812251984126984 0.020886243386243387
1 0.7106274801587301 0.15447420634920636 0.017001488095238094 0.01939153439153439
1 0.6530605158730158 0.2936607142857143 0.01779017857142857 0.020168650793650794
1 0.6493080357142857 0.2827281746031746 0.012934027777777777 0.014556878306878308
1 0.7256969246031747 0.5536342592592592 0.01899801587301587 0.01781415343915344
1 0.8979290674603174 0.6760085978835979 0.01378968253968254 0.018482142857142857
1 0.8505084325396826 0.7691501322751322 0.016949404761904763 0.01617063492063492
1 0.8572916666666667 0.8108465608465608 0.013038194444444444 0.011273148148148148
1 0.967594246031746 0.7433862433862434 0.01322420634920635 0.02044642857142857
1 0.9706547619047619 0.5929100529100529 0.01716765873015873 0.014044312169312168
1 0.7043452380952381 0.434510582010582 0.013876488095238096 0.017215608465608465
1 0.502750496031746 0.6231911375661375 0.020930059523809524 0.028558201058201057
1 0.5104117063492064 0.5427017195767196 0.01644593253968254 0.020125661375661377
1 0.4326736111111111 0.5462037037037037 0.016684027777777777 0.01890542328042328
1 0.3221750992063492 0.7889517195767196 0.0155828373015873 0.019890873015873015
1 0.37876736111111114 0.5163888888888889 0.018588789682539682 0.023118386243386243
1 0.4433581349206349 0.47546626984126983 0.018437500000000002 0.02238756613756614
1 0.1340922619047619 0.13327050264550264 0.01347718253968254 0.017883597883597883
1 0.1435590277777778 0.1765079365079365 0.012353670634920636 0.016514550264550263
1 0.36086805555555557 0.7591468253968253 0.013960813492063491 0.02029100529100529
1 0.44858134920634923 0.8266765873015872 0.011364087301587302 0.01896494708994709
1 0.6632093253968254 0.030413359788359788 0.013663194444444445 0.019298941798941798
1 0.5950272817460318 0.43455357142857143 0.021158234126984126 0.02531415343915344
2 0.7668080357142857 0.7322255291005291 0.009975198412698413 0.011669973544973544
2 0.827217261904762 0.8281911375661375 0.010193452380952381 0.013974867724867725
2 0.9241046626984126 0.7374636243386243 0.009055059523809523 0.01144510582010582
1 0.6487921626984127 0.7410383597883599 0.013601190476190477 0.0190244708994709
1 0.6678025793650794 0.7324007936507937 0.012705853174603174 0.01873015873015873