1 0.21169890873015873 0.727638888888889 0.030788690476190476 0.040816798941798946
1 0.7819766865079365 0.5865343915343916 0.043616071428571435 0.05587632275132275
1 0.28674603174603175 0.7673578042328042 0.0267609126984127 0.03423280423280423
1 0.33934771825396826 0.5051521164021163 0.027145337301587302 0.03376653439153439
1 0.918328373015873 0.42172949735449733 0.04063244047619048 0.05391534391534391
1 0.9831001984126985 0.7355522486772487 0.03297619047619048 0.05516203703703704
1 0.7803149801587301 0.33519179894179896 0.041679067460317465 0.053287037037037036
1 0.256421130952381 0.7367592592592592 0.026495535714285715 0.04249007936507937
1 0.04255704365079365 0.7916335978835979 0.028601190476190474 0.03001984126984127
1 0.4119816468253968 0.560978835978836 0.023876488095238093 0.03043650793650794
1 0.8126909722222222 0.47497354497354494 0.037418154761904764 0.051663359788359786
1 0.669625496031746 0.9375165343915345 0.030282738095238095 0.04890873015873016
1 0.26735863095238094 0.35380952380952385 0.022254464285714287 0.022275132275132274
1 0.461046626984127 0.43468915343915343 0.02169642857142857 0.026970899470899472
1 0.06470734126984126 0.7678373015873016 0.02165922619047619 0.028690476190476193
1 0.7861656746031747 0.6775496031746031 0.040679563492063496 0.04917989417989418
1 0.3222643849206349 0.7655787037037037 0.029957837301587305 0.039778439153439156
1 0.056210317460317454 0.5376984126984127 0.020944940476190478 0.02139880952380952
1 0.13576884920634918 0.838941798941799 0.033412698412698415 0.05103835978835979
1 0.6252529761904762 0.2720271164021164 0.029878472222222223 0.041663359788359784
1 0.3365327380952381 0.3991699735449735 0.01816468253968254 0.02910383597883598
1 0.28529265873015874 0.33122685185185186 0.022021329365079365 0.023406084656084656
1 0.8493898809523809 0.493994708994709 0.04344494047619047 0.057166005291005295
1 0.8185218253968255 0.34504298941798944 0.04424107142857143 0.057060185185185186
1 0.7772023809523809 0.5655687830687831 0.03464037698412698 0.036382275132275134
1 0.8180109126984126 0.6056911375661376 0.04060763888888889 0.046203703703703705
1 0.8299875992063492 0.6576653439153439 0.03525793650793651 0.04506613756613757
1 0.984546130952381 0.686441798941799 0.030907738095238096 0.045615079365079365
1 0.7670188492063492 0.778640873015873 0.02937251984126984 0.04191798941798942
1 0.5438814484126984 0.8715145502645503 0.027837301587301588 0.03499007936507936
1 0.20628720238095238 0.9617824074074074 0.03179563492063492 0.04349537037037037
1 0.18112103174603175 0.9868386243386242 0.02682291666666667 0.02632275132275132
1 0.035203373015873014 0.7586706349206348 0.026294642857142857 0.03256613756613757
1 0.3060342261904762 0.7553604497354498 0.019246031746031744 0.029004629629629627
1 0.09214533730158729 0.44693783068783066 0.019756944444444445 0.027056878306878304
1 0.06947916666666666 0.44974206349206347 0.024315476190476193 0.029097222222222222
1 0.04880704365079365 0.4678406084656085 0.022343750000000002 0.024341931216931217
1 0.6251264880952382 0.4058234126984127 0.025607638888888888 0.04328373015873015
1 0.608576388888889 0.4133630952380952 0.02342013888888889 0.030753968253968252
1 0.43986359126984126 0.4549239417989418 0.024196428571428574 0.03521494708994709
1 0.1306473214285714 0.6470469576719577 0.02174603174603175 0.026458333333333334
1 0.6286731150793651 0.9337070105820107 0.030555555555555555 0.03857142857142857
1 0.8325198412698412 0.946686507936508 0.032619047619047624 0.039639550264550266
1 0.8722891865079365 0.933667328042328 0.0369171626984127 0.046137566137566144
1 0.7615600198412699 0.836957671957672 0.03412946428571429 0.0492228835978836
1 0.8758457341269841 0.12370039682539682 0.025930059523809522 0.03795634920634921
1 0.7761483134920635 0.17136574074074076 0.024694940476190474 0.03235780423280423
1 0.1299479166666667 0.5117162698412698 0.024828869047619048 0.031048280423280422