2 0.3679786706349206 0.6134325396825396 0.03221478174603174 0.04037037037037037
1 0.5560838293650794 0.8090806878306878 0.027854662698412698 0.039285714285714285
1 0.3474032738095238 0.5848048941798942 0.03135664682539683 0.03816468253968254
1 0.5639781746031746 0.4735615079365079 0.025324900793650792 0.03376322751322751
1 0.43858134920634917 0.7681216931216932 0.025744047619047618 0.036418650793650795
2 0.5066344246031746 0.39682208994708995 0.02478670634920635 0.029599867724867727
1 0.6226537698412699 0.537063492063492 0.027244543650793648 0.03336640211640212
1 0.5047941468253968 0.5335813492063491 0.029154265873015874 0.034831349206349206
1 0.3496750992063492 0.4160978835978836 0.022822420634920633 0.029494047619047618
2 0.48561507936507936 0.409239417989418 0.021728670634920635 0.03062169312169312
2 0.6984796626984127 0.43942460317460313 0.02371527777777778 0.03107804232804233
1 0.646155753968254 0.6255753968253969 0.02019097222222222 0.027939814814814813
1 0.4931001984126984 0.5814847883597883 0.025124007936507937 0.03728505291005291
2 0.7162202380952382 0.46482804232804237 0.02199156746031746 0.025882936507936508
2 0.6998487103174603 0.3872354497354497 0.02072172619047619 0.02072420634920635
1 0.7454712301587301 0.459401455026455 0.0274578373015873 0.03536706349206349
2 0.43665426587301587 0.9901587301587301 0.02163690476190476 0.01800925925925926
1 0.6389285714285714 0.5144708994708995 0.027212301587301587 0.03005291005291005
2 0.2972619047619047 0.3022321428571429 0.020823412698412695 0.023634259259259258
1 0.40236855158730156 0.5977777777777779 0.02867063492063492 0.03715608465608466
1 0.4408035714285714 0.8419907407407407 0.029598214285714287 0.03478174603174603
1 0.5400744047619047 0.7653902116402116 0.028234126984126987 0.0336739417989418
1 0.34161954365079367 0.6709821428571429 0.03088541666666667 0.0358531746031746
1 0.48746527777777776 0.7350462962962964 0.02740079365079365 0.030823412698412697
1 0.19364335317460318 0.5592195767195767 0.029751984126984127 0.032853835978835975
2 0.6289434523809524 0.23403439153439154 0.014992559523809524 0.02221230158730159
2 0.17882936507936506 0.8772288359788359 0.01798859126984127 0.022235449735449733
1 0.49953125 0.7838227513227514 0.028112599206349204 0.03804563492063492
2 0.38711309523809523 0.6301124338624339 0.024265873015873015 0.03815806878306878
1 0.13005704365079365 0.43984788359788357 0.016076388888888887 0.022013888888888885
2 0.532671130952381 0.9232142857142858 0.02568204365079365 0.041498015873015874
2 0.4908829365079365 0.44455026455026453 0.02421626984126984 0.027218915343915344
2 0.5088640873015873 0.9039219576719577 0.022586805555555554 0.03491732804232804
1 0.5458556547619048 0.9414550264550264 0.024551091269841268 0.03666335978835979
1 0.5686061507936507 0.9576058201058202 0.024223710317460317 0.03491732804232804
1 0.5936483134920635 0.9783366402116401 0.024551091269841268 0.037972883597883596
2 0.5740079365079366 0.9897156084656085 0.020622519841269844 0.02056878306878307
2 0.5542013888888889 0.9765906084656085 0.020949900793650795 0.03273478835978836
1 0.39560267857142856 0.7790906084656084 0.019967757936507936 0.03404431216931217
1 0.4393030753968254 0.9263988095238095 0.024878472222222222 0.03186177248677249
2 0.4645089285714286 0.7542129629629629 0.024223710317460317 0.037536375661375666
1 0.5576388888888889 0.845214947089947 0.018003472222222223 0.03098875661375661
1 0.6088690476190476 0.768181216931217 0.018985615079365078 0.029679232804232805
1 0.577048611111111 0.8157010582010581 0.015639880952380954 0.022691798941798944
1 0.5899280753968255 0.7411838624338625 0.021158234126984126 0.032506613756613754
1 0.6072916666666667 0.7166534391534392 0.01954861111111111 0.028210978835978836
1 0.6661706349206349 0.6321693121693122 0.020930059523809524 0.027291666666666665
1 0.45193204365079365 0.6455092592592593 0.02759920634920635 0.03127976190476191
1 0.47585069444444444 0.6974867724867724 0.02575892857142857 0.03526455026455026
1 0.3068080357142857 0.6859887566137566 0.02161954365079365 0.028210978835978836
1 0.329578373015873 0.5545866402116402 0.025300099206349208 0.03342592592592593
1 0.540250496031746 0.4871230158730159 0.023918650793650794 0.030360449735449737
1 0.5093154761904761 0.5012268518518519 0.025989583333333333 0.03158399470899471
1 0.3664905753968254 0.4457242063492063 0.024149305555555556 0.034037698412698415
1 0.33716765873015875 0.4806812169312169 0.023918650793650794 0.03158399470899471
1 0.13077380952380951 0.42069775132275133 0.013271329365079364 0.018343253968253967
2 0.6867212301587302 0.4649735449735449 0.0210515873015873 0.026650132275132275
2 0.6824677579365079 0.4320833333333333 0.020200892857142858 0.027784391534391533
1 0.20721726190476192 0.5965244708994709 0.024878472222222222 0.03515542328042328
1 0.5204489087301587 0.6411078042328042 0.027547123015873014 0.03342592592592593
1 0.7805952380952381 0.7071362433862434 0.027237103174603174 0.0342526455026455
1 0.9073412698412698 0.7508829365079366 0.024451884920634923 0.035902777777777777
1 0.8541046626984127 0.7987533068783068 0.027547123015873014 0.0342526455026455
1 0.44275049603174604 0.6909689153439152 0.021230158730158728 0.02658068783068783
2 0.11182787698412698 0.7756646825396826 0.012916666666666667 0.01586309523809524
1 0.5958407738095237 0.4963988095238095 0.017996031746031746 0.024930555555555556
1 0.8726686507936507 0.6847652116402116 0.018697916666666668 0.024616402116402116
1 0.9460193452380952 0.24948743386243388 0.009154265873015871 0.01074074074074074
1 0.9692708333333333 0.28415343915343916 0.009521329365079365 0.011716269841269842
1 0.9621304563492064 0.2800033068783069 0.010620039682539682 0.01123015873015873
1 0.9560887896825396 0.2909887566137566 0.008787202380952382 0.00976521164021164
1 0.9562723214285714 0.31564484126984127 0.009885912698412698 0.012205687830687829
1 0.9652430555555556 0.32541005291005287 0.008787202380952382 0.00830026455026455
1 0.9802554563492063 0.32125992063492065 0.008787202380952382 0.01269510582010582
1 0.9758630952380952 0.30612433862433863 0.008055555555555555 0.01269510582010582
1 0.911780753968254 0.2795138888888889 0.008055555555555555 0.01025132275132275
1 0.9380505952380952 0.22247354497354496 0.007916666666666667 0.011544312169312168
1 0.9603149801587301 0.23962632275132276 0.007420634920634921 0.008905423280423281
1 0.9950719246031746 0.2519940476190476 0.005689484126984127 0.007916666666666667
1 0.9827008928571429 0.25776455026455025 0.006185515873015873 0.008905423280423281
1 0.9688492063492063 0.20977513227513228 0.009151785714285715 0.011874999999999998
1 0.7339484126984127 0.16447420634920634 0.010458829365079365 0.013310185185185185
1 0.7327604166666666 0.17714947089947092 0.008080357142857143 0.010773809523809524
1 0.7213516865079365 0.18887566137566136 0.007130456349206349 0.008872354497354497
1 0.9377108134920634 0.3461937830687831 0.007237103174603175 0.009649470899470899
1 0.9533159722222222 0.3730324074074074 0.008593749999999999 0.011458333333333333
1 0.9628149801587302 0.4107275132275132 0.0067857142857142855 0.009649470899470899
1 0.9349950396825397 0.40198412698412694 0.00814236111111111 0.007840608465608466
1 0.8709895833333333 0.38328703703703704 0.007690972222222222 0.009047619047619047
1 0.8712152777777777 0.34378306878306875 0.007237103174603175 0.009649470899470899
1 0.8917981150793651 0.34378306878306875 0.007690972222222222 0.008442460317460317
1 0.8893080357142857 0.3314186507936508 0.00814236111111111 0.009047619047619047
1 0.8881770833333333 0.30125992063492063 0.007690972222222222 0.010254629629629631
1 0.9297941468253967 0.3078968253968254 0.009499007936507936 0.011458333333333333