1 0.4360292658730159 0.311031746031746 0.015109126984126985 0.02256283068783069
1 0.4469072420634921 0.31022486772486774 0.01873511904761905 0.020949074074074075
1 0.4638293650793651 0.3150595238095238 0.01631696428571429 0.01933862433862434
1 0.4725917658730159 0.3259391534391534 0.015711805555555555 0.023366402116402115
1 0.4701736111111111 0.35172288359788356 0.014503968253968253 0.01853174603174603
1 0.45778521825396823 0.35978174603174606 0.015109126984126985 0.020145502645502647
1 0.5768402777777778 0.4121593915343915 0.01631696428571429 0.02498015873015873
1 0.346889880952381 0.35172288359788356 0.018129960317460315 0.023366402116402115
1 0.352328869047619 0.36380952380952386 0.018129960317460315 0.020145502645502647
1 0.41669146825396824 0.4991832010582011 0.01873511904761905 0.021755952380952383
1 0.5487375992063492 0.5862070105820106 0.016922123015873015 0.023366402116402115
1 0.5831845238095238 0.612797619047619 0.016922123015873015 0.020145502645502647
1 0.5940625 0.6224669312169312 0.015711805555555555 0.021755952380952383
1 0.5164062500000001 0.6297189153439153 0.017524801587301585 0.021755952380952383
1 0.49888144841269844 0.6176322751322751 0.017524801587301585 0.020145502645502647
1 0.4973685515873016 0.6555059523809523 0.02054811507936508 0.02498015873015873
1 0.6209573412698413 0.8013525132275132 0.017524801587301585 0.023366402116402115
1 0.66265625 0.8464748677248677 0.015109126984126985 0.020145502645502647
1 0.6738368055555555 0.8597718253968253 0.016922123015873015 0.01933862433862434
1 0.5626388888888889 0.8718584656084656 0.018129960317460315 0.024173280423280423
1 0.47168402777777774 0.8980456349206349 0.01994295634920635 0.029814814814814815
1 0.48105158730158726 0.8968353174603175 0.018129960317460315 0.02578373015873016
1 0.4372371031746032 0.8424470899470899 0.01148313492063492 0.016921296296296295
1 0.2776934523809524 0.7763723544973545 0.017524801587301585 0.023366402116402115
1 0.23357638888888888 0.7687169312169312 0.017524801587301585 0.020949074074074075
1 0.21786458333333333 0.7509887566137565 0.017524801587301585 0.024173280423280423
1 0.21333085317460318 0.5833862433862435 0.012085813492063491 0.014503968253968253
1 0.18371775793650794 0.5555886243386243 0.014503968253968253 0.01853174603174603
1 0.1988268849206349 0.5165079365079366 0.013296130952380952 0.017728174603174603
1 0.13688244047619047 0.4520436507936508 0.013898809523809523 0.016114417989417987
1 0.12268105158730158 0.44720899470899467 0.013296130952380952 0.016114417989417987
1 0.19943204365079364 0.3984589947089947 0.015711805555555555 0.020145502645502647
1 0.2378075396825397 0.38758267195767193 0.012690972222222223 0.020949074074074075
1 0.21695684523809525 0.30861441798941797 0.015711805555555555 0.02256283068783069
1 0.27346230158730156 0.34729166666666667 0.017524801587301585 0.017728174603174603
1 0.29521825396825396 0.36099206349206353 0.017524801587301585 0.016114417989417987
1 0.19278273809523808 0.34326388888888887 0.013296130952380952 0.01933862433862434
1 0.1773735119047619 0.35172288359788356 0.01148313492063492 0.013697089947089947
1 0.1592435515873016 0.36099206349206353 0.015109126984126985 0.01933862433862434
1 0.1504811507936508 0.3327876984126984 0.013296130952380952 0.016114417989417987
1 0.12147073412698413 0.334401455026455 0.014503968253968253 0.017728174603174603
1 0.11180307539682541 0.32392526455026455 0.012085813492063491 0.014503968253968253
1 0.1894593253968254 0.37589616402116405 0.01631696428571429 0.020145502645502647
1 0.21151785714285715 0.3835515873015873 0.016922123015873015 0.020949074074074075
1 0.26167906746031744 0.4347189153439153 0.013296130952380952 0.016921296296296295
1 0.24777777777777776 0.45244708994709 0.015711805555555555 0.016921296296296295
1 0.25926091269841267 0.45687830687830683 0.013296130952380952 0.017728174603174603
1 0.27799603174603177 0.20547619047619048 0.01087797619047619 0.017728174603174603
1 0.2646999007936508 0.2006415343915344 0.013296130952380952 0.017728174603174603
1 0.25624007936507937 0.1901653439153439 0.013296130952380952 0.01289351851851852
1 0.28464285714285714 0.18855158730158728 0.015711805555555555 0.017728174603174603
1 0.2691443452380953 0.21931878306878308 0.012805059523809524 0.013541666666666667
1 0.26208085317460317 0.21254960317460317 0.011039186507936508 0.012953042328042329
1 0.1859077380952381 0.24964285714285714 0.014129464285714285 0.012953042328042329
1 0.22366071428571427 0.3379596560846561 0.015456349206349206 0.018839285714285715
1 0.30336805555555557 0.28644179894179894 0.015014880952380951 0.018250661375661375
1 0.42458333333333337 0.32088293650793653 0.016339285714285712 0.021197089947089943
1 0.41398313492063493 0.25935515873015874 0.012805059523809524 0.01943121693121693
1 0.32125248015873015 0.530489417989418 0.015456349206349206 0.018839285714285715
1 0.25324900793650795 0.5802414021164022 0.014573412698412698 0.018250661375661375
1 0.2737822420634921 0.6043816137566138 0.012363591269841271 0.015896164021164023
1 0.3358234126984127 0.622337962962963 0.011922123015873016 0.01648478835978836
1 0.31904265873015875 0.647066798941799 0.011039186507936508 0.014130291005291003
1 0.22079117063492065 0.6417691798941799 0.011480654761904761 0.014130291005291003
1 0.08147321428571429 0.6853373015873016 0.015456349206349206 0.02001984126984127
1 0.16824404761904763 0.4922189153439154 0.01589781746031746 0.02001984126984127
1 0.1806076388888889 0.4910416666666667 0.011480654761904761 0.018839285714285715
1 0.456155753968254 0.7053571428571429 0.013246527777777777 0.017662037037037035
1 0.3795411706349206 0.6511871693121694 0.014573412698412698 0.017662037037037035
1 0.2951984126984127 0.7680588624338625 0.015456349206349206 0.018250661375661375
1 0.2587673611111111 0.756875 0.013246527777777777 0.0170734126984127
1 0.5464583333333334 0.6882804232804233 0.018988095238095238 0.029437830687830686
1 0.6495684523809524 0.5095866402116402 0.014129464285714285 0.020608465608465607
1 0.5649280753968254 0.42907738095238096 0.011746031746031746 0.017000661375661374
1 0.6045238095238096 0.44249999999999995 0.010401785714285714 0.017000661375661374
1 0.545967261904762 0.3037996031746032 0.014764384920634921 0.021474867724867723
1 0.536907242063492 0.27315145502645505 0.016106150793650794 0.01923941798941799
1 0.6020064484126985 0.2908234126984127 0.012750496031746031 0.017000661375661374
1 0.6271750992063492 0.3331051587301587 0.016106150793650794 0.021924603174603173
1 0.6164360119047618 0.34630621693121694 0.015436507936507938 0.021474867724867723
1 0.6214707341269842 0.39328373015873014 0.012080853174603175 0.017000661375661374
1 0.6827108134920635 0.4570436507936508 0.014429563492063492 0.018343253968253967
1 0.6770064484126984 0.48388888888888887 0.01308779761904762 0.01566137566137566
1 0.6765029761904762 0.49551917989417993 0.012080853174603175 0.01476521164021164
1 0.6897569444444445 0.390598544973545 0.01644345238095238 0.023267195767195766
1 0.6743229166666667 0.37784722222222217 0.01308779761904762 0.021924603174603173
1 0.7199578373015872 0.3829927248677249 0.015101686507936508 0.01968584656084656
1 0.7516691468253969 0.3825462962962963 0.011408730158730158 0.017896825396825397
1 0.7556969246031745 0.3944014550264551 0.012080853174603175 0.016554232804232804
1 0.7671056547619047 0.3959689153439154 0.011408730158730158 0.016107804232804234
1 0.7778447420634921 0.38858796296296294 0.012080853174603175 0.017450396825396827
1 0.6783482142857142 0.2630853174603175 0.01778521825396825 0.022371031746031746
1 0.6565376984126984 0.25883267195767196 0.015101686507936508 0.01923941798941799
1 0.48288194444444443 0.4814252645502645 0.014764384920634921 0.022371031746031746
1 0.6820386904761905 0.6263921957671957 0.011073908730158729 0.01521164021164021
1 0.7322073412698413 0.5702414021164022 0.012080853174603175 0.016554232804232804
1 0.7442881944444444 0.5664384920634921 0.012750496031746031 0.017000661375661374
1 0.772140376984127 0.5845568783068783 0.012750496031746031 0.018343253968253967
1 0.7870734126984127 0.5744907407407407 0.011073908730158729 0.01521164021164021
1 0.7107316468253968 0.5398148148148149 0.011408730158730158 0.01566137566137566
1 0.7077108134920634 0.3968650793650793 0.014764384920634921 0.01342261904761905
1 0.7224751984126984 0.41252314814814817 0.012750496031746031 0.016107804232804234
1 0.7335491071428571 0.4263921957671958 0.00939484126984127 0.01521164021164021
1 0.7082142857142857 0.25816137566137565 0.010401785714285714 0.012526455026455028
1 0.6402628968253968 0.18433862433862436 0.013422619047619048 0.01521164021164021
1 0.6207986111111111 0.16174272486772487 0.010066964285714287 0.01476521164021164
1 0.492780257936508 0.15145171957671957 0.01308779761904762 0.01566137566137566
1 0.4882490079365079 0.16442791005291005 0.012080853174603175 0.01566137566137566
1 0.5181150793650794 0.16532407407407407 0.012750496031746031 0.016554232804232804
1 0.6224776785714285 0.21856481481481482 0.011408730158730158 0.01566137566137566
1 0.6290203373015874 0.21946097883597881 0.010401785714285714 0.013869047619047618
1 0.575999503968254 0.17046957671957672 0.013757440476190475 0.016107804232804234
1 0.6924429563492063 0.08724867724867724 0.011746031746031746 0.017000661375661374
1 0.6828794642857142 0.08098214285714285 0.012080853174603175 0.01521164021164021
1 0.13355654761904762 0.4968617724867725 0.010739087301587302 0.012976190476190476
1 0.14261656746031745 0.4796362433862434 0.012750496031746031 0.011633597883597883
1 0.11392609126984128 0.49551917989417993 0.013757440476190475 0.01566137566137566
1 0.32197668650793654 0.20022156084656084 0.012415674603174604 0.01476521164021164
1 0.34177579365079364 0.1729298941798942 0.009732142857142858 0.01566137566137566
1 0.3686210317460317 0.263531746031746 0.009732142857142858 0.012526455026455028
1 0.25100446428571427 0.33131613756613754 0.013422619047619048 0.01566137566137566
1 0.4201289682539683 0.4572652116402116 0.013422619047619048 0.01342261904761905
1 0.3598958333333333 0.6131911375661375 0.019126984126984128 0.021924603174603173
1 0.41962549603174604 0.613640873015873 0.011746031746031746 0.01923941798941799
1 0.3466418650793651 0.6845568783068783 0.016778273809523812 0.017000661375661374
1 0.7206299603174603 0.5814252645502646 0.010401785714285714 0.01476521164021164
1 0.8207961309523809 0.5867956349206349 0.008053075396825397 0.008501984126984127
1 0.8068700396825397 0.5344477513227514 0.007718253968253969 0.011187169312169312
1 0.7046899801587302 0.281875 0.014094742063492063 0.017000661375661374
1 0.7577108134920635 0.2910482804232804 0.010739087301587302 0.01566137566137566
1 0.8437822420634921 0.4561474867724868 0.007718253968253969 0.008501984126984127
1 0.8991517857142858 0.4205787037037037 0.007718253968253969 0.008948412698412699
1 0.9744866071428572 0.43019841269841275 0.008725198412698412 0.010291005291005292
1 0.9687822420634921 0.41878637566137566 0.008053075396825397 0.008052248677248677
1 0.9278422619047619 0.38388888888888895 0.006711309523809524 0.00984457671957672
1 0.8952926587301587 0.3659920634920635 0.00738343253968254 0.00984457671957672
1 0.8743204365079366 0.36375330687830687 0.007718253968253969 0.008948412698412699
1 0.8503273809523809 0.3975363756613757 0.00738343253968254 0.00939484126984127
1 0.8397569444444445 0.39395502645502645 0.005704365079365079 0.006712962962962963
1 0.8191195436507936 0.3948511904761905 0.00738343253968254 0.007605820105820105
1 0.8008308531746031 0.3413822751322751 0.006376488095238096 0.006263227513227514
1 0.8090525793650793 0.34183201058201057 0.005369543650793651 0.006263227513227514
1 0.8025074404761905 0.3512268518518518 0.008390376984126985 0.00984457671957672
1 0.9461309523809525 0.5214715608465609 0.009732142857142858 0.010291005291005292
1 0.937405753968254 0.4769510582010582 0.008390376984126985 0.010737433862433862
1 0.9436135912698413 0.4751620370370371 0.006039186507936508 0.008052248677248677
1 0.865091765873016 0.5510019841269841 0.008725198412698412 0.010291005291005292
1 0.9808630952380952 0.552119708994709 0.008725198412698412 0.00984457671957672
1 0.9932787698412698 0.452119708994709 0.008053075396825397 0.007605820105820105
1 0.9605605158730158 0.3617427248677249 0.009732142857142858 0.010291005291005292
1 0.947641369047619 0.35838624338624336 0.006711309523809524 0.008948412698412699
1 0.892609126984127 0.3237103174603175 0.008053075396825397 0.008501984126984127
1 0.8813665674603175 0.3169973544973545 0.007718253968253969 0.007605820105820105
1 0.8934474206349207 0.3114054232804233 0.007046130952380952 0.00984457671957672
1 0.8979761904761905 0.30782738095238094 0.006039186507936508 0.00984457671957672
1 0.9050248015873016 0.30290674603174605 0.00738343253968254 0.008948412698412699
1 0.949655257936508 0.3049173280423281 0.008053075396825397 0.008501984126984127
1 0.90921875 0.34988425925925926 0.007046130952380952 0.007159391534391534
1 0.8369047619047619 0.4923875661375661 0.008053075396825397 0.00939484126984127
1 0.8164335317460317 0.44026455026455025 0.00738343253968254 0.008948412698412699
1 0.789422123015873 0.4293022486772487 0.006376488095238096 0.008501984126984127
1 0.8456274801587302 0.5910449735449735 0.005369543650793651 0.008052248677248677
1 0.8771726190476191 0.561739417989418 0.006711309523809524 0.006712962962962963
1 0.9919370039682539 0.6147585978835979 0.00738343253968254 0.00984457671957672
1 0.9976463293650795 0.49596891534391535 0.00470734126984127 0.00939484126984127
1 0.95921875 0.49261243386243386 0.009732142857142858 0.01342261904761905
1 0.8486483134920635 0.3254993386243386 0.00738343253968254 0.00939484126984127
1 0.8785143849206349 0.4503306878306878 0.008725198412698412 0.010291005291005292
1 0.43979662698412697 0.3515410052910053 0.018950892857142857 0.02675595238095238
1 0.34587301587301583 0.2868783068783069 0.017279265873015873 0.019322089947089945