2 0.1681423611111111 0.3267361111111111 0.046693948412698416 0.05807539682539683
2 0.2048313492063492 0.45727182539682537 0.03060763888888889 0.04290343915343916
2 0.24622767857142855 0.6186772486772487 0.05375744047619048 0.06225859788359789
2 0.33863839285714287 0.7562797619047619 0.04708829365079365 0.06330687830687831
2 0.08083333333333334 0.6992493386243387 0.02589781746031746 0.03086970899470899
2 0.3712078373015873 0.24276124338624339 0.048658234126984126 0.06173611111111111
2 0.49049603174603174 0.27179894179894176 0.06356894841269842 0.08214285714285714
2 0.4025992063492063 0.6137070105820106 0.03217757936507937 0.040810185185185185
2 0.4334027777777778 0.5791765873015873 0.04905009920634921 0.06382936507936508
2 0.5838864087301587 0.910621693121693 0.05493551587301587 0.07481812169312169
2 0.5191393849206349 0.7918551587301588 0.03453125 0.05388888888888889
2 0.5758407738095238 0.6903571428571428 0.06317460317460317 0.08737433862433863
2 0.6278348214285714 0.634375 0.06513888888888889 0.08632605820105821
2 0.586827876984127 0.5674041005291005 0.05611359126984127 0.07795634920634921
2 0.6292063492063492 0.5367989417989418 0.058467261904761904 0.07847883597883598
2 0.8000967261904761 0.49101851851851847 0.08711309523809524 0.10097552910052911
2 0.8232465277777777 0.5511871693121693 0.05022569444444444 0.06016865079365079
2 0.6466691468253968 0.17134589947089945 0.05885912698412698 0.07376984126984128
2 0.9541121031746032 0.9857870370370371 0.02942956349206349 0.028425925925925924
2 0.3168998015873016 0.9202281746031746 0.027938988095238097 0.0359457671957672
2 0.3896924603174603 0.9352612433862434 0.030880456349206352 0.052939814814814815