2 0.28821180555555553 0.9567691798941799 0.01871031746031746 0.025360449735449736
2 0.314124503968254 0.6357671957671958 0.019598214285714285 0.025109126984126987
2 0.5028670634920634 0.5701223544973545 0.019627976190476192 0.028095238095238093
2 0.25234375000000003 0.8986210317460317 0.02260664682539683 0.024365079365079367
2 0.5880456349206349 0.514401455026455 0.022755456349206348 0.02185515873015873
1 0.708187003968254 0.44062169312169314 0.019642857142857142 0.022800925925925926
1 0.4285143849206349 0.8664087301587301 0.01783482142857143 0.020109126984126986
1 0.2506622023809524 0.4600628306878307 0.014910714285714286 0.013425925925925926
1 0.4335094246031746 0.5581051587301588 0.021197916666666667 0.02180224867724868
2 0.5031448412698413 0.9002513227513228 0.0246875 0.024814814814814817
1 0.09315972222222223 0.5082738095238095 0.015282738095238094 0.018174603174603173
1 0.16242559523809524 0.5044841269841269 0.014300595238095237 0.01617724867724868
1 0.8389980158730159 0.6902976190476191 0.021842757936507935 0.023710317460317463
2 0.6935565476190476 0.46277447089947094 0.014548611111111111 0.022509920634920633
1 0.22718501984126985 0.5537566137566138 0.01252232142857143 0.013273809523809525
1 0.1776016865079365 0.5007208994708995 0.01359126984126984 0.014520502645502644
1 0.7755729166666667 0.5806481481481481 0.01701140873015873 0.014652777777777778
2 0.5755307539682539 0.4430489417989418 0.021059027777777777 0.028759920634920635
1 0.5779489087301587 0.352827380952381 0.013583829365079366 0.022172619047619045
2 0.2451140873015873 0.8184953703703705 0.02357638888888889 0.029305555555555557
1 0.20928323412698413 0.6051554232804233 0.009476686507936509 0.01294642857142857
2 0.2729662698412698 0.9900661375661376 0.01870535714285714 0.017261904761904763
2 0.32691468253968253 0.9738955026455026 0.01867063492063492 0.01685515873015873
1 0.2274875992063492 0.5826190476190476 0.011123511904761905 0.015482804232804234
1 0.7970386904761905 0.4800595238095238 0.01255952380952381 0.013726851851851851
2 0.20608382936507935 0.47771825396825396 0.012180059523809524 0.014537037037037038
2 0.5660069444444444 0.6443716931216931 0.02132936507936508 0.023158068783068784
1 0.655969742063492 0.4928670634920635 0.017234623015873016 0.01718253968253968
2 0.48951140873015875 0.6368716931216931 0.015210813492063492 0.016739417989417988
2 0.2137748015873016 0.9139914021164021 0.01480406746031746 0.018270502645502645
1 0.7496031746031746 0.6091534391534391 0.016996527777777777 0.016226851851851853
2 0.21200396825396825 0.8814021164021164 0.023291170634920633 0.029417989417989416
2 0.5148065476190475 0.5720072751322751 0.016344246031746033 0.024659391534391534
2 0.5825446428571429 0.6239021164021165 0.01849454365079365 0.024083994708994708
2 0.5644791666666666 0.6135813492063492 0.01849454365079365 0.024083994708994708
2 0.5808234126984128 0.5851951058201058 0.02451388888888889 0.030393518518518518
2 0.5818973214285714 0.6081316137566137 0.020644841269841268 0.02236441798941799
2 0.5853397817460317 0.5570965608465609 0.01806299603174603 0.02236441798941799
2 0.5705009920634921 0.5421891534391534 0.02193452380952381 0.030393518518518518
2 0.5683506944444445 0.43093915343915346 0.020213293650793652 0.02236441798941799
2 0.5627604166666668 0.5688525132275133 0.020213293650793652 0.027526455026455024
2 0.5625446428571428 0.5900694444444444 0.01978422619047619 0.022936507936507936
2 0.5528670634920635 0.5479232804232804 0.01849454365079365 0.024659391534391534
2 0.5431919642857143 0.5605390211640211 0.01892361111111111 0.024659391534391534
2 0.5720064484126984 0.6368055555555556 0.01806299603174603 0.02351190476190476
2 0.3432043650793651 0.2804133597883598 0.020644841269841268 0.02523148148148148
2 0.3513764880952381 0.4438425925925926 0.01720238095238095 0.021792328042328044
2 0.35825644841269844 0.4590376984126984 0.01892361111111111 0.02236441798941799
2 0.3653521825396825 0.4320866402116402 0.01849454365079365 0.0269510582010582
2 0.42212301587301587 0.4857043650793651 0.01849454365079365 0.024083994708994708
2 0.45803571428571427 0.4960251322751323 0.01806299603174603 0.022936507936507936
2 0.44900297619047624 0.44728174603174603 0.01978422619047619 0.024083994708994708
2 0.38707093253968256 0.553369708994709 0.015483630952380952 0.0194973544973545
2 0.2980456349206349 0.29904761904761906 0.01978422619047619 0.02351190476190476
2 0.30299107142857146 0.340625 0.019352678571428573 0.02523148148148148
2 0.3999751984126984 0.29044642857142855 0.020644841269841268 0.024659391534391534
2 0.4130927579365079 0.33058862433862435 0.019352678571428573 0.024659391534391534
2 0.44040178571428573 0.30965608465608463 0.01892361111111111 0.026378968253968252
2 0.2328893849206349 0.9218055555555555 0.02193452380952381 0.029246031746031746
2 0.23202876984126983 0.8905522486772487 0.02279513888888889 0.03211309523809524
2 0.2786929563492064 0.7965079365079365 0.01806299603174603 0.027526455026455024
2 0.201922123015873 0.7810251322751324 0.02365327380952381 0.030965608465608467
2 0.29223958333333333 0.8561474867724868 0.02193452380952381 0.026378968253968252
2 0.18149305555555556 0.846683201058201 0.01978422619047619 0.0269510582010582
2 0.2442857142857143 0.3489384920634921 0.011183035714285715 0.01318783068783069
2 0.735047123015873 0.4501421957671958 0.016440972222222225 0.02141203703703704
2 0.9790550595238096 0.4662698412698413 0.00435515873015873 0.004837962962962963
2 0.9823214285714286 0.4723181216931217 0.003993055555555556 0.004837962962962963
2 0.9819593253968254 0.4776421957671958 0.003993055555555556 0.005324074074074075
2 0.9727033730158731 0.470625 0.003993055555555556 0.004837962962962963
2 0.9718874007936508 0.48756283068783074 0.003447420634920635 0.004837962962962963
2 0.9701636904761904 0.493369708994709 0.003993055555555556 0.00435515873015873
2 0.9437574404761905 0.494457671957672 0.004536210317460317 0.005082671957671958
2 0.9370436507936507 0.4675992063492063 0.004174107142857143 0.005082671957671958
2 0.9405828373015873 0.471712962962963 0.00435515873015873 0.005082671957671958
2 0.9334151785714286 0.46300264550264547 0.004536210317460317 0.006048280423280423
2 0.9401289682539682 0.45489748677248676 0.004900793650793651 0.005806878306878306
2 0.9425793650793651 0.45066137566137565 0.003993055555555556 0.006048280423280423
2 0.9491121031746033 0.45513888888888887 0.00435515873015873 0.0062896825396825395
2 0.9526512896825398 0.45767857142857143 0.004536210317460317 0.006048280423280423
2 0.9569146825396826 0.45816137566137566 0.0054439484126984124 0.006534391534391535
2 0.9413095238095238 0.4407407407407407 0.004717261904761905 0.00556547619047619
2 0.9369543650793651 0.4321527777777778 0.0054439484126984124 0.0062896825396825395
2 0.9441220238095238 0.43299933862433865 0.004174107142857143 0.006534391534391535
2 0.9485689484126985 0.440135582010582 0.005081845238095238 0.0062896825396825395
2 0.9042881944444445 0.40916335978835977 0.004717261904761905 0.0062896825396825395
2 0.8978447420634921 0.4208994708994709 0.005262896825396825 0.006048280423280423
2 0.9129092261904762 0.46748015873015875 0.004536210317460317 0.0072585978835978835
2 0.9071924603174604 0.46360780423280423 0.005081845238095238 0.00677579365079365
2 0.907281746031746 0.47751984126984126 0.005262896825396825 0.006048280423280423
2 0.9035615079365079 0.47873015873015873 0.00435515873015873 0.006048280423280423
2 0.9080977182539682 0.48115079365079366 0.00617063492063492 0.005082671957671958
2 0.9157217261904762 0.48538359788359786 0.0036284722222222226 0.005806878306878306
2 0.9146329365079365 0.4913128306878307 0.00435515873015873 0.006534391534391535
2 0.9117286706349207 0.48877314814814815 0.00435515873015873 0.0062896825396825395
2 0.9031994047619047 0.5049834656084656 0.005806051587301587 0.005806878306878306
2 0.9060119047619047 0.4972420634920635 0.003812003968253968 0.004837962962962963
2 0.911547619047619 0.4967559523809524 0.003993055555555556 0.005806878306878306
2 0.9086433531746032 0.5003869047619048 0.00435515873015873 0.004837962962962963
2 0.8746180555555556 0.5038955026455026 0.004536210317460317 0.00556547619047619
2 0.8773387896825396 0.4988128306878307 0.004900793650793651 0.006534391534391535
2 0.8385044642857142 0.4653009259259259 0.004536210317460317 0.005806878306878306
2 0.8327876984126985 0.4360218253968254 0.00435515873015873 0.005324074074074075
2 0.829702380952381 0.43408730158730163 0.0032663690476190475 0.005806878306878306
2 0.8325148809523809 0.4403769841269841 0.004900793650793651 0.004837962962962963
2 0.8556522817460317 0.40372023809523805 0.00435515873015873 0.006048280423280423
2 0.860734126984127 0.43057870370370366 0.004717261904761905 0.00556547619047619
2 0.8643625992063493 0.43384589947089947 0.00435515873015873 0.005806878306878306
2 0.8338764880952381 0.4219874338624338 0.004717261904761905 0.00677579365079365
2 0.9291493055555555 0.4737698412698413 0.005081845238095238 0.005324074074074075
2 0.9037425595238094 0.46300264550264547 0.0025396825396825397 0.00556547619047619
2 0.9424875992063493 0.42332010582010576 0.004900793650793651 0.005082671957671958
2 0.9311458333333333 0.4261011904761905 0.003993055555555556 0.005324074074074075
2 0.8939434523809524 0.4020271164021164 0.0036284722222222226 0.00556547619047619
2 0.8548363095238095 0.42307870370370376 0.003447420634920635 0.005082671957671958
2 0.8822395833333333 0.4302149470899471 0.004174107142857143 0.00435515873015873
2 0.9483854166666666 0.4876818783068783 0.004717261904761905 0.00556547619047619
2 0.9429414682539683 0.47619047619047616 0.003993055555555556 0.004837962962962963
2 0.9123635912698413 0.4562268518518519 0.004536210317460317 0.006048280423280423
2 0.9244320436507937 0.4379596560846561 0.0054439484126984124 0.005806878306878306
2 0.9752455357142857 0.5283333333333333 0.005081845238095238 0.00556547619047619
2 0.9852256944444444 0.5052248677248677 0.00435515873015873 0.00435515873015873
2 0.9891269841269841 0.5059523809523809 0.003812003968253968 0.00435515873015873
2 0.9923933531746032 0.506193783068783 0.003447420634920635 0.00435515873015873
2 0.9692559523809524 0.5295436507936507 0.0036284722222222226 0.004113756613756614
2 0.9704365079365079 0.5430919312169312 0.004174107142857143 0.004113756613756614
2 0.963812003968254 0.5413988095238096 0.004717261904761905 0.00556547619047619
2 0.9730679563492063 0.5475694444444444 0.003993055555555556 0.00435515873015873
2 0.9688938492063491 0.5486574074074074 0.004717261904761905 0.005082671957671958
2 0.9471155753968253 0.5332936507936508 0.003993055555555556 0.005324074074074075
2 0.9457539682539683 0.5296626984126984 0.004174107142857143 0.005324074074074075
2 0.9453000992063492 0.5234953703703703 0.003993055555555556 0.006048280423280423
2 0.9473883928571428 0.515026455026455 0.004174107142857143 0.00556547619047619
2 0.9389484126984128 0.5366798941798943 0.003993055555555556 0.005324074074074075
2 0.9453000992063492 0.5371660052910053 0.004717261904761905 0.005806878306878306
2 0.9875843253968254 0.5220403439153439 0.003993055555555556 0.006534391534391535
1 0.9874032738095239 0.45453373015873016 0.004717261904761905 0.006048280423280423
1 0.7798735119047618 0.5454133597883598 0.018802083333333334 0.023644179894179895
1 0.7310515873015873 0.6040972222222222 0.015171130952380953 0.02136574074074074
1 0.7058382936507936 0.5902810846560846 0.019444444444444445 0.022222222222222223
1 0.7070138888888888 0.5657804232804233 0.019657738095238096 0.02621031746031746
1 0.7051984126984128 0.5405687830687831 0.019444444444444445 0.02478505291005291
1 0.6926984126984127 0.535869708994709 0.016237599206349207 0.01994047619047619
1 0.7602157738095239 0.5700562169312169 0.011964285714285715 0.0165244708994709
1 0.8040178571428572 0.49427579365079366 0.01452876984126984 0.017093253968253966
1 0.7209027777777778 0.4845899470899471 0.015384424603174603 0.022791005291005292
1 0.7119270833333333 0.47647156084656084 0.01794890873015873 0.024216269841269844
1 0.7235714285714285 0.4633664021164021 0.015597718253968254 0.02136574074074074
2 0.743549107142857 0.5509689153439153 0.019657738095238096 0.022222222222222223
2 0.7882068452380953 0.7116435185185186 0.018802083333333334 0.02335978835978836
2 0.7810491071428571 0.7043783068783068 0.01730654761904762 0.02193452380952381
2 0.741626984126984 0.6845800264550265 0.01837549603174603 0.021650132275132274
2 0.7204737103174603 0.6992493386243387 0.018802083333333334 0.023075396825396825
1 0.631376488095238 0.47390542328042323 0.016237599206349207 0.019656084656084656
1 0.7155605158730158 0.3897222222222222 0.01751984126984127 0.02051256613756614
1 0.6716517857142857 0.4011177248677249 0.015171130952380953 0.01994047619047619
1 0.6575496031746031 0.6271759259259259 0.013459821428571429 0.016808862433862433
1 0.6448363095238095 0.6261772486772487 0.012819940476190476 0.017093253968253966
1 0.6926984126984127 0.7523809523809524 0.011537698412698413 0.014814814814814814
1 0.6194122023809523 0.7278802910052911 0.011537698412698413 0.0165244708994709
1 0.6440897817460317 0.71676917989418 0.01089781746031746 0.0136739417989418
1 0.5872544642857143 0.6881382275132275 0.012180059523809524 0.014530423280423279
1 0.8164087301587302 0.7083664021164021 0.01709325396825397 0.02079695767195767
1 0.8587152777777778 0.7431216931216931 0.015384424603174603 0.017377645502645502
1 0.8471775793650794 0.7558002645502645 0.015384424603174603 0.017662037037037035
1 0.8400198412698413 0.7734623015873016 0.014742063492063492 0.018234126984126985
1 0.7778422619047619 0.860922619047619 0.015171130952380953 0.018802910052910054
1 0.767906746031746 0.8067956349206349 0.014955357142857142 0.017662037037037035
1 0.8853149801587302 0.7422685185185185 0.009615575396825398 0.010542328042328042
1 0.8185466269841271 0.6281712962962963 0.012393353174603175 0.018234126984126985
1 0.5383258928571429 0.7065145502645502 0.01773313492063492 0.022791005291005292
1 0.5188814484126985 0.7213293650793652 0.019444444444444445 0.03190806878306878
1 0.4982638888888889 0.7190509259259259 0.023501984126984128 0.029629629629629627
1 0.494952876984127 0.7510978835978837 0.021579861111111112 0.029341931216931218
1 0.48384176587301586 0.8000992063492064 0.019871031746031748 0.02592592592592593
1 0.4912127976190476 0.8274470899470899 0.01837549603174603 0.028204365079365083
1 0.5064905753968254 0.828587962962963 0.019015376984126985 0.028204365079365083
1 0.48159722222222223 0.869183201058201 0.02093998015873016 0.0273478835978836
1 0.506170634920635 0.8547982804232803 0.0205109126984127 0.027063492063492064
1 0.4595907738095238 0.8745965608465609 0.019657738095238096 0.02677910052910053
1 0.5354414682539683 0.7921230158730159 0.0205109126984127 0.026494708994708994
1 0.5236904761904762 0.8493849206349207 0.016666666666666666 0.02592592592592593
1 0.5383258928571429 0.8331448412698412 0.019015376984126985 0.024216269841269844
1 0.5992212301587302 0.7100760582010582 0.008333333333333333 0.011111111111111112
1 0.5990054563492063 0.3506944444444444 0.016024305555555556 0.021650132275132274
1 0.5661011904761905 0.3553935185185185 0.014315476190476191 0.016808862433862433
1 0.43281746031746027 0.33192791005291006 0.018794642857142857 0.024113756613756615
1 0.4028521825396825 0.561603835978836 0.013829365079365078 0.02056878306878307
1 0.3944295634920635 0.5606580687830688 0.01365327380952381 0.019623015873015875
1 0.397532242063492 0.5216501322751322 0.014184027777777778 0.018677248677248678
2 0.38449900793650793 0.5315806878306878 0.01578125 0.018677248677248678
2 0.3767857142857143 0.5273247354497355 0.015248015873015872 0.020095899470899473
2 0.3231498015873016 0.3450496031746032 0.021455853174603176 0.026243386243386242
2 0.31109375 0.3631349206349206 0.02003720238095238 0.02505952380952381
1 0.41623759920634923 0.14882275132275133 0.01719990079365079 0.023878968253968253
1 0.28830853174603177 0.452853835978836 0.013829365079365078 0.019623015873015875
1 0.3053298611111111 0.4728306878306878 0.015248015873015872 0.017966269841269842
1 0.26712053571428573 0.5367824074074075 0.014362599206349205 0.01773148148148148
1 0.22749007936507937 0.5025 0.017021329365079364 0.02056878306878307
1 0.20408482142857143 0.4943452380952381 0.012765376984126983 0.013713624338624338
1 0.1914955357142857 0.4730654761904762 0.014893353174603174 0.017020502645502644
1 0.18954613095238096 0.48429563492063493 0.012056051587301587 0.012529761904761905
1 0.19264880952380953 0.4315773809523809 0.015071924603174604 0.019623015873015875
1 0.20452876984126983 0.42330026455026454 0.014007936507936507 0.016785714285714286
1 0.16649553571428571 0.37034391534391536 0.007093253968253968 0.008273809523809524
1 0.1672941468253968 0.3625429894179894 0.006914682539682539 0.00874669312169312
1 0.26262896825396825 0.609563492063492 0.013519345238095238 0.0176984126984127
1 0.45078124999999997 0.7324603174603175 0.020153769841269844 0.02556216931216931
2 0.24333333333333335 0.7973478835978836 0.019171626984126982 0.024252645502645505
2 0.26250496031746035 0.8320866402116402 0.02261160714285714 0.02621693121693122
1 0.15005456349206348 0.7888260582010581 0.01646825396825397 0.020317460317460317
1 0.16566468253968256 0.8012797619047619 0.010815972222222222 0.015730820105820106
1 0.1327281746031746 0.7204960317460318 0.015731646825396826 0.02064484126984127
1 0.11675099206349207 0.7447486772486772 0.01474702380952381 0.02064484126984127
1 0.09155753968253968 0.7082076719576719 0.016959325396825396 0.018353174603174604
1 0.11429315476190476 0.6991964285714285 0.01474702380952381 0.018680555555555558
1 0.16320436507936506 0.6313558201058201 0.01179811507936508 0.013435846560846561
1 0.18704613095238093 0.5917030423280423 0.01179811507936508 0.014090608465608466
1 0.17647817460317458 0.5615509259259259 0.013273809523809525 0.01736772486772487
1 0.19171626984126985 0.5572916666666666 0.012780257936507937 0.01802579365079365
1 0.08786954365079365 0.5456580687830688 0.008110119047619048 0.011798941798941798
1 0.09106646825396826 0.5407407407407407 0.00712797619047619 0.010486111111111111
1 0.07312251984126984 0.6064484126984128 0.009094742063492063 0.012781084656084655
1 0.06452132936507936 0.6377480158730159 0.008603670634920634 0.009176587301587302
1 0.05309027777777778 0.6616699735449736 0.007864583333333333 0.010486111111111111
1 0.0278968253968254 0.6375826719576719 0.006636904761904762 0.00884920634920635
1 0.0522296626984127 0.56630291005291 0.008110119047619048 0.009831349206349206
1 0.010815972222222222 0.582853835978836 0.006882440476190476 0.00884920634920635
1 0.0036879960317460314 0.5187830687830688 0.007373511904761905 0.011798941798941798
1 0.07484375 0.5230456349206349 0.009585813492063491 0.012453703703703703
1 0.06009672619047619 0.48764880952380957 0.009094742063492063 0.011798941798941798
1 0.07435267857142858 0.47552579365079367 0.010076884920634922 0.01310846560846561
1 0.04215277777777778 0.4750330687830688 0.006636904761904762 0.010813492063492065
1 0.03367311507936508 0.4725760582010582 0.006882440476190476 0.011144179894179896
1 0.07140128968253968 0.4422619047619048 0.009094742063492063 0.013435846560846561
1 0.07938988095238096 0.44013227513227515 0.00884920634920635 0.010486111111111111
1 0.13481646825396826 0.397526455026455 0.007619047619047619 0.009176587301587302
1 0.10716517857142857 0.3901521164021164 0.004915674603174603 0.00884920634920635
1 0.10003720238095239 0.42145171957671956 0.005897817460317461 0.01310846560846561
1 0.09094246031746032 0.41620701058201054 0.007864583333333333 0.011144179894179896
1 0.10249503968253967 0.43504960317460317 0.006882440476190476 0.00884920634920635
1 0.10507688492063492 0.4601223544973545 0.007619047619047619 0.009831349206349206
1 0.083077876984127 0.5132142857142857 0.007373511904761905 0.011144179894179896
1 0.04276785714285714 0.7118121693121693 0.00884920634920635 0.011144179894179896
1 0.1257217261904762 0.3364054232804233 0.00712797619047619 0.00884920634920635
1 0.11331101190476191 0.3234623015873016 0.006391369047619048 0.009176587301587302
1 0.03699156746031746 0.35967592592592595 0.007619047619047619 0.010813492063492065
1 0.015362103174603174 0.3663921957671958 0.007619047619047619 0.009831349206349206
1 0.05972718253968254 0.31477843915343917 0.006882440476190476 0.00884920634920635
1 0.00675843253968254 0.30494378306878306 0.005652281746031746 0.00884920634920635
1 0.0017212301587301588 0.31199074074074074 0.0034399801587301584 0.009831349206349206
1 0.05763888888888889 0.2875760582010582 0.007619047619047619 0.008194444444444445
1 0.07410714285714286 0.3822883597883598 0.009585813492063491 0.010158730158730159
2 0.06452132936507936 0.36328042328042326 0.004670138888888889 0.007536375661375661
1 0.3103968253968254 0.926739417989418 0.017899305555555557 0.023865740740740743
1 0.3334747023809524 0.9298809523809524 0.018211805555555557 0.02679563492063492
2 0.3947073412698413 0.9453703703703704 0.018211805555555557 0.021772486772486773
1 0.4573511904761905 0.9250661375661376 0.017899305555555557 0.02302579365079365
2 0.32060019841269843 0.5871924603174603 0.01695684523809524 0.021352513227513224
1 0.4162152777777778 0.6309457671957672 0.01664186507936508 0.02093253968253968
1 0.43395833333333333 0.6273875661375662 0.01569940476190476 0.019679232804232803
2 0.4477752976190476 0.5212533068783068 0.015071924603174604 0.01842261904761905
2 0.4093080357142857 0.2765343915343915 0.014759424603174602 0.019679232804232803
2 0.9669642857142857 0.5818419312169312 0.005295138888888889 0.00529431216931217
2 0.9870411706349206 0.5734589947089948 0.003970734126984127 0.004411375661375661
2 0.9754588293650794 0.5746329365079366 0.00375 0.003234126984126984
2 0.974466765873016 0.5700760582010582 0.00441220238095238 0.004705687830687831
2 0.9381746031746031 0.5686044973544974 0.004191468253968254 0.004705687830687831
2 0.9500892857142857 0.5649272486772486 0.005074404761904762 0.005
2 0.9118105158730159 0.574047619047619 0.004853670634920635 0.004411375661375661
2 0.906515376984127 0.5758101851851852 0.00441220238095238 0.0038227513227513227
2 0.8837921626984127 0.5765476190476191 0.0035292658730158733 0.004117063492063492
2 0.9056349206349207 0.6261111111111111 0.005736607142857142 0.005588624338624338
2 0.9971602182539683 0.6581746031746032 0.0056770833333333335 0.008531746031746033
1 0.8023363095238095 0.7355886243386244 0.013536706349206349 0.018326719576719577
2 0.8044171626984127 0.717119708994709 0.014370039682539682 0.016382275132275134
1 0.8296180555555556 0.502609126984127 0.006039186507936508 0.008330026455026455