1 0.5430481150793651 0.41988425925925926 0.025969742063492063 0.0345271164021164
1 0.33593998015873017 0.5843088624338625 0.02642609126984127 0.03536044973544974
1 0.7898710317460318 0.6298941798941798 0.02726934523809524 0.03487433862433862
1 0.21437996031746032 0.2992361111111111 0.025057043650793653 0.031121031746031747
1 0.28511408730158727 0.12859126984126984 0.024464285714285713 0.029199735449735448
1 0.2591765873015873 0.5096527777777778 0.023239087301587302 0.03170304232804233
1 0.433139880952381 0.21251984126984125 0.024496527777777777 0.031825396825396826
1 0.666889880952381 0.6094940476190476 0.024221230158730157 0.031292989417989414
1 0.7966220238095238 0.3724537037037037 0.026299603174603177 0.030826719576719577
1 0.8732986111111111 0.6303968253968254 0.02565228174603175 0.026924603174603174
1 0.14058035714285716 0.25936177248677245 0.02246775793650794 0.02732804232804233
1 0.9825545634920635 0.2911574074074074 0.015386904761904761 0.023683862433862436
1 0.7676388888888889 0.46193783068783073 0.021803075396825397 0.0369510582010582
1 0.7296577380952382 0.44789351851851855 0.0248015873015873 0.027602513227513226
1 0.8679141865079365 0.33467592592592593 0.020364583333333332 0.027791005291005293
1 0.4296701388888889 0.38408068783068783 0.03428323412698413 0.034861111111111114
1 0.5572693452380952 0.8470734126984127 0.0153125 0.02451058201058201
1 0.5097619047619047 0.4908895502645503 0.022237103174603173 0.03025132275132275
1 0.3646949404761905 0.8545469576719577 0.017078373015873016 0.025436507936507938
1 0.9160590277777778 0.38252314814814814 0.01621031746031746 0.022496693121693122
2 0.05366815476190476 0.27025462962962965 0.007633928571428572 0.010472883597883599
1 0.6747098214285714 0.6675562169312169 0.01684027777777778 0.020297619047619047
1 0.22177083333333333 0.5481944444444444 0.019759424603174605 0.018564814814814815
2 0.03535714285714286 0.3083234126984127 0.009129464285714286 0.011385582010582011
2 0.002239583333333333 0.29035383597883596 0.004479166666666666 0.013214285714285715
1 0.1745262896825397 0.46958994708994706 0.03218501984126984 0.03576719576719577
1 0.6703025793650793 0.539811507936508 0.020493551587301585 0.024811507936507937
1 0.19710069444444445 0.5338756613756614 0.02314236111111111 0.01857142857142857
1 0.31956349206349205 0.47291335978835974 0.02943452380952381 0.02568783068783069
1 0.30928075396825394 0.6542890211640211 0.017829861111111112 0.016841931216931217
1 0.41872271825396823 0.47539351851851847 0.023834325396825395 0.02572420634920635
2 0.0034771825396825396 0.24273478835978834 0.006954365079365079 0.01265542328042328
2 0.020419146825396826 0.2439021164021164 0.00740327380952381 0.007642195767195767
2 0.008358134920634922 0.21142526455026456 0.0071651785714285715 0.007642195767195767
2 0.022686011904761903 0.3233465608465608 0.0057316468253968255 0.008597883597883597
2 0.009312996031746032 0.2945304232804233 0.010029761904761904 0.009553571428571429
2 0.0520610119047619 0.3200033068783069 0.008120039682539684 0.010826719576719577
2 0.04549355158730159 0.25854828042328043 0.00740327380952381 0.011461640211640211
2 0.0629265873015873 0.25664021164021167 0.005014880952380952 0.008915343915343916
2 0.062209821428571434 0.27128637566137564 0.006448412698412698 0.008277116402116402
2 0.06101438492063492 0.27797288359788364 0.006448412698412698 0.007003968253968254
2 0.053253968253968255 0.2790873015873016 0.007641369047619047 0.006686507936507936
2 0.043821924603174606 0.3112466931216931 0.008836805555555556 0.009232804232804233
2 0.061135912698412696 0.3071064814814815 0.008596230158730157 0.007959656084656085
2 0.044895833333333336 0.3005787037037037 0.009551091269841269 0.009553571428571429
2 0.06495535714285713 0.3161805555555556 0.009551091269841269 0.008915343915343916
2 0.0747470238095238 0.34085978835978836 0.0071651785714285715 0.008597883597883597
1 0.11313244047619048 0.15327380952380953 0.018854166666666665 0.022708333333333334
1 0.1179985119047619 0.19037698412698414 0.019464285714285715 0.019867724867724867
1 0.17958085317460318 0.1068452380952381 0.022199900793650796 0.026355820105820108
1 0.2808506944444445 0.0871792328042328 0.019159226190476192 0.025138888888888888
1 0.27157738095238093 0.3357440476190476 0.022504960317460316 0.022708333333333334
1 0.13092261904761904 0.22322089947089946 0.015510912698412697 0.015003306878306878
1 0.22093998015873018 0.5034160052910053 0.024632936507936506 0.024735449735449735
1 0.18064484126984126 0.5348412698412698 0.009124503968253967 0.01541005291005291
1 0.1637673611111111 0.582688492063492 0.013685515873015874 0.012976190476190476
1 0.11023313492063491 0.4314748677248677 0.012450396825396826 0.022635582010582012
1 0.13080605158730158 0.45217923280423283 0.02196676587301587 0.023399470899470903
1 0.31491319444444443 0.5117261904761905 0.022807539682539683 0.024328703703703703
1 0.33361607142857147 0.5528835978835979 0.02189732142857143 0.024735449735449735
1 0.3041170634920635 0.6177612433862434 0.015205853174603176 0.023925264550264547
1 0.21531498015873016 0.6950066137566137 0.010339781746031746 0.01378637566137566
1 0.21546626984126985 0.6483763227513227 0.010034722222222223 0.01216600529100529
1 0.23812251984126984 0.6901421957671957 0.009732142857142858 0.01216600529100529
1 0.3369618055555556 0.028587962962962964 0.020679563492063492 0.02716931216931217
1 0.3714781746031746 0.5086871693121693 0.017333829365079365 0.0223015873015873
1 0.46636408730158735 0.6741236772486773 0.016118551587301588 0.026355820105820108
1 0.3979365079365079 0.7412334656084656 0.01794394841269841 0.021084656084656084
1 0.41436011904761905 0.8695701058201057 0.016726190476190474 0.023925264550264547
1 0.39550347222222226 0.8671395502645503 0.016118551587301588 0.02554563492063492
1 0.3407638888888889 0.8446329365079366 0.016726190476190474 0.021084656084656084
1 0.5115252976190475 0.9585747354497355 0.01763888888888889 0.024328703703703703
1 0.5749330357142858 0.9778373015873016 0.01490079365079365 0.026355820105820108
1 0.6508085317460317 0.9589814814814815 0.01338045634920635 0.021084656084656084
1 0.4190724206349207 0.7980026455026454 0.014598214285714286 0.02189484126984127
1 0.4414260912698412 0.8128009259259259 0.014293154761904762 0.019867724867724867
1 0.5504513888888889 0.5285548941798941 0.015813492063492064 0.026355820105820108
1 0.5325074404761905 0.5362599206349207 0.013990575396825395 0.012569444444444444
1 0.4932762896825397 0.4206944444444445 0.012165178571428572 0.01662367724867725
1 0.520952380952381 0.33554232804232803 0.019464285714285715 0.02554563492063492
1 0.5439136904761904 0.3462863756613757 0.01794394841269841 0.025952380952380952
1 0.5204960317460318 0.3602777777777778 0.022807539682539683 0.021491402116402113
1 0.5542534722222222 0.21632936507936507 0.013685515873015874 0.020681216931216932
1 0.4940376984126984 0.12083664021164021 0.0185515873015873 0.02351851851851852
1 0.5312921626984127 0.10461640211640212 0.01703125 0.025138888888888888
1 0.6185739087301587 0.11536044973544975 0.011557539682539683 0.014193121693121693
1 0.5040724206349206 0.22524801587301588 0.012467757936507937 0.021491402116402113
1 0.5288591269841271 0.4596230158730159 0.02128720238095238 0.024735449735449735
1 0.7035739087301587 0.623640873015873 0.017333829365079365 0.03081679894179894
1 0.6853273809523809 0.6173578042328043 0.016726190476190474 0.03203373015873016
1 0.7139136904761905 0.6804100529100529 0.02341765873015873 0.030006613756613756
1 0.7032688492063491 0.649593253968254 0.020376984126984125 0.022708333333333334
1 0.7557291666666667 0.571332671957672 0.020071924603174605 0.02757275132275132
1 0.7402207341269842 0.5078736772486773 0.020679563492063492 0.03365410052910053
1 0.8621701388888889 0.64432208994709 0.026763392857142857 0.025952380952380952
1 0.8975992063492063 0.5283531746031747 0.013077876984126983 0.025138888888888888
1 0.9426091269841269 0.37892857142857145 0.016726190476190474 0.018247354497354498
1 0.8574578373015873 0.6806117724867725 0.010034722222222223 0.01013558201058201
1 0.7481274801587301 0.7426521164021165 0.015205853174603176 0.0223015873015873
1 0.8813293650793651 0.24754960317460317 0.01642113095238095 0.0223015873015873
1 0.9695238095238095 0.2860714285714286 0.007906746031746032 0.012569444444444444
1 0.993092757936508 0.28161044973544974 0.0069940476190476185 0.01175925925925926
1 0.751016865079365 0.15266534391534392 0.020984623015873016 0.02554563492063492
1 0.6999255952380952 0.3801455026455026 0.022199900793650796 0.027979497354497354
1 0.7201488095238094 0.6487830687830688 0.009732142857142858 0.019464285714285715
1 0.7140649801587302 0.24917328042328044 0.010339781746031746 0.015813492063492064
1 0.6578050595238095 0.281005291005291 0.019464285714285715 0.030006613756613756
1 0.5230803571428572 0.16706018518518517 0.018246527777777775 0.021084656084656084
1 0.522016369047619 0.1893617724867725 0.014293154761904762 0.01216600529100529
1 0.5801016865079365 0.2597156084656085 0.01490079365079365 0.01662367724867725
1 0.6175099206349207 0.34567791005291004 0.0185515873015873 0.021491402116402113
1 0.5624627976190476 0.11738756613756614 0.013077876984126983 0.014193121693121693
1 0.6304340277777778 0.9855423280423281 0.014598214285714286 0.019867724867724867
1 0.4765500992063492 0.9563458994708994 0.018246527777777775 0.023111772486772486
1 0.38729166666666665 0.7359623015873017 0.0069940476190476185 0.010542328042328042
2 0.9975347222222222 0.34973544973544973 0.004930555555555555 0.006081349206349207
2 0.9734771825396825 0.39737764550264554 0.007299107142857143 0.008921957671957671
2 0.9676984126984127 0.36250661375661375 0.005473710317460317 0.0056779100529100535
2 0.96359375 0.3793353174603174 0.003345734126984127 0.0036507936507936506
2 0.940329861111111 0.42353174603174604 0.006691468253968254 0.0068948412698412705
2 0.9646577380952381 0.42616732804232804 0.003648313492063492 0.00486441798941799
2 0.9226909722222222 0.49185846560846563 0.006691468253968254 0.006488095238095238
2 0.896078869047619 0.4407671957671958 0.014293154761904762 0.01703042328042328
2 0.8941021825396825 0.11455026455026454 0.006081349206349207 0.0068948412698412705
2 0.900186011904762 0.11536044973544975 0.004866071428571429 0.007705026455026455
2 0.9521899801587301 0.14111111111111113 0.007299107142857143 0.008108465608465608
2 0.8515277777777778 0.1378670634920635 0.005473710317460317 0.008108465608465608
2 0.07283482142857144 0.20740740740740743 0.0057787698412698416 0.007705026455026455
2 0.05747767857142857 0.39778439153439155 0.007906746031746032 0.008108465608465608
2 0.00638640873015873 0.39514880952380954 0.007906746031746032 0.009325396825396825
1 0.023568948412698413 0.3817691798941799 0.0069940476190476185 0.006081349206349207
2 0.9041369047619048 0.7839847883597884 0.017874503968253967 0.01886574074074074
2 0.19959573412698411 0.7606481481481481 0.014895833333333334 0.021845238095238095
2 0.08042658730158729 0.5714781746031746 0.011932043650793651 0.01291005291005291
2 0.017859623015873016 0.6578703703703704 0.014895833333333334 0.022840608465608463
2 0.03647817460317461 0.5898511904761905 0.013405257936507936 0.017873677248677246
2 0.0483953373015873 0.5223247354497355 0.008936011904761905 0.01191468253968254
2 0.08451636904761904 0.5128902116402116 0.006703869047619048 0.010922619047619047
2 0.10760168650793651 0.5163657407407407 0.009682539682539683 0.01191468253968254
2 0.013390376984126985 0.5168617724867725 0.011917162698412698 0.01291005291005291