1 0.6250892857142858 0.3713525132275132 0.022591765873015875 0.02496031746031746
1 0.48819940476190476 0.22291005291005292 0.02264136904761905 0.029487433862433864
1 0.5013293650793651 0.2451223544973545 0.02336309523809524 0.02847222222222222
2 0.6416989087301587 0.462880291005291 0.02667906746031746 0.02719246031746032
2 0.12248015873015873 0.3908664021164021 0.01755952380952381 0.024368386243386244
1 0.7074107142857143 0.37514550264550267 0.021726190476190475 0.02502314814814815
1 0.10443948412698413 0.3812334656084656 0.020163690476190474 0.02238425925925926
1 0.1589236111111111 0.35928902116402117 0.019600694444444445 0.022529761904761903
1 0.542078373015873 0.35953703703703704 0.019623015873015875 0.030813492063492067
2 0.534890873015873 0.881521164021164 0.01861359126984127 0.026964285714285715
2 0.41071676587301587 0.6724768518518518 0.014032738095238095 0.016458333333333335
1 0.582311507936508 0.7427347883597885 0.015944940476190477 0.018369708994708994
1 0.5487599206349206 0.5443518518518519 0.020183531746031744 0.019289021164021165
2 0.708219246031746 0.29798280423280427 0.017361111111111112 0.017390873015873016
2 0.8145337301587301 0.4051157407407407 0.017993551587301586 0.01640542328042328
1 0.10374255952380954 0.3975496031746032 0.019893353174603175 0.018058862433862434
1 0.13747767857142856 0.39508267195767194 0.016867559523809524 0.02097883597883598
1 0.12087549603174604 0.4031878306878307 0.017896825396825397 0.015380291005291005
1 0.11737599206349206 0.410896164021164 0.014925595238095238 0.01265873015873016
1 0.11489583333333334 0.3292030423280423 0.01903025793650794 0.019937169312169312
1 0.1302405753968254 0.32985780423280425 0.015481150793650793 0.018627645502645503
1 0.17584573412698412 0.3445767195767196 0.018080357142857145 0.02208994708994709
1 0.35321428571428576 0.3723148148148149 0.019915674603174602 0.023376322751322752
1 0.4209499007936508 0.3448677248677249 0.019377480158730157 0.023875661375661376
1 0.31446676587301586 0.3874966931216931 0.019871031746031748 0.03239417989417989
1 0.2921354166666667 0.3707109788359788 0.018717757936507935 0.021646825396825393
1 0.34120535714285716 0.6887235449735449 0.016242559523809524 0.02091600529100529
1 0.3012127976190476 0.6785846560846561 0.021592261904761906 0.028435846560846557
1 0.27661458333333333 0.686359126984127 0.022571924603174604 0.02632275132275132
1 0.30733134920634925 0.7807738095238095 0.016021825396825395 0.0219212962962963
1 0.31701140873015876 0.7773313492063493 0.01492063492063492 0.024103835978835978
1 0.2873933531746032 0.7545535714285714 0.0166046626984127 0.022655423280423283
1 0.24397569444444445 0.7635185185185186 0.019377480158730157 0.02218915343915344
1 0.381624503968254 0.7925198412698412 0.015959821428571427 0.022450396825396825
1 0.39678075396825396 0.7877843915343916 0.015362103174603174 0.023859126984126986
1 0.40895337301587303 0.7703108465608466 0.015034722222222222 0.024560185185185185
2 0.4338020833333333 0.6587896825396825 0.01337797619047619 0.014824735449735449
2 0.4189236111111111 0.6619279100529101 0.012318948412698413 0.013247354497354497
2 0.8168229166666666 0.3848611111111111 0.017628968253968254 0.02228835978835979
2 0.849265873015873 0.2993882275132275 0.006361607142857143 0.008449074074074074
2 0.8502480158730158 0.3182903439153439 0.0053050595238095235 0.00757936507936508
2 0.8371205357142857 0.31875992063492065 0.0057316468253968255 0.007311507936507936
2 0.8308878968253968 0.31825727513227514 0.0067311507936507935 0.006302910052910052
2 0.8997073412698412 0.3499669312169312 0.007048611111111111 0.008693783068783068
2 0.9028273809523809 0.34199074074074076 0.00574156746031746 0.00785383597883598
2 0.8696974206349206 0.428151455026455 0.012482638888888889 0.013998015873015872
2 0.004523809523809524 0.4260350529100529 0.009047619047619047 0.010972222222222222
2 0.024583333333333336 0.4347619047619048 0.00880952380952381 0.010300925925925925
2 0.01819940476190476 0.43279761904761904 0.006976686507936507 0.008187830687830688
2 0.031378968253968256 0.4597420634920635 0.009315476190476192 0.01070767195767196
2 0.04857390873015873 0.4589021164021164 0.007958829365079367 0.009031084656084655
2 0.016374007936507937 0.40387566137566133 0.008003472222222223 0.008955026455026454
2 0.00671875 0.4115145502645503 0.007824900793650794 0.009123677248677249
2 0.013013392857142857 0.4097321428571428 0.008834325396825396 0.009477513227513227
2 0.023901289682539684 0.4231117724867725 0.007450396825396825 0.008756613756613756
2 0.027666170634920634 0.3663558201058201 0.009439484126984128 0.0094510582010582
1 0.013970734126984127 0.3682539682539682 0.008732638888888889 0.009014550264550265
1 0.06423363095238095 0.2894907407407407 0.006550099206349206 0.007387566137566137
1 0.02552579365079365 0.4699933862433862 0.009188988095238094 0.008852513227513228
1 0.007073412698412699 0.47141865079365075 0.008028273809523808 0.008683862433862434
1 0.06818700396825397 0.6206944444444444 0.005895337301587302 0.008128306878306877
1 0.05853174603174603 0.6232308201058201 0.007876984126984128 0.0077612433862433855
1 0.046547619047619046 0.6275793650793651 0.0076760912698412695 0.007123015873015873
1 0.07412946428571428 0.6477380952380952 0.006701388888888889 0.008435846560846562
1 0.06862847222222222 0.5973809523809523 0.0072817460317460315 0.010439814814814815
1 0.5222321428571428 0.9248015873015872 0.014833829365079366 0.02174272486772487
1 0.5143526785714285 0.9040674603174603 0.014484126984126983 0.019556878306878307
1 0.5870114087301587 0.8726620370370369 0.01568204365079365 0.022605820105820105
1 0.5021924603174603 0.8199735449735449 0.014635416666666666 0.019351851851851853
1 0.5163417658730158 0.810489417989418 0.014166666666666666 0.021531084656084654
1 0.5272941468253969 0.7824735449735449 0.01679811507936508 0.02048611111111111
1 0.539970238095238 0.7990443121693122 0.01812251984126984 0.02099867724867725
1 0.5734027777777778 0.8094675925925926 0.015205853174603176 0.018280423280423282
1 0.6224330357142858 0.8328703703703704 0.015895337301587303 0.025201719576719576
1 0.5994345238095238 0.8126752645502646 0.015210813492063492 0.01925595238095238
1 0.6219543650793651 0.7791898148148149 0.015944940476190477 0.020572089947089946
1 0.6341914682539682 0.7356481481481482 0.017760416666666667 0.021703042328042328
1 0.6297222222222222 0.7181051587301588 0.011822916666666667 0.013812830687830688
1 0.6532093253968253 0.635 0.011669146825396824 0.014983465608465609
1 0.6714260912698413 0.6491501322751323 0.012175099206349207 0.014884259259259259
1 0.6606001984126985 0.6494874338624338 0.011490575396825397 0.015558862433862434
1 0.5473958333333333 0.5651124338624339 0.019387400793650793 0.021441798941798942
1 0.5649330357142857 0.5527248677248677 0.016691468253968254 0.022043650793650792
1 0.5596180555555555 0.5347453703703704 0.01709573412698413 0.02173941798941799
1 0.5719196428571428 0.51869708994709 0.018077876984126984 0.022271825396825394
1 0.5240352182539683 0.5173875661375661 0.016458333333333332 0.02086309523809524
1 0.4864583333333334 0.20044973544973543 0.019422123015873018 0.02085978835978836
1 0.4733531746031746 0.2164980158730159 0.015419146825396825 0.020324074074074074
1 0.7625024801587301 0.20124669312169313 0.015436507936507938 0.020634920634920634
1 0.6581473214285715 0.2113128306878307 0.019732142857142858 0.02384920634920635
1 0.6919841269841269 0.26148809523809524 0.018516865079365077 0.020869708994708993
1 0.633702876984127 0.2622255291005291 0.01978422619047619 0.025436507936507938
1 0.638499503968254 0.36705026455026457 0.01548611111111111 0.02715608465608466
2 0.7667435515873017 0.4863095238095238 0.01802827380952381 0.017314814814814814
2 0.7711755952380953 0.46812830687830687 0.014201388888888888 0.021441798941798942
2 0.7832862103174604 0.47489417989417987 0.015054563492063492 0.018657407407407407
2 0.7921602182539682 0.47071428571428575 0.013167162698412699 0.016944444444444446
2 0.7921106150793651 0.4819940476190476 0.014074900793650794 0.016359126984126983
2 0.805969742063492 0.47242724867724867 0.01863343253968254 0.021577380952380952
2 0.7998883928571429 0.45345568783068785 0.014025297619047618 0.019894179894179895
2 0.9720659722222222 0.5833300264550264 0.005942460317460318 0.0065145502645502645
2 0.9365699404761905 0.5449900793650794 0.004427083333333334 0.005972222222222222
2 0.8812946428571429 0.7559523809523809 0.01119047619047619 0.012162698412698413
2 0.6788938492063492 0.7043187830687831 0.011187996031746032 0.014034391534391533
1 0.7311334325396825 0.3679861111111111 0.01648313492063492 0.021772486772486773
1 0.7209871031746031 0.40949735449735447 0.019419642857142858 0.02126984126984127
1 0.7758209325396825 0.5838194444444444 0.015987103174603175 0.019642857142857142
1 0.8644642857142857 0.5613260582010582 0.013278769841269841 0.016283068783068785
1 0.8626661706349207 0.48152116402116396 0.016728670634920634 0.017407407407407406
1 0.8298363095238096 0.7295469576719577 0.013499503968253968 0.011924603174603175
1 0.8729464285714286 0.568561507936508 0.009759424603174603 0.012625661375661375
1 0.9560267857142857 0.4206216931216931 0.006842757936507937 0.010423280423280423
1 0.9636433531746031 0.42048941798941797 0.007380952380952381 0.011362433862433862
1 0.9808506944444444 0.440462962962963 0.010580357142857141 0.009014550264550265
1 0.9972619047619048 0.49171296296296296 0.005473710317460317 0.010601851851851852
1 0.9796800595238095 0.4754298941798942 0.005218253968253968 0.008250661375661375
1 0.9828397817460317 0.5171130952380952 0.007509920634920635 0.0088260582010582
1 0.9229836309523809 0.47910714285714284 0.007123015873015873 0.008955026455026454
1 0.9131150793650793 0.398505291005291 0.006014384920634921 0.007883597883597883
1 0.9028819444444445 0.3682572751322751 0.008204365079365079 0.011302910052910052
1 0.9231225198412699 0.3489186507936508 0.006393849206349207 0.009017857142857143
1 0.9463343253968254 0.334265873015873 0.00800843253968254 0.008108465608465608
1 0.8573710317460318 0.43503306878306874 0.013926091269841269 0.016881613756613754
1 0.8389186507936508 0.3858134920634921 0.015086805555555555 0.019963624338624336
1 0.8587946428571428 0.3837665343915344 0.01812251984126984 0.020701058201058203
1 0.8466840277777777 0.3495535714285714 0.00660218253968254 0.007870370370370371
1 0.8360987103174603 0.34619708994709 0.005959821428571429 0.007199074074074074
1 0.8304464285714286 0.34619708994709 0.005848214285714286 0.007199074074074074
1 0.13862847222222224 0.4337962962962963 0.014437003968253969 0.01931547619047619
1 0.15168402777777779 0.4276686507936508 0.01519593253968254 0.021494708994708994
1 0.7316418650793651 0.7083796296296296 0.01126984126984127 0.014305555555555556
1 0.9697048611111111 0.36594576719576716 0.005228174603174603 0.008627645502645503
1 0.5918129960317461 0.438015873015873 0.016222718253968253 0.021038359788359787