1 0.2589781746031746 0.32944444444444443 0.03080109126984127 0.03302579365079365
2 0.37384672619047615 0.4177645502645502 0.0415625 0.048723544973544974
2 0.5640079365079365 0.11855820105820106 0.04567708333333333 0.06789021164021164
1 0.8523090277777778 0.3055787037037037 0.04230406746031746 0.04375330687830688
2 0.7891865079365079 0.7206250000000001 0.0417906746031746 0.042744708994708995
2 0.33750248015873013 0.5552116402116403 0.0367906746031746 0.04530092592592593
1 0.8139384920634921 0.605218253968254 0.04703869047619048 0.04566468253968254
1 0.7289880952380953 0.3786574074074074 0.03501984126984127 0.042979497354497354
1 0.3203224206349206 0.812579365079365 0.02960813492063492 0.045575396825396824
1 0.7442162698412698 0.41493386243386243 0.03476438492063492 0.03920965608465608
1 0.6522420634920635 0.35735449735449737 0.029947916666666668 0.03521825396825397
1 0.4448685515873016 0.26436507936507936 0.03400793650793651 0.05531084656084656
2 0.25550843253968253 0.40238425925925925 0.04434027777777778 0.04868386243386243
2 0.7995659722222223 0.7712136243386244 0.03582093253968254 0.03813492063492063
1 0.8205381944444444 0.4057903439153439 0.03520089285714286 0.03844907407407407
1 0.7678546626984126 0.6858201058201059 0.026902281746031747 0.038875661375661376
2 0.16768849206349207 0.928125 0.040667162698412695 0.06081679894179894
1 0.2986607142857143 0.40253968253968253 0.03159474206349206 0.03864748677248677
1 0.2808928571428571 0.34856481481481477 0.034308035714285715 0.0452744708994709
1 0.6960788690476191 0.3167559523809524 0.03142113095238095 0.040016534391534395
1 0.6422743055555555 0.2672585978835979 0.02831597222222222 0.03640542328042328
1 0.24378968253968256 0.976739417989418 0.03844742063492064 0.038971560846560845
1 0.4130357142857143 0.24722222222222223 0.03200892857142857 0.04369708994708994
2 0.6123164682539682 0.34899140211640206 0.029409722222222223 0.02976190476190476
1 0.08790426587301588 0.1518452380952381 0.03558779761904762 0.03961970899470899
1 0.2746279761904762 0.7588194444444445 0.03329861111111111 0.03300595238095238
2 0.5975248015873016 0.5172222222222222 0.0233234126984127 0.028035714285714285
1 0.5845089285714286 0.34793981481481484 0.031242559523809523 0.03888227513227513
1 0.2196502976190476 0.3843915343915344 0.03215029761904762 0.039325396825396826
1 0.6440401785714286 0.32386574074074076 0.031961805555555556 0.035793650793650794
1 0.6111111111111112 0.4147189153439153 0.02423611111111111 0.029457671957671957
1 0.9865203373015873 0.38146825396825396 0.026959325396825398 0.04951719576719577
2 0.5297147817460317 0.827579365079365 0.018003472222222223 0.020727513227513227
1 0.7261036706349207 0.9472420634920635 0.028911210317460315 0.03877314814814815
1 0.933983134920635 0.3142460317460317 0.033033234126984126 0.03666335978835979
2 0.4833730158730159 0.8241633597883598 0.02130704365079365 0.025899470899470898
2 0.27605654761904763 0.8974900793650794 0.025027281746031745 0.04306216931216931
1 0.2765749007936508 0.9293683862433862 0.022291666666666664 0.03212632275132275
1 0.27436011904761903 0.9471031746031746 0.021631944444444443 0.026848544973544972
1 0.20758680555555556 0.9270436507936508 0.029871031746031746 0.04558531746031746
2 0.24757440476190476 0.749431216931217 0.026282242063492063 0.03102843915343915
1 0.7448784722222223 0.9133002645502646 0.02279761904761905 0.031679894179894176
2 0.4107440476190476 0.38057870370370367 0.025954861111111113 0.03928240740740741
1 0.6887797619047619 0.7097585978835979 0.022043650793650792 0.027509920634920634
1 0.6457043650793651 0.7380257936507937 0.02332093253968254 0.026319444444444444
1 0.16989335317460316 0.46558862433862436 0.024087301587301588 0.025830026455026456
2 0.16350446428571427 0.4249669312169312 0.0189484126984127 0.021547619047619048
2 0.268375496031746 0.4912731481481481 0.023271329365079366 0.028538359788359786
2 0.30444940476190474 0.5288789682539682 0.02341765873015873 0.03131283068783069
1 0.6274652777777778 0.42090608465608464 0.017686011904761906 0.028019179894179895
1 0.6100868055555555 0.4533862433862434 0.01989831349206349 0.024692460317460318
1 0.5366914682539683 0.34392195767195766 0.024293154761904762 0.03261904761904762
1 0.5134920634920636 0.3155621693121693 0.02542906746031746 0.030224867724867727
2 0.36785962301587305 0.6522652116402117 0.025617559523809525 0.0302281746031746
2 0.13998511904761904 0.760353835978836 0.017745535714285714 0.0245734126984127
1 0.22178075396825397 0.485135582010582 0.019685019841269843 0.023680555555555555
1 0.8633680555555555 0.7103108465608465 0.029987599206349205 0.034272486772486774
1 0.8984300595238095 0.7172916666666667 0.02127480158730159 0.027860449735449735
1 0.8973908730158731 0.6354794973544974 0.021083829365079368 0.024196428571428574
1 0.5836582341269841 0.6620403439153439 0.0218328373015873 0.027139550264550262
1 0.1609077380952381 0.7002744708994709 0.03068700396825397 0.029890873015873017
1 0.7902256944444445 0.5583763227513228 0.03312251984126984 0.04206018518518519
1 0.9476760912698413 0.6286507936507937 0.01847470238095238 0.019454365079365078
2 0.8251810515873016 0.7446064814814815 0.0282390873015873 0.037526455026455026
2 0.7708159722222222 0.7263458994708994 0.020441468253968254 0.032681878306878305