1 0.22397817460317462 0.3010548941798942 0.021654265873015874 0.0262202380952381
1 0.33626488095238094 0.15292989417989417 0.02128968253968254 0.03194775132275132
1 0.4757713293650794 0.17550595238095237 0.019126984126984128 0.030965608465608467
1 0.6538988095238095 0.8214914021164021 0.02242063492063492 0.03548941798941799
1 0.3645957341269841 0.2868022486772487 0.024144345238095236 0.029652777777777778
1 0.585592757936508 0.8957208994708994 0.02476934523809524 0.03798941798941799
1 0.42429315476190477 0.5135449735449735 0.02277777777777778 0.028042328042328042
1 0.30654265873015873 0.4961772486772487 0.024556051587301588 0.03206679894179894
1 0.753266369047619 0.22859126984126985 0.02034970238095238 0.023270502645502646
1 0.7213417658730158 0.23791005291005293 0.017683531746031746 0.023832671957671955
1 0.619796626984127 0.4115608465608465 0.015982142857142858 0.020939153439153438
1 0.43450396825396825 0.5578174603174603 0.02471478174603175 0.02814484126984127
1 0.5541666666666667 0.4240509259259259 0.014751984126984126 0.023664021164021165
1 0.617624007936508 0.36650132275132274 0.01775049603174603 0.02531746031746032
1 0.776969246031746 0.28404761904761905 0.018988095238095238 0.025277777777777777
1 0.37972470238095235 0.06041335978835979 0.023499503968253968 0.03080357142857143
1 0.2622172619047619 0.3464781746031746 0.025912698412698415 0.02970568783068783
1 0.2829637896825397 0.6491898148148149 0.02668402777777778 0.03458994708994709
1 0.27227430555555554 0.6912103174603174 0.031922123015873015 0.03171957671957672
1 0.7746626984126984 0.5976124338624339 0.01750496031746032 0.01919973544973545
1 0.6706522817460318 0.10484788359788359 0.018278769841269842 0.022966269841269843
1 0.4503670634920635 0.09523148148148149 0.019536210317460317 0.02675925925925926
1 0.3829464285714286 0.19541666666666668 0.020104166666666666 0.028105158730158727
1 0.5206125992063493 0.9134887566137566 0.019352678571428573 0.02523148148148148
1 0.5505034722222223 0.9048875661375662 0.01978422619047619 0.03326058201058201
1 0.592219742063492 0.8291931216931216 0.014623015873015873 0.022936507936507936
1 0.7341468253968254 0.8211673280423281 0.014623015873015873 0.02064484126984127
1 0.5513616071428572 0.6789517195767196 0.015483630952380952 0.02064484126984127
1 0.5145907738095238 0.7070502645502645 0.015052083333333332 0.02064484126984127
1 0.48556051587301585 0.7090575396825397 0.012901785714285715 0.020069444444444445
1 0.7771552579365079 0.7024636243386243 0.014623015873015873 0.021792328042328044
1 0.8240327380952381 0.7185218253968254 0.01806299603174603 0.022936507936507936
1 0.8231721230158731 0.7649702380952381 0.01806299603174603 0.021792328042328044
1 0.7973685515873016 0.7838921957671957 0.012041170634920634 0.014910714285714288
1 0.7713492063492063 0.7861871693121693 0.013333333333333332 0.0194973544973545
1 0.7638219246031747 0.7970833333333334 0.013762400793650794 0.013763227513227512
1 0.8182266865079365 0.5530820105820106 0.016773313492063492 0.018921957671957673
1 0.8311309523809524 0.5441931216931217 0.014191468253968253 0.014910714285714288
1 0.8457514880952381 0.5370271164021164 0.015052083333333332 0.015482804232804234
1 0.7397371031746032 0.22134920634920635 0.016344246031746033 0.02523148148148148
1 0.6999727182539682 0.13919973544973546 0.016619543650793652 0.024576719576719575
1 0.6717212301587302 0.13758597883597884 0.014503968253968253 0.022159391534391535
1 0.7072247023809525 0.12731481481481483 0.012388392857142858 0.017728174603174603
1 0.8241641865079365 0.19258267195767195 0.01601438492063492 0.020145502645502647
1 0.8726636904761904 0.2802116402116402 0.015711805555555555 0.01974206349206349
1 0.8140426587301587 0.24233796296296298 0.013898809523809523 0.018131613756613756
1 0.8237103174603174 0.23528769841269842 0.01148313492063492 0.014503968253968253
1 0.8072420634920635 0.24072751322751323 0.011180555555555555 0.014907407407407407
1 0.8564955357142857 0.28000992063492064 0.01480654761904762 0.01933862433862434
1 0.80890625 0.32453042328042325 0.013296130952380952 0.014907407407407407
1 0.828546626984127 0.39805555555555555 0.012690972222222223 0.016921296296296295
1 0.8293005952380952 0.4131646825396826 0.014201388888888888 0.014907407407407407
1 0.7368377976190476 0.4085317460317461 0.013598710317460317 0.01853174603174603
1 0.8282440476190476 0.43875 0.010272817460317461 0.013697089947089947
1 0.8194816468253968 0.45869047619047615 0.012085813492063491 0.015714285714285715
1 0.8258258928571428 0.485082671957672 0.015109126984126985 0.016921296296296295
1 0.8342881944444445 0.48951388888888886 0.012085813492063491 0.014503968253968253
1 0.7815600198412699 0.5152976190476191 0.009972718253968255 0.010476190476190476
1 0.7561755952380953 0.5034126984126984 0.015411706349206349 0.01974206349206349
1 0.7323065476190476 0.4691666666666667 0.01480654761904762 0.014907407407407407
1 0.7297371031746033 0.4810515873015873 0.014503968253968253 0.016114417989417987
1 0.6623536706349207 0.514292328042328 0.013898809523809523 0.018131613756613756
1 0.6179340277777778 0.47218915343915346 0.015109126984126985 0.021755952380952383
1 0.627452876984127 0.46654761904761904 0.011180555555555555 0.017728174603174603
1 0.6152157738095239 0.38496362433862436 0.017524801587301585 0.018935185185185183
1 0.5996527777777778 0.47198743386243386 0.014201388888888888 0.01974206349206349
1 0.5843948412698413 0.4774272486772487 0.016922123015873015 0.023366402116402115
1 0.5951810515873016 0.5248048941798942 0.015074404761904763 0.022645502645502646
1 0.5589856150793651 0.5146130952380953 0.012738095238095238 0.016984126984126983
1 0.7294618055555556 0.5621693121693122 0.016984126984126983 0.022645502645502646
1 0.7389087301587302 0.5984027777777777 0.017197420634920635 0.024345238095238097
1 0.7564236111111111 0.6860119047619048 0.015285218253968254 0.020664682539682542
1 0.8419791666666667 0.674970238095238 0.013586309523809525 0.01783399470899471
1 0.8052529761904762 0.7555026455026455 0.012738095238095238 0.016984126984126983
1 0.7069568452380952 0.7867824074074075 0.010190972222222223 0.014437830687830687
1 0.7093998015873016 0.4052083333333333 0.013375496031746032 0.01896494708994709
1 0.716937003968254 0.4011044973544974 0.00976686507936508 0.016418650793650794
1 0.7627926587301587 0.3292063492063492 0.013586309523809525 0.018115079365079365
1 0.49059771825396825 0.23810515873015872 0.015044642857142857 0.0212962962962963
1 0.48168650793650797 0.26202380952380955 0.013425099206349206 0.020985449735449736
1 0.47069196428571425 0.27082010582010585 0.015972222222222224 0.020677910052910052
1 0.47254464285714287 0.21789021164021163 0.01550843253968254 0.022222222222222223
1 0.4564558531746032 0.22020502645502646 0.018516865079365077 0.029318783068783067
1 0.4404861111111111 0.23424603174603176 0.02036954365079365 0.026541005291005292
1 0.3803025793650794 0.18363095238095237 0.016202876984126983 0.022222222222222223
1 0.3871329365079365 0.11990079365079365 0.021527777777777778 0.03549272486772487
1 0.41872767857142856 0.0930489417989418 0.022683531746031743 0.03364087301587302
1 0.49534474206349205 0.1456712962962963 0.014813988095238094 0.02592592592592593
1 0.4925669642857143 0.18533068783068785 0.01898065476190476 0.030555555555555558
1 0.34988343253968257 0.18754960317460317 0.019020337301587302 0.028389550264550263
1 0.3214955357142857 0.16446097883597882 0.021857638888888888 0.033687169312169314
1 0.26699156746031744 0.2038260582010582 0.015612599206349206 0.023088624338624335
1 0.21702628968253967 0.3340343915343915 0.021292162698412696 0.027632275132275133
1 0.17458581349206348 0.28293650793650793 0.01646577380952381 0.02005952380952381
1 0.15088293650793652 0.3853207671957672 0.02072420634920635 0.024226190476190478
1 0.13541170634920635 0.39894841269841275 0.021006944444444446 0.024226190476190478
1 0.25563492063492066 0.4841137566137566 0.018452380952380953 0.02195436507936508
1 0.19786458333333332 0.5113657407407407 0.02271081349206349 0.02573743386243386
1 0.2657118055555555 0.6330555555555555 0.02554811507936508 0.03141534391534392
1 0.3013392857142857 0.6606878306878307 0.022425595238095238 0.02990079365079365
1 0.32376736111111115 0.6625793650793651 0.022993551587301587 0.03217261904761905
1 0.3369667658730159 0.6387334656084656 0.020438988095238093 0.029143518518518517
1 0.3549925595238095 0.6031547619047619 0.022993551587301587 0.029143518518518517
1 0.348891369047619 0.5314252645502645 0.02271081349206349 0.02498015873015873
1 0.2620213293650794 0.587824074074074 0.02327876984126984 0.030281084656084655
1 0.23547867063492064 0.5893386243386244 0.01958829365079365 0.02573743386243386
1 0.3585416666666667 0.48543650793650794 0.01816964285714286 0.023088624338624335
1 0.3277405753968254 0.37869708994708995 0.02015625 0.024603174603174606
1 0.31595982142857143 0.3904298941798942 0.01646577380952381 0.022331349206349205
1 0.3490327380952381 0.35428240740740735 0.01731646825396825 0.024226190476190478
1 0.38820684523809523 0.4523181216931217 0.015612599206349206 0.021197089947089943
1 0.372594246031746 0.43206679894179895 0.01731646825396825 0.020816798941798942
1 0.4008407738095238 0.4129530423280423 0.013625992063492062 0.02195436507936508
1 0.4092137896825397 0.42203703703703704 0.015612599206349206 0.019682539682539683
1 0.48175843253968254 0.40257605820105824 0.014546130952380953 0.01939484126984127
1 0.48733134920634924 0.42981150793650796 0.013308531746031745 0.01939484126984127
1 0.5094593253968254 0.44074735449735447 0.01423859126984127 0.018158068783068783
1 0.51828125 0.48676256613756613 0.013928571428571427 0.021871693121693122
1 0.5110069444444445 0.5259689153439153 0.0117609126984127 0.021048280423280424
1 0.46628224206349206 0.5094609788359789 0.01207093253968254 0.01609457671957672
1 0.45978422619047615 0.5373181216931217 0.015786210317460317 0.018158068783068783
1 0.4254265873015873 0.584156746031746 0.014546130952380953 0.01939484126984127
1 0.43192708333333335 0.593234126984127 0.013928571428571427 0.017744708994708994
1 0.41490327380952385 0.5889021164021164 0.013308531746031745 0.018984788359788358
1 0.42666418650793647 0.6450264550264551 0.013928571428571427 0.020634920634920634
1 0.17766121031746032 0.7186937830687831 0.012998511904761903 0.014444444444444444
1 0.21464781746031747 0.7188988095238095 0.01207093253968254 0.01238095238095238
1 0.22223214285714285 0.7116765873015873 0.009285714285714284 0.011967592592592592
1 0.2329092261904762 0.7067228835978836 0.015786210317460317 0.022698412698412697
1 0.24498015873015871 0.7023908730158731 0.020736607142857143 0.02476190476190476
1 0.22253968253968254 0.6966137566137566 0.019188988095238096 0.02228505291005291
1 0.13262648809523808 0.6400760582010582 0.01640376984126984 0.017331349206349204
1 0.1821502976190476 0.3010548941798942 0.017641369047619048 0.021871693121693122
1 0.17116071428571428 0.3348941798941799 0.015476190476190475 0.024348544973544974
1 0.4511135912698413 0.3563921957671958 0.012266865079365079 0.023167989417989417
1 0.46337797619047616 0.3529861111111111 0.015672123015873014 0.021805555555555554
1 0.4821180555555556 0.3804695767195767 0.009541170634920635 0.014083994708994711
1 0.5163616071428571 0.38978174603174603 0.013288690476190477 0.019990079365079367
1 0.5095461309523809 0.4140873015873016 0.012606646825396825 0.017718253968253966
1 0.5896155753968254 0.43703042328042324 0.013970734126984127 0.019990079365079367
1 0.6609970238095237 0.323912037037037 0.006133432539682539 0.013627645502645502
1 0.5528174603174604 0.244864417989418 0.011924603174603175 0.018171296296296297
1 0.621812996031746 0.22555555555555556 0.008859126984126983 0.013174603174603176
1 0.8230084325396825 0.2087466931216931 0.011242559523809523 0.014083994708994711
1 0.683313492063492 0.32186507936507935 0.011242559523809523 0.014083994708994711
1 0.6020982142857142 0.3890145502645503 0.012621527777777778 0.021157407407407406
1 0.5984895833333334 0.36833994708994705 0.008293650793650792 0.018273809523809522
1 0.565672123015873 0.3721858465608466 0.013343253968253968 0.02019510582010582
1 0.5227554563492064 0.3745899470899471 0.014064980158730159 0.019232804232804233
1 0.6327529761904762 0.4664351851851852 0.009015376984126985 0.01634920634920635
1 0.551966765873016 0.5717427248677249 0.008293650793650792 0.010578703703703703
1 0.5561160714285714 0.7477380952380952 0.011540178571428571 0.021157407407407406
1 0.8498511904761904 0.449672619047619 0.012162698412698413 0.01351521164021164
1 0.438640873015873 0.3365244708994709 0.014074900793650794 0.02251984126984127