1 0.30599454365079365 0.25232473544973544 0.029977678571428572 0.03598875661375661
1 0.6775868055555556 0.6866435185185185 0.03011656746031746 0.03656415343915344
2 0.7370486111111112 0.5164219576719578 0.02476438492063492 0.030737433862433862
1 0.6814012896825397 0.7571527777777778 0.02998015873015873 0.03747354497354497
1 0.4717956349206349 0.48732142857142857 0.023864087301587303 0.03514880952380953
2 0.46538442460317464 0.24193452380952382 0.02390625 0.0348015873015873
1 0.6245188492063491 0.6623148148148148 0.03184027777777778 0.03933862433862434
1 0.3779538690476191 0.33387896825396823 0.029233630952380952 0.03824404761904762
1 0.5076661706349207 0.3894907407407407 0.020873015873015873 0.03384920634920635
1 0.6153918650793652 0.35974537037037035 0.03224950396825397 0.04097883597883598
1 0.24478670634920635 0.5930621693121694 0.026825396825396825 0.03350859788359788
1 0.6595436507936508 0.5791534391534391 0.029925595238095237 0.03492724867724868
2 0.8121750992063492 0.2849404761904762 0.020153769841269844 0.024074074074074074
1 0.554312996031746 0.7065542328042328 0.026135912698412696 0.03992724867724867
2 0.9399231150793651 0.128994708994709 0.025811011904761903 0.02585648148148148
2 0.2655406746031746 0.39278108465608463 0.02937251984126984 0.035763888888888894
2 0.5568625992063492 0.5652116402116403 0.029466765873015874 0.040916005291005295
1 0.2989508928571428 0.604378306878307 0.024811507936507937 0.028105158730158727
1 0.27584821428571427 0.19795965608465607 0.033410218253968255 0.03787037037037037
1 0.32880208333333333 0.12694444444444444 0.02968998015873016 0.043574735449735454
1 0.2434449404761905 0.751603835978836 0.027663690476190477 0.028111772486772487
2 0.9532713293650794 0.3147123015873016 0.030329861111111113 0.027946428571428573
1 0.3272693452380952 0.518181216931217 0.025806051587301586 0.03155423280423281
2 0.7119320436507937 0.22238756613756613 0.021884920634920632 0.02634589947089947
2 0.3477430555555555 0.6043617724867725 0.020622519841269844 0.0264781746031746
1 0.6839136904761904 0.45811507936507934 0.030520833333333334 0.04331018518518519
2 0.23215277777777776 0.379401455026455 0.034828869047619046 0.042294973544973545
1 0.2925520833333333 0.10800595238095238 0.028804563492063492 0.038382936507936505
2 0.27569940476190474 0.4226190476190476 0.02791170634920635 0.03418320105820106
1 0.6603472222222222 0.25540343915343916 0.02396577380952381 0.0323015873015873
2 0.36586805555555557 0.840757275132275 0.018487103174603177 0.02970238095238095
1 0.632405753968254 0.7612566137566138 0.021793154761904764 0.036911375661375666
2 0.7598561507936508 0.18343915343915346 0.023030753968253968 0.024484126984126987
2 0.9441914682539683 0.200218253968254 0.027083333333333334 0.0268452380952381
2 0.7730357142857143 0.4433829365079365 0.019593253968253968 0.026732804232804233
1 0.29928819444444443 0.5112367724867725 0.02704861111111111 0.033482142857142856
2 0.3948635912698413 0.4820601851851852 0.03212053571428571 0.04203703703703704
2 0.34149553571428576 0.7629034391534392 0.020381944444444446 0.022466931216931215
1 0.867609126984127 0.20303902116402117 0.024816468253968254 0.026025132275132278
1 0.2797371031746032 0.7901686507936507 0.023000992063492064 0.026121031746031743
2 0.9193080357142858 0.22265873015873017 0.024947916666666667 0.0314186507936508
1 0.5183010912698413 0.5396527777777778 0.024950396825396823 0.02585648148148148
1 0.46509176587301587 0.3222420634920635 0.02164186507936508 0.02753637566137566
1 0.7505133928571429 0.7526355820105819 0.027767857142857143 0.032681878306878305
2 0.38277281746031744 0.5225859788359788 0.028529265873015873 0.03642857142857143
2 0.8184399801587301 0.3788624338624339 0.019260912698412697 0.02177910052910053
1 0.5951215277777778 0.5841071428571428 0.02189484126984127 0.0336276455026455
2 0.39625 0.6560714285714286 0.01974206349206349 0.023009259259259257
1 0.6570188492063492 0.47413690476190473 0.027212301587301587 0.03587632275132275
2 0.650734126984127 0.6925892857142857 0.023586309523809523 0.03225198412698413
1 0.25646825396825396 0.17817129629629627 0.03265376984126984 0.03904100529100529
1 0.7083804563492063 0.46611772486772485 0.03286954365079365 0.03639219576719577
1 0.2639087301587301 0.6565145502645503 0.023187003968253968 0.027146164021164022
1 0.7098983134920634 0.268042328042328 0.020379464285714285 0.025902777777777778
2 0.6313492063492063 0.98239417989418 0.022393353174603177 0.026299603174603173
1 0.5927083333333334 0.15287367724867726 0.013727678571428571 0.016550925925925924
2 0.9235193452380953 0.1332771164021164 0.016359126984126983 0.023002645502645504
1 0.3346329365079365 0.6631746031746032 0.02050595238095238 0.03131944444444444
1 0.6103050595238095 0.6842559523809524 0.030741567460317462 0.03307870370370371
1 0.3482589285714286 0.27194775132275134 0.022941468253968252 0.03411375661375661
1 0.7921676587301587 0.41611772486772486 0.01490327380952381 0.01935846560846561
1 0.530967261904762 0.7624305555555556 0.022862103174603177 0.03291335978835979
1 0.8267683531746032 0.4743386243386244 0.014697420634920634 0.017784391534391535
1 0.530719246031746 0.7341567460317461 0.024826388888888887 0.033792989417989416
2 0.8002157738095238 0.5503042328042328 0.016845238095238097 0.01811177248677249
1 0.27436011904761903 0.6424768518518518 0.02564980158730159 0.028253968253968254
1 0.3617410714285714 0.6666798941798942 0.015694444444444445 0.021574074074074072
1 0.3837574404761905 0.3672387566137566 0.025744047619047618 0.028740079365079364
1 0.2635267857142857 0.7925595238095238 0.025198412698412696 0.027605820105820106
1 0.629000496031746 0.705734126984127 0.02689484126984127 0.025846560846560847
1 0.5517931547619047 0.7627546296296297 0.020166170634920634 0.03200396825396826
2 0.8556622023809525 0.2576686507936508 0.019424603174603174 0.023171296296296294
2 0.6961309523809525 0.8778075396825397 0.027886904761904762 0.03333002645502646
1 0.292765376984127 0.6344411375661375 0.020518353174603175 0.027860449735449735
1 0.360453869047619 0.31138558201058203 0.021111111111111112 0.032017195767195764
1 0.4194866071428571 0.34769179894179897 0.0244171626984127 0.03200066137566138
1 0.758968253968254 0.4248445767195767 0.017723214285714283 0.022331349206349205
1 0.715126488095238 0.7538095238095238 0.02734623015873016 0.03206679894179894
1 0.24136904761904762 0.14132936507936508 0.02689732142857143 0.03498015873015873
1 0.2644469246031746 0.12267857142857143 0.027242063492063495 0.029794973544973544
2 0.25539186507936507 0.41227843915343915 0.01709325396825397 0.021025132275132273
2 0.24860615079365078 0.4068816137566138 0.01728670634920635 0.022470238095238095
2 0.3133705357142857 0.4237665343915344 0.01836309523809524 0.02183201058201058
1 0.3405109126984127 0.4182242063492064 0.01759424603174603 0.02527116402116402
1 0.29361855158730155 0.3785019841269841 0.013268849206349206 0.014642857142857143
1 0.36996527777777777 0.3867228835978836 0.022601686507936508 0.03031746031746032
1 0.4446775793650794 0.4454927248677249 0.016827876984126983 0.027394179894179894
1 0.43841765873015875 0.48627314814814815 0.017686011904761906 0.02145171957671958
1 0.4265203373015873 0.5087169312169312 0.024853670634920635 0.03346230158730159
1 0.3589136904761905 0.5165575396825397 0.020887896825396827 0.02781746031746032
1 0.26450644841269844 0.5172784391534392 0.01353422619047619 0.016435185185185185
2 0.1951512896825397 0.6155919312169312 0.009007936507936508 0.009424603174603174
1 0.3255679563492064 0.6405026455026456 0.022118055555555557 0.02636904761904762
1 0.3074280753968254 0.6498048941798942 0.015716765873015872 0.020509259259259262
1 0.23989335317460317 0.765026455026455 0.017829861111111112 0.019282407407407408
1 0.2722123015873016 0.8375793650793651 0.01690228174603175 0.022172619047619045
1 0.2595808531746032 0.8191005291005291 0.01859126984126984 0.023442460317460317
1 0.2458829365079365 0.8238988095238095 0.014134424603174604 0.022337962962962962
1 0.45477678571428576 0.8728141534391534 0.018472222222222223 0.026124338624338623
1 0.5476289682539682 0.9666269841269841 0.01952876984126984 0.02183531746031746
1 0.7179414682539682 0.8651851851851853 0.025773809523809525 0.035333994708994704
1 0.7203943452380953 0.8910152116402116 0.024308035714285716 0.030410052910052908
1 0.5671329365079365 0.7789417989417989 0.0183953373015873 0.02111441798941799
1 0.6326116071428571 0.6759887566137567 0.022103174603174604 0.03158730158730159
2 0.734937996031746 0.17503968253968255 0.01452876984126984 0.01982804232804233
2 0.9563516865079366 0.13596230158730158 0.025478670634920635 0.028072089947089946
1 0.8721378968253969 0.27819444444444447 0.014419642857142857 0.017232142857142856
1 0.841937003968254 0.28076388888888887 0.013489583333333334 0.017192460317460318
1 0.8803893849206349 0.23641203703703703 0.016269841269841268 0.021772486772486773
1 0.8061284722222222 0.3673941798941799 0.014697420634920634 0.01918650793650794
1 0.8480034722222223 0.3709226190476191 0.018864087301587302 0.02318121693121693
1 0.7198239087301587 0.29083333333333333 0.020285218253968257 0.02509589947089947
1 0.8368675595238095 0.4888227513227513 0.01500248015873016 0.018141534391534393
1 0.829094742063492 0.5088955026455027 0.010739087301587302 0.01623346560846561
1 0.8374727182539683 0.5109986772486772 0.009203869047619048 0.012027116402116402
1 0.7785540674603175 0.41539682539682543 0.01574404761904762 0.018849206349206348
1 0.7616716269841269 0.4142691798941799 0.016383928571428574 0.014305555555555556
1 0.7547891865079365 0.4638227513227513 0.012943948412698412 0.01630952380952381
1 0.6805084325396825 0.41472883597883603 0.023797123015873018 0.03510251322751323
1 0.6675744047619048 0.3035780423280423 0.01640376984126984 0.02458994708994709
1 0.6843477182539682 0.2970767195767196 0.021279761904761905 0.022294973544973545
1 0.7363095238095239 0.4928141534391534 0.01670138888888889 0.0184755291005291
1 0.5457490079365079 0.016127645502645505 0.016917162698412695 0.031544312169312166
1 0.5081349206349207 0.4416005291005291 0.016344246031746033 0.01978505291005291
1 0.44442956349206353 0.5697751322751323 0.021857638888888888 0.020654761904761905
1 0.42778521825396826 0.5603869047619048 0.016081349206349207 0.02097883597883598
1 0.4298859126984127 0.7323048941798941 0.014885912698412699 0.020985449735449736
1 0.4777628968253968 0.7196064814814815 0.013878968253968255 0.0170734126984127
1 0.5975272817460318 0.6634589947089947 0.020287698412698413 0.027566137566137565
1 0.8174280753968254 0.6587566137566138 0.011587301587301587 0.012943121693121694
1 0.852921626984127 0.6564847883597884 0.012299107142857143 0.013621031746031746
1 0.82703125 0.6296660052910052 0.011242559523809523 0.01216600529100529
1 0.8348933531746031 0.6030886243386243 0.012477678571428572 0.01119378306878307
1 0.8531746031746031 0.627853835978836 0.010386904761904762 0.01289021164021164
1 0.16514880952380953 0.3567724867724868 0.010632440476190476 0.010436507936507937
1 0.1576686507936508 0.35386574074074073 0.00843501984126984 0.008571428571428572
1 0.1771453373015873 0.36869047619047624 0.00892609126984127 0.009616402116402117
1 0.189000496031746 0.3740873015873016 0.008224206349206349 0.007589285714285714
1 0.18277529761904762 0.3806084656084656 0.006443452380952381 0.008796296296296297
1 0.161202876984127 0.386031746031746 0.009585813492063491 0.007810846560846561
1 0.09344742063492063 0.39041666666666663 0.007046130952380952 0.011097883597883598
1 0.06295882936507936 0.3708267195767196 0.011324404761904761 0.011917989417989418
1 0.05319940476190476 0.3722519841269841 0.010300099206349207 0.012354497354497354
1 0.023430059523809523 0.37677248677248676 0.010672123015873017 0.010988756613756612
1 0.014697420634920634 0.37992063492063494 0.01170138888888889 0.012357804232804232
1 0.029243551587301585 0.37699074074074074 0.009727182539682539 0.00945436507936508
1 0.05258184523809523 0.3238392857142857 0.009067460317460318 0.011636904761904762
2 0.0820436507936508 0.3191832010582011 0.011773313492063491 0.012182539682539684
2 0.09445188492063492 0.30855158730158727 0.009965277777777778 0.012619047619047618
2 0.10001984126984126 0.3147718253968254 0.007867063492063491 0.012235449735449735
1 0.01849702380952381 0.5672321428571429 0.012507440476190476 0.014186507936507936
1 0.03781001984126984 0.5799140211640212 0.010865575396825398 0.012926587301587304
1 0.02687748015873016 0.5821626984126984 0.010173611111111112 0.00953042328042328
1 0.0064360119047619044 0.5658895502645502 0.009970238095238096 0.012486772486772485
1 0.09833333333333334 0.5396130952380952 0.011121031746031747 0.010234788359788359
1 0.030126488095238095 0.5270403439153439 0.014397321428571428 0.015658068783068784
1 0.03910218253968254 0.4980522486772486 0.012842261904761905 0.013349867724867725
1 0.04721974206349206 0.4981084656084656 0.008318452380952381 0.011048280423280422
1 0.08802083333333333 0.48928571428571427 0.01103670634920635 0.011157407407407408
1 0.11630952380952381 0.5099966931216932 0.008452380952380953 0.009189814814814814
1 0.12393353174603175 0.4977513227513228 0.007261904761904762 0.007377645502645502
1 0.17061011904761905 0.4853935185185185 0.008583829365079365 0.011266534391534392
1 0.19002480158730156 0.4567361111111111 0.004357638888888889 0.007205687830687831
1 0.18519593253968256 0.4666005291005291 0.005796130952380953 0.007208994708994709
1 0.18778521825396824 0.40408068783068785 0.008013392857142858 0.008402777777777778
1 0.1881547619047619 0.38983134920634915 0.0072743055555555556 0.009497354497354497
1 0.19670138888888888 0.3890376984126984 0.008177083333333333 0.008892195767195767
1 0.14517609126984127 0.30364748677248676 0.006195436507936508 0.0077380952380952375
1 0.13562251984126986 0.3138095238095238 0.007981150793650794 0.009328703703703704
1 0.09297123015873016 0.3416170634920635 0.00779265873015873 0.01070436507936508
1 0.08259672619047619 0.34553571428571433 0.012137896825396824 0.011636904761904762
1 0.08604910714285714 0.3681382275132275 0.012023809523809523 0.01246031746031746