1 0.21750992063492064 0.30485119047619047 0.019149305555555555 0.024540343915343914
1 0.36244047619047615 0.4248578042328042 0.021552579365079365 0.028366402116402116
1 0.1463045634920635 0.31561838624338623 0.02125496031746032 0.023158068783068784
1 0.2660416666666667 0.32149140211640215 0.02035714285714286 0.023958333333333335
1 0.13775793650793652 0.3519609788359788 0.019933035714285716 0.024381613756613758
1 0.2703348214285714 0.35124669312169315 0.020014880952380954 0.024705687830687828
1 0.3985639880952381 0.299593253968254 0.01780753968253968 0.023125000000000003
1 0.1707390873015873 0.25926256613756615 0.0185515873015873 0.02226190476190476
1 0.24201884920634922 0.3936507936507937 0.02324404761904762 0.02636243386243386
1 0.22377728174603173 0.3468154761904762 0.020203373015873015 0.02566468253968254
1 0.3810987103174603 0.36307208994708995 0.022321428571428572 0.026283068783068783
1 0.5118750000000001 0.49660714285714286 0.02079613095238095 0.028075396825396826
1 0.19685763888888888 0.5327843915343916 0.021664186507936507 0.022748015873015875
1 0.34299107142857144 0.3732440476190476 0.01773561507936508 0.025185185185185185
1 0.2575024801587302 0.8796230158730158 0.018623511904761907 0.023244047619047623
1 0.5421577380952382 0.6052215608465609 0.02140376984126984 0.02568783068783069
1 0.5237748015873016 0.6482010582010582 0.018675595238095238 0.02351190476190476
1 0.4195461309523809 0.5458862433862434 0.02138144841269841 0.022936507936507936
1 0.46862103174603176 0.9610747354497354 0.02107390873015873 0.028330026455026455
1 0.24251240079365077 0.6527876984126985 0.017916666666666664 0.025522486772486776
1 0.0891344246031746 0.32720238095238097 0.020424107142857143 0.022602513227513225
1 0.18990079365079363 0.6216633597883598 0.015066964285714286 0.02384920634920635
1 0.28519841269841273 0.7209093915343916 0.018988095238095238 0.02648478835978836
1 0.5107862103174603 0.07589616402116402 0.014565972222222221 0.01921957671957672
1 0.34764880952380955 0.6459160052910053 0.016867559523809524 0.024017857142857143
1 0.44382440476190477 0.3082671957671958 0.020875496031746033 0.023740079365079367
1 0.3898809523809524 0.7808068783068782 0.01965029761904762 0.024679232804232804
1 0.40608382936507936 0.8058101851851852 0.017313988095238094 0.02226190476190476
1 0.3017956349206349 0.3822089947089947 0.019558531746031747 0.020320767195767198
1 0.5276587301587301 0.7030158730158731 0.017108134920634923 0.02113756613756614
1 0.3885863095238095 0.9425826719576719 0.02080605158730159 0.024695767195767198
2 0.2738268849206349 0.6336078042328043 0.02099702380952381 0.025046296296296296
1 0.207921626984127 0.2500496031746032 0.01958829365079365 0.023819444444444445
1 0.2062624007936508 0.5135119047619048 0.019960317460317463 0.022814153439153436
1 0.3398214285714286 0.4437334656084656 0.02872519841269841 0.020717592592592593
1 0.26087549603174603 0.6178108465608465 0.020151289682539684 0.02187830687830688
1 0.1552827380952381 0.7400396825396826 0.01892609126984127 0.019232804232804233
1 0.49981646825396825 0.689646164021164 0.019466765873015872 0.022308201058201055
1 0.3241840277777778 0.4424933862433862 0.019910714285714285 0.02158399470899471
1 0.4575248015873016 0.4665839947089947 0.017703373015873016 0.022552910052910054
1 0.4047048611111111 0.9841931216931217 0.018452380952380953 0.02611441798941799
1 0.3419097222222222 0.41683862433862434 0.02116815476190476 0.022235449735449733
1 0.4174156746031746 0.4066997354497354 0.02132688492063492 0.023171296296296294
1 0.26986855158730155 0.7597420634920635 0.01670138888888889 0.02561507936507936
1 0.41458581349206347 0.2925429894179894 0.01614583333333333 0.023019179894179894
1 0.47917906746031746 0.8354761904761905 0.01759672619047619 0.02646164021164021
1 0.43833581349206346 0.8203207671957672 0.017326388888888888 0.023240740740740742
1 0.34972966269841266 0.4201851851851852 0.0234375 0.025340608465608466
1 0.28931299603174604 0.34079365079365076 0.01675347222222222 0.022774470899470902
1 0.417827380952381 0.4961772486772487 0.018343253968253967 0.02189484126984127
1 0.2260813492063492 0.5383201058201058 0.019627976190476192 0.02528769841269841
1 0.34563492063492063 0.4495502645502646 0.021078869047619048 0.018786375661375664
1 0.5069642857142856 0.7252976190476191 0.013898809523809523 0.022883597883597884
1 0.46290426587301586 0.024272486772486775 0.013509424603174603 0.018343253968253967
1 0.5014558531746032 0.725082671957672 0.01745535714285714 0.022185846560846562
1 0.23193948412698412 0.7999999999999999 0.018412698412698412 0.023277116402116403
1 0.42443700396825396 0.4341534391534392 0.016927083333333332 0.02480489417989418
1 0.340265376984127 0.5172255291005291 0.019590773809523808 0.02474537037037037
1 0.487046130952381 0.04034060846560846 0.01447420634920635 0.01776785714285714
2 0.18164930555555556 0.9357837301587302 0.016961805555555556 0.020380291005291006
2 0.003655753968253968 0.48226851851851854 0.007311507936507936 0.011273148148148148
1 0.4274206349206349 0.4614252645502645 0.01816964285714286 0.02682539682539683
1 0.22966021825396826 0.5209358465608466 0.01911458333333333 0.023131613756613757
1 0.3276140873015873 0.37807870370370367 0.019365079365079366 0.022976190476190476
1 0.4576537698412698 0.29357473544973545 0.016614583333333332 0.020615079365079367
2 0.21008184523809523 0.7261408730158729 0.01648561507936508 0.023406084656084656
1 0.436907242063492 0.44447089947089946 0.01798611111111111 0.024857804232804235
1 0.2109796626984127 0.3045601851851852 0.016413690476190478 0.024242724867724868
1 0.19511904761904764 0.5516335978835979 0.018563988095238095 0.019398148148148147
2 0.14811259920634923 0.5274801587301587 0.01951388888888889 0.022926587301587302
2 0.19728670634920636 0.7009424603174603 0.0180109126984127 0.02205357142857143
2 0.1950049603174603 0.7175760582010582 0.017864583333333333 0.01785383597883598
2 0.21229166666666668 0.7448908730158731 0.016272321428571428 0.01664351851851852
2 0.1406498015873016 0.8268386243386244 0.014662698412698412 0.014576719576719577
2 0.16335813492063492 0.8358333333333333 0.01308531746031746 0.015439814814814814
2 0.1642137896825397 0.8527215608465609 0.012437996031746031 0.015443121693121694
2 0.13607390873015873 0.4813095238095238 0.017705853174603176 0.02107142857142857
2 0.2375124007936508 0.46377645502645504 0.018053075396825397 0.02063822751322751
2 0.1392609126984127 0.5315079365079365 0.016651785714285713 0.021084656084656084
1 0.14546130952380953 0.4754001322751322 0.018132440476190476 0.024097222222222225
2 0.1570659722222222 0.49523478835978835 0.017189980158730158 0.021352513227513224
1 0.1744419642857143 0.4220039682539683 0.01954861111111111 0.024047619047619047
2 0.14045386904761903 0.423125 0.014265873015873017 0.017096560846560846
1 0.2618725198412698 0.2953571428571429 0.017465277777777777 0.024533730158730158
1 0.45004960317460313 0.32405092592592594 0.017065972222222222 0.021124338624338625
1 0.4459126984126984 0.45493055555555556 0.016857638888888887 0.021719576719576722
1 0.38802579365079365 0.4127876984126984 0.017056051587301585 0.025089285714285717
1 0.4000694444444444 0.400651455026455 0.016577380952380955 0.02658068783068783
1 0.41787202380952376 0.5105357142857142 0.01666170634920635 0.017311507936507937
1 0.43847718253968254 0.4985152116402116 0.016887400793650795 0.020138888888888887
1 0.36741567460317465 0.4998511904761905 0.017978670634920632 0.02351851851851852
1 0.5717361111111111 0.6133465608465608 0.018107638888888892 0.028541666666666667
1 0.537452876984127 0.6323578042328042 0.016688988095238097 0.02273148148148148
1 0.5259375 0.6253273809523809 0.019305555555555555 0.023435846560846563
1 0.5297073412698413 0.6091468253968254 0.01765376984126984 0.024378306878306878
1 0.4919345238095238 0.6551388888888889 0.018985615079365078 0.02587632275132275
1 0.5310342261904762 0.6741071428571429 0.019749503968253968 0.028002645502645505
1 0.5168948412698412 0.6779166666666666 0.018539186507936508 0.02195436507936508
1 0.4450768849206349 0.6454563492063492 0.02041418650793651 0.027956349206349207
1 0.4590922619047619 0.7678472222222221 0.01753720238095238 0.025796957671957672
1 0.4427455357142857 0.7759391534391534 0.01869295634920635 0.0292526455026455
1 0.4348983134920635 0.7580291005291006 0.018487103174603177 0.025009920634920635
1 0.406108630952381 0.7488955026455026 0.021121031746031745 0.028346560846560846
1 0.37056795634920636 0.7468518518518519 0.02049107142857143 0.024808201058201057
1 0.387594246031746 0.7533928571428572 0.020039682539682538 0.025869708994708997
1 0.37894841269841273 0.7576157407407408 0.017279265873015873 0.023710317460317463
1 0.41069940476190475 0.7076752645502646 0.0220734126984127 0.027748015873015872
1 0.37293650793650795 0.6284259259259259 0.022311507936507935 0.02492063492063492
1 0.36175843253968254 0.613912037037037 0.019481646825396826 0.023306878306878307
1 0.3625545634920635 0.6425033068783069 0.01789186507936508 0.028181216931216932
2 0.25437251984126985 0.6551124338624339 0.015029761904761905 0.026534391534391532
2 0.23357886904761904 0.7821825396825397 0.016321924603174602 0.018412698412698412
1 0.23409474206349207 0.8333994708994709 0.01794394841269841 0.02046626984126984
1 0.24050099206349207 0.8498743386243386 0.018385416666666664 0.02443452380952381
1 0.2858258928571429 0.9386309523809524 0.017864583333333333 0.021689814814814815
1 0.2530456349206349 0.9146527777777778 0.01768105158730159 0.022509920634920633
1 0.20130704365079363 0.8536177248677249 0.016684027777777777 0.01919642857142857
1 0.13544890873015872 0.7588690476190477 0.016984126984126983 0.020562169312169313
2 0.1456845238095238 0.7507374338624339 0.013596230158730158 0.015611772486772486
1 0.2154265873015873 0.7045205026455026 0.02265625 0.026382275132275132
1 0.1632217261904762 0.7012003968253968 0.016331845238095236 0.020453042328042327
1 0.15101438492063493 0.7134160052910052 0.01365327380952381 0.018019179894179897
1 0.1424156746031746 0.6916964285714285 0.015540674603174603 0.01982142857142857
1 0.20105654761904762 0.6228505291005291 0.015625 0.02351521164021164
1 0.23851934523809526 0.6145072751322751 0.01900545634920635 0.024494047619047617
1 0.2220560515873016 0.6344973544973546 0.013645833333333334 0.020648148148148148
1 0.19797371031746033 0.28349537037037037 0.01797123015873016 0.019189814814814816
1 0.1875049603174603 0.2616005291005291 0.017708333333333336 0.02134589947089947
1 0.47156001984126983 0.036451719576719575 0.012219742063492064 0.01781415343915344
1 0.5069618055555556 0.04705687830687831 0.013519345238095238 0.01781415343915344
1 0.5111731150793651 0.03193452380952381 0.01251984126984127 0.015062830687830688
1 0.5025570436507937 0.019229497354497353 0.013546626984126984 0.017691798941798943
1 0.7348214285714286 0.9327810846560847 0.022765376984126985 0.03473214285714286
1 0.5686284722222222 0.8560119047619047 0.019020337301587302 0.026107804232804233
1 0.3856919642857143 0.9881051587301588 0.01857390873015873 0.023789682539682538
1 0.4159697420634921 0.9925231481481481 0.013122519841269841 0.014953703703703703
1 0.3747371031746032 0.9350892857142857 0.01574652777777778 0.021669973544973544
1 0.41789930555555554 0.8354464285714285 0.01777281746031746 0.024560185185185185
1 0.38876984126984127 0.840353835978836 0.01654017857142857 0.020241402116402116
1 0.3763392857142857 0.8499900793650793 0.016299603174603175 0.01900793650793651
1 0.41615823412698416 0.6830191798941798 0.020126488095238097 0.021554232804232805
1 0.5621031746031746 0.31730820105820107 0.017224702380952382 0.02531415343915344
1 0.9571750992063491 0.6030853174603175 0.00644593253968254 0.008012566137566138
1 0.9520783730158731 0.60510582010582 0.006691468253968254 0.007109788359788359
1 0.946748511904762 0.5993518518518519 0.005572916666666666 0.007619047619047619
1 0.954375 0.5959556878306879 0.00673859126984127 0.005773809523809524
1 0.9618874007936508 0.5861574074074074 0.007624007936507936 0.00808862433862434
1 0.9615029761904762 0.5746296296296296 0.00626984126984127 0.008363095238095237
1 0.9440525793650794 0.5465476190476191 0.0067088293650793655 0.00875
1 0.9404885912698413 0.5401851851851852 0.006059027777777778 0.007334656084656084
1 0.936984126984127 0.534212962962963 0.004940476190476191 0.006706349206349207
1 0.9030109126984127 0.4676421957671958 0.007673611111111111 0.007873677248677248
1 0.975639880952381 0.4917757936507937 0.00626984126984127 0.005952380952380952
1 0.967953869047619 0.5003769841269842 0.005032242063492063 0.007602513227513227
1 0.9728125000000001 0.5217030423280423 0.00591765873015873 0.00580026455026455
1 0.9824429563492063 0.5038921957671958 0.00574156746031746 0.006858465608465608
1 0.9812375992063492 0.4986507936507937 0.003916170634920634 0.005558862433862433
1 0.9037748015873016 0.40718253968253965 0.006676587301587302 0.0071263227513227514
1 0.9636507936507936 0.3807506613756614 0.00568452380952381 0.006570767195767196
1 0.8883804563492063 0.38819444444444445 0.006185515873015873 0.008032407407407407
1 0.8733705357142857 0.35828373015873016 0.006515376984126984 0.007585978835978837
1 0.49085813492063496 0.9761739417989418 0.01795634920634921 0.028048941798941796
1 0.48568204365079365 0.9938293650793651 0.018139880952380952 0.012344576719576719
1 0.5020064484126984 0.975162037037037 0.016054067460317463 0.026643518518518518
1 0.29026537698412697 0.8554497354497355 0.017313988095238094 0.02527116402116402
1 0.19534970238095237 0.7939748677248677 0.015786210317460317 0.020221560846560845
1 0.18436507936507937 0.7147982804232805 0.016063988095238093 0.02005952380952381
2 0.10560515873015873 0.5629596560846561 0.004732142857142857 0.007447089947089947
2 0.027889384920634922 0.505896164021164 0.005828373015873016 0.00826058201058201
2 0.3740376984126984 0.16365079365079366 0.013836805555555555 0.01835978835978836
2 0.3625818452380953 0.1506712962962963 0.013578869047619048 0.016845238095238094
1 0.42286954365079366 0.1200165343915344 0.011649305555555555 0.01636904761904762
1 0.42764632936507935 0.09442129629629628 0.012269345238095237 0.013998015873015872
2 0.42509672619047617 0.08514880952380953 0.010438988095238097 0.013994708994708996
1 0.42468998015873016 0.21973214285714288 0.01310515873015873 0.01867063492063492