2 0.5671205357142858 0.5455522486772487 0.012532242063492063 0.01558201058201058
2 0.6832738095238096 0.5806646825396825 0.01263392857142857 0.016547619047619047
2 0.8021527777777778 0.7173842592592592 0.014759424603174602 0.016355820105820106
2 0.6972693452380953 0.5709821428571429 0.014729662698412698 0.014467592592592593
2 0.6088764880952381 0.5618320105820106 0.013740079365079365 0.013544973544973546
2 0.8537624007936507 0.6500628306878307 0.014226190476190476 0.013822751322751322
2 0.06199404761904762 0.6095535714285714 0.005689484126984127 0.006676587301587302
2 0.7862921626984127 0.8358300264550265 0.014732142857142857 0.01910383597883598
2 0.33761656746031743 0.6697751322751323 0.005091765873015873 0.006527777777777777
2 0.33178075396825396 0.703290343915344 0.004955357142857143 0.007632275132275132
2 0.43307539682539686 0.5925859788359789 0.006480654761904761 0.00707010582010582
2 0.4117733134920635 0.6840310846560848 0.0054910714285714285 0.0064748677248677245
2 0.3729290674603175 0.6973346560846561 0.004848710317460318 0.005611772486772486
2 0.33837797619047616 0.6137599206349207 0.005381944444444444 0.007116402116402116
2 0.33024305555555555 0.5559986772486772 0.003943452380952381 0.006960978835978836
2 0.30116319444444445 0.5485185185185185 0.005114087301587302 0.007384259259259259
2 0.1926860119047619 0.5566600529100529 0.005706845238095238 0.00773478835978836
2 0.18104910714285716 0.5517824074074074 0.0046850198412698415 0.005674603174603174
2 0.20879464285714286 0.5822718253968254 0.004141865079365079 0.006772486772486773
2 0.19234623015873015 0.587202380952381 0.005027281746031746 0.005092592592592593
2 0.19749503968253967 0.5978869047619048 0.005850694444444445 0.0061342592592592594
2 0.22602430555555555 0.6455390211640212 0.006463293650793651 0.005304232804232804
2 0.24051587301587302 0.6222222222222222 0.004952876984126984 0.005912698412698412
2 0.28000992063492064 0.6004431216931218 0.005659722222222222 0.004656084656084656
2 0.2876612103174603 0.5613723544973545 0.004890873015873016 0.006177248677248677
2 0.2657093253968254 0.5450033068783069 0.0038368055555555555 0.005300925925925926
2 0.29484126984126985 0.5342592592592592 0.004831349206349206 0.004685846560846561
2 0.2705282738095238 0.5135515873015873 0.00441468253968254 0.006127645502645503
2 0.346750992063492 0.5168386243386244 0.005230654761904762 0.005006613756613757
2 0.34757440476190476 0.5117460317460317 0.003581349206349206 0.005806878306878306
2 0.16349454365079366 0.4546825396825397 0.004598214285714285 0.005396825396825397
2 0.17119791666666667 0.49540013227513224 0.005994543650793651 0.0066302910052910054
2 0.18311011904761904 0.520545634920635 0.005099206349206349 0.004183201058201059
2 0.07861855158730159 0.5456415343915344 0.005424107142857143 0.005476190476190476
2 0.09409970238095239 0.6162037037037037 0.004660218253968253 0.004861111111111111
2 0.11246279761904762 0.619563492063492 0.004717261904761905 0.003892195767195767
2 0.14151785714285714 0.6290178571428572 0.004729662698412698 0.0046693121693121694
2 0.13913690476190477 0.6326951058201058 0.0044990079365079365 0.004884259259259259
2 0.1628546626984127 0.6193650793650793 0.004967757936507937 0.004593253968253969
2 0.16494295634920633 0.6229662698412698 0.00419890873015873 0.004656084656084656
2 0.14690972222222223 0.5820006613756614 0.004389880952380952 0.005128968253968254
2 0.17916666666666667 0.5881547619047619 0.00503968253968254 0.006448412698412698
2 0.18578125 0.5936871693121692 0.0038467261904761903 0.005982142857142857
2 0.10912450396825397 0.46922949735449737 0.004799107142857143 0.006663359788359788