1 0.7289236111111111 0.4025462962962963 0.0239905753968254 0.03459656084656085
1 0.7348735119047619 0.31882275132275134 0.02091269841269841 0.03713293650793651
1 0.2467733134920635 0.5344047619047619 0.021455853174603176 0.024447751322751326
1 0.7223090277777777 0.35881613756613756 0.0276984126984127 0.03417989417989418
1 0.3769246031746032 0.37673280423280425 0.026887400793650793 0.0276984126984127
1 0.5151612103174603 0.4036011904761905 0.024402281746031745 0.02767526455026455
1 0.5134474206349205 0.1732771164021164 0.018003472222222223 0.02531415343915344
1 0.5864459325396826 0.18004298941798944 0.01342013888888889 0.023131613756613757
1 0.5304687499999999 0.18069775132275132 0.01603918650793651 0.023568121693121693
1 0.5195039682539683 0.1975 0.017021329365079364 0.02051256613756614
1 0.5682787698412699 0.32560185185185186 0.013092757936507935 0.023568121693121693
1 0.4656547619047619 0.27737433862433863 0.018658234126984127 0.018766534391534393
1 0.38348958333333333 0.2895965608465608 0.01603918650793651 0.01615079365079365
1 0.3635218253968254 0.3356415343915344 0.02127728174603175 0.02531415343915344
1 0.30132440476190475 0.3092361111111111 0.016693948412698414 0.017893518518518517
1 0.3011607142857143 0.2928670634920635 0.011130952380952382 0.014841269841269843
1 0.339952876984127 0.2830489417989418 0.01603918650793651 0.018766534391534393
1 0.322765376984127 0.3690310846560847 0.01636656746031746 0.019639550264550266
1 0.29985119047619047 0.4142063492063492 0.013747519841269842 0.01920304232804233
1 0.32865823412698414 0.42140873015873015 0.014402281746031746 0.018766534391534393
1 0.33946180555555555 0.41311507936507935 0.01636656746031746 0.017023809523809524
1 0.3140922619047619 0.4288260582010582 0.014729662698412698 0.02051256613756614
1 0.27448164682539683 0.4702910052910053 0.01342013888888889 0.02051256613756614
1 0.25235367063492065 0.4836044973544974 0.019707341269841267 0.02269510582010582
1 0.2567733134920635 0.5021527777777778 0.016693948412698414 0.015277777777777779
1 0.21290674603174606 0.5324867724867725 0.019312996031746032 0.021822089947089944
1 0.2137251984126984 0.43646494708994704 0.01636656746031746 0.020949074074074075
1 0.2255109126984127 0.4238095238095238 0.015711805555555555 0.01920304232804233
1 0.2922891865079365 0.3332407407407407 0.014402281746031746 0.018766534391534393
1 0.21241815476190476 0.7291170634920635 0.020949900793650795 0.023131613756613757
1 0.27985119047619045 0.754431216931217 0.020295138888888887 0.024877645502645505
1 0.3068576388888889 0.874457671957672 0.021932043650793653 0.03186177248677249
1 0.3667609126984127 0.888207671957672 0.018003472222222223 0.024441137566137566
1 0.23124007936507937 0.8231746031746032 0.014729662698412698 0.021822089947089944
1 0.22240079365079365 0.8020072751322751 0.014074900793650794 0.018766534391534393
1 0.3083308531746032 0.6915806878306878 0.019640376984126982 0.023131613756613757
1 0.2965451388888889 0.7031448412698412 0.013747519841269842 0.023568121693121693
1 0.2016170634920635 0.8030952380952381 0.01570684523809524 0.018330026455026453
1 0.19458333333333333 0.7446097883597883 0.015384424603174603 0.016587301587301585
1 0.20063988095238094 0.6970370370370371 0.013747519841269842 0.018330026455026453
1 0.19392857142857142 0.6902711640211641 0.012113095238095239 0.015277777777777779
1 0.19 0.4947354497354497 0.012767857142857142 0.018766534391534393
1 0.16479414682539684 0.4598181216931217 0.016693948412698414 0.017893518518518517
1 0.17379712301587302 0.4451951058201058 0.01636656746031746 0.020076058201058202
1 0.25448908730158726 0.4203174603174603 0.014074900793650794 0.01745701058201058
1 0.2569419642857143 0.4401752645502645 0.015711805555555555 0.014404761904761906
1 0.26823660714285713 0.4170436507936508 0.01080357142857143 0.017023809523809524
1 0.27085565476190476 0.43886574074074075 0.012767857142857142 0.013531746031746032
1 0.19916666666666666 0.34546296296296297 0.012767857142857142 0.017023809523809524
1 0.23075396825396824 0.3240773809523809 0.014402281746031746 0.019639550264550266
1 0.3215947420634921 0.2810846560846561 0.016693948412698414 0.018330026455026453
1 0.40981398809523806 0.3692493386243386 0.018985615079365078 0.023568121693121693
1 0.378390376984127 0.4517427248677248 0.023568948412698413 0.02618716931216931
1 0.3688963293650794 0.4393022486772487 0.01244047619047619 0.01615079365079365
1 0.41537946428571426 0.4897156084656085 0.018985615079365078 0.027060185185185184
1 0.4089955357142857 0.5062996031746032 0.019312996031746032 0.020949074074074075
1 0.42929315476190477 0.4844775132275132 0.006875 0.01745701058201058
1 0.436984126984127 0.46658068783068785 0.018985615079365078 0.02269510582010582
1 0.4680828373015873 0.44039351851851855 0.019640376984126982 0.02269510582010582
1 0.4589186507936508 0.5584589947089947 0.01244047619047619 0.023131613756613757
1 0.4877232142857143 0.521795634920635 0.01636656746031746 0.022258597883597884
1 0.5072023809523809 0.5097916666666666 0.01603918650793651 0.015714285714285715
1 0.5731622023809523 0.5621693121693122 0.01636656746031746 0.020949074074074075
1 0.5184945436507937 0.443885582010582 0.01767609126984127 0.01745701058201058
1 0.5928025793650793 0.4990972222222222 0.01767609126984127 0.018766534391534393
1 0.5838020833333333 0.43886574074074075 0.01603918650793651 0.023131613756613757
1 0.5646502976190476 0.3797255291005291 0.01636656746031746 0.02531415343915344
1 0.5838020833333333 0.38801917989417983 0.01734871031746032 0.021822089947089944
1 0.7126388888888889 0.9486574074074073 0.018985615079365078 0.02924272486772487
1 0.6533878968253969 0.8991203703703704 0.02291418650793651 0.029679232804232805
1 0.5988864087301587 0.9239980158730159 0.021932043650793653 0.021822089947089944
1 0.5651686507936509 0.8733664021164022 0.02324156746031746 0.030552248677248678
1 0.574499007936508 0.8504530423280423 0.018330853174603173 0.024877645502645505
1 0.5447098214285714 0.8639847883597884 0.020949900793650795 0.02924272486772487
1 0.524905753968254 0.8292857142857144 0.018658234126984127 0.02531415343915344
1 0.5132837301587302 0.8253571428571429 0.01244047619047619 0.024441137566137566
1 0.6344022817460317 0.6501157407407407 0.0216046626984127 0.02924272486772487
1 0.6617361111111111 0.7210416666666666 0.021932043650793653 0.029679232804232805
1 0.5702430555555555 0.740026455026455 0.018985615079365078 0.02400462962962963
1 0.7745089285714286 0.7655621693121692 0.019640376984126982 0.028806216931216932
1 0.7540500992063491 0.6365839947089947 0.019312996031746032 0.025750661375661378
1 0.6047767857142857 0.5102281746031746 0.01603918650793651 0.021822089947089944
1 0.6339112103174602 0.47945767195767197 0.021932043650793653 0.022258597883597884
1 0.6113244047619047 0.450869708994709 0.01734871031746032 0.02531415343915344
1 0.6213095238095238 0.41246031746031747 0.022259424603174604 0.02269510582010582
1 0.6019965277777778 0.3716501322751322 0.013747519841269842 0.01615079365079365
1 0.7748363095238094 0.32014880952380953 0.020949900793650795 0.02400462962962963
1 0.6908705357142858 0.27060846560846563 0.020622519841269844 0.02618716931216931
1 0.6733581349206349 0.23590939153439153 0.008511904761904762 0.018766534391534393
1 0.7985689484126984 0.4966964285714286 0.022586805555555554 0.027933201058201056
1 0.793985615079365 0.8709689153439153 0.012113095238095239 0.017023809523809524
1 0.8591269841269841 0.7965509259259259 0.019312996031746032 0.024441137566137566
1 0.8674751984126984 0.7843287037037037 0.01244047619047619 0.020949074074074075
1 0.6676289682539683 0.8369246031746033 0.020622519841269844 0.02051256613756614
1 0.7314608134920635 0.8229563492063492 0.012767857142857142 0.019639550264550266
1 0.8540550595238096 0.641603835978836 0.011785714285714287 0.020076058201058202
1 0.7835094246031746 0.6691005291005291 0.01734871031746032 0.013095238095238096
1 0.5119742063492064 0.2847949735449736 0.008511904761904762 0.01003968253968254
1 0.1500892857142857 0.5785350529100529 0.01342013888888889 0.014404761904761906
1 0.22276041666666666 0.6058134920634921 0.02127728174603175 0.01745701058201058
1 0.2548412698412698 0.613015873015873 0.018658234126984127 0.022258597883597884
1 0.16514880952380953 0.5178670634920635 0.009494047619047619 0.01265873015873016
1 0.1988640873015873 0.39936507936507937 0.014074900793650794 0.014841269841269843
1 0.3136011904761905 0.5012797619047619 0.008511904761904762 0.015277777777777779