2 0.7537996031746033 0.29760251322751324 0.018975694444444444 0.028703703703703703
2 0.9171304563492063 0.32991732804232804 0.02108878968253968 0.025324074074074075
2 0.7326736111111111 0.2589120370370371 0.021594742063492062 0.028174603174603175
2 0.7802256944444445 0.2707275132275132 0.02124503968253968 0.029219576719576718
2 0.4061235119047619 0.5306878306878307 0.02279513888888889 0.02761904761904762
2 0.2650892857142857 0.2575198412698413 0.01972470238095238 0.02726521164021164
2 0.8049454365079365 0.4871230158730159 0.022879464285714284 0.0267228835978836
2 0.24264136904761907 0.28741732804232806 0.019327876984126986 0.024794973544973547
2 0.5798859126984127 0.24578373015873015 0.019312996031746032 0.023720238095238096
1 0.5499181547619048 0.3653075396825397 0.020823412698412695 0.02183531746031746
1 0.9774603174603175 0.5990608465608466 0.02006448412698413 0.02200727513227513
1 0.8194915674603175 0.38213955026455027 0.019930555555555556 0.020224867724867725
1 0.6957118055555556 0.36328042328042326 0.020791170634920635 0.025522486772486776
2 0.6085292658730159 0.1687367724867725 0.01435515873015873 0.019398148148148147
1 0.2595585317460317 0.7782539682539683 0.01577876984126984 0.02516203703703704
1 0.7418973214285715 0.3298015873015873 0.021999007936507938 0.033409391534391535
2 0.28819940476190475 0.32139550264550265 0.01659474206349206 0.017056878306878305
1 0.28060019841269845 0.8518683862433863 0.01855902777777778 0.02046626984126984
1 0.5412599206349207 0.42501984126984127 0.016711309523809524 0.02193783068783069
2 0.5885714285714285 0.8589186507936507 0.011827876984126984 0.01695436507936508
2 0.9329191468253969 0.22630621693121694 0.014647817460317462 0.019781746031746032
1 0.44290426587301585 0.1923313492063492 0.017591765873015874 0.028224206349206346
1 0.5464707341269841 0.680651455026455 0.016765873015873015 0.022314814814814815
1 0.28870039682539683 0.5873677248677249 0.020674603174603175 0.02152116402116402
1 0.8934672619047619 0.4928174603174603 0.01657986111111111 0.018161375661375663
2 0.44558283730158726 0.5656547619047619 0.01773561507936508 0.01656084656084656
1 0.2531150793650794 0.3800429894179894 0.017105654761904763 0.025651455026455026
2 0.4662475198412699 0.15866402116402117 0.022743055555555555 0.027757936507936506
2 0.6068204365079365 0.8195271164021164 0.012956349206349208 0.016587301587301585
1 0.5541121031746031 0.4134953703703704 0.018549107142857145 0.023713624338624336
1 0.24410466269841272 0.5014583333333333 0.01904513888888889 0.021669973544973544
1 0.270610119047619 0.5941137566137565 0.01684027777777778 0.023088624338624335
1 0.8616790674603174 0.4699966931216931 0.020949900793650795 0.0267228835978836
1 0.350421626984127 0.8165046296296297 0.015317460317460316 0.01880952380952381
1 0.2076314484126984 0.5082903439153439 0.01925595238095238 0.027255291005291005
2 0.43345734126984126 0.543422619047619 0.021230158730158728 0.02781084656084656
1 0.5061532738095238 0.391875 0.014660218253968254 0.016617063492063492
1 0.3086830357142857 0.8526091269841269 0.01373015873015873 0.016008597883597882
1 0.3998338293650794 0.4141898148148148 0.019580853174603174 0.022691798941798944
1 0.8521081349206349 0.4458002645502645 0.018859126984126985 0.021967592592592594
1 0.2618998015873016 0.5909027777777778 0.014937996031746031 0.02000330687830688
1 0.2710863095238095 0.5747519841269841 0.016612103174603175 0.020257936507936506
1 0.27897321428571425 0.603204365079365 0.016884920634920635 0.022278439153439154
1 0.33247767857142857 0.06049603174603174 0.013829365079365078 0.01779431216931217
1 0.6597619047619048 0.7949140211640212 0.019104662698412697 0.026164021164021164
1 0.26441964285714287 0.8402017195767195 0.016101190476190477 0.019993386243386244
1 0.2687624007936508 0.7773015873015873 0.010409226190476191 0.01967261904761905
1 0.19475446428571427 0.865244708994709 0.019791666666666666 0.022632275132275132
1 0.7574404761904762 0.3356216931216931 0.017862103174603173 0.026650132275132275
1 0.8873859126984127 0.7274173280423281 0.016810515873015873 0.022331349206349205
1 0.8624454365079365 0.695760582010582 0.021187996031746033 0.0246494708994709
1 0.8604885912698412 0.6794808201058201 0.02037202380952381 0.024130291005291005
1 0.8745386904761905 0.7728207671957673 0.016693948412698414 0.01732473544973545
1 0.9421106150793651 0.6149007936507936 0.01480654761904762 0.01683201058201058
2 0.9648214285714285 0.19267526455026454 0.011240079365079364 0.011455026455026456
1 0.992281746031746 0.3644907407407407 0.00669890873015873 0.011828703703703704
1 0.9919320436507936 0.37275793650793654 0.007395833333333333 0.009761904761904762
1 0.7668204365079365 0.10675925925925925 0.01445188492063492 0.020092592592592592
1 0.5857738095238095 0.09172619047619048 0.012061011904761906 0.016071428571428573
1 0.3624776785714286 0.14024801587301589 0.01337797619047619 0.01636904761904762
1 0.24485119047619047 0.1606117724867725 0.012571924603174602 0.01802579365079365
1 0.35108382936507937 0.29622354497354497 0.01834077380952381 0.019480820105820106
1 0.39519097222222227 0.34664021164021164 0.016319444444444445 0.0214021164021164
1 0.3750446428571429 0.37108465608465613 0.015600198412698413 0.018158068783068783
1 0.26506448412698413 0.3612665343915344 0.017524801587301585 0.023141534391534394
2 0.25748511904761906 0.2763690476190476 0.014637896825396826 0.018660714285714284
1 0.1252827380952381 0.4034193121693122 0.019900793650793648 0.025777116402116402
1 0.16962301587301587 0.5972387566137566 0.014851190476190476 0.01961309523809524
1 0.18513144841269843 0.5934160052910052 0.013841765873015874 0.016104497354497354
1 0.31332589285714285 0.5887202380952381 0.01670138888888889 0.020750661375661377
1 0.31964781746031745 0.6616732804232804 0.017589285714285714 0.023779761904761904
1 0.7686954365079365 0.7158564814814815 0.019908234126984125 0.023640873015873014
1 0.8276364087301588 0.4496990740740741 0.020684523809523812 0.026197089947089948
1 0.8530704365079365 0.41001322751322755 0.022941468253968252 0.0242989417989418
2 0.7617633928571428 0.29293981481481485 0.02271577380952381 0.029107142857142856
2 0.6223883928571428 0.17081349206349206 0.013467261904761904 0.01945767195767196
2 0.6354960317460318 0.17236441798941798 0.014945436507936508 0.020383597883597882
1 0.5524627976190477 0.24282407407407405 0.018291170634920636 0.025419973544973547
1 0.5358854166666667 0.24799272486772486 0.01826388888888889 0.023931878306878308
1 0.5786036706349206 0.22540343915343916 0.017896825396825397 0.020023148148148148
1 0.4721552579365079 0.21985119047619048 0.01842261904761905 0.026299603174603173
1 0.49582341269841274 0.19543320105820106 0.016242559523809524 0.02524801587301587
2 0.5766790674603175 0.11365410052910054 0.008762400793650793 0.01519510582010582
2 0.9214558531746032 0.22981481481481483 0.012276785714285714 0.014361772486772487
2 0.9884920634920634 0.43576719576719575 0.008410218253968253 0.01136574074074074
2 0.9911929563492063 0.4271395502645503 0.008454861111111113 0.009312169312169312
1 0.957328869047619 0.6122123015873016 0.015540674603174603 0.021200396825396824
1 0.946951884920635 0.5558498677248678 0.017108134920634923 0.02126984126984127
1 0.8836879960317461 0.5315906084656085 0.01546875 0.019093915343915344
1 0.664298115079365 0.2874933862433862 0.018759920634920636 0.02472883597883598
1 0.6584598214285714 0.3053571428571428 0.019575892857142858 0.022800925925925926
1 0.31292906746031746 0.27711309523809524 0.02146577380952381 0.025691137566137567
1 0.2977405753968254 0.2918584656084656 0.019871031746031748 0.021147486772486773
1 0.40919642857142857 0.26033730158730156 0.01958333333333333 0.025449735449735448
1 0.028025793650793652 0.4955621693121693 0.008303571428571428 0.01076058201058201
1 0.03276289682539683 0.5118981481481482 0.007202380952380952 0.00867063492063492
1 0.05116567460317461 0.5546031746031745 0.007879464285714285 0.009361772486772486
1 0.0562797619047619 0.5713194444444445 0.006701388888888889 0.007314814814814815
1 0.016381448412698413 0.5704332010582011 0.005208333333333333 0.009887566137566138
1 0.012279265873015872 0.565787037037037 0.0072197420634920635 0.007109788359788359
1 0.013665674603174603 0.5532142857142858 0.005652281746031746 0.007311507936507936
1 0.01808531746031746 0.552066798941799 0.005602678571428572 0.007189153439153439
1 0.012807539682539682 0.5066468253968254 0.007371031746031746 0.00871031746031746
1 0.010347222222222221 0.4909556878306879 0.006857638888888889 0.009510582010582011
1 0.05964285714285714 0.6245039682539683 0.006609623015873016 0.007966269841269842
1 0.14697916666666666 0.6065376984126984 0.010520833333333333 0.014031084656084656
1 0.1405233134920635 0.6078042328042328 0.009556051587301587 0.011498015873015873
1 0.13860863095238096 0.5779728835978836 0.012782738095238095 0.014831349206349207
1 0.14983134920634922 0.5708928571428572 0.015677083333333335 0.020945767195767198
2 0.42307787698412697 0.5296593915343916 0.01693452380952381 0.02609457671957672
2 0.4090054563492063 0.5471593915343915 0.018271329365079365 0.01856150793650794
2 0.44295882936507935 0.5126223544973545 0.01759424603174603 0.023154761904761904
2 0.4524330357142857 0.5499768518518519 0.018849206349206348 0.023280423280423283
1 0.5182886904761904 0.4603505291005291 0.019642857142857142 0.022473544973544972
1 0.5108209325396825 0.49092592592592593 0.01701140873015873 0.022480158730158732
1 0.6296701388888889 0.45852513227513225 0.014952876984126983 0.020677910052910052
1 0.004397321428571428 0.45996031746031746 0.00842013888888889 0.009847883597883599
1 0.011091269841269841 0.4771164021164021 0.006832837301587302 0.009887566137566138
2 0.00363343253968254 0.5121263227513227 0.005094246031746031 0.0077777777777777776
1 0.5573586309523809 0.03988095238095238 0.012653769841269842 0.01718253968253968