1 0.2841468253968254 0.3378703703703704 0.025808531746031746 0.03314153439153439
1 0.3469469246031746 0.09952380952380951 0.018933531746031747 0.030618386243386246
1 0.4710887896825397 0.4442030423280423 0.02171875 0.024523809523809524
1 0.6286979166666666 0.32898809523809525 0.016651785714285713 0.020965608465608465
1 0.7020858134920634 0.24008597883597882 0.023469742063492064 0.020992063492063492
1 0.36215525793650793 0.35414351851851855 0.019099702380952384 0.027466931216931216
1 0.32885416666666667 0.09736441798941799 0.01820436507936508 0.028078703703703703
1 0.9827108134920635 0.1579761904761905 0.02670634920634921 0.02488756613756614
1 0.3202529761904762 0.9687400793650793 0.020885416666666667 0.02473214285714286
1 0.5937822420634921 0.6502215608465608 0.016981646825396827 0.02273148148148148
1 0.6880753968253969 0.6942195767195768 0.014476686507936508 0.020664682539682542
1 0.375421626984127 0.7208994708994709 0.017993551587301586 0.021617063492063493
1 0.5372420634920635 0.33444444444444443 0.016416170634920634 0.017063492063492065
1 0.20502976190476188 0.2893253968253968 0.026770833333333334 0.033237433862433864
1 0.42862599206349206 0.45261574074074074 0.01626240079365079 0.02351851851851852
1 0.1758581349206349 0.2894279100529101 0.027914186507936506 0.029775132275132277
1 0.2349702380952381 0.39999007936507935 0.02265873015873016 0.028462301587301585
1 0.15434771825396826 0.3894808201058201 0.017075892857142855 0.01970238095238095
1 0.14925843253968252 0.4048082010582011 0.01740575396825397 0.014451058201058202
1 0.35516369047619045 0.5066104497354498 0.016748511904761905 0.02189484126984127
1 0.2712574404761905 0.5412037037037036 0.02298859126984127 0.035029761904761904
1 0.17011160714285714 0.5162433862433862 0.015106646825396825 0.018389550264550265
1 0.3152628968253969 0.5641898148148148 0.01642113095238095 0.02495701058201058
1 0.2934250992063492 0.5648478835978835 0.027256944444444445 0.028898809523809525
1 0.5004811507936509 0.5133961640211641 0.017075892857142855 0.022331349206349205
1 0.5182142857142857 0.5103339947089947 0.018390376984126985 0.020578703703703703
1 0.4832390873015873 0.4312962962962963 0.013464781746031745 0.01664021164021164
1 0.44005456349206346 0.4312962962962963 0.01576388888888889 0.022767857142857142
1 0.42823164682539683 0.3647420634920635 0.013792162698412698 0.020142195767195767
1 0.3939161706349206 0.34416335978835977 0.013464781746031745 0.018389550264550265
1 0.4303670634920635 0.28746031746031747 0.018717757936507935 0.02495701058201058
1 0.40606646825396825 0.25855820105820104 0.01806299603174603 0.018829365079365078
1 0.41115575396825393 0.2782638888888889 0.017075892857142855 0.026709656084656083
1 0.4256051587301587 0.2381977513227513 0.01642113095238095 0.02101851851851852
1 0.4610714285714286 0.18280753968253965 0.019047619047619046 0.02495701058201058
1 0.38652529761904764 0.20732804232804233 0.019047619047619046 0.028462301587301585
1 0.3602529761904762 0.19069113756613756 0.018390376984126985 0.025833333333333333
1 0.3449826388888889 0.17667989417989416 0.014776785714285715 0.02495701058201058
1 0.3270858134920635 0.19069113756613756 0.01576388888888889 0.02495701058201058
1 0.31641369047619045 0.22090277777777778 0.01609126984126984 0.022331349206349205
1 0.2934250992063492 0.2193716931216931 0.014122023809523808 0.017513227513227512
1 0.3128000992063492 0.1142824074074074 0.01740575396825397 0.025396825396825397
1 0.37815228174603177 0.12982804232804235 0.010838293650793652 0.021455026455026453
1 0.36600198412698415 0.119755291005291 0.015434027777777777 0.024083994708994708
1 0.4103348214285714 0.07728174603174603 0.014122023809523808 0.022331349206349205
1 0.4162450396825397 0.0459755291005291 0.015434027777777777 0.023644179894179895
1 0.317234623015873 0.13573743386243386 0.017075892857142855 0.014011243386243386
1 0.3707638888888889 0.09874007936507935 0.01576388888888889 0.02495701058201058
1 0.38209325396825394 0.08910714285714286 0.016748511904761905 0.03021164021164021
1 0.4883308531746032 0.14887566137566138 0.01248015873015873 0.018389550264550265
1 0.48488095238095236 0.1773346560846561 0.014122023809523808 0.01664021164021164
1 0.4377554563492063 0.23688492063492064 0.011165674603174604 0.02101851851851852
1 0.1957266865079365 0.2655654761904762 0.015106646825396825 0.010945767195767196
1 0.15237847222222223 0.2721329365079365 0.01970486111111111 0.017076719576719575
1 0.21805803571428573 0.35423280423280423 0.023645833333333335 0.023644179894179895
1 0.2628844246031746 0.3651785714285714 0.010838293650793652 0.014011243386243386
1 0.18882936507936507 0.8052347883597885 0.02233134920634921 0.02802248677248677
1 0.3364459325396825 0.9808201058201058 0.01740575396825397 0.025396825396825397
1 0.30902281746031746 0.9930357142857144 0.021674107142857144 0.01392526455026455
1 0.34580357142857143 0.961114417989418 0.01642113095238095 0.017513227513227512
1 0.3348040674603175 0.9201752645502645 0.02528769841269841 0.03284060846560847
1 0.38192956349206353 0.9111970899470899 0.01248015873015873 0.022767857142857142
1 0.3622247023809524 0.7995436507936509 0.02233134920634921 0.02627314814814815
1 0.4779861111111111 0.9473214285714285 0.014776785714285715 0.01970238095238095
1 0.49538938492063495 0.92192791005291 0.013464781746031745 0.01795304232804233
1 0.5459647817460317 0.867632275132275 0.02003224206349206 0.03021164021164021
1 0.5878348214285715 0.9425066137566137 0.020359623015873015 0.025833333333333333
1 0.6242881944444445 0.9560813492063492 0.013792162698412698 0.023207671957671958
1 0.6392286706349206 0.8365410052910053 0.01609126984126984 0.020578703703703703
1 0.4696106150793651 0.7211640211640212 0.02068948412698413 0.027146164021164022
1 0.5055704365079365 0.690952380952381 0.013464781746031745 0.017513227513227512
1 0.5251116071428571 0.6397222222222222 0.02101686507936508 0.029775132275132277
1 0.5934176587301587 0.7288260582010582 0.01576388888888889 0.025833333333333333
1 0.42281498015873015 0.5214980158730159 0.014122023809523808 0.020142195767195767
1 0.40475198412698415 0.5186507936507937 0.013464781746031745 0.018829365079365078
1 0.598673115079365 0.6616137566137567 0.01576388888888889 0.025396825396825397
1 0.654499007936508 0.6298710317460318 0.018390376984126985 0.026709656084656083
1 0.6387375992063492 0.6379695767195768 0.013792162698412698 0.02101851851851852
1 0.6559771825396825 0.6447585978835979 0.01609126984126984 0.011822089947089947
1 0.700639880952381 0.5184325396825397 0.01740575396825397 0.020142195767195767
1 0.7282266865079365 0.5350727513227513 0.016748511904761905 0.020142195767195767
1 0.5990004960317461 0.5144907407407407 0.015106646825396825 0.020142195767195767
1 0.6898015873015874 0.45297288359788357 0.01740575396825397 0.021455026455026453
1 0.8019518849206348 0.606223544973545 0.021674107142857144 0.01970238095238095
1 0.9136061507936507 0.48340277777777774 0.02233134920634921 0.022767857142857142
1 0.8917683531746032 0.49019179894179893 0.02659970238095238 0.021455026455026453
1 0.8485838293650793 0.44421626984126983 0.01773313492063492 0.022331349206349205
1 0.8806026785714286 0.617390873015873 0.018717757936507935 0.018389550264550265
1 0.9200099206349206 0.6727810846560847 0.018717757936507935 0.017076719576719575
1 0.8257589285714286 0.8330390211640212 0.022003968253968255 0.025833333333333333
1 0.7604092261904761 0.7877215608465609 0.01806299603174603 0.018389550264550265
1 0.7172247023809524 0.7789616402116402 0.009851190476190475 0.01576388888888889
1 0.8873338293650793 0.8339153439153439 0.0249578373015873 0.02495701058201058
1 0.7338070436507936 0.6162962962962963 0.013464781746031745 0.014451058201058202
1 0.831671626984127 0.31373015873015875 0.006897321428571428 0.00919642857142857
1 0.7745287698412698 0.273885582010582 0.016748511904761905 0.022331349206349205
1 0.729375 0.30409722222222224 0.013792162698412698 0.01795304232804233
1 0.7004761904761905 0.20820436507936507 0.011165674603174604 0.017076719576719575
1 0.6809350198412699 0.2141170634920635 0.010838293650793652 0.018389550264550265
1 0.710657242063492 0.2456415343915344 0.013134920634920635 0.02189484126984127
1 0.6962053571428571 0.22112103174603173 0.011822916666666667 0.018389550264550265
1 0.6819221230158731 0.2031712962962963 0.012807539682539682 0.012258597883597884
1 0.6477678571428572 0.23841931216931217 0.011493055555555557 0.01795304232804233
1 0.65515625 0.2570271164021164 0.011165674603174604 0.014011243386243386
1 0.6149280753968254 0.2581216931216931 0.006240079365079365 0.010069444444444443
1 0.6259300595238095 0.2692890211640212 0.007224702380952381 0.011385582010582011
1 0.6035987103174604 0.37459325396825394 0.02101686507936508 0.02495701058201058
1 0.588655753968254 0.3870734126984127 0.012807539682539682 0.01664021164021164
1 0.5944022817460318 0.39933201058201057 0.011822916666666667 0.017513227513227512
1 0.9497296626984126 0.1633234126984127 0.02233134920634921 0.022767857142857142
1 0.49259920634920634 0.32730489417989417 0.01642113095238095 0.023207671957671958
1 0.5060639880952381 0.3323412698412698 0.011165674603174604 0.017513227513227512
1 0.5196924603174603 0.3349669312169312 0.02003224206349206 0.020142195767195767
1 0.42330605158730156 0.6852612433862434 0.01970486111111111 0.022767857142857142
1 0.29687251984126983 0.9361574074074074 0.02101686507936508 0.02627314814814815
1 0.3300421626984127 0.2684126984126984 0.013134920634920635 0.017513227513227512
1 0.31772569444444443 0.2723511904761905 0.012807539682539682 0.014011243386243386
1 0.2940823412698413 0.4483730158730159 0.02068948412698413 0.02802248677248677
1 0.47962797619047615 0.48909722222222224 0.01740575396825397 0.020142195767195767
1 0.6998735119047619 0.6149305555555555 0.010922619047619047 0.012705026455026455