1 0.20832093253968256 0.7108068783068783 0.032165178571428574 0.04421626984126984
1 0.7530555555555556 0.35554232804232805 0.028970734126984126 0.04011904761904762
1 0.14564484126984129 0.7579960317460317 0.03896329365079365 0.048376322751322746
1 0.06372271825396826 0.8515178571428571 0.042167658730158736 0.046064814814814815
1 0.2544419642857143 0.05905092592592592 0.027633928571428573 0.04307208994708995
1 0.7507415674603174 0.11444775132275131 0.038623511904761904 0.05602843915343916
1 0.7663988095238095 0.4424305555555556 0.02916418650793651 0.028984788359788363
1 0.7715699404761904 0.5073048941798941 0.03066468253968254 0.0350462962962963
1 0.486656746031746 0.5968849206349206 0.022725694444444444 0.0333994708994709
1 0.18846478174603173 0.08568783068783069 0.032378472222222225 0.04598214285714286
1 0.20324156746031746 0.4441468253968254 0.03312251984126984 0.04240740740740741
1 0.8147247023809523 0.6087268518518518 0.026520337301587302 0.029044312169312168
1 0.7584970238095239 0.6457506613756614 0.02251984126984127 0.02992063492063492
1 0.8733085317460317 0.33766865079365077 0.042609126984126985 0.036911375661375666
1 0.7184275793650793 0.35489417989417993 0.027963789682539684 0.036319444444444446
1 0.8094543650793651 0.37907076719576716 0.038112599206349206 0.03840277777777778
1 0.7875992063492063 0.5841236772486773 0.027889384920634922 0.0249239417989418
1 0.7845659722222222 0.6436937830687831 0.021158234126984126 0.029037698412698414
1 0.8889384920634921 0.29415343915343917 0.038211805555555554 0.033167989417989416
1 0.23825892857142855 0.4342328042328042 0.03101686507936508 0.037070105820105816
1 0.2652480158730159 0.09610449735449736 0.0240203373015873 0.02708664021164021
1 0.24036210317460316 0.47689153439153437 0.03297867063492063 0.036736111111111115
1 0.8300248015873015 0.31498346560846563 0.028975694444444443 0.03242063492063492
1 0.4663244047619048 0.571306216931217 0.022663690476190476 0.029775132275132277
1 0.22750248015873015 0.8375363756613756 0.028953373015873016 0.03878968253968254
1 0.6347222222222222 0.28588955026455026 0.02156001984126984 0.027688492063492064
1 0.48346478174603175 0.15938161375661378 0.020245535714285712 0.03081679894179894
1 0.20290674603174602 0.12330687830687831 0.02537202380952381 0.03388227513227513
1 0.03583333333333333 0.944487433862434 0.03843005952380952 0.047086640211640204
1 0.07184027777777778 0.9680291005291006 0.040508432539682546 0.05447089947089947
1 0.22279265873015872 0.9837235449735451 0.01904265873015873 0.0276984126984127
1 0.17068700396825398 0.37853174603174605 0.031160714285714285 0.028621031746031745
1 0.1940550595238095 0.3259093915343915 0.028735119047619048 0.033237433862433864
1 0.22521577380952382 0.29474867724867726 0.03150545634920635 0.03646825396825397
1 0.12394593253968254 0.26866732804232807 0.02631200396825397 0.029543650793650796
1 0.2686656746031746 0.2559722222222222 0.02008184523809524 0.027235449735449734
1 0.17674603174603173 0.10571097883597884 0.0204265873015873 0.0276984126984127
1 0.3204265873015873 0.4480092592592593 0.027351190476190477 0.0327744708994709
1 0.2698139880952381 0.5150826719576719 0.021339285714285717 0.023839285714285716
1 0.22732886904761906 0.7097619047619048 0.016726190476190474 0.034861111111111114
1 0.183015873015873 0.7470568783068783 0.033449900793650796 0.0305026455026455
1 0.5585515873015873 0.9038492063492063 0.02127728174603175 0.0269510582010582
1 0.6504017857142858 0.816845238095238 0.021986607142857145 0.028842592592592593
1 0.4636855158730159 0.5972056878306878 0.021631944444444443 0.0264781746031746
1 0.5131572420634921 0.5910615079365079 0.023405257936507936 0.018915343915343916
1 0.5993353174603174 0.4572453703703704 0.023405257936507936 0.03688161375661376
1 0.5268105158730159 0.2094708994708995 0.023759920634920634 0.033098544973544974
1 0.506421130952381 0.23382275132275135 0.021986607142857145 0.027896825396825396
1 0.4656374007936508 0.22933201058201058 0.01347718253968254 0.02080687830687831
1 0.5993353174603174 0.05721560846560847 0.018439980158730156 0.03688161375661376
1 0.677532242063492 0.27637896825396824 0.02730654761904762 0.03830026455026455
1 0.6929588293650795 0.3087698412698413 0.028370535714285713 0.03404431216931217
1 0.6621056547619047 0.31397156084656086 0.026242559523809526 0.028369708994708996
1 0.7906597222222222 0.612337962962963 0.025887896825396824 0.029315476190476194
1 0.8447420634920635 0.3281580687830688 0.02127728174603175 0.04161044973544974
1 0.8961656746031746 0.31657076719576716 0.0326264880952381 0.028842592592592593
1 0.7108680555555555 0.7582109788359788 0.021631944444444443 0.036408730158730154
1 0.6654737103174603 0.7466269841269841 0.020213293650793652 0.02458664021164021
1 0.3942361111111111 0.6879431216931218 0.022150297619047618 0.023571428571428573
1 0.38188244047619047 0.7309656084656084 0.017465277777777777 0.019312169312169312