1 0.7225570436507937 0.3313756613756614 0.037601686507936515 0.04576388888888888
1 0.64984375 0.8501818783068782 0.030128968253968255 0.038290343915343916
2 0.4205257936507936 0.2576190476190476 0.03691468253968254 0.04916666666666667
1 0.4611706349206349 0.35664021164021165 0.028737599206349208 0.042949735449735446
1 0.41695684523809523 0.3992956349206349 0.03201636904761905 0.03200727513227514
2 0.28467757936507937 0.44277777777777777 0.027678571428571427 0.028214285714285713
1 0.6602058531746031 0.8165740740740741 0.027202380952380954 0.03336309523809524
1 0.6496006944444445 0.5869874338624338 0.03543898809523809 0.039421296296296295
2 0.3967609126984127 0.2953042328042328 0.03960565476190476 0.03940145502645503
1 0.48953373015873014 0.35932539682539677 0.025009920634920635 0.042615740740740746
1 0.6012152777777777 0.5072123015873016 0.0244171626984127 0.03611772486772487
1 0.8144766865079365 0.3218320105820106 0.031684027777777776 0.024755291005291006
1 0.6041319444444445 0.4562169312169312 0.026986607142857142 0.037972883597883596
2 0.15582589285714285 0.20077050264550264 0.029945436507936508 0.03405092592592593
2 0.20481398809523807 0.043607804232804234 0.03311507936507937 0.03786044973544973
2 0.4233482142857143 0.306114417989418 0.03619543650793651 0.03955357142857143
1 0.9232837301587301 0.7026223544973546 0.03791666666666667 0.029477513227513227
1 0.8633209325396825 0.6474636243386244 0.02194940476190476 0.025006613756613758
2 0.33642113095238096 0.8890079365079365 0.02351934523809524 0.031031746031746032
1 0.5788814484126985 0.4407208994708995 0.0272594246031746 0.04480489417989418
2 0.27375 0.24821428571428572 0.025017361111111112 0.028310185185185185
1 0.3173983134920635 0.4722123015873016 0.020749007936507937 0.023581349206349207
1 0.6518874007936507 0.836875 0.03105902777777778 0.04890542328042328
2 0.8112127976190476 0.35423280423280423 0.028095238095238097 0.023379629629629632
1 0.4307217261904762 0.21105158730158732 0.027405753968253968 0.035036375661375664
2 0.8804265873015873 0.2087698412698413 0.02283234126984127 0.030529100529100527
1 0.3851364087301587 0.24534391534391534 0.03173611111111111 0.04814484126984127
2 0.988390376984127 0.7157473544973545 0.023219246031746032 0.025515873015873016
1 0.8692261904761904 0.43459656084656084 0.026490575396825398 0.023905423280423284
1 0.4722594246031746 0.3533531746031746 0.03468501984126984 0.044269179894179896
1 0.32656001984126987 0.4606646825396825 0.020086805555555556 0.024639550264550267
1 0.13467261904761904 0.531547619047619 0.02032738095238095 0.020360449735449735
1 0.16686011904761905 0.5264318783068783 0.019248511904761904 0.02129298941798942
1 0.24255208333333333 0.531547619047619 0.01771329365079365 0.020360449735449735
1 0.4269593253968254 0.816167328042328 0.02091517857142857 0.03332010582010582
1 0.5180208333333333 0.8370006613756614 0.02786458333333333 0.03312830687830688
1 0.4360664682539683 0.8626355820105821 0.025205853174603172 0.030443121693121696
1 0.6122916666666667 0.549619708994709 0.031879960317460314 0.03976190476190476
1 0.5720411706349205 0.5124603174603175 0.029246031746031746 0.04171957671957672
1 0.8769717261904761 0.3064550264550265 0.018174603174603173 0.02505952380952381
1 0.8898784722222222 0.33221891534391534 0.021592261904761906 0.027288359788359785
1 0.9118353174603174 0.287744708994709 0.024424603174603175 0.021130952380952382
2 0.8697048611111111 0.224973544973545 0.021081349206349208 0.026752645502645504
2 0.9878571428571429 0.3501488095238095 0.00982390873015873 0.011984126984126984
2 0.5349057539682539 0.565595238095238 0.02683779761904762 0.03729166666666667
2 0.21010664682539681 0.5527314814814815 0.02136160714285714 0.02180224867724868
2 0.177296626984127 0.5713657407407408 0.015577876984126984 0.022787698412698412
2 0.3714831349206349 0.28848544973544976 0.01673611111111111 0.02540343915343915
2 0.9794171626984127 0.3438723544973545 0.009578373015873016 0.012457010582010583
2 0.9398462301587301 0.4045403439153439 0.008167162698412698 0.012863756613756614
1 0.7210515873015874 0.38336970899470896 0.02575644841269841 0.03284391534391534
1 0.7412053571428572 0.3471660052910053 0.02033234126984127 0.03496031746031746
1 0.7210119047619047 0.35155753968253967 0.030907738095238096 0.035476190476190474
1 0.8293402777777777 0.3394378306878307 0.01988095238095238 0.028703703703703703
1 0.780952380952381 0.25453373015873015 0.023866567460317463 0.027268518518518515
1 0.8617385912698413 0.31231812169312173 0.018407738095238095 0.02748346560846561
1 0.8400744047619048 0.4150330687830688 0.02531001984126984 0.0347718253968254
1 0.9608407738095238 0.37818121693121687 0.010099206349206349 0.011299603174603176
1 0.9615972222222222 0.3675826719576719 0.01001736111111111 0.008713624338624338
1 0.9434201388888889 0.3649239417989418 0.010838293650793652 0.009904100529100528
1 0.9224727182539683 0.268587962962963 0.017800099206349205 0.022817460317460316
1 0.9568501984126984 0.1671329365079365 0.016021825396825395 0.018974867724867724
1 0.7383184523809524 0.6092791005291005 0.02540922619047619 0.03163690476190476
1 0.6902777777777778 0.6925099206349207 0.023115079365079366 0.03251984126984127
1 0.7744295634920635 0.8314451058201058 0.020302579365079364 0.029090608465608465
1 0.7649751984126985 0.8503306878306879 0.021359126984126984 0.02618716931216931
1 0.7545535714285715 0.8787037037037037 0.021867559523809525 0.029487433862433864
1 0.7196254960317461 0.5444312169312169 0.0244593253968254 0.03608465608465609
1 0.7353968253968254 0.507175925925926 0.022113095238095237 0.026650132275132275
1 0.2915277777777778 0.09537367724867726 0.020947420634920635 0.029262566137566136
1 0.30630704365079364 0.1125 0.018777281746031743 0.023422619047619046
1 0.3126860119047619 0.1353240740740741 0.016044146825396826 0.024910714285714286
1 0.5869171626984127 0.6473974867724868 0.02318452380952381 0.03007275132275132
1 0.8884771825396826 0.7136574074074074 0.027383432539682537 0.0323181216931217
1 0.86390625 0.7124636243386243 0.021817956349206347 0.027605820105820106
1 0.8356101190476191 0.2481845238095238 0.016473214285714285 0.018802910052910054
1 0.7825942460317461 0.28111111111111114 0.017919146825396824 0.020747354497354497
1 0.38971478174603175 0.5158267195767196 0.02681299603174603 0.03446759259259259
1 0.36593998015873014 0.5639318783068783 0.023581349206349207 0.029560185185185186
1 0.6424404761904763 0.11558862433862435 0.019459325396825395 0.027764550264550263
2 0.3084623015873016 0.35877314814814815 0.027628968253968256 0.031292989417989414