1 0.17640625 0.6977215608465608 0.026609623015873017 0.03625330687830688
1 0.6799652777777777 0.482635582010582 0.026850198412698412 0.033759920634920636
1 0.8704117063492064 0.317390873015873 0.03577876984126984 0.03843915343915344
1 0.7526984126984128 0.4496626984126984 0.03547867063492064 0.03572751322751323
1 0.33642113095238096 0.7072156084656084 0.023799603174603175 0.0335515873015873
1 0.8154613095238096 0.6979794973544974 0.02834573412698413 0.032728174603174606
1 0.016083829365079363 0.44402116402116404 0.03155257936507937 0.02755621693121693
1 0.6491443452380952 0.5047354497354497 0.024017857142857143 0.034715608465608463
1 0.6111656746031745 0.3358994708994709 0.023407738095238093 0.02972883597883598
1 0.521125992063492 0.41901455026455026 0.022752976190476188 0.03238425925925926
1 0.7873933531746031 0.4819708994708995 0.03145089285714286 0.035416666666666666
1 0.27356646825396824 0.4673181216931217 0.01777529761904762 0.020297619047619047
1 0.0475719246031746 0.40741402116402115 0.037661210317460315 0.028171296296296295
1 0.16319692460317461 0.7389318783068783 0.027073412698412697 0.03343253968253968
1 0.09783482142857143 0.480651455026455 0.031875 0.028468915343915345
1 0.8937400793650794 0.28895502645502646 0.028095238095238097 0.032367724867724865
1 0.009717261904761904 0.48711970899470897 0.019437003968253968 0.02968915343915344
1 0.22115079365079363 0.41119378306878307 0.026277281746031746 0.022566137566137564
1 0.578015873015873 0.34546957671957673 0.024248511904761905 0.03367724867724868
1 0.24817212301587302 0.307390873015873 0.027743055555555556 0.026984126984126982
2 0.5642857142857143 0.24988425925925925 0.02047123015873016 0.02625661375661376
1 0.5958407738095237 0.3790674603174603 0.02769593253968254 0.027824074074074074
1 0.7812301587301588 0.24627976190476192 0.024615575396825396 0.03795634920634921
1 0.37339037698412697 0.3701686507936508 0.023717757936507936 0.02681878306878307
1 0.30837301587301585 0.320218253968254 0.023390376984126986 0.026121031746031743
1 0.7794022817460318 0.7047156084656084 0.028125 0.030515873015873017
1 0.3512797619047619 0.8306150793650794 0.026721230158730156 0.035591931216931216
1 0.24449156746031744 0.2016335978835979 0.022780257936507935 0.02561838624338624
1 0.534186507936508 0.19140873015873017 0.02603670634920635 0.03481150793650793
1 0.13828125 0.6909027777777778 0.01902777777777778 0.023075396825396825
1 0.10543402777777779 0.5199206349206349 0.025136408730158728 0.02578373015873016
1 0.6251240079365079 0.08287037037037037 0.018874007936507935 0.025433201058201058
1 0.26191220238095236 0.26327050264550267 0.024893353174603176 0.023888888888888887
1 0.20803571428571427 0.44858796296296294 0.022368551587301586 0.022394179894179893
1 0.570873015873016 0.27975198412698415 0.02243799603174603 0.029603174603174603
1 0.3949107142857143 0.2632010582010582 0.023340773809523808 0.02396825396825397
1 0.42185019841269844 0.6508597883597884 0.018075396825396824 0.02126984126984127
1 0.37578621031746035 0.8250925925925926 0.022450396825396825 0.030945767195767197
1 0.3658854166666667 0.8626421957671958 0.021292162698412696 0.03123346560846561
1 0.8426860119047619 0.6175462962962963 0.03368055555555556 0.03119708994708995
1 0.26350694444444445 0.4361640211640212 0.01951388888888889 0.01988095238095238
1 0.4407589285714286 0.541415343915344 0.013625992063492062 0.01875330687830688
1 0.2722867063492063 0.5061970899470899 0.020520833333333332 0.025906084656084658
1 0.8531299603174604 0.581114417989418 0.026349206349206348 0.03293981481481482
1 0.5121205357142857 0.16954034391534392 0.023978174603174605 0.03083664021164021
1 0.3036582341269841 0.2677579365079365 0.01826388888888889 0.02198743386243386
1 0.23061259920634922 0.22023809523809523 0.017854662698412696 0.026107804232804233
1 0.08340277777777777 0.5063525132275133 0.026698908730158732 0.02721230158730159
1 0.39680059523809524 0.4925231481481482 0.018142361111111113 0.019110449735449734
1 0.14265128968253968 0.7586210317460318 0.017509920634920635 0.02577050264550265
1 0.8155729166666666 0.7672387566137566 0.025721726190476187 0.028713624338624337
1 0.2577455357142857 0.16033068783068782 0.01565972222222222 0.016822089947089947
1 0.27118799603174604 0.39311507936507933 0.020989583333333332 0.024950396825396827
1 0.39822420634920636 0.40552248677248676 0.02330109126984127 0.022989417989417987
1 0.7654092261904762 0.6473511904761905 0.020815972222222225 0.023865740740740743
1 0.5713740079365079 0.04061507936507936 0.017802579365079365 0.03124669312169312
1 0.5231101190476191 0.009675925925925926 0.015575396825396824 0.019351851851851853
1 0.46958581349206346 0.015916005291005293 0.015520833333333333 0.018968253968253967
1 0.47842757936507935 0.06879298941798942 0.01597470238095238 0.024477513227513226
1 0.4443303571428571 0.10032407407407408 0.017762896825396828 0.02551256613756614
1 0.44614335317460313 0.13028439153439153 0.014134424603174604 0.021223544973544974
1 0.6405183531746033 0.007863756613756614 0.01826636904761905 0.01572420634920635
1 0.6376388888888889 0.017215608465608465 0.01794642857142857 0.022328042328042325
1 0.716279761904762 0.04318452380952381 0.016996527777777777 0.027314814814814813
1 0.7485863095238096 0.06522486772486773 0.019506448412698413 0.03040343915343915
1 0.6928174603174603 0.03481150793650793 0.022217261904761903 0.028343253968253965
1 0.8642733134920635 0.18104166666666668 0.019657738095238096 0.023710317460317463
1 0.8309697420634921 0.1988392857142857 0.020151289682539684 0.027744708994708996
1 0.8037425595238096 0.19475529100529101 0.018288690476190476 0.02502314814814815
1 0.8075520833333334 0.2096296296296296 0.02046626984126984 0.026488095238095238
1 0.712859623015873 0.14363425925925927 0.021495535714285714 0.030515873015873017
1 0.7102058531746033 0.16754960317460318 0.02642857142857143 0.031064814814814812
1 0.7270287698412699 0.20249669312169313 0.028072916666666666 0.03615079365079365
1 0.6756770833333333 0.21174603174603177 0.028382936507936506 0.03941798941798942
1 0.6696701388888889 0.2751719576719577 0.025890376984126984 0.03350198412698413
1 0.7155109126984127 0.3394708994708995 0.024987599206349208 0.029332010582010584
1 0.7249652777777778 0.4185152116402116 0.024853670634920635 0.03180224867724868
1 0.5494965277777778 0.3471990740740741 0.016666666666666666 0.020846560846560846
1 0.5307490079365079 0.2750363756613757 0.013578869047619048 0.02125661375661376
1 0.5205927579365079 0.24238425925925927 0.01326140873015873 0.02125
1 0.5418105158730159 0.23993716931216932 0.011401289682539683 0.020102513227513226
1 0.49740079365079365 0.2271792328042328 0.013122519841269841 0.020221560846560845
1 0.509280753968254 0.22252314814814814 0.01058531746031746 0.01743716931216931
1 0.44548611111111114 0.22022486772486774 0.010848214285714286 0.017195767195767195
1 0.5329017857142857 0.10961970899470899 0.02196676587301587 0.03310185185185185
1 0.6093477182539683 0.13976190476190475 0.02755704365079365 0.03691468253968254
1 0.6473412698412698 0.07276785714285715 0.020679563492063492 0.026987433862433862
1 0.7357093253968254 0.12458333333333334 0.019774305555555555 0.03485449735449735
1 0.7380233134920635 0.25953703703703707 0.020773809523809524 0.0261739417989418
1 0.6932490079365079 0.2504695767195767 0.024620535714285713 0.029798280423280425
1 0.8163020833333333 0.616362433862434 0.02396577380952381 0.03246031746031746
1 0.7381374007936509 0.6036640211640212 0.02462797619047619 0.027622354497354496
1 0.7305877976190476 0.5860085978835978 0.024037698412698413 0.02906746031746032
1 0.7482911706349207 0.6594411375661376 0.01853422619047619 0.02611772486772487
1 0.5300223214285714 0.36375992063492063 0.0162078373015873 0.018058862433862434
1 0.5527628968253968 0.19428902116402116 0.018387896825396825 0.030615079365079366
1 0.9230133928571429 0.6810449735449735 0.025421626984126984 0.02796957671957672
1 0.924985119047619 0.7169874338624339 0.02392361111111111 0.03106150793650794
1 0.9644320436507937 0.7575595238095238 0.02665178571428571 0.029735449735449736
1 0.9514409722222222 0.8349537037037037 0.030592757936507935 0.03337962962962963
1 0.9097296626984127 0.951193783068783 0.024241071428571428 0.031888227513227514
1 0.9002752976190476 0.8365542328042327 0.024375 0.027754629629629633
1 0.8692162698412698 0.9437268518518518 0.021195436507936507 0.029890873015873017
1 0.8236954365079365 0.8594411375661375 0.020828373015873015 0.026732804232804233
1 0.9162127976190476 0.8028769841269842 0.022698412698412697 0.027387566137566134
1 0.8483581349206349 0.684672619047619 0.01870535714285714 0.024341931216931217
1 0.7415054563492064 0.8341005291005291 0.015575396825396824 0.022843915343915343
1 0.7263169642857144 0.795978835978836 0.017844742063492063 0.021689814814814815
1 0.7341840277777778 0.8133895502645503 0.01783978174603175 0.01951388888888889
1 0.6856696428571428 0.7767791005291005 0.017832341269841272 0.02138227513227513
1 0.6336879960317461 0.7945568783068783 0.015409226190476192 0.02210978835978836
1 0.7525694444444445 0.711848544973545 0.012899305555555554 0.01835978835978836
1 0.6857614087301587 0.6330390211640211 0.013479662698412699 0.020109126984126986
1 0.5372991071428571 0.5943220899470899 0.015255456349206348 0.021028439153439153
1 0.5377752976190476 0.5556547619047619 0.014303075396825397 0.018541666666666668
1 0.5017534722222222 0.6129761904761906 0.0133953373015873 0.02242063492063492
1 0.489375 0.6225595238095237 0.01408234126984127 0.016557539682539684
1 0.48293650793650794 0.5647255291005291 0.014265873015873017 0.017334656084656085
1 0.45094990079365077 0.58192791005291 0.01476686507936508 0.018002645502645503
1 0.4634399801587301 0.49606812169312164 0.014268353174603175 0.020406746031746033
1 0.47493303571428575 0.4731613756613756 0.012135416666666666 0.016048280423280423
1 0.43278025793650793 0.4226256613756614 0.012333829365079364 0.017255291005291006
1 0.7096626984126985 0.1029265873015873 0.016473214285714285 0.021306216931216933
1 0.3629985119047619 0.569236111111111 0.016904761904761905 0.021094576719576718
1 0.37830109126984124 0.5592228835978835 0.01695684523809524 0.02158399470899471
1 0.20036954365079365 0.513829365079365 0.019709821428571427 0.023584656084656083
1 0.18128224206349206 0.473912037037037 0.01683779761904762 0.020919312169312167
1 0.12639632936507936 0.4429298941798942 0.02501240079365079 0.026352513227513228
1 0.04034474206349206 0.49266865079365074 0.02914186507936508 0.031084656084656083
1 0.11156498015873015 0.7452546296296296 0.01857142857142857 0.02148478835978836
1 0.22681547619047618 0.8231448412698413 0.024387400793650794 0.02488756613756614
1 0.1305282738095238 0.7541170634920634 0.01349454365079365 0.018700396825396825
1 0.27007440476190475 0.535380291005291 0.020066964285714285 0.02273478835978836
1 0.2846875 0.5463690476190476 0.017294146825396827 0.019209656084656086
1 0.2654365079365079 0.5219477513227513 0.019580853174603174 0.020287698412698413
1 0.2403050595238095 0.4446130952380952 0.016939484126984126 0.021904761904761903
1 0.25261656746031746 0.4299867724867725 0.01592013888888889 0.022933201058201055
1 0.2731696428571429 0.42936177248677254 0.01623263888888889 0.01875330687830688
1 0.1175248015873016 0.3643783068783069 0.017524801587301585 0.01967261904761905
1 0.11217261904761903 0.2855787037037037 0.01927579365079365 0.024219576719576717
1 0.12316220238095238 0.2989021164021164 0.017351190476190475 0.02253968253968254
1 0.13899305555555555 0.30400132275132274 0.016458333333333332 0.02101851851851852
1 0.1805233134920635 0.29670304232804234 0.020575396825396823 0.02693452380952381
1 0.16058035714285715 0.3048445767195767 0.020124007936507936 0.023680555555555555
1 0.12037450396825397 0.3116534391534392 0.01589781746031746 0.018743386243386242
1 0.10547867063492064 0.37105820105820103 0.01720238095238095 0.018382936507936508
1 0.3798263888888889 0.1566170634920635 0.011004464285714286 0.018310185185185183
1 0.2960739087301587 0.254348544973545 0.017120535714285713 0.020367063492063492
1 0.3769618055555556 0.3284457671957672 0.019191468253968252 0.023998015873015872
1 0.6422718253968254 0.678614417989418 0.012817460317460318 0.016164021164021165
1 0.7843501984126984 0.8444510582010581 0.017296626984126984 0.017688492063492066
1 0.860984623015873 0.39482804232804236 0.026669146825396825 0.03564153439153439
1 0.8563616071428571 0.22665343915343913 0.0219890873015873 0.02651455026455027
1 0.1293452380952381 0.7874867724867726 0.01699156746031746 0.019990079365079367
1 0.018325892857142857 0.7910383597883598 0.01765873015873016 0.018310185185185183
1 0.09564980158730159 0.5823346560846561 0.011135912698412699 0.015056216931216932
1 0.1110515873015873 0.6227380952380953 0.010443948412698413 0.016746031746031745
2 0.45359375 0.9239517195767196 0.008276289682539682 0.014431216931216932