1 0.09233878968253968 0.28886574074074073 0.034893353174603174 0.03917989417989418
1 0.22969742063492063 0.5887268518518518 0.03605158730158731 0.04645502645502645
1 0.2219717261904762 0.7775892857142856 0.0324280753968254 0.040674603174603176
1 0.7909598214285715 0.5008531746031746 0.04055555555555556 0.05728174603174603
1 0.452219742063492 0.4709126984126984 0.032718253968253966 0.04124007936507936
1 0.5737103174603174 0.41260582010582014 0.03401785714285714 0.051722883597883594
1 0.17678819444444444 0.43193121693121694 0.034337797619047615 0.042129629629629635
1 0.5407936507936508 0.4004199735449735 0.031009424603174605 0.03999669312169312
1 0.28303819444444445 0.25235449735449733 0.027383432539682537 0.03251984126984127
1 0.7347569444444444 0.23865079365079364 0.03985615079365079 0.05037367724867725
1 0.551609623015873 0.32287367724867727 0.03239831349206349 0.042605820105820105
1 0.6706374007936509 0.678693783068783 0.03867807539682539 0.05139550264550264
1 0.6405778769841269 0.6745337301587302 0.040042162698412695 0.0514484126984127
1 0.8062053571428571 0.5844907407407407 0.030565476190476188 0.036944444444444446
1 0.7241493055555556 0.03714616402116402 0.03979662698412698 0.056679894179894184
1 0.09314236111111111 0.32472222222222225 0.033549107142857144 0.03741071428571428
1 0.2618948412698413 0.4819808201058201 0.03058531746031746 0.041230158730158735
1 0.3437127976190476 0.46381613756613754 0.02066468253968254 0.030013227513227516
1 0.20517857142857143 0.40587632275132274 0.026336805555555554 0.033306878306878306
1 0.13109126984126981 0.4976421957671957 0.03270089285714286 0.03999007936507937
1 0.19909474206349206 0.4294675925925926 0.02734126984126984 0.03868386243386244
1 0.4572123015873016 0.68567791005291 0.031220238095238093 0.03931878306878307
1 0.5166666666666666 0.7897453703703704 0.030126488095238095 0.049312169312169314
1 0.6062896825396825 0.40200727513227513 0.03380952380952381 0.042781084656084656
1 0.5679712301587302 0.33129298941798946 0.029233630952380952 0.04749007936507937
1 0.6149528769841269 0.274401455026455 0.035513392857142854 0.04721560846560847
1 0.6417733134920636 0.2913392857142857 0.031153273809523808 0.04506613756613757
1 0.20426339285714287 0.31343584656084655 0.02673859126984127 0.030806878306878307
1 0.5406547619047619 0.4709126984126984 0.02882936507936508 0.03801587301587302
1 0.27644841269841275 0.2968617724867725 0.027051091269841267 0.03088293650793651
1 0.02136656746031746 0.5444775132275133 0.012631448412698412 0.016984126984126983
1 0.07011656746031746 0.5056977513227513 0.011453373015873016 0.015297619047619048