1 0.7945262896825397 0.6934523809523809 0.01953373015873016 0.025142195767195768
1 0.5202752976190477 0.7056283068783069 0.01632440476190476 0.023604497354497354
1 0.4451984126984127 0.6423511904761905 0.01685267857142857 0.022572751322751324
1 0.2993377976190476 0.6775000000000001 0.014422123015873015 0.01873015873015873
1 0.32556299603174604 0.6314550264550265 0.015173611111111112 0.020912698412698414
1 0.6046552579365079 0.3972916666666667 0.014298115079365079 0.020221560846560845
1 0.5775 0.5486607142857143 0.016061507936507936 0.023597883597883597
1 0.6851587301587302 0.42190806878306875 0.016537698412698414 0.02138558201058201
1 0.12142857142857143 0.4793551587301587 0.01659474206349206 0.01631283068783069
1 0.6295957341269842 0.7340608465608466 0.01947916666666667 0.021580687830687832
1 0.7673685515873017 0.7276686507936507 0.01901041666666667 0.021458333333333333
1 0.5616542658730159 0.5644973544973545 0.016768353174603175 0.025171957671957672
1 0.34724950396825394 0.6090079365079365 0.015074404761904763 0.017407407407407406
1 0.27401785714285715 0.6509986772486772 0.014469246031746033 0.021144179894179892
1 0.406453373015873 0.6465376984126985 0.014965277777777779 0.019556878306878307
1 0.17024057539682538 0.4526653439153439 0.012847222222222222 0.016041666666666666
1 0.2823611111111111 0.32008597883597883 0.011976686507936507 0.014996693121693123
1 0.48355902777777776 0.5315641534391534 0.01849454365079365 0.02541005291005291
1 0.2505084325396825 0.37817460317460316 0.013435019841269841 0.013581349206349206
1 0.5753298611111111 0.35599867724867723 0.011892361111111112 0.01794642857142857
1 0.3358234126984127 0.5821164021164021 0.015029761904761905 0.019537037037037037
1 0.595344742063492 0.38733465608465606 0.013425099206349206 0.0162962962962963
1 0.5357093253968254 0.48224537037037035 0.013700396825396826 0.024394841269841268
1 0.8295634920634921 0.7571891534391534 0.018407738095238095 0.019097222222222224
1 0.6120709325396825 0.7189814814814814 0.015625 0.02222883597883598
1 0.750922619047619 0.5632705026455026 0.0159796626984127 0.019715608465608464
1 0.6460044642857143 0.6766798941798942 0.009166666666666667 0.015089285714285715
1 0.5815054563492064 0.587473544973545 0.013125000000000001 0.015830026455026455
1 0.8244940476190477 0.2832771164021164 0.009340277777777777 0.014527116402116402
1 0.6222842261904762 0.7136904761904761 0.013154761904761905 0.01650132275132275
1 0.42759920634920634 0.7658862433862433 0.01560763888888889 0.02050595238095238
1 0.22456349206349208 0.6199338624338625 0.010562996031746033 0.014265873015873017
1 0.2348983134920635 0.6988293650793651 0.013921130952380952 0.015572089947089949
1 0.6614632936507936 0.46453042328042327 0.016205357142857143 0.02183862433862434
1 0.705952380952381 0.5973280423280423 0.017862103174603173 0.01839616402116402
1 0.5407217261904762 0.34034722222222225 0.013970734126984127 0.01453373015873016
1 0.6389781746031746 0.6701818783068784 0.016061507936507936 0.020095899470899473
1 0.15807539682539684 0.4841798941798942 0.016460813492063492 0.015052910052910054
1 0.5401314484126984 0.666795634920635 0.01603670634920635 0.024074074074074074
1 0.5432366071428572 0.28467592592592594 0.012566964285714285 0.021550925925925925
1 0.2795064484126984 0.8848181216931217 0.010592757936507937 0.013389550264550265
1 0.12052579365079365 0.4416732804232804 0.01505704365079365 0.014818121693121694
1 0.557063492063492 0.1712962962962963 0.013588789682539683 0.01794973544973545
1 0.10563988095238096 0.365952380952381 0.00956845238095238 0.013234126984126985
1 0.6055555555555555 0.29253968253968254 0.012666170634920634 0.019765211640211642
1 0.19418650793650793 0.34411706349206345 0.01363095238095238 0.015598544973544974
1 0.10224950396825397 0.40658068783068785 0.008940972222222222 0.012291666666666668
1 0.11803571428571429 0.38590608465608467 0.011453373015873016 0.012665343915343914
1 0.15741567460317463 0.3539814814814815 0.012750496031746031 0.01683531746031746
1 0.17782738095238096 0.38610119047619046 0.012872023809523809 0.01601851851851852
1 0.18757440476190476 0.36346230158730153 0.012259424603174604 0.01683531746031746
1 0.15140873015873016 0.3992592592592592 0.011768353174603176 0.015856481481481482
1 0.22705109126984127 0.3583928571428571 0.010788690476190476 0.015201719576719576
1 0.2156498015873016 0.35128306878306875 0.00931795634920635 0.014712301587301588
1 0.21399553571428573 0.36256283068783074 0.010421626984126985 0.0088260582010582
1 0.2108060515873016 0.40539021164021166 0.00796875 0.007847222222222222
1 0.12658234126984128 0.4200198412698413 0.008214285714285714 0.008664021164021164
1 0.14074156746031746 0.412337962962963 0.011768353174603176 0.007030423280423281
1 0.1406200396825397 0.40105820105820106 0.008090277777777778 0.011279761904761905
1 0.16593501984126982 0.4687334656084656 0.010667162698412698 0.012913359788359788
1 0.14349950396825398 0.8342361111111111 0.010667162698412698 0.016511243386243386
1 0.19824156746031746 0.8740410052910053 0.013973214285714287 0.015039682539682539
1 0.2545758928571429 0.8817228835978835 0.010667162698412698 0.01634589947089947
1 0.2676934523809524 0.8486210317460318 0.012137896825396824 0.01716269841269841
1 0.30275793650793653 0.8912037037037037 0.013854166666666666 0.01863425925925926
1 0.3266617063492063 0.8887533068783069 0.011155753968253967 0.015367063492063491
1 0.30520585317460314 0.8311309523809525 0.011892361111111112 0.01683531746031746
1 0.3392286706349206 0.8422453703703703 0.010788690476190476 0.016183862433862432
1 0.3550421626984127 0.8603902116402117 0.011034226190476192 0.015856481481481482
1 0.26824404761904763 0.8093088624338624 0.014221230158730159 0.01863425925925926
1 0.25537202380952384 0.7659093915343915 0.010052083333333333 0.01683531746031746
1 0.2196329365079365 0.7405720899470899 0.013117559523809524 0.018799603174603174
1 0.19897569444444443 0.7123743386243385 0.014466765873015873 0.017328042328042328
1 0.1620138888888889 0.8420833333333333 0.011892361111111112 0.014874338624338623
1 0.4159126984126984 0.8420006613756614 0.012872023809523809 0.019616402116402115
1 0.47990823412698413 0.8590013227513227 0.015570436507936509 0.021904761904761903
1 0.46899801587301587 0.8787797619047618 0.010910218253968254 0.02125
1 0.43816468253968255 0.8825396825396826 0.014957837301587302 0.016673280423280423
1 0.435406746031746 0.8303968253968254 0.013363095238095238 0.019616402116402115
1 0.4403720238095238 0.8623511904761905 0.009563492063492064 0.019123677248677248
1 0.39617559523809526 0.7960681216931217 0.012137896825396824 0.01634589947089947
1 0.40868055555555555 0.7985185185185184 0.010421626984126985 0.01634589947089947
1 0.4134002976190476 0.8094708994708996 0.010297619047619049 0.020922619047619048
1 0.4206324404761905 0.8609623015873017 0.006619543650793651 0.007519841269841269
1 0.488000992063492 0.7780059523809524 0.009439484126984128 0.01324074074074074
1 0.38483382936507937 0.7535681216931217 0.010052083333333333 0.010787037037037036
1 0.4126016865079365 0.7341137566137567 0.01017609126984127 0.014057539682539682
1 0.41989831349206347 0.7163789682539682 0.01765376984126984 0.0230489417989418
1 0.42945932539682535 0.6965178571428572 0.010788690476190476 0.013078703703703703
1 0.39684771825396825 0.6892460317460318 0.011768353174603176 0.022066798941798943
1 0.40868055555555555 0.6908796296296296 0.015079365079365078 0.01552910052910053
1 0.4309300595238095 0.6332572751322751 0.012750496031746031 0.024847883597883598
1 0.46102926587301585 0.6511574074074074 0.010667162698412698 0.02173941798941799
1 0.42498511904761904 0.5516071428571429 0.016061507936507936 0.0194510582010582
1 0.43804067460317464 0.5718783068783069 0.008581349206349207 0.015856481481481482
1 0.47990823412698413 0.5758002645502646 0.009193948412698412 0.015856481481481482
1 0.4939459325396825 0.5787433862433862 0.017162698412698414 0.02173941798941799
1 0.4537326388888889 0.42051256613756616 0.0159375 0.01716269841269841
1 0.45116071428571425 0.4062896825396825 0.011279761904761904 0.006048280423280423
1 0.4243105158730159 0.3847949735449735 0.009563492063492064 0.011769179894179894
1 0.39905505952380954 0.3537367724867725 0.010297619047619049 0.012096560846560847
1 0.4552058531746032 0.3298710317460317 0.013975694444444445 0.01994378306878307
1 0.4488293650793651 0.3162202380952381 0.010788690476190476 0.012585978835978836
1 0.4186706349206349 0.29774801587301586 0.013975694444444445 0.01781746031746032
1 0.4013244047619048 0.3134424603174603 0.010910218253968254 0.012258597883597884
1 0.49247519841269843 0.21413690476190475 0.012259424603174604 0.020267857142857143
1 0.5042435515873016 0.21912367724867723 0.00931795634920635 0.01683531746031746
1 0.4699776785714286 0.24486772486772487 0.011155753968253967 0.01601851851851852
1 0.3858159722222222 0.2579464285714286 0.009809027777777778 0.013402777777777777
1 0.35645337301587304 0.27094246031746033 0.009930555555555555 0.013895502645502647
1 0.391453373015873 0.33959656084656087 0.007847222222222222 0.011931216931216931
1 0.3810962301587301 0.3306878306878307 0.009439484126984128 0.012096560846560847
1 0.3299107142857143 0.3113988095238095 0.009809027777777778 0.014057539682539682
1 0.3267237103174603 0.32578373015873013 0.008581349206349207 0.010462962962962964
1 0.31378968253968254 0.32504629629629633 0.009439484126984128 0.011931216931216931
1 0.293561507936508 0.3430291005291005 0.009439484126984128 0.012585978835978836
1 0.31446428571428575 0.4187929894179894 0.008581349206349207 0.011769179894179894
1 0.34057539682539684 0.47102182539682536 0.012259424603174604 0.015201719576719576
1 0.18555059523809522 0.6103736772486772 0.012137896825396824 0.015367063492063491
1 0.21264632936507935 0.5884689153439153 0.012137896825396824 0.014057539682539682
1 0.20694444444444443 0.5789054232804233 0.012996031746031745 0.016511243386243386
1 0.18984375 0.6478869047619048 0.012137896825396824 0.013895502645502647
1 0.1662425595238095 0.6677480158730159 0.01324156746031746 0.015367063492063491
1 0.11180803571428571 0.7242261904761904 0.012259424603174604 0.013895502645502647
1 0.11628472222222222 0.6912863756613756 0.011401289682539683 0.014712301587301588
1 0.1699826388888889 0.6390608465608466 0.005027281746031746 0.010952380952380951
1 0.11101190476190477 0.6677480158730159 0.012872023809523809 0.01601851851851852
1 0.10255208333333334 0.7271693121693121 0.009193948412698412 0.014222883597883597
1 0.1053125 0.6922685185185186 0.009809027777777778 0.014057539682539682
1 0.12645833333333334 0.6805820105820105 0.012137896825396824 0.009642857142857142
1 0.12333333333333332 0.634973544973545 0.003923611111111111 0.009318783068783068
1 0.12989335317460318 0.6054695767195767 0.01017609126984127 0.012751322751322751
1 0.13927083333333332 0.5975429894179894 0.012013888888888888 0.010952380952380951
1 0.1473015873015873 0.581359126984127 0.010421626984126985 0.012913359788359788
1 0.13638888888888887 0.5768617724867725 0.00968501984126984 0.013730158730158731
1 0.10617063492063492 0.5794775132275132 0.004657738095238096 0.005558862433862433
1 0.15815228174603174 0.5690972222222223 0.010052083333333333 0.014874338624338623
1 0.1412326388888889 0.5878968253968254 0.007110615079365079 0.006703042328042328
1 0.1644642857142857 0.5562665343915344 0.006743551587301588 0.010462962962962964
1 0.17997271825396824 0.5574933862433862 0.011525297619047619 0.011279761904761905
1 0.17139136904761904 0.5677910052910053 0.00882688492063492 0.009318783068783068
1 0.11977678571428571 0.5729398148148148 0.005394345238095238 0.00621031746031746
1 0.11444444444444445 0.5261904761904762 0.004536210317460317 0.005558862433862433
1 0.1227827380952381 0.4958664021164021 0.0042906746031746035 0.00441468253968254
1 0.13179315476190476 0.5021593915343915 0.004169146825396825 0.003921957671957672
1 0.10561755952380952 0.46701719576719575 0.004536210317460317 0.005231481481481482
1 0.10586309523809523 0.5137665343915344 0.004536210317460317 0.004904100529100529
1 0.13583829365079367 0.497093253968254 0.003678075396825397 0.004249338624338624
1 0.2059027777777778 0.5299503968253968 0.01017609126984127 0.016673280423280423
1 0.21681299603174606 0.5271693121693122 0.012137896825396824 0.012751322751322751
1 0.2692857142857143 0.5500562169312169 0.012137896825396824 0.014384920634920634
1 0.2961359126984127 0.6912070105820106 0.015079365079365078 0.014546957671957673
1 0.2544518849206349 0.6910416666666667 0.011646825396825397 0.014874338624338623
1 0.2707564484126984 0.6017096560846561 0.01238343253968254 0.01601851851851852
1 0.3110292658730159 0.750542328042328 0.014466765873015873 0.02141534391534392
1 0.29601190476190475 0.42762235449735453 0.008459821428571428 0.009808201058201058
1 0.2565972222222222 0.3073115079365079 0.00882688492063492 0.010462962962962964
1 0.30416418650793653 0.29513227513227513 0.00882688492063492 0.010952380952380951
1 0.27578373015873014 0.3640343915343915 0.009439484126984128 0.012751322751322751
1 0.2634002976190476 0.8595734126984127 0.0064980158730158725 0.004742063492063492
1 0.15343005952380953 0.44650132275132276 0.012626488095238095 0.014874338624338623
1 0.16305555555555556 0.44625661375661374 0.008090277777777778 0.015039682539682539
1 0.16176835317460317 0.433098544973545 0.008214285714285714 0.010297619047619049
1 0.10831597222222222 0.45492063492063495 0.004781746031746032 0.0045767195767195765
1 0.1946230158730159 0.22664351851851852 0.008948412698412699 0.011279761904761905
1 0.4239434523809524 0.4622751322751323 0.007356150793650794 0.009808201058201058
1 0.3749652777777778 0.48221891534391537 0.011401289682539683 0.012751322751322751
1 0.4523239087301587 0.4487896825396826 0.0077232142857142855 0.006703042328042328
1 0.488000992063492 0.2912929894179894 0.00968501984126984 0.013078703703703703
1 0.5150322420634921 0.2886772486772487 0.011525297619047619 0.013730158730158731
1 0.5264955357142856 0.2755191798941799 0.012872023809523809 0.013895502645502647
1 0.5176066468253968 0.4189583333333334 0.014712301587301588 0.01634589947089947
1 0.5712450396825397 0.22459986772486773 0.01458829365079365 0.021577380952380952
1 0.6139087301587302 0.19435846560846562 0.011401289682539683 0.014712301587301588
1 0.625922619047619 0.19664682539682538 0.010667162698412698 0.01601851851851852
1 0.5646230158730159 0.3297883597883598 0.014099702380952381 0.01324074074074074
1 0.5521180555555555 0.33967592592592594 0.010421626984126985 0.021577380952380952
1 0.6177083333333333 0.3822585978835979 0.015570436507936509 0.018799603174603174
1 0.5856498015873016 0.2829563492063492 0.011279761904761904 0.015691137566137568
1 0.5543874007936508 0.28401785714285716 0.010788690476190476 0.021087962962962965
1 0.5562251984126984 0.5201421957671958 0.016183035714285716 0.023210978835978835
1 0.5726537698412698 0.5220205026455026 0.012996031746031745 0.023703703703703706
1 0.6172172619047619 0.635790343915344 0.015570436507936509 0.021087962962962965
1 0.5657886904761905 0.6301521164021163 0.011034226190476192 0.02223214285714286
1 0.5543253968253968 0.7819279100529101 0.011646825396825397 0.020433201058201057
1 0.5789062500000001 0.7895304232804232 0.0159375 0.024193121693121693
1 0.568484623015873 0.7779232804232804 0.014712301587301588 0.020267857142857143
1 0.6206522817460317 0.7960681216931217 0.014342757936507937 0.020595238095238097
1 0.6357911706349207 0.7918187830687831 0.01324156746031746 0.017328042328042328
1 0.650625 0.7227546296296297 0.007110615079365079 0.019123677248677248
1 0.6110267857142857 0.6622718253968254 0.016428571428571428 0.011279761904761905
1 0.6272718253968254 0.6535284391534392 0.01458829365079365 0.017655423280423282
1 0.5638268849206349 0.5856911375661376 0.007601686507936508 0.008498677248677249
1 0.637140376984127 0.5335449735449735 0.015691964285714285 0.020922619047619048
1 0.6028125 0.2631779100529101 0.015200892857142857 0.019616402116402115
1 0.6608630952380952 0.2524702380952381 0.013117559523809524 0.018799603174603174
1 0.5331770833333334 0.285489417989418 0.005394345238095238 0.012913359788359788
1 0.6668700396825398 0.358885582010582 0.015815972222222224 0.019778439153439156
1 0.6686483134920634 0.33526455026455027 0.011279761904761904 0.015367063492063491
1 0.728844246031746 0.3245568783068783 0.016183035714285716 0.01683531746031746
1 0.7418998015873016 0.32308531746031743 0.008705357142857143 0.014874338624338623
1 0.7560590277777778 0.2084160052910053 0.00882688492063492 0.012423941798941799
1 0.7779439484126984 0.27584656084656084 0.0077232142857142855 0.009970238095238095
1 0.7720585317460318 0.28140211640211643 0.007477678571428571 0.010952380952380951
1 0.7523834325396825 0.25508597883597883 0.007110615079365079 0.008991402116402116
1 0.7808854166666667 0.3397585978835979 0.012626488095238095 0.015201719576719576
1 0.7943105158730158 0.3395138888888889 0.009072420634920635 0.012096560846560847
1 0.7414707341269842 0.391087962962963 0.015200892857142857 0.019123677248677248
1 0.782172619047619 0.3810350529100529 0.01373015873015873 0.01994378306878307
1 0.7440451388888888 0.41160052910052913 0.014466765873015873 0.017655423280423282
1 0.6637450396825396 0.4051455026455027 0.017899305555555557 0.022394179894179893
1 0.7366294642857143 0.5081283068783069 0.012626488095238095 0.01716269841269841
1 0.6908382936507936 0.6089847883597883 0.015691964285714285 0.02076058201058201
1 0.7172321428571429 0.6421660052910053 0.012504960317460317 0.012913359788359788
1 0.7218551587301587 0.7039550264550265 0.015446428571428571 0.019778439153439156
1 0.7140104166666666 0.6739616402116402 0.013484623015873016 0.018961640211640214
1 0.7000942460317461 0.6735515873015873 0.013608630952380952 0.010625
1 0.7603521825396825 0.770975529100529 0.016674107142857143 0.019778439153439156
1 0.7082465277777777 0.7604332010582011 0.009809027777777778 0.009808201058201058
1 0.7481522817460318 0.7555291005291005 0.015079365079365078 0.020922619047619048
1 0.7557539682539682 0.6509126984126984 0.015570436507936509 0.021577380952380952
1 0.74 0.6581878306878306 0.016428571428571428 0.0194510582010582
1 0.6309499007936508 0.6073478835978836 0.013363095238095238 0.018472222222222223
1 0.6473164682539683 0.8489484126984126 0.014712301587301588 0.013895502645502647
1 0.6681572420634921 0.748991402116402 0.01324156746031746 0.015691137566137568
1 0.8410813492063491 0.7999107142857143 0.013854166666666666 0.016511243386243386
1 0.8119047619047619 0.7555291005291005 0.01238343253968254 0.01863425925925926
1 0.8319494047619048 0.7390178571428572 0.013975694444444445 0.015039682539682539
1 0.8421850198412698 0.7220998677248678 0.015324900793650793 0.01814484126984127
1 0.8202405753968254 0.7211210317460318 0.01949404761904762 0.02076058201058201
1 0.8307217261904761 0.4907175925925926 0.010543154761904762 0.012096560846560847
1 0.8399181547619048 0.48344246031746035 0.006374007936507936 0.009642857142857142
1 0.8462301587301587 0.5318287037037037 0.008705357142857143 0.011279761904761905
1 0.8739384920634921 0.5100066137566137 0.009193948412698412 0.011441798941798942
1 0.864312996031746 0.5224305555555555 0.009072420634920635 0.012751322751322751
1 0.8600223214285715 0.46946759259259263 0.009563492063492064 0.012751322751322751
1 0.8618005952380953 0.4241898148148148 0.00576140873015873 0.006865079365079366
1 0.7781274801587301 0.40996693121693123 0.011525297619047619 0.018306878306878306
1 0.7406746031746032 0.4529563492063492 0.013608630952380952 0.013402777777777777
1 0.833296130952381 0.2858167989417989 0.008335813492063492 0.009642857142857142
1 0.8470882936507936 0.3036342592592593 0.009930555555555555 0.012913359788359788
1 0.8309672619047619 0.29439814814814813 0.010297619047619049 0.00621031746031746
1 0.8421850198412698 0.3263558201058201 0.008948412698412699 0.010952380952380951
1 0.8353819444444445 0.3263558201058201 0.005639880952380952 0.010297619047619049
1 0.8184623015873016 0.263994708994709 0.006865079365079365 0.007519841269841269
1 0.82453125 0.26881613756613754 0.00527281746031746 0.005393518518518518
1 0.9043427579365079 0.306739417989418 0.006252480158730159 0.007030423280423281
1 0.9131076388888889 0.3324834656084656 0.005885416666666666 0.007847222222222222
1 0.8958209325396825 0.3324834656084656 0.006619543650793651 0.007192460317460317
1 0.9385466269841269 0.2940707671957672 0.004536210317460317 0.00621031746031746
1 0.9491517857142857 0.31859126984126984 0.007847222222222222 0.00621031746031746
1 0.951235119047619 0.3248842592592593 0.006865079365079365 0.004742063492063492
1 0.871547619047619 0.7167890211640212 0.006374007936507936 0.009808201058201058
1 0.8407762896825397 0.7672156084656084 0.00882688492063492 0.009318783068783068
1 0.9171527777777778 0.35209986772486773 0.006130952380952381 0.00621031746031746
1 0.9326612103174603 0.3464616402116402 0.006006944444444444 0.006375661375661376
1 0.9420411706349207 0.3705720899470899 0.007110615079365079 0.006865079365079366
1 0.9461483134920635 0.37465939153439154 0.006006944444444444 0.0065376984126984125
1 0.9164186507936508 0.3705720899470899 0.007110615079365079 0.0088260582010582
1 0.9082043650793651 0.4189583333333334 0.006865079365079365 0.006865079365079366
1 0.927390873015873 0.42500661375661375 0.006743551587301588 0.006865079365079366
1 0.8987648809523809 0.4208366402116402 0.00441468253968254 0.005066137566137567
1 0.9231622023809524 0.39885251322751325 0.007847222222222222 0.005558862433862433
1 0.9369543650793651 0.35079365079365077 0.0042906746031746035 0.0058862433862433864
1 0.9690128968253968 0.3864285714285714 0.006374007936507936 0.0065376984126984125
1 0.983110119047619 0.35389880952380953 0.006374007936507936 0.007192460317460317
1 0.9161731150793652 0.412582671957672 0.005394345238095238 0.00621031746031746
1 0.9028100198412699 0.4067791005291005 0.006130952380952381 0.005393518518518518
1 0.9720783730158731 0.433343253968254 0.006374007936507936 0.008498677248677249
1 0.9979910714285715 0.44658399470899474 0.004015376984126984 0.005558862433862433
1 0.991264880952381 0.3995866402116402 0.005027281746031746 0.005393518518518518
1 0.9770436507936509 0.3954993386243386 0.00527281746031746 0.005720899470899471
1 0.9596329365079365 0.28982142857142856 0.0042906746031746035 0.004249338624338624
1 0.9893625992063493 0.29660383597883594 0.005885416666666666 0.006703042328042328
1 0.9928571428571428 0.2678339947089947 0.006743551587301588 0.007354497354497354
1 0.9620858134920636 0.4609689153439154 0.004781746031746032 0.0058862433862433864
1 0.9687673611111112 0.4564715608465608 0.005394345238095238 0.00800925925925926
1 0.9240203373015873 0.4937433862433862 0.006865079365079365 0.006703042328042328
1 0.9846428571428572 0.5255357142857143 0.006989087301587302 0.008498677248677249
1 0.972874503968254 0.48744708994708996 0.006006944444444444 0.007519841269841269
1 0.9582862103174603 0.5874867724867725 0.0064980158730158725 0.007192460317460317
1 0.9463938492063493 0.5807043650793651 0.006252480158730159 0.007681878306878307
1 0.9205257936507937 0.5694246031746032 0.006006944444444444 0.007030423280423281
1 0.9782688492063493 0.5240641534391535 0.004781746031746032 0.007519841269841269
1 0.9829265873015872 0.5357506613756613 0.004045138888888889 0.007354497354497354
1 0.9158655753968253 0.4908002645502646 0.00576140873015873 0.006375661375661376
1 0.922609126984127 0.49905423280423283 0.006252480158730159 0.005558862433862433
1 0.9205034722222222 0.44534060846560847 0.005047123015873016 0.005046296296296296
1 0.9933506944444445 0.48784060846560845 0.006944444444444444 0.006812169312169313
1 0.7510863095238095 0.420869708994709 0.014642857142857143 0.018068783068783068
1 0.7523809523809524 0.44829034391534395 0.010124007936507936 0.015281084656084656