1 0.25589285714285714 0.5077645502645503 0.022428075396825398 0.030595238095238095
1 0.4573759920634921 0.5789351851851852 0.020887896825396827 0.027824074074074074
1 0.405734126984127 0.6311574074074073 0.02122767857142857 0.03044642857142857
1 0.32805059523809527 0.5970271164021165 0.019623015873015875 0.0261739417989418
1 0.6361210317460317 0.8510482804232805 0.016103670634920637 0.01877314814814815
1 0.4329613095238095 0.5355919312169313 0.024521329365079367 0.02675925925925926
1 0.3182539682539683 0.5597288359788359 0.02570188492063492 0.034930555555555555
1 0.42957093253968254 0.8112863756613756 0.020751488095238097 0.023105158730158733
1 0.5407390873015874 0.5755588624338625 0.01837301587301587 0.020833333333333332
1 0.7758308531746032 0.8212599206349206 0.027276785714285715 0.029021164021164024
1 0.5630133928571429 0.47768849206349207 0.02423363095238095 0.025029761904761905
1 0.7004761904761905 0.46143187830687826 0.021629464285714283 0.01931878306878307
1 0.4183010912698413 0.5831812169312169 0.021163194444444443 0.029424603174603176
1 0.3316443452380953 0.3130456349206349 0.017963789682539685 0.020006613756613757
1 0.6343154761904761 0.5994411375661376 0.019761904761904765 0.02256283068783069
1 0.30904513888888885 0.3046527777777778 0.01623015873015873 0.02019179894179894
1 0.307514880952381 0.5709689153439154 0.023174603174603174 0.03205357142857143
1 0.5579340277777778 0.5407374338624339 0.016708829365079367 0.020902777777777777
1 0.6018303571428572 0.8267791005291005 0.020285218253968257 0.023310185185185184
1 0.5960763888888889 0.8511078042328042 0.0210515873015873 0.023716931216931216
1 0.32254464285714285 0.6142030423280423 0.021153273809523813 0.03097883597883598
1 0.6841344246031745 0.4701025132275132 0.01904017857142857 0.02255952380952381
1 0.34337549603174605 0.437146164021164 0.020419146825396826 0.02769179894179894
1 0.20488343253968255 0.5738988095238096 0.014945436507936508 0.0176984126984127
1 0.628531746031746 0.8408498677248677 0.02183035714285714 0.02156084656084656
1 0.32527033730158733 0.2989451058201058 0.015310019841269841 0.018349867724867727
1 0.34865079365079366 0.3184920634920635 0.01539186507936508 0.021220238095238094
1 0.34100694444444446 0.3456646825396825 0.017876984126984127 0.020839947089947092
1 0.33648065476190475 0.5596957671957672 0.021235119047619048 0.025773809523809522
1 0.3073859126984127 0.5429530423280423 0.017688492063492062 0.021574074074074072
1 0.34144097222222225 0.5978207671957672 0.017671130952380952 0.02726190476190476
1 0.1568625992063492 0.6774239417989418 0.014561011904761905 0.023842592592592592
1 0.1991393849206349 0.7099900793650794 0.020763888888888887 0.028088624338624336
1 0.2116468253968254 0.759702380952381 0.01944940476190476 0.021924603174603173
1 0.23834573412698412 0.7692526455026454 0.016339285714285712 0.022526455026455026
1 0.1978050595238095 0.7425099206349206 0.015297619047619048 0.01605489417989418
1 0.20006696428571427 0.7301124338624339 0.021686507936507934 0.017721560846560847
1 0.4646527777777778 0.7588492063492064 0.017495039682539685 0.022017195767195765
1 0.6777802579365079 0.8161607142857144 0.016684027777777777 0.02693452380952381
1 0.5236607142857143 0.528287037037037 0.016703869047619047 0.022466931216931215
1 0.4730530753968254 0.5076025132275133 0.016299603174603175 0.021008597883597883
1 0.540359623015873 0.505353835978836 0.019268353174603174 0.022080026455026453
1 0.5417881944444444 0.4437533068783069 0.01769593253968254 0.022797619047619046
1 0.7107911706349206 0.5849404761904762 0.01656001984126984 0.023078703703703705
1 0.7165401785714286 0.6203968253968254 0.015210813492063492 0.017261904761904763
1 0.6588516865079365 0.6454431216931217 0.019280753968253968 0.026164021164021164
1 0.6073115079365079 0.5370601851851852 0.015726686507936505 0.02109126984126984
1 0.545513392857143 0.4723677248677249 0.014742063492063492 0.02144510582010582
2 0.4889955357142857 0.4007705026455027 0.01731894841269841 0.02084325396825397
1 0.406671626984127 0.2885813492063492 0.005850694444444445 0.0068716931216931225
1 0.38767609126984126 0.29470568783068785 0.006592261904761905 0.008330026455026455
1 0.6440451388888889 0.8246395502645503 0.021726190476190475 0.028475529100529102
1 0.2478794642857143 0.5912070105820105 0.024694940476190474 0.031081349206349206
1 0.2955357142857143 0.6217625661375662 0.01988343253968254 0.027357804232804234
1 0.21684523809523812 0.5737202380952381 0.015987103174603175 0.01990740740740741
1 0.7223313492063492 0.5670866402116401 0.014290674603174602 0.020515873015873015
1 0.6687847222222222 0.6583664021164022 0.02022321428571429 0.025033068783068785
1 0.3235714285714286 0.6645502645502646 0.01714781746031746 0.02093584656084656
1 0.30682291666666667 0.676415343915344 0.015233134920634921 0.02253968253968254
1 0.2783407738095238 0.6008267195767196 0.019122023809523808 0.02021825396825397
1 0.46739831349206346 0.2870866402116402 0.005473710317460317 0.008287037037037037
1 0.2984548611111111 0.782691798941799 0.016101190476190477 0.017840608465608466