1 0.7466815476190476 0.3618154761904762 0.04733630952380953 0.051891534391534384
1 0.25848462301587305 0.3916170634920635 0.023288690476190477 0.03082010582010582
1 0.6617733134920635 0.46668320105820105 0.04570188492063492 0.046580687830687834
2 0.6635044642857143 0.7439715608465608 0.025307539682539685 0.02481812169312169
1 0.15188492063492062 0.3967526455026455 0.03536210317460318 0.040634920634920635
1 0.23390873015873015 0.35287367724867724 0.03130952380952381 0.02648148148148148
1 0.5503050595238095 0.6739880952380952 0.0276984126984127 0.027751322751322752
1 0.6186036706349206 0.7692063492063492 0.030384424603174604 0.03805886243386244
1 0.628735119047619 0.7119775132275132 0.029422123015873016 0.03181216931216931
1 0.6593154761904763 0.5553075396825397 0.032480158730158734 0.03955357142857143
1 0.23073164682539682 0.39220238095238097 0.03198412698412698 0.03282738095238095
1 0.879625496031746 0.5628472222222222 0.032584325396825396 0.04048941798941799
1 0.7089360119047619 0.3357175925925926 0.0348859126984127 0.04532407407407407
1 0.4424429563492064 0.47322089947089946 0.021999007936507938 0.031154100529100528
1 0.35156994047619045 0.3944014550264551 0.01749751984126984 0.021183862433862433
1 0.43140625 0.5100892857142857 0.01709077380952381 0.020085978835978836
1 0.178797123015873 0.46231150793650794 0.026297123015873017 0.03572089947089947
1 0.4820238095238095 0.37548611111111113 0.026830357142857145 0.03338293650793651
1 0.08743055555555555 0.39233796296296297 0.024613095238095236 0.028273809523809524
1 0.044818948412698414 0.40016534391534386 0.023390376984126986 0.02703042328042328
1 0.30840029761904764 0.3438128306878307 0.02063740079365079 0.02396494708994709
1 0.3068774801587301 0.38196759259259255 0.016609623015873015 0.023644179894179895
1 0.3367261904761905 0.417281746031746 0.01458829365079365 0.019021164021164022
1 0.2917361111111111 0.5422784391534391 0.01828373015873016 0.024894179894179896
1 0.22538690476190476 0.5471296296296296 0.025324900793650792 0.027959656084656084
1 0.1776686507936508 0.6482969576719577 0.021398809523809525 0.028458994708994708
1 0.15512400793650793 0.6469146825396825 0.023687996031746032 0.029523809523809525
1 0.17774801587301586 0.6196825396825397 0.026024305555555557 0.028667328042328043
2 0.24326140873015875 0.630327380952381 0.015104166666666667 0.017962962962962962
1 0.48372271825396823 0.43180555555555555 0.025004960317460315 0.035820105820105815
1 0.457797619047619 0.47352513227513227 0.019737103174603175 0.028125
1 0.4732093253968254 0.5627414021164021 0.018298611111111113 0.028125
1 0.6863913690476191 0.5919675925925926 0.03837549603174603 0.05058201058201058
1 0.6127777777777778 0.7367261904761905 0.028062996031746033 0.03301256613756614
1 0.9648859126984127 0.6922850529100528 0.04942460317460318 0.05364087301587302
1 0.885533234126984 0.7875099206349205 0.028546626984126983 0.035958994708994704
1 0.7910565476190476 0.7504927248677248 0.030238095238095238 0.036802248677248676
1 0.8024305555555555 0.5390839947089947 0.03029513888888889 0.03824404761904762
1 0.5811111111111111 0.6708928571428572 0.023211805555555555 0.0323015873015873
1 0.5168179563492064 0.6629365079365079 0.026252480158730156 0.03629960317460317
1 0.47309523809523807 0.28238425925925925 0.018645833333333334 0.02185846560846561
1 0.3533085317460317 0.5486574074074074 0.01013888888888889 0.01068121693121693
1 0.25313740079365077 0.3149702380952381 0.020944940476190478 0.025763888888888888
1 0.04411706349206349 0.4573511904761905 0.02050347222222222 0.02564484126984127
1 0.6306498015873017 0.46940145502645503 0.032777777777777774 0.04905423280423281