2 0.6735044642857143 0.7737797619047618 0.009682539682539683 0.012255291005291005
2 0.3575347222222222 0.3403339947089947 0.010493551587301588 0.011762566137566138
1 0.5217633928571429 0.4372784391534391 0.014729662698412698 0.017205687830687832
1 0.5505877976190475 0.5612037037037036 0.01423611111111111 0.01564484126984127
2 0.7689136904761905 0.6544642857142857 0.008603670634920634 0.012361111111111113
1 0.7132514880952381 0.570380291005291 0.015014880952380951 0.018799603174603174
1 0.45094990079365077 0.2311772486772487 0.00978422619047619 0.012020502645502647
1 0.40632936507936507 0.31024801587301587 0.009997519841269842 0.011742724867724867
2 0.4318700396825397 0.32250661375661377 0.008717757936507937 0.011964285714285714
2 0.5049503968253969 0.30377314814814815 0.011974206349206349 0.014507275132275132
2 0.4820138888888889 0.3194675925925926 0.007552083333333333 0.010763888888888889
2 0.3826537698412698 0.32737764550264553 0.006808035714285714 0.008035714285714287
2 0.8009126984126984 0.9351058201058202 0.011629464285714286 0.011792328042328042
2 0.8650223214285714 0.9793320105820106 0.010771329365079366 0.013544973544973546
2 0.6211210317460317 0.9050462962962963 0.008209325396825397 0.011243386243386243
2 0.2450421626984127 0.8636044973544973 0.01017609126984127 0.01214616402116402
2 0.34114087301587304 0.8173578042328042 0.007244543650793651 0.009338624338624339
2 0.4612053571428571 0.31436838624338626 0.009184027777777779 0.011696428571428571
1 0.41246031746031747 0.49879960317460315 0.01373015873015873 0.016931216931216932
1 0.40408482142857144 0.5080787037037037 0.013308531746031745 0.015839947089947088
1 0.4145982142857143 0.435327380952381 0.012862103174603174 0.0191005291005291
1 0.4449355158730159 0.4519378306878307 0.013196924603174603 0.015830026455026455
1 0.43074900793650794 0.45761243386243383 0.011902281746031746 0.012585978835978836
1 0.43246775793650793 0.4775892857142857 0.014077380952380952 0.013806216931216931
1 0.4513764880952381 0.5118981481481482 0.012740575396825396 0.015059523809523809
1 0.4902628968253968 0.497771164021164 0.012641369047619047 0.017116402116402116
1 0.4649652777777778 0.4279365079365079 0.01128968253968254 0.01330026455026455
1 0.44295882936507935 0.41436838624338623 0.010404265873015874 0.014232804232804232
1 0.440327380952381 0.3870767195767196 0.011455853174603174 0.016412037037037037
1 0.47546875 0.41023809523809524 0.010652281746031746 0.014388227513227513
1 0.4661706349206349 0.4041402116402116 0.010751488095238095 0.012857142857142859
1 0.4560094246031746 0.40087962962962964 0.011897321428571429 0.012513227513227514
1 0.45654761904761904 0.39018187830687834 0.012098214285714287 0.012701719576719575
1 0.4613541666666667 0.3780224867724868 0.010672123015873017 0.014517195767195767
1 0.47679067460317465 0.38393518518518516 0.009737103174603174 0.015796957671957674
1 0.469655257936508 0.3935085978835979 0.010143849206349207 0.013492063492063491
1 0.4517881944444444 0.3806283068783069 0.00790922619047619 0.012430555555555558
1 0.489437003968254 0.5568452380952381 0.01138888888888889 0.011765873015873016
1 0.49979910714285714 0.4450165343915344 0.008722718253968255 0.012096560846560847
1 0.5224032738095238 0.3827777777777778 0.012487599206349207 0.01617063492063492
1 0.5328472222222222 0.3726421957671957 0.011674107142857142 0.018353174603174604
1 0.541220238095238 0.39254298941798943 0.010647321428571428 0.016610449735449735
1 0.534858630952381 0.3895469576719577 0.010029761904761904 0.015112433862433864
1 0.523139880952381 0.3608994708994709 0.013353174603174605 0.015638227513227514
1 0.5599677579365079 0.34701388888888884 0.014273313492063492 0.014246031746031746
1 0.5535367063492064 0.42963293650793655 0.011698908730158731 0.013700396825396826
1 0.5576289682539682 0.4379927248677249 0.010530753968253969 0.013201058201058201
1 0.5698859126984127 0.43652777777777774 0.012123015873015874 0.013637566137566138
1 0.5973313492063492 0.4470238095238095 0.011822916666666667 0.013859126984126982
1 0.6085342261904763 0.44685185185185183 0.01130952380952381 0.012956349206349206
1 0.618608630952381 0.4408035714285714 0.011493055555555557 0.012314814814814815
1 0.6044097222222222 0.35211970899470896 0.014317956349206348 0.01917989417989418
1 0.6220411706349207 0.3690806878306878 0.012775297619047618 0.01681547619047619
1 0.6120758928571428 0.3676884920634921 0.011245039682539683 0.01916005291005291
1 0.6327728174603175 0.3727612433862434 0.010245535714285716 0.014712301587301588
1 0.6444642857142857 0.38313822751322746 0.01259672619047619 0.014560185185185186
1 0.6213690476190477 0.37943452380952386 0.01175595238095238 0.011888227513227514
1 0.655875496031746 0.37072420634920633 0.007817460317460317 0.012215608465608464
1 0.673139880952381 0.3985548941798942 0.00849454365079365 0.01265873015873016
1 0.6451289682539683 0.4026190476190476 0.009655257936507936 0.012857142857142859
1 0.6213690476190477 0.40914021164021164 0.008797123015873015 0.012526455026455028
1 0.5849875992063492 0.4058531746031746 0.009975198412698413 0.013842592592592592
1 0.5709945436507936 0.40095568783068786 0.011438492063492062 0.013118386243386244
1 0.662437996031746 0.4363161375661376 0.010667162698412698 0.013637566137566138
1 0.6472718253968255 0.46127645502645503 0.010238095238095239 0.011494708994708993
1 0.6399826388888888 0.4586706349206349 0.008611111111111111 0.011011904761904761
1 0.6345436507936508 0.4715443121693122 0.014890873015873015 0.019014550264550265
1 0.6186780753968254 0.4854794973544973 0.015401785714285715 0.016124338624338624
1 0.6119543650793651 0.5578869047619047 0.01253720238095238 0.015403439153439153
1 0.5912921626984128 0.5500992063492064 0.013931051587301587 0.015205026455026454
1 0.5784325396825396 0.5556316137566137 0.015074404761904763 0.016412037037037037
1 0.5855332341269841 0.5392195767195767 0.013583829365079366 0.015925925925925923
1 0.5749503968253967 0.5196726190476191 0.012795138888888889 0.016448412698412698
1 0.5690749007936509 0.527635582010582 0.01144345238095238 0.01761243386243386
1 0.5540550595238095 0.5798115079365079 0.012085813492063491 0.016259920634920634
1 0.5292832341269842 0.5963458994708994 0.00986359126984127 0.01343915343915344
1 0.5341319444444445 0.6040608465608466 0.011999007936507938 0.014666005291005292
1 0.5384449404761905 0.5382870370370371 0.010768849206349207 0.01208994708994709
1 0.6018377976190477 0.6391137566137567 0.011178075396825396 0.012202380952380952
1 0.49778025793650793 0.6813095238095239 0.013710317460317461 0.01416005291005291
1 0.5099627976190476 0.7271097883597885 0.010937500000000001 0.012291666666666668
1 0.49449156746031747 0.7384292328042329 0.010228174603174604 0.012447089947089948
1 0.4473809523809524 0.7370171957671957 0.010513392857142857 0.01544973544973545
1 0.45010168650793647 0.7427248677248677 0.012336309523809524 0.012361111111111113
1 0.4187723214285714 0.7605522486772486 0.01080357142857143 0.015277777777777779
1 0.4199801587301587 0.7918220899470899 0.00927579365079365 0.012347883597883599
1 0.42493551587301587 0.7251521164021164 0.010312499999999999 0.015076058201058203
1 0.4417361111111111 0.7049801587301587 0.009980158730158731 0.013779761904761906
1 0.45118551587301586 0.6982506613756615 0.012862103174603174 0.018465608465608466
1 0.44101438492063494 0.6828902116402116 0.01157986111111111 0.014563492063492063
1 0.4285739087301587 0.6526058201058201 0.011019345238095238 0.011577380952380952
1 0.4452777777777778 0.6465013227513228 0.009263392857142857 0.012387566137566138
1 0.4134399801587302 0.6541071428571429 0.012299107142857143 0.01339616402116402
1 0.3787177579365079 0.7177314814814815 0.011138392857142857 0.013253968253968254
1 0.47858630952380954 0.6140277777777777 0.008249007936507936 0.010148809523809523
1 0.49556051587301586 0.687470238095238 0.009955357142857143 0.011058201058201057
1 0.5320163690476191 0.7353406084656084 0.010987103174603174 0.012182539682539684
1 0.552313988095238 0.8034722222222221 0.005434027777777778 0.006851851851851851
1 0.48661706349206346 0.8565906084656084 0.012371031746031746 0.013700396825396826
1 0.4958854166666667 0.8922354497354497 0.010989583333333334 0.012027116402116402
1 0.440515873015873 0.877609126984127 0.011984126984126984 0.0162962962962963
1 0.47143353174603175 0.9370866402116402 0.010493551587301588 0.012199074074074074
1 0.5397941468253967 0.9197883597883598 0.00984623015873016 0.013488756613756614
1 0.5548412698412698 0.30179563492063494 0.012562003968253969 0.014761904761904763
1 0.5431175595238095 0.2662830687830688 0.007748015873015873 0.010396825396825397
1 0.6078000992063493 0.31169973544973545 0.009322916666666667 0.013273809523809525
1 0.6154166666666667 0.3218882275132275 0.011827876984126984 0.013935185185185186
1 0.7150198412698413 0.3091534391534391 0.00841765873015873 0.011732804232804232
1 0.7220461309523809 0.3208664021164021 0.00859126984126984 0.011101190476190476
1 0.7130481150793652 0.3273214285714286 0.01038938492063492 0.011779100529100528
1 0.7189409722222222 0.34716269841269837 0.011252480158730158 0.01242063492063492
1 0.7508110119047618 0.30599867724867724 0.01077876984126984 0.014100529100529101
1 0.7397668650793651 0.28343915343915344 0.007229662698412698 0.01056878306878307
1 0.7590600198412699 0.2838558201058201 0.01136904761904762 0.012804232804232804
1 0.7457986111111111 0.2671031746031746 0.00871031746031746 0.00927579365079365
1 0.7900024801587302 0.33849537037037036 0.013479662698412699 0.015591931216931216
1 0.7700793650793651 0.33340939153439153 0.010436507936507937 0.01567791005291005
1 0.7617311507936508 0.32028439153439153 0.011158234126984128 0.013878968253968253
1 0.7551413690476191 0.3433035714285715 0.013524305555555555 0.016927910052910052
1 0.7815004960317461 0.3818783068783069 0.009613095238095238 0.01322420634920635
1 0.7735218253968255 0.3862070105820106 0.010944940476190476 0.012020502645502647
1 0.7917137896825397 0.41953703703703704 0.010649801587301586 0.015925925925925923
1 0.7756349206349207 0.4154629629629629 0.014280753968253969 0.01531084656084656
1 0.7754935515873016 0.43250992063492066 0.011929563492063493 0.012334656084656084
1 0.7812872023809524 0.4453505291005291 0.013459821428571429 0.01777116402116402
1 0.7938665674603175 0.4471031746031746 0.011669146825396824 0.014702380952380953
1 0.7996106150793652 0.4534490740740741 0.012311507936507936 0.015165343915343915
1 0.8116468253968254 0.4536772486772487 0.01338045634920635 0.01601851851851852
1 0.8198040674603174 0.4492526455026455 0.00800843253968254 0.009533730158730158
1 0.8217534722222222 0.43366071428571434 0.01091765873015873 0.012665343915343914
1 0.8392212301587301 0.4108928571428571 0.009704861111111112 0.013492063492063491
1 0.8497123015873016 0.4097751322751323 0.010312499999999999 0.013974867724867725
1 0.8569915674603175 0.40009920634920637 0.01468501984126984 0.015353835978835979
1 0.8164285714285715 0.3784722222222222 0.01144345238095238 0.013902116402116402
1 0.8012772817460317 0.40211309523809524 0.011932043650793651 0.01267526455026455
1 0.7844593253968254 0.4708730158730159 0.01480406746031746 0.017671957671957672
1 0.7910491071428571 0.49475859788359794 0.015823412698412698 0.018115079365079365
1 0.8403075396825397 0.47548611111111105 0.01640625 0.015459656084656085
1 0.8482936507936508 0.49124338624338626 0.014632936507936508 0.01462962962962963
1 0.8713888888888889 0.46805886243386247 0.015473710317460318 0.01716931216931217
1 0.8989285714285714 0.4517096560846561 0.015674603174603174 0.015238095238095238
1 0.9074950396825396 0.43734788359788357 0.013596230158730158 0.015525793650793651
1 0.9264087301587302 0.46562830687830686 0.014288194444444444 0.015069444444444444
2 0.9219642857142858 0.48381613756613756 0.011641865079365078 0.012007275132275133
1 0.8873487103174603 0.5022222222222222 0.013725198412698413 0.013323412698412699
1 0.8955902777777778 0.5306018518518518 0.014104662698412698 0.01486441798941799
1 0.9121701388888889 0.5395998677248677 0.012001488095238095 0.016689814814814814
1 0.9064608134920634 0.5405191798941799 0.010111607142857144 0.012218915343915344
1 0.9035267857142857 0.5516402116402117 0.01048859126984127 0.011335978835978837
1 0.8775372023809523 0.5464054232804233 0.011912202380952381 0.014917328042328043
1 0.8860838293650793 0.5301554232804233 0.012896825396825396 0.016292989417989418
1 0.8924429563492063 0.5515542328042329 0.010364583333333333 0.009437830687830688
1 0.8868725198412698 0.5700066137566138 0.012016369047619048 0.012423941798941799
1 0.8996924603174603 0.6129927248677249 0.011222718253968254 0.012810846560846561
1 0.8769494047619047 0.6510251322751323 0.011746031746031746 0.014332010582010583
1 0.8849429563492064 0.6602843915343916 0.01261904761904762 0.015099206349206348
1 0.8947222222222222 0.6529861111111112 0.010813492063492063 0.013915343915343915
1 0.8539632936507936 0.5367195767195767 0.011572420634920633 0.01369047619047619
1 0.8252480158730159 0.5388988095238095 0.011321924603174603 0.013710317460317461
1 0.8326512896825397 0.518125 0.011011904761904761 0.01318121693121693
1 0.7025892857142858 0.4853935185185185 0.012008928571428571 0.013978174603174603
1 0.693484623015873 0.49494708994708997 0.00882688492063492 0.010211640211640212
1 0.735560515873016 0.5547354497354497 0.013211805555555556 0.016197089947089946
1 0.7534647817460317 0.5595998677248677 0.012212301587301588 0.013918650793650796
1 0.7743080357142857 0.5429001322751322 0.010260416666666666 0.01619378306878307
1 0.7294965277777777 0.5000396825396825 0.009957837301587301 0.012503306878306879
2 0.43629464285714287 0.24360780423280423 0.008854166666666668 0.011583994708994709
2 0.36135168650793653 0.3221626984126984 0.004506448412698413 0.0069874338624338625
2 0.49382936507936503 0.3480291005291005 0.009481646825396825 0.010601851851851852
2 0.4956026785714286 0.3181382275132275 0.007118055555555555 0.010770502645502646
2 0.47618799603174605 0.33041997354497354 0.00838045634920635 0.008121693121693122
2 0.4685813492063492 0.3084193121693122 0.007621527777777778 0.012238756613756613
2 0.4234151785714286 0.4196759259259259 0.006465773809523809 0.007566137566137566
2 0.6156646825396825 0.8967559523809524 0.008368055555555556 0.009302248677248676
2 0.6586309523809524 0.8989748677248677 0.00804563492063492 0.008564814814814815
2 0.6361086309523809 0.9129431216931216 0.00953125 0.01128968253968254
2 0.6162103174603174 0.9324437830687831 0.00580109126984127 0.010340608465608466
2 0.5469394841269842 0.9383597883597883 0.00833829365079365 0.0102744708994709
2 0.4736904761904762 0.9888591269841269 0.007591765873015873 0.009007936507936508
2 0.337405753968254 0.867880291005291 0.008802083333333334 0.01058862433862434
2 0.29462549603174604 0.8916699735449735 0.007552083333333333 0.009173280423280424
2 0.9219146825396825 0.8191005291005291 0.008412698412698413 0.009834656084656085
2 0.901609623015873 0.7554728835978837 0.0060267857142857146 0.007668650793650794
1 0.8076661706349207 0.5696527777777778 0.011051587301587302 0.012423941798941799
1 0.8186383928571429 0.567473544973545 0.01007936507936508 0.01066468253968254
1 0.8192410714285714 0.5752943121693121 0.011282242063492064 0.01031084656084656
1 0.8438516865079365 0.660162037037037 0.00914186507936508 0.01107142857142857
1 0.7978769841269842 0.6671593915343915 0.011726190476190477 0.012175925925925927
1 0.8052604166666667 0.675026455026455 0.008199404761904762 0.011537698412698413
1 0.7882688492063492 0.6772321428571428 0.011086309523809524 0.011769179894179894
1 0.7963169642857143 0.6845304232804232 0.008313492063492064 0.010337301587301588
1 0.7791517857142857 0.688422619047619 0.010922619047619047 0.011848544973544973
1 0.7761111111111112 0.7160548941798941 0.007963789682539682 0.00962962962962963
1 0.747733134920635 0.6694907407407408 0.011056547619047619 0.013703703703703702
1 0.7823834325396826 0.6544014550264551 0.010054563492063491 0.011746031746031747
1 0.7752901785714286 0.649262566137566 0.010515873015873015 0.015056216931216932
1 0.7442336309523809 0.6314054232804233 0.012145337301587301 0.013832671957671957
1 0.7260714285714286 0.6140641534391534 0.01136904761904762 0.013640873015873016
1 0.7282713293650793 0.604484126984127 0.012189980158730159 0.014609788359788359
1 0.7004935515873015 0.5731084656084656 0.012993551587301587 0.01615740740740741
1 0.7033234126984127 0.5450429894179895 0.01029265873015873 0.013561507936507936
1 0.7010863095238096 0.663313492063492 0.008169642857142856 0.009361772486772486
1 0.7098462301587302 0.659345238095238 0.009060019841269841 0.010330687830687831
1 0.6559771825396825 0.6295667989417989 0.014893353174603174 0.015033068783068784
1 0.7201512896825397 0.803693783068783 0.011312003968253968 0.013402777777777777
1 0.7479737103174603 0.8364219576719577 0.01034970238095238 0.009943783068783069
1 0.7434796626984127 0.9055291005291006 0.011247519841269841 0.011564153439153438
1 0.759077380952381 0.9639021164021164 0.012358630952380953 0.02042989417989418
1 0.7225272817460318 0.9725628306878308 0.010838293650793652 0.013138227513227511
1 0.7411408730158731 0.9356283068783069 0.011006944444444446 0.012698412698412698
1 0.710297619047619 0.3785119047619047 0.007604166666666667 0.008855820105820107
1 0.6696577380952381 0.3490873015873016 0.006515376984126984 0.010717592592592591
2 0.6795312499999999 0.32397817460317463 0.005935019841269841 0.008492063492063492
2 0.5128943452380952 0.32551587301587304 0.008489583333333333 0.011974206349206349
2 0.5106051587301588 0.2991798941798942 0.006302083333333333 0.008118386243386243
2 0.42337053571428573 0.33003637566137567 0.007507440476190476 0.010353835978835978
2 0.3895560515873016 0.30578042328042326 0.007867063492063491 0.008601190476190478
2 0.36884176587301587 0.3074900793650794 0.005203373015873016 0.007916666666666667
2 0.4059970238095238 0.25816137566137565 0.006907242063492064 0.009761904761904762
1 0.42159722222222223 0.6307010582010582 0.008266369047619047 0.010750661375661375
1 0.3793973214285714 0.6696560846560846 0.010314980158730159 0.013591269841269842
1 0.4700967261904762 0.7238591269841269 0.009791666666666666 0.010426587301587301
1 0.432514880952381 0.7458630952380951 0.007953869047619048 0.0097255291005291
1 0.5640699404761904 0.472853835978836 0.010533234126984127 0.013366402116402117
1 0.47625 0.44173941798941796 0.00923859126984127 0.01355489417989418
2 0.47721230158730155 0.3623875661375661 0.008276289682539682 0.01093915343915344
2 0.6089583333333334 0.4073478835978836 0.007244543650793651 0.01080026455026455
1 0.8785515873015873 0.6003604497354498 0.007681051587301587 0.010158730158730159
1 0.8116691468253968 0.6195238095238096 0.00873015873015873 0.009619708994708995
1 0.8226488095238096 0.8792261904761905 0.007810019841269841 0.008644179894179895
1 0.917249503968254 0.8731448412698413 0.006959325396825397 0.006997354497354498