1 0.14291170634920636 0.4810615079365079 0.027093253968253968 0.03407738095238095
1 0.5179861111111111 0.7268287037037037 0.029484126984126984 0.0342228835978836
1 0.17008680555555555 0.9135548941798942 0.02972718253968254 0.03247685185185185
1 0.46111111111111114 0.7322156084656084 0.024992559523809525 0.035112433862433866
1 0.31286210317460317 0.8036375661375661 0.02172123015873016 0.02830026455026455
2 0.12081845238095237 0.6764814814814815 0.032368551587301585 0.03480820105820106
2 0.832204861111111 0.0808234126984127 0.025615079365079365 0.028749999999999998
1 0.4363293650793651 0.3470006613756614 0.023080357142857142 0.026574074074074073
1 0.6400471230158731 0.5438095238095239 0.024677579365079364 0.03169973544973545
1 0.7043923611111111 0.36054894179894176 0.024590773809523812 0.033230820105820104
1 0.6646329365079365 0.4774669312169312 0.02047123015873016 0.026008597883597887
1 0.15379960317460317 0.5599007936507937 0.023343253968253968 0.023416005291005293
1 0.07529513888888888 0.6573445767195767 0.02393849206349206 0.030337301587301586
2 0.05306051587301587 0.6800165343915343 0.023983134920634922 0.0250760582010582
2 0.1734548611111111 0.8115939153439155 0.01415922619047619 0.014262566137566138
1 0.8395659722222223 0.5772784391534391 0.021507936507936507 0.02939484126984127
2 0.7073710317460317 0.25403108465608465 0.026009424603174604 0.042195767195767196
1 0.6838715277777777 0.24352843915343914 0.0262921626984127 0.03773809523809524
1 0.16806547619047618 0.46912367724867726 0.02302331349206349 0.03316468253968254
1 0.09590277777777778 0.4713525132275132 0.02944940476190476 0.0301223544973545
1 0.017879464285714287 0.742285052910053 0.031961805555555556 0.0396957671957672
1 0.28815228174603175 0.8193716931216932 0.02682291666666667 0.03232804232804233
1 0.17469742063492064 0.7645899470899471 0.02630704365079365 0.03719907407407407
1 0.27559275793650795 0.3737863756613756 0.033792162698412696 0.04919642857142857
1 0.8602108134920635 0.6211210317460317 0.020456349206349207 0.025707671957671957
1 0.8672792658730158 0.6863855820105821 0.017666170634920635 0.023654100529100528
1 0.6754290674603174 0.6147585978835979 0.027748015873015872 0.04029761904761905
1 0.6026438492063493 0.7275297619047619 0.020409226190476193 0.034656084656084656
1 0.6009623015873016 0.7642956349206349 0.023777281746031748 0.03423280423280423
1 0.5746155753968254 0.7588558201058202 0.02447172619047619 0.03400793650793651
1 0.625890376984127 0.7143253968253968 0.022388392857142857 0.0308994708994709
1 0.7695535714285715 0.8787863756613756 0.02216021825396825 0.03276785714285715
1 0.7480803571428571 0.8850826719576719 0.02411706349206349 0.03128968253968254
1 0.7625595238095237 0.9289087301587301 0.018162202380952383 0.02433531746031746
1 0.70375 0.8631117724867725 0.018405257936507935 0.029322089947089947
1 0.6078174603174603 0.8638690476190477 0.015421626984126984 0.022622354497354495
1 0.6071949404761905 0.8821924603174603 0.016086309523809524 0.016984126984126983
2 0.7165203373015874 0.9342559523809524 0.023955853174603175 0.029107142857142856
2 0.7225024801587302 0.902771164021164 0.02142857142857143 0.024695767195767198
2 0.7298586309523809 0.931848544973545 0.018821924603174604 0.023554894179894183
2 0.7180753968253969 0.8706051587301588 0.020238095238095236 0.02535714285714286
2 0.8869022817460317 0.6999041005291006 0.022038690476190476 0.03003968253968254
2 0.9573363095238095 0.6453439153439153 0.010089285714285714 0.010198412698412698
2 0.961875 0.5755853174603175 0.009174107142857144 0.008296957671957672
2 0.8835838293650794 0.6610780423280423 0.019682539682539683 0.0216765873015873
2 0.9757688492063492 0.530026455026455 0.009203869047619048 0.010085978835978835
2 0.9912574404761905 0.5065410052910053 0.010205853174603175 0.010416666666666666
2 0.9556845238095238 0.3940046296296296 0.007896825396825397 0.007873677248677248
2 0.9474553571428571 0.35846891534391534 0.008645833333333333 0.010089285714285716
2 0.9376984126984127 0.3684259259259259 0.008095238095238095 0.008683862433862434
2 0.7948387896825396 0.2736276455026455 0.02513144841269841 0.02651124338624339
2 0.7779315476190476 0.2900793650793651 0.027854662698412698 0.02988095238095238
2 0.7408358134920635 0.17008928571428572 0.027852182539682538 0.036415343915343915
2 0.8647197420634921 0.0575462962962963 0.01804315476190476 0.029189814814814814
2 0.8767137896825397 0.05875 0.020932539682539685 0.028263888888888887
2 0.11404017857142858 0.7249107142857143 0.018251488095238095 0.019421296296296294
2 0.12581349206349204 0.7424206349206349 0.024166666666666666 0.031789021164021165
2 0.10435267857142858 0.6863392857142856 0.01986359126984127 0.026226851851851852
2 0.13846974206349205 0.6981117724867726 0.022834821428571427 0.027116402116402115
1 0.27119543650793654 0.7175826719576719 0.024253472222222225 0.02741732804232804
2 0.48894097222222227 0.7234722222222223 0.02351686507936508 0.028535052910052913
1 0.4856398809523809 0.7325396825396825 0.020396825396825396 0.02587632275132275
1 0.4620858134920635 0.6728306878306879 0.022271825396825397 0.031339285714285715
1 0.6244320436507936 0.5105059523809524 0.02566220238095238 0.03500330687830688
1 0.6054017857142857 0.5289219576719577 0.022083333333333333 0.028528439153439153
1 0.6834052579365079 0.2678835978835979 0.022185019841269842 0.024133597883597886
1 0.881671626984127 0.032470238095238094 0.021463293650793653 0.02767526455026455
1 0.8223784722222222 0.05473544973544974 0.021805555555555557 0.027569444444444445
1 0.8272098214285715 0.07094907407407408 0.024496527777777777 0.03068121693121693
1 0.7689434523809524 0.2247420634920635 0.015605158730158731 0.021127645502645502
1 0.9676810515873016 0.31258597883597883 0.006889880952380953 0.008935185185185185
1 0.8914285714285713 0.3598941798941799 0.006488095238095238 0.007609126984126985
2 0.9766071428571428 0.4000760582010582 0.007527281746031746 0.008690476190476191
2 0.9746502976190476 0.38939814814814816 0.006944444444444444 0.009318783068783068
2 0.9680009920634921 0.3949503968253968 0.005240575396825396 0.007096560846560847
2 0.9704166666666666 0.39846560846560847 0.007916666666666667 0.0074669312169312165
2 0.9587301587301587 0.5615542328042329 0.007686011904761905 0.010512566137566137
2 0.9522767857142856 0.5578174603174603 0.007269345238095238 0.008366402116402117
1 0.9416170634920634 0.47948743386243386 0.01804315476190476 0.023601190476190477
1 0.8022743055555556 0.39553571428571427 0.019074900793650793 0.020929232804232804
2 0.05979910714285715 0.2969378306878307 0.009290674603174603 0.008128306878306877
2 0.008350694444444445 0.2811441798941799 0.007202380952380952 0.00837962962962963
2 0.01894345238095238 0.2959259259259259 0.006403769841269841 0.006107804232804232
2 0.015324900793650793 0.31652116402116404 0.006140873015873016 0.006362433862433862
2 0.026922123015873014 0.3411342592592592 0.00568452380952381 0.0066699735449735455
2 0.024913194444444446 0.3917757936507937 0.00818452380952381 0.007486772486772487
2 0.01882936507936508 0.40807208994708993 0.009739583333333334 0.010271164021164021
2 0.013618551587301587 0.4264451058201058 0.009551091269841269 0.007900132275132275
2 0.02858878968253968 0.4295535714285714 0.008263888888888888 0.007748015873015873
1 0.030066964285714287 0.400869708994709 0.006671626984126984 0.009510582010582011
1 0.05193452380952381 0.3838657407407407 0.007963789682539682 0.009153439153439153
1 0.06809771825396825 0.3560681216931217 0.0077008928571428575 0.008138227513227512
1 0.08033978174603175 0.3534656084656085 0.0064136904761904765 0.009302248677248676
1 0.042289186507936505 0.3840906084656085 0.006103670634920635 0.008700396825396825
1 0.037323908730158735 0.37982142857142853 0.006857638888888889 0.010165343915343916
2 0.036319444444444446 0.41807208994708994 0.007810019841269841 0.010254629629629631
2 0.07245039682539682 0.39585978835978836 0.005932539682539683 0.009510582010582011
2 0.08520585317460318 0.38776455026455026 0.006517857142857143 0.00865410052910053
2 0.08523065476190475 0.3766335978835979 0.0075297619047619046 0.0074834656084656085
2 0.09015625 0.36679563492063494 0.007795138888888889 0.010816798941798942
2 0.05502232142857143 0.30467592592592596 0.008306051587301588 0.008640873015873015
2 0.10413690476190476 0.5428902116402117 0.021371527777777777 0.026200396825396828
2 0.1107390873015873 0.56375 0.01828373015873016 0.019990079365079367
1 0.13075148809523812 0.5586210317460317 0.02174107142857143 0.023148148148148147
2 0.04844494047619048 0.6653306878306878 0.023591269841269843 0.02609457671957672
1 0.6839012896825396 0.3691964285714286 0.02519593253968254 0.03019179894179894
1 0.7123710317460318 0.37307208994708996 0.02601438492063492 0.028551587301587304