2 0.42402033730158734 0.4710152116402116 0.012554563492063492 0.020383597883597882
2 0.8707886904761905 0.49626322751322755 0.021748511904761906 0.022655423280423283
2 0.6926537698412699 0.5799801587301587 0.021654265873015874 0.02644510582010582
2 0.6128819444444444 0.47230820105820104 0.017398313492063493 0.022347883597883596
2 0.6359151785714287 0.8536210317460318 0.02312996031746032 0.02125661375661376
2 0.3767733134920635 0.34842592592592597 0.015322420634920635 0.018525132275132278
2 0.7962896825396825 0.4694808201058201 0.02233134920634921 0.02595899470899471
2 0.24827628968253967 0.2937599206349206 0.013343253968253968 0.011941137566137567
2 0.4026537698412698 0.5884986772486772 0.015339781746031747 0.015142195767195768
2 0.30849702380952376 0.7465740740740741 0.017063492063492062 0.014910714285714288
2 0.49293898809523806 0.7073015873015873 0.017743055555555557 0.02031415343915344
2 0.31208829365079366 0.6275992063492063 0.014330357142857143 0.015796957671957674
2 0.7578273809523809 0.6237929894179894 0.018040674603174604 0.01776785714285714
2 0.6821775793650794 0.41787698412698415 0.01576140873015873 0.017417328042328043
2 0.8458829365079364 0.6219708994708995 0.018621031746031746 0.016630291005291006
2 0.8908506944444444 0.3363888888888889 0.025625 0.026534391534391532
2 0.26050099206349203 0.4083201058201058 0.012916666666666667 0.01339616402116402
2 0.7852033730158731 0.5364318783068783 0.017996031746031746 0.020383597883597882
2 0.41128224206349207 0.7490608465608465 0.013933531746031746 0.015889550264550262
2 0.5650644841269842 0.3647883597883598 0.013050595238095238 0.0173015873015873
2 0.09476934523809524 0.3308035714285714 0.01320436507936508 0.01324074074074074
2 0.3017906746031746 0.4546560846560847 0.012690972222222223 0.01273809523809524
2 0.277765376984127 0.3458366402116402 0.016617063492063492 0.021001984126984126
2 0.579203869047619 0.8139947089947089 0.019759424603174605 0.022810846560846563
2 0.5676984126984127 0.43953703703703706 0.012876984126984127 0.01599867724867725
2 0.13303571428571428 0.3283664021164021 0.012182539682539682 0.013310185185185185
2 0.6724801587301588 0.6741435185185185 0.014841269841269843 0.020102513227513226
2 0.6868204365079366 0.687529761904762 0.01930803571428571 0.023677248677248675
2 0.6688194444444444 0.6961044973544973 0.015786210317460317 0.019930555555555556
2 0.603717757936508 0.8049702380952382 0.021163194444444443 0.028227513227513226
2 0.7154712301587302 0.8312070105820106 0.01814980158730159 0.02558201058201058
2 0.7357018849206349 0.49358465608465607 0.012313988095238095 0.02273478835978836
2 0.4573487103174603 0.4879232804232804 0.017780257936507934 0.015826719576719578
2 0.4666369047619048 0.517443783068783 0.016515376984126987 0.017546296296296296
2 0.2762748015873016 0.3634292328042328 0.013680555555555555 0.01711309523809524
2 0.2871577380952381 0.3595138888888889 0.01175595238095238 0.011716269841269842
2 0.2892162698412698 0.37806878306878305 0.010548115079365079 0.014368386243386244
2 0.8712078373015874 0.33651785714285715 0.012673611111111111 0.020555555555555556
2 0.8966765873015873 0.5404067460317461 0.018663194444444444 0.015099206349206348
2 0.8536507936507937 0.5420006613756614 0.015059523809523809 0.022757936507936505
2 0.8228621031746032 0.6004398148148148 0.01558779761904762 0.019775132275132275
2 0.7393948412698412 0.5941468253968254 0.016046626984126986 0.019715608465608464
2 0.7156646825396825 0.541415343915344 0.012862103174603174 0.016220238095238093
2 0.5567609126984128 0.3342824074074074 0.014603174603174604 0.01238425925925926
2 0.5399131944444444 0.8198578042328042 0.01579613095238095 0.01937830687830688
2 0.5164186507936508 0.7670701058201058 0.015734126984126982 0.022433862433862434
2 0.5058060515873016 0.7716468253968254 0.011455853174603174 0.0185515873015873
2 0.5560714285714285 0.6721858465608466 0.005746527777777778 0.009087301587301587
2 0.5723611111111112 0.7593981481481482 0.011599702380952382 0.011435185185185185
2 0.6987574404761905 0.6937599206349205 0.011319444444444444 0.017291666666666667
2 0.773234126984127 0.7009556878306878 0.012490079365079365 0.016220238095238093