1 0.2691344246031746 0.47878306878306875 0.02595734126984127 0.031795634920634926
2 0.3090376984126984 0.6322089947089947 0.022165178571428572 0.02814153439153439
2 0.3124652777777778 0.5141335978835979 0.024950396825396823 0.032020502645502644
1 0.5869196428571428 0.4137037037037037 0.022080853174603173 0.027060185185185184
1 0.3519097222222222 0.5351719576719577 0.02127232142857143 0.028544973544973543
2 0.20782986111111112 0.5151521164021163 0.02055059523809524 0.024844576719576718
1 0.33547371031746037 0.8781448412698414 0.020012400793650794 0.02658730158730159
1 0.5605233134920635 0.35454034391534395 0.019640376984126982 0.021752645502645503
1 0.4875595238095238 0.7210879629629631 0.02072420634920635 0.028796296296296296
1 0.5134027777777778 0.4340806878306879 0.01972718253968254 0.025982142857142856
2 0.2083184523809524 0.5512830687830688 0.017983630952380952 0.023303571428571427
2 0.5065029761904762 0.4757903439153439 0.019652777777777776 0.02481812169312169
1 0.3861607142857143 0.5809457671957672 0.022814980158730156 0.025327380952380952
1 0.41273809523809524 0.7384027777777777 0.022983630952380953 0.025714285714285717
1 0.4822991071428572 0.5433862433862434 0.02205109126984127 0.027199074074074073
1 0.5828075396825397 0.447771164021164 0.01918154761904762 0.022840608465608463
1 0.37811011904761904 0.9791699735449736 0.024600694444444442 0.03149801587301587
1 0.358608630952381 0.937496693121693 0.02133184523809524 0.029957010582010585
2 0.4968105158730159 0.49859457671957674 0.02093501984126984 0.02684193121693122
2 0.22147569444444445 0.7816931216931218 0.018715277777777775 0.021808862433862434
1 0.7094642857142857 0.616603835978836 0.018288690476190476 0.024226190476190478
1 0.5857142857142857 0.6272519841269841 0.017934027777777778 0.022414021164021164
1 0.40811507936507935 0.6699966931216931 0.02052827380952381 0.02494047619047619
1 0.4839186507936508 0.5969212962962963 0.01870535714285714 0.019619708994708995
1 0.29278521825396825 0.6769675925925926 0.01988343253968254 0.024708994708994708
1 0.6113566468253968 0.2512830687830688 0.015689484126984128 0.018363095238095237
1 0.37648561507936507 0.9213921957671958 0.021929563492063493 0.02594246031746032
1 0.5999007936507937 0.7484259259259258 0.02025793650793651 0.01845899470899471
1 0.45638144841269845 0.6289252645502645 0.02015625 0.022744708994708995
1 0.3933829365079365 0.6296064814814815 0.019737103174603175 0.018736772486772486
1 0.5938690476190476 0.33640873015873013 0.018333333333333333 0.01918320105820106
1 0.42455853174603175 0.7064980158730159 0.020982142857142855 0.025968915343915343
1 0.3741021825396826 0.7968419312169313 0.020443948412698414 0.027076719576719574
1 0.5583482142857144 0.4100958994708995 0.01871031746031746 0.02570436507936508
1 0.4816269841269841 0.7472321428571429 0.02165674603174603 0.023594576719576717
1 0.3422395833333334 0.44234788359788363 0.02005208333333333 0.027080026455026454
1 0.29276785714285714 0.7452083333333334 0.016460813492063492 0.018776455026455027
2 0.14763640873015874 0.8416137566137566 0.012363591269841271 0.01416005291005291
1 0.690265376984127 0.6197156084656085 0.019868551587301587 0.023994708994708996
1 0.7379737103174604 0.2607473544973545 0.010833333333333334 0.017433862433862433
2 0.7891517857142858 0.3837731481481481 0.010086805555555555 0.016435185185185185
2 0.11393601190476191 0.8654199735449736 0.01494295634920635 0.017433862433862433
2 0.19275793650793652 0.8265707671957673 0.013447420634920635 0.017433862433862433
2 0.08498511904761906 0.7663029100529101 0.01157986111111111 0.014444444444444444
2 0.15670882936507938 0.5792724867724868 0.010086805555555555 0.012949735449735449
1 0.6083457341269841 0.4624702380952381 0.022041170634920636 0.031378968253968256
1 0.4082390873015873 0.4024834656084656 0.017958829365079365 0.02302579365079365
1 0.3842361111111111 0.38129960317460315 0.01623263888888889 0.022103174603174604
1 0.436733630952381 0.35482142857142857 0.021068948412698414 0.025327380952380952
1 0.31792162698412696 0.4340277777777778 0.02175843253968254 0.025327380952380952
1 0.19876488095238093 0.41813822751322755 0.012088293650793652 0.0175
1 0.2212152777777778 0.36633267195767194 0.011396329365079366 0.01519510582010582
1 0.26421626984126984 0.35550925925925925 0.00967013888888889 0.010132275132275133
1 0.16025545634920635 0.5415542328042329 0.015887896825396826 0.01934193121693122
1 0.175625 0.5378703703703703 0.013469742063492064 0.01841931216931217
1 0.1535218253968254 0.5634292328042327 0.011396329365079366 0.013353174603174605
1 0.24487599206349206 0.612582671957672 0.019422123015873018 0.022046957671957673
1 0.27098958333333334 0.5817857142857142 0.021259920634920635 0.022748015873015875
1 0.2862127976190476 0.5796858465608465 0.017061011904761905 0.022748015873015875
1 0.31429563492063495 0.5775859788359788 0.016009424603174602 0.019947089947089946
1 0.31429563492063495 0.6003339947089947 0.021259920634920635 0.024847883597883598
2 0.30720982142857145 0.563938492063492 0.013911210317460319 0.019947089947089946
1 0.25616071428571424 0.5963095238095238 0.01784722222222222 0.019596560846560845
1 0.18175347222222224 0.6902711640211641 0.01443452380952381 0.018548280423280425
1 0.17007440476190477 0.684672619047619 0.011547619047619048 0.015747354497354496
1 0.16482390873015873 0.6897453703703703 0.012599206349206348 0.015396825396825398
1 0.22755208333333335 0.6902711640211641 0.014171626984126984 0.017847222222222223
1 0.22401041666666668 0.7439880952380953 0.01496031746031746 0.020995370370370373
1 0.17545386904761903 0.7240410052910053 0.011810515873015872 0.0167989417989418
1 0.1709920634920635 0.7453869047619048 0.012859623015873017 0.018895502645502646
1 0.19658234126984128 0.757285052910053 0.013122519841269841 0.016097883597883597
1 0.20629464285714286 0.7695337301587302 0.011547619047619048 0.013296957671957672
1 0.21193700396825396 0.741362433862434 0.01023561507936508 0.014348544973544973
2 0.2740079365079365 0.7404894179894179 0.013648313492063493 0.0167989417989418
1 0.39972718253968254 0.6694477513227514 0.014171626984126984 0.020995370370370373
1 0.4150818452380952 0.6864219576719576 0.021259920634920635 0.02554563492063492
1 0.40012152777777776 0.7639351851851851 0.019159226190476192 0.023796296296296295
1 0.38424107142857145 0.7767063492063493 0.02047123015873016 0.027645502645502643
1 0.37020089285714286 0.7770568783068783 0.01496031746031746 0.02134589947089947
1 0.4167857142857143 0.7553604497354498 0.01574652777777778 0.019246031746031747
1 0.46718005952380953 0.7602612433862435 0.01679811507936508 0.022748015873015875
1 0.36206349206349203 0.8599933862433862 0.0186359126984127 0.029044312169312168
1 0.42570932539682543 0.8748677248677248 0.01994791666666667 0.027294973544973546
1 0.37033234126984127 0.9560548941798942 0.01784722222222222 0.022397486772486774
1 0.36127728174603174 0.9737268518518519 0.0186359126984127 0.026944444444444444
1 0.33240575396825395 0.9506316137566138 0.017061011904761905 0.024847883597883598
1 0.5722941468253968 0.7901818783068784 0.019159226190476192 0.026597222222222223
1 0.552609126984127 0.8110019841269841 0.016009424603174602 0.023445767195767197
1 0.5711135912698413 0.830598544973545 0.015223214285714286 0.024146825396825396
1 0.5816121031746032 0.836547619047619 0.01732142857142857 0.026246693121693122
1 0.5683581349206349 0.8031283068783068 0.01496031746031746 0.01749669312169312
1 0.6165178571428572 0.7921064814814814 0.01837301587301587 0.024847883597883598
1 0.6015600198412698 0.7784556878306879 0.01837301587301587 0.023445767195767197
1 0.5820064484126984 0.7550099206349207 0.018110119047619045 0.02554563492063492
1 0.6343675595238095 0.7887797619047618 0.01837301587301587 0.02589616402116402
1 0.61546875 0.8087268518518519 0.018896329365079366 0.019596560846560845
1 0.6422395833333334 0.80505291005291 0.018896329365079366 0.022748015873015875
1 0.6640252976190476 0.8048776455026454 0.01784722222222222 0.023095238095238096
2 0.6229489087301587 0.8631448412698413 0.017584325396825397 0.026944444444444444
1 0.6474900793650793 0.8969146825396825 0.01784722222222222 0.02589616402116402
1 0.6393526785714285 0.9007638888888888 0.016272321428571428 0.02589616402116402
1 0.664156746031746 0.8857142857142858 0.016009424603174602 0.022397486772486774
1 0.6762276785714286 0.8626190476190476 0.016535218253968254 0.023796296296296295
1 0.6557564484126984 0.8507208994708995 0.016009424603174602 0.027996031746031744
1 0.6477529761904761 0.8482705026455026 0.015223214285714286 0.026597222222222223
1 0.6257043650793651 0.87609126984127 0.018896329365079366 0.024146825396825396
1 0.6422395833333334 0.8787169312169312 0.018896329365079366 0.023095238095238096
1 0.6864657738095238 0.8026025132275133 0.019159226190476192 0.02554563492063492
1 0.7001116071428571 0.778806216931217 0.017061011904761905 0.02134589947089947
1 0.6936830357142857 0.7674338624338624 0.01784722222222222 0.023796296296296295
1 0.70890625 0.7565839947089946 0.01994791666666667 0.023796296296296295
2 0.7144171626984127 0.8725925925925925 0.01574652777777778 0.019947089947089946
2 0.7644146825396825 0.8468716931216932 0.009186507936507935 0.014699074074074074
1 0.7468303571428571 0.677146164021164 0.012859623015873017 0.01749669312169312
1 0.7061483134920635 0.7326124338624339 0.017061011904761905 0.020648148148148148
1 0.7598214285714285 0.603832671957672 0.01574652777777778 0.018548280423280425
1 0.7468303571428571 0.6005092592592592 0.01076140873015873 0.018197751322751324
1 0.8243874007936508 0.6495006613756613 0.013122519841269841 0.01749669312169312
1 0.7976165674603174 0.687470238095238 0.012073412698412698 0.01714616402116402
1 0.8133630952380952 0.5863359788359788 0.016272321428571428 0.022046957671957673
1 0.824124503968254 0.5763624338624339 0.014697420634920634 0.0167989417989418
1 0.8121825396825396 0.5730390211640212 0.013911210317460319 0.015046296296296295
1 0.802078373015873 0.5837103174603175 0.010498511904761905 0.016097883597883597
1 0.8207142857142857 0.556765873015873 0.013648313492063493 0.019596560846560845
1 0.7548363095238095 0.5487169312169312 0.01679811507936508 0.023095238095238096
1 0.8263566468253968 0.5849371693121693 0.011810515873015872 0.014348544973544973
1 0.8461706349206349 0.5102215608465609 0.011024305555555556 0.015396825396825398
1 0.9116567460317461 0.5007738095238095 0.008660714285714285 0.010499338624338625
1 0.9048313492063492 0.5018253968253968 0.007085813492063492 0.009798280423280422
1 0.7515550595238095 0.6180059523809524 0.012336309523809524 0.014699074074074074
1 0.6322668650793651 0.6272784391534392 0.01837301587301587 0.024847883597883598
1 0.6077256944444445 0.6159060846560847 0.019685019841269843 0.023095238095238096
1 0.4678348214285714 0.5613161375661376 0.020208333333333335 0.022397486772486774
1 0.3635069444444445 0.27418320105820104 0.02047123015873016 0.024847883597883598
2 0.5272271825396826 0.5739715608465609 0.014320436507936508 0.014437830687830687
2 0.1481547619047619 0.8133994708994708 0.013556547619047617 0.015492724867724869
2 0.08065972222222223 0.6143915343915344 0.007075892857142858 0.008019179894179895
2 0.088797123015873 0.6316071428571428 0.007075892857142858 0.007546296296296297
2 0.09251240079365079 0.6358531746031746 0.006014384920634921 0.006603835978835978
2 0.0484672619047619 0.6174570105820106 0.006369047619047619 0.008492063492063492
2 0.03891617063492064 0.6271263227513227 0.006369047619047619 0.007076719576719576
2 0.05005952380952381 0.6040145502645502 0.008137400793650794 0.008961640211640212
2 0.0847296626984127 0.6004761904761905 0.0074280753968253965 0.007546296296296297
1 0.4376860119047619 0.3226785714285714 0.01744295634920635 0.0203505291005291
1 0.8554786706349207 0.3928108465608465 0.008177083333333333 0.007992724867724869
1 0.8571130952380953 0.3760945767195767 0.009265873015873016 0.010902777777777777
1 0.8985367063492063 0.37645833333333334 0.009265873015873016 0.008720238095238095
1 0.9563144841269842 0.36918981481481483 0.008177083333333333 0.01017526455026455
1 0.954952876984127 0.3571990740740741 0.01090029761904762 0.010902777777777777
1 0.9108010912698412 0.3299437830687831 0.008720238095238095 0.01017526455026455
1 0.8200496031746032 0.35029431216931217 0.008177083333333333 0.011626984126984126
1 0.8265897817460317 0.339755291005291 0.007085813492063492 0.010902777777777777
1 0.9069866071428571 0.4676653439153439 0.008720238095238095 0.010902777777777777
1 0.9195238095238095 0.4396858465608465 0.008720238095238095 0.01017526455026455
1 0.890907738095238 0.39898809523809525 0.010357142857142856 0.01017526455026455
1 0.9541344246031747 0.39571759259259265 0.007085813492063492 0.010902777777777777
1 0.8562946428571429 0.3619212962962963 0.01090029761904762 0.011626984126984126
1 0.8850967261904762 0.2990873015873016 0.007857142857142858 0.009477513227513227
1 0.893516865079365 0.318042328042328 0.008231646825396824 0.0074834656084656085
1 0.8884647817460317 0.34548280423280425 0.007108134920634921 0.009477513227513227
1 0.8910838293650793 0.3769146825396825 0.007108134920634921 0.008482142857142856
1 0.8791121031746032 0.3956216931216931 0.00935515873015873 0.008981481481481481
1 0.9541319444444444 0.43827711640211636 0.008980654761904763 0.008482142857142856
1 0.9318700396825397 0.5053769841269842 0.007857142857142858 0.008981481481481481
1 0.9090451388888889 0.5208432539682539 0.007857142857142858 0.008981481481481481
1 0.8357068452380952 0.3295171957671958 0.007857142857142858 0.009477513227513227
1 0.9137227182539683 0.33700066137566137 0.008980654761904763 0.008482142857142856
1 0.4839880952380953 0.4006117724867725 0.019831349206349203 0.023948412698412698
1 0.4677108134920635 0.4050992063492063 0.020952380952380955 0.026941137566137564
2 0.27894097222222225 0.8008763227513227 0.012430555555555554 0.014623015873015873
2 0.25024305555555554 0.7730919312169312 0.010602678571428572 0.014623015873015873
2 0.34949900793650795 0.7216666666666667 0.008043154761904762 0.01121031746031746
1 0.2857043650793651 0.41993716931216934 0.023030753968253968 0.03460978835978836
1 0.28150049603174604 0.39970568783068783 0.018278769841269842 0.017549603174603176