1 0.5588219246031746 0.781385582010582 0.0183953373015873 0.025929232804232802
1 0.6496875 0.4164318783068783 0.020200892857142858 0.02578703703703704
1 0.673452380952381 0.615651455026455 0.02068700396825397 0.027804232804232804
2 0.6355109126984128 0.4419477513227513 0.019662698412698413 0.025138888888888888
1 0.7202876984126984 0.6500297619047619 0.02036954365079365 0.027767857142857143
1 0.550952380952381 0.3963260582010582 0.019437003968253968 0.026491402116402118
1 0.2807936507936508 0.4964351851851852 0.01722718253968254 0.023128306878306876
2 0.2953621031746032 0.262228835978836 0.016408730158730157 0.01960648148148148
2 0.6522718253968254 0.8167592592592593 0.01826636904761905 0.025208333333333336
1 0.341344246031746 0.8213756613756614 0.019434523809523808 0.023558201058201056
1 0.5673784722222223 0.5128339947089947 0.018720238095238095 0.02502314814814815
1 0.3851413690476191 0.3509060846560847 0.017666170634920635 0.022159391534391535
1 0.4212996031746032 0.3089451058201058 0.020344742063492065 0.023928571428571428
1 0.539499007936508 0.4713657407407408 0.018955853174603177 0.026127645502645503
1 0.17320684523809524 0.36117063492063495 0.019675099206349207 0.02191468253968254
1 0.7109722222222222 0.3330919312169312 0.02105406746031746 0.026418650793650793
1 0.8478893849206349 0.467526455026455 0.018665674603174604 0.023382936507936505
1 0.39969742063492064 0.757933201058201 0.01698660714285714 0.02242063492063492
1 0.2376984126984127 0.5271626984126985 0.018702876984126985 0.022523148148148146
1 0.2140079365079365 0.4912566137566137 0.019188988095238096 0.022357804232804233
1 0.8201066468253968 0.40706349206349207 0.0186359126984127 0.02086309523809524
1 0.4736086309523809 0.42279761904761903 0.017237103174603176 0.023806216931216928
1 0.30550099206349207 0.7204497354497355 0.02136160714285714 0.023746693121693124
1 0.7598958333333333 0.706931216931217 0.01828373015873016 0.022050264550264553
1 0.8566964285714286 0.4053670634920635 0.020525793650793652 0.023412698412698413
1 0.5730456349206349 0.8223181216931217 0.01795634920634921 0.02471230158730159
1 0.7784002976190477 0.552172619047619 0.017294146825396827 0.019837962962962963
1 0.8805927579365079 0.4356415343915344 0.020555555555555556 0.02585648148148148
1 0.6997321428571429 0.23638558201058202 0.016636904761904762 0.021183862433862433
1 0.2820709325396825 0.4221329365079365 0.01913690476190476 0.022083333333333333
1 0.2767013888888889 0.6647156084656084 0.01894345238095238 0.024699074074074075
1 0.8494816468253968 0.4976818783068783 0.02154017857142857 0.020886243386243387
1 0.053869047619047615 0.42883267195767194 0.017770337301587304 0.02089616402116402
1 0.7259275793650793 0.679619708994709 0.017041170634920635 0.02113425925925926
1 0.30255952380952383 0.44601851851851854 0.017428075396825397 0.01898148148148148
1 0.40549107142857144 0.34112764550264546 0.016550099206349207 0.02144510582010582
1 0.7283506944444444 0.41228835978835976 0.01845734126984127 0.020965608465608465
1 0.823484623015873 0.42833333333333334 0.020788690476190474 0.023002645502645504
1 0.5807167658730158 0.5565046296296295 0.018348214285714287 0.026044973544973548
1 0.27705605158730157 0.5765244708994709 0.018301091269841273 0.01873346560846561
1 0.3906026785714286 0.6536474867724869 0.017963789682539685 0.023085317460317462
1 0.3704141865079365 0.25690806878306877 0.015171130952380953 0.016669973544973543
1 0.3351438492063492 0.009623015873015874 0.01310267857142857 0.016871693121693124
1 0.3368799603174603 0.04569775132275132 0.010533234126984127 0.01590277777777778
1 0.3304092261904762 0.04808201058201059 0.010967261904761905 0.01583664021164021
1 0.31994791666666667 0.040595238095238094 0.011245039682539683 0.017377645502645502
1 0.32216517857142857 0.03251984126984127 0.010339781746031746 0.016739417989417988
1 0.37891121031746033 0.05357142857142857 0.013033234126984126 0.018958333333333334
1 0.39050595238095237 0.05761574074074074 0.01205109126984127 0.015568783068783069
1 0.3867286706349206 0.06798941798941799 0.012118055555555556 0.016980820105820107
1 0.3963467261904762 0.0747387566137566 0.012152777777777778 0.01691468253968254
1 0.39908978174603177 0.08358465608465608 0.012103174603174602 0.017354497354497355
1 0.3761036706349207 0.06985449735449736 0.011716269841269842 0.01527116402116402
2 0.3722743055555556 0.12229828042328042 0.009756944444444445 0.01326388888888889
2 0.3829985119047619 0.1278670634920635 0.010012400793650794 0.012919973544973545
2 0.366671626984127 0.13294642857142855 0.008819444444444446 0.011597222222222222
1 0.3628546626984127 0.14877976190476191 0.009464285714285713 0.012800925925925926
1 0.3784623015873016 0.15319444444444444 0.013194444444444444 0.017218915343915345
1 0.4118154761904762 0.1470138888888889 0.009032738095238095 0.011917989417989418
1 0.4507688492063492 0.1309457671957672 0.009119543650793652 0.010691137566137566
1 0.4271378968253968 0.14577380952380953 0.010024801587301587 0.013416005291005291
1 0.4625049603174603 0.0879431216931217 0.01470982142857143 0.019169973544973545
1 0.4606200396825397 0.07124669312169311 0.012594246031746033 0.016246693121693124
1 0.47257688492063493 0.028693783068783067 0.01730654761904762 0.021653439153439154
1 0.48850942460317465 0.012453703703703703 0.016716269841269844 0.022728174603174604
1 0.5008258928571429 0.03857804232804233 0.014523809523809524 0.018564814814814815
1 0.4776264880952381 0.01945767195767196 0.013829365079365078 0.01951719576719577
1 0.5303621031746032 0.15040013227513227 0.013660714285714285 0.019573412698412698
1 0.6023040674603174 0.17762566137566138 0.012331349206349205 0.019272486772486774
1 0.6934895833333333 0.20657076719576717 0.013968253968253968 0.019963624338624336
1 0.6965997023809524 0.13336640211640213 0.009518849206349206 0.013766534391534392
1 0.6991741071428572 0.14654100529100528 0.01025297619047619 0.014408068783068783
1 0.6890376984126984 0.15299272486772486 0.011123511904761905 0.01328042328042328
1 0.5768774801587301 0.30154761904761906 0.019146825396825398 0.024718915343915345
1 0.5395982142857142 0.3251223544973545 0.01853422619047619 0.024183201058201056
1 0.5186284722222223 0.3612268518518518 0.018417658730158732 0.024424603174603175
1 0.4637078373015873 0.3600628306878307 0.01894345238095238 0.02528439153439153
1 0.39505456349206347 0.3419378306878307 0.013412698412698413 0.018032407407407407
1 0.35782242063492065 0.35675595238095237 0.015500992063492064 0.02078042328042328
1 0.3462524801587301 0.3582142857142857 0.015 0.01884259259259259
1 0.3247842261904762 0.3698544973544974 0.017100694444444446 0.01960648148148148
1 0.31397569444444445 0.34857473544973544 0.01701140873015873 0.018988095238095238
1 0.2916121031746032 0.3332804232804233 0.010498511904761905 0.014890873015873017
1 0.2799851190476191 0.3266798941798942 0.014595734126984127 0.02023809523809524
1 0.23914434523809525 0.28979828042328043 0.017745535714285714 0.02020833333333333
1 0.17588045634920635 0.2914781746031746 0.012477678571428572 0.016944444444444446
1 0.16449156746031746 0.2773346560846561 0.011768353174603176 0.013826058201058202
1 0.1826686507936508 0.2959325396825397 0.011706349206349206 0.014421296296296297
1 0.16111607142857143 0.32267195767195767 0.015944940476190477 0.018839285714285715
1 0.1591939484126984 0.3640079365079365 0.01574404761904762 0.022037037037037036
1 0.2488467261904762 0.5388161375661376 0.01644345238095238 0.020294312169312167
1 0.26070188492063495 0.556656746031746 0.017346230158730158 0.018349867724867727
1 0.06499751984126984 0.4242195767195767 0.01601438492063492 0.018835978835978838
1 0.07146329365079365 0.406031746031746 0.018645833333333334 0.020869708994708993
1 0.1215749007936508 0.44080026455026455 0.015677083333333335 0.01711309523809524
1 0.12515376984126983 0.5087632275132276 0.01588045634920635 0.016610449735449735
1 0.13591517857142857 0.5137334656084656 0.012266865079365079 0.019920634920634922
1 0.1260094246031746 0.5158035714285714 0.01527281746031746 0.014305555555555556
1 0.14022073412698413 0.5005820105820106 0.012415674603174604 0.014818121693121694
1 0.11810763888888888 0.5100033068783069 0.0112078373015873 0.015112433862433864
1 0.17807787698412697 0.5664550264550264 0.017085813492063492 0.02072420634920635
1 0.1928422619047619 0.5579894179894179 0.017961309523809525 0.021458333333333333
1 0.2149454365079365 0.6030224867724867 0.020287698412698413 0.02145171957671958
1 0.20749503968253968 0.6128108465608466 0.015322420634920635 0.01806547619047619
1 0.19364335317460318 0.6231018518518519 0.015434027777777777 0.020545634920634923
1 0.17820932539682538 0.6136574074074074 0.018343253968253967 0.02226190476190476
1 0.20595734126984125 0.7056316137566138 0.017874503968253967 0.023121693121693123
1 0.2171701388888889 0.7008961640211641 0.017061011904761905 0.024249338624338625
1 0.20081597222222222 0.7581746031746031 0.016202876984126983 0.019150132275132275
1 0.19254960317460318 0.8189880952380952 0.013249007936507937 0.01626653439153439
1 0.20699652777777777 0.8351653439153439 0.012668650793650793 0.017275132275132277
1 0.16963541666666668 0.8128042328042329 0.013447420634920635 0.015380291005291005
1 0.1513020833333333 0.8823710317460317 0.013539186507936509 0.01631613756613757
1 0.15064980158730157 0.854024470899471 0.011902281746031746 0.01658068783068783
2 0.0458655753968254 0.9388359788359788 0.013936011904761904 0.017096560846560846
1 0.16036458333333334 0.6803339947089947 0.012787698412698414 0.016240079365079364
1 0.3054439484126984 0.771984126984127 0.018489583333333334 0.0216005291005291
1 0.3307564484126984 0.8121164021164021 0.01679315476190476 0.023277116402116403
1 0.3438640873015873 0.8965443121693122 0.01453373015873016 0.020820105820105822
1 0.39634176587301584 0.8451951058201058 0.016832837301587304 0.0232010582010582
1 0.40252728174603175 0.7642328042328043 0.015652281746031747 0.01802579365079365
1 0.4095709325396826 0.8040873015873016 0.015141369047619048 0.017810846560846562
1 0.32304315476190476 0.7341071428571428 0.0181671626984127 0.020462962962962964
1 0.37163442460317464 0.6679695767195767 0.01709077380952381 0.02417989417989418
1 0.36581349206349206 0.6514748677248677 0.01637152777777778 0.01900793650793651
1 0.29848214285714286 0.22604497354497352 0.014310515873015874 0.018535052910052908
1 0.3095188492063492 0.2366765873015873 0.012103174603174602 0.016402116402116404
1 0.34473710317460315 0.23831018518518518 0.011537698412698413 0.016574074074074074
1 0.3457490079365079 0.21872023809523808 0.01035218253968254 0.014044312169312168
1 0.3519469246031746 0.2758531746031746 0.011158234126984128 0.01439484126984127
1 0.3807266865079365 0.2695370370370371 0.011088789682539683 0.017215608465608465
1 0.4855406746031746 0.08783399470899471 0.014092261904761904 0.01851190476190476
1 0.48820188492063493 0.3007539682539683 0.017346230158730158 0.024457671957671956
1 0.46218501984126986 0.42060515873015875 0.017051091269841268 0.024408068783068785
1 0.5394618055555556 0.43977182539682536 0.01894345238095238 0.025651455026455026
1 0.5430282738095238 0.4874570105820106 0.019290674603174605 0.0216765873015873
1 0.6082886904761905 0.46168650793650795 0.01586061507936508 0.024007936507936506
1 0.6037524801587302 0.41794642857142855 0.017571924603174603 0.02267526455026455
1 0.6204389880952381 0.6019113756613756 0.020768849206349204 0.029384920634920635
1 0.6026041666666666 0.6027579365079365 0.01636904761904762 0.021805555555555554
1 0.5714037698412698 0.6134920634920635 0.01659970238095238 0.018984788359788358
1 0.5838492063492063 0.609540343915344 0.012681051587301588 0.019034391534391536
1 0.5767931547619047 0.6804431216931216 0.018769841269841273 0.023521825396825395
1 0.5502380952380952 0.7258763227513229 0.01632688492063492 0.023432539682539683
1 0.5714583333333333 0.7774966931216931 0.013757440476190475 0.025413359788359787
1 0.5510019841269841 0.7813359788359789 0.013546626984126984 0.027060185185185184
1 0.5352728174603174 0.7401455026455026 0.015203373015873016 0.02503968253968254
1 0.6670833333333333 0.7604563492063492 0.020969742063492062 0.02592261904761905
1 0.6828323412698413 0.7462433862433862 0.015523313492063493 0.022222222222222223
1 0.6358705357142856 0.5538492063492063 0.020691964285714286 0.023769841269841267
1 0.6910044642857143 0.4606382275132275 0.019382440476190477 0.021025132275132273
1 0.6056919642857143 0.3652976190476191 0.0178125 0.025945767195767192
1 0.5587177579365079 0.3792460317460317 0.01804563492063492 0.026021825396825397
1 0.6318650793650793 0.32950066137566136 0.01546875 0.020138888888888887
1 0.6495436507936508 0.3538723544973545 0.019186507936507936 0.027820767195767194
1 0.6783060515873015 0.29008267195767196 0.015967261904761904 0.021216931216931217
1 0.6894270833333334 0.28013558201058203 0.014662698412698412 0.018541666666666668
1 0.728110119047619 0.27681216931216934 0.015044642857142857 0.020727513227513227
1 0.740359623015873 0.2734755291005291 0.013432539682539681 0.017585978835978837
1 0.7455853174603174 0.30174272486772485 0.017842261904761906 0.022463624338624342
1 0.7213665674603175 0.3043551587301587 0.017599206349206347 0.020181878306878308
1 0.7866344246031746 0.32169973544973546 0.01888888888888889 0.02131283068783069
1 0.7755233134920635 0.3617559523809524 0.017904265873015874 0.02150462962962963
1 0.8357266865079366 0.41242063492063497 0.0159375 0.022609126984126985
1 0.9350520833333333 0.4261838624338624 0.01376736111111111 0.016137566137566138
1 0.8785193452380953 0.48175264550264546 0.017222222222222222 0.0191005291005291
1 0.8635267857142856 0.46970899470899474 0.014094742063492063 0.016203703703703703
1 0.8492708333333334 0.4769940476190476 0.019427083333333334 0.017827380952380952
1 0.8910491071428571 0.5203240740740741 0.016006944444444445 0.018978174603174604
1 0.8699479166666667 0.5249603174603175 0.016631944444444446 0.022953042328042326
1 0.9051686507936507 0.5340641534391535 0.019962797619047616 0.020453042328042327
1 0.870141369047619 0.5434722222222222 0.016612103174603175 0.019791666666666666
1 0.8880233134920635 0.5536640211640211 0.015104166666666667 0.014126984126984127
1 0.9210342261904763 0.5919708994708994 0.01564236111111111 0.017003968253968254
1 0.8507886904761905 0.6026025132275132 0.01705357142857143 0.019282407407407408
1 0.8543849206349207 0.5647123015873016 0.020198412698412698 0.021461640211640213
1 0.8317311507936508 0.5597321428571429 0.019404761904761904 0.019642857142857142
1 0.830406746031746 0.5797883597883597 0.016755952380952382 0.019279100529100528
1 0.8612375992063492 0.6181646825396825 0.016356646825396826 0.018617724867724866
1 0.8919667658730158 0.6393584656084657 0.017482638888888888 0.02039021164021164
1 0.8781522817460318 0.6578306878306879 0.015972222222222224 0.020244708994708996
1 0.8495362103174603 0.6881084656084656 0.015250496031746032 0.019424603174603174
1 0.8862847222222222 0.7599933862433862 0.017589285714285714 0.020578703703703703
1 0.8820882936507937 0.7458994708994708 0.015081845238095238 0.014907407407407407
1 0.8658358134920635 0.8480919312169313 0.018747519841269843 0.02546296296296296
1 0.8599950396825397 0.8487037037037037 0.01648313492063492 0.022764550264550265
1 0.8413789682539683 0.8498578042328042 0.014345238095238097 0.02193121693121693
1 0.8241691468253969 0.8442989417989417 0.017130456349206347 0.02273809523809524
1 0.8307837301587301 0.8812466931216931 0.016331845238095236 0.022450396825396825
1 0.8160292658730158 0.7830092592592593 0.017358630952380952 0.025105820105820107
1 0.7956746031746031 0.8010019841269841 0.017098214285714286 0.02003306878306878
1 0.8164012896825397 0.7416666666666667 0.016619543650793652 0.021455026455026453
1 0.7997247023809523 0.7453935185185185 0.015262896825396825 0.02184854497354497
1 0.7830332341269841 0.7175066137566137 0.016790674603174603 0.022585978835978834
1 0.7412549603174603 0.7912896825396826 0.01690228174603175 0.024007936507936506
1 0.6970560515873017 0.8467989417989418 0.015228174603174603 0.021554232804232805
1 0.707108134920635 0.8884292328042328 0.01804315476190476 0.02710648148148148
1 0.6918030753968254 0.8932010582010582 0.016984126984126983 0.027377645502645504
1 0.6748511904761905 0.8888822751322751 0.017408234126984126 0.026689814814814812
1 0.726187996031746 0.7125661375661376 0.01756200396825397 0.022417328042328044
1 0.7434325396825396 0.7191501322751322 0.018583829365079366 0.025436507936507938
1 0.7330877976190476 0.6582275132275133 0.01701140873015873 0.024126984126984125
1 0.7567534722222222 0.6465145502645503 0.018355654761904764 0.02351190476190476
1 0.7580679563492064 0.6583630952380952 0.01804315476190476 0.017969576719576722
1 0.8191220238095238 0.6399801587301587 0.014486607142857141 0.017215608465608465
1 0.6697048611111112 0.6380787037037037 0.017938988095238095 0.0217989417989418
1 0.6886904761904762 0.6447519841269841 0.018382936507936508 0.023667328042328042
1 0.5594915674603175 0.8156150793650794 0.015622519841269842 0.023650793650793648
1 0.5431349206349206 0.8739814814814815 0.01609126984126984 0.021167328042328043
1 0.5124057539682539 0.8532771164021163 0.014965277777777779 0.020380291005291006
1 0.5189087301587301 0.7951058201058201 0.014213789682539684 0.01927579365079365
1 0.4700818452380952 0.7322222222222221 0.01595734126984127 0.021554232804232805
1 0.48640873015873015 0.7089583333333332 0.015089285714285715 0.02015873015873016
1 0.4598363095238095 0.7037929894179894 0.015994543650793648 0.021653439153439154
1 0.5346478174603174 0.590542328042328 0.01693452380952381 0.02165674603174603
1 0.45170386904761906 0.5165873015873016 0.015629960317460317 0.02254298941798942
1 0.45261160714285714 0.5345866402116402 0.01810267857142857 0.01880621693121693
1 0.3479315476190476 0.6185152116402117 0.018583829365079366 0.02447420634920635
1 0.30007688492063495 0.5750099206349206 0.017410714285714286 0.024146825396825396
1 0.31313740079365077 0.5668650793650793 0.01533234126984127 0.01933531746031746
1 0.4413467261904762 0.42137896825396826 0.013454861111111112 0.016243386243386244
1 0.4277430555555556 0.37386243386243384 0.013070436507936508 0.020992063492063492
1 0.7022395833333333 0.3662830687830688 0.013353174603174605 0.015988756613756615
1 0.832202380952381 0.15482473544973546 0.015317460317460316 0.019593253968253968
1 0.7463864087301587 0.2123015873015873 0.013921130952380952 0.017982804232804232
1 0.4286483134920635 0.16006283068783067 0.010210813492063493 0.013045634920634921
1 0.45086061507936503 0.1809887566137566 0.01195436507936508 0.015843253968253968
1 0.23230406746031745 0.37023478835978835 0.018516865079365077 0.023895502645502647
1 0.2682738095238095 0.3548974867724868 0.016336805555555556 0.01808531746031746
1 0.26398809523809524 0.2967526455026455 0.016964285714285716 0.015949074074074074
1 0.8499330357142857 0.20240410052910054 0.013983134920634922 0.017628968253968254
2 0.9628844246031746 0.3619742063492063 0.0062127976190476195 0.0066071428571428574
2 0.9678497023809524 0.36367063492063495 0.005126488095238095 0.0067857142857142855
2 0.9634201388888889 0.36920304232804235 0.006118551587301587 0.006051587301587302
2 0.9608134920634921 0.3817228835978836 0.006267361111111111 0.006431878306878307
2 0.9655580357142858 0.38578373015873013 0.006495535714285715 0.007046957671957671
2 0.9801066468253968 0.3785152116402117 0.005811011904761905 0.006094576719576719
2 0.9575967261904762 0.4031216931216931 0.006061507936507937 0.008125
2 0.9700992063492063 0.4019378306878307 0.005453869047619047 0.006117724867724867
2 0.9552678571428571 0.3974305555555555 0.004677579365079365 0.006395502645502645
2 0.9546999007936507 0.3690939153439154 0.0035441468253968253 0.005476190476190476
2 0.9515054563492062 0.3943320105820106 0.004303075396825397 0.006633597883597883
2 0.5790649801587302 0.8929596560846561 0.011458333333333334 0.014586640211640212
1 0.47830357142857144 0.7984920634920635 0.015121527777777777 0.01918650793650794
1 0.12520585317460317 0.7043121693121693 0.006264880952380953 0.008455687830687831
1 0.14468998015873016 0.6004828042328042 0.007507440476190476 0.010830026455026455
1 0.08892857142857143 0.5558134920634921 0.009156746031746031 0.01121031746031746
1 0.07859126984126984 0.5650661375661375 0.008876488095238095 0.009325396825396825
1 0.08377480158730158 0.5977876984126984 0.007006448412698413 0.008839285714285714
1 0.10709573412698413 0.5834556878306878 0.006237599206349206 0.00804563492063492
1 0.08745535714285714 0.5200496031746032 0.009270833333333334 0.011732804232804232
1 0.06427579365079365 0.48976190476190473 0.008055555555555555 0.009613095238095238
1 0.06121775793650794 0.565462962962963 0.009642857142857144 0.010796957671957671
1 0.08878720238095238 0.6496527777777777 0.008874007936507937 0.009930555555555555
1 0.09237103174603174 0.7089814814814815 0.007373511904761905 0.0075992063492063494