2 0.05406746031746032 0.6590608465608465 0.007936507936507936 0.009259259259259259
2 0.032614087301587304 0.7151124338624338 0.00818452380952381 0.01025132275132275
2 0.03670634920634921 0.6846891534391535 0.00744047619047619 0.01025132275132275
2 0.09536210317460317 0.6708002645502645 0.006696428571428571 0.007605820105820105
2 0.10689484126984126 0.6742724867724867 0.004464285714285714 0.006613756613756613
2 0.16468253968253968 0.6127645502645502 0.010912698412698412 0.01455026455026455
2 0.22705853174603174 0.8584656084656085 0.01314484126984127 0.015873015873015872
2 0.17906746031746032 0.8735119047619048 0.008432539682539682 0.01025132275132275
2 0.23053075396825398 0.8161375661375662 0.011656746031746032 0.016534391534391533
2 0.22916666666666666 0.8002645502645502 0.008928571428571428 0.013227513227513227
2 0.2534722222222222 0.8053902116402116 0.00744047619047619 0.014219576719576719
2 0.27058531746031744 0.7822420634920635 0.010416666666666666 0.015542328042328041
2 0.2594246031746032 0.8108465608465608 0.011408730158730158 0.015873015873015872
2 0.26785714285714285 0.8293650793650794 0.015873015873015872 0.021825396825396824
2 0.2533482142857143 0.7541335978835979 0.00818452380952381 0.01025132275132275
2 0.2819940476190476 0.8192791005291006 0.014384920634920634 0.021494708994708994
2 0.3219246031746032 0.9141865079365079 0.013392857142857142 0.018187830687830687
2 0.3116319444444444 0.8495370370370371 0.014136904761904762 0.021825396825396824
2 0.30084325396825395 0.8430886243386243 0.010416666666666666 0.017526455026455025
2 0.32155257936507936 0.828042328042328 0.014632936507936508 0.021825396825396824
2 0.3151041666666667 0.7981150793650794 0.00818452380952381 0.013558201058201057
2 0.2898065476190476 0.7041997354497355 0.011160714285714286 0.01488095238095238
2 0.24627976190476192 0.5424933862433863 0.012896825396825396 0.016865079365079364
2 0.32018849206349204 0.6190476190476191 0.011408730158730158 0.017857142857142856
2 0.33705357142857145 0.6469907407407407 0.015873015873015872 0.02546296296296296
2 0.25458829365079366 0.5072751322751323 0.016121031746031748 0.021164021164021163
2 0.20535714285714285 0.41352513227513227 0.009424603174603174 0.012896825396825396
2 0.2013888888888889 0.4356812169312169 0.010912698412698412 0.011574074074074073
2 0.16666666666666666 0.35383597883597884 0.008928571428571428 0.012566137566137565
2 0.23772321428571427 0.3191137566137566 0.011656746031746032 0.015873015873015872
2 0.2585565476190476 0.31299603174603174 0.011656746031746032 0.014219576719576719
2 0.2620287698412698 0.32671957671957674 0.011160714285714286 0.011904761904761904
2 0.24578373015873015 0.41021825396825395 0.008928571428571428 0.015542328042328041
2 0.2611607142857143 0.4366732804232804 0.01240079365079365 0.015542328042328041
2 0.2798859126984127 0.4437830687830688 0.01314484126984127 0.015873015873015872
2 0.2854662698412698 0.4376653439153439 0.013392857142857142 0.013558201058201057
2 0.3521825396825397 0.4408068783068783 0.017361111111111112 0.022486772486772486
2 0.42981150793650796 0.8265542328042328 0.014384920634920634 0.020833333333333332
2 0.4409722222222222 0.8358134920634921 0.01636904761904762 0.020833333333333332
2 0.40649801587301587 0.7815806878306878 0.018353174603174604 0.02414021164021164
2 0.4538690476190476 0.7506613756613757 0.018849206349206348 0.02513227513227513
2 0.4701140873015873 0.7465277777777778 0.017609126984126984 0.023478835978835978
2 0.462921626984127 0.7177579365079365 0.016121031746031748 0.023478835978835978
2 0.41431051587301587 0.6792328042328042 0.015625 0.018518518518518517
2 0.4210069444444444 0.6646825396825397 0.018105158730158732 0.021164021164021163
2 0.4459325396825397 0.595568783068783 0.01984126984126984 0.023148148148148147
2 0.4208829365079365 0.5390211640211641 0.01488095238095238 0.01984126984126984
2 0.36731150793650796 0.4451058201058201 0.013392857142857142 0.01984126984126984
2 0.39818948412698413 0.4664351851851852 0.015625 0.021494708994708994
2 0.43179563492063494 0.47172619047619047 0.015873015873015872 0.021494708994708994
2 0.41455853174603174 0.373015873015873 0.015128968253968254 0.01984126984126984
2 0.44828869047619047 0.4720568783068783 0.015128968253968254 0.0248015873015873
2 0.4599454365079365 0.2390873015873016 0.014136904761904762 0.016534391534391533
2 0.4711061507936508 0.18683862433862433 0.012648809523809524 0.016534391534391533
2 0.46552579365079366 0.23032407407407407 0.01240079365079365 0.015542328042328041
2 0.5071924603174603 0.25396825396825395 0.011904761904761904 0.01521164021164021
2 0.45498511904761907 0.199239417989418 0.012152777777777778 0.016203703703703703
2 0.45870535714285715 0.3898809523809524 0.018601190476190476 0.023148148148148147
2 0.4583333333333333 0.4298941798941799 0.016865079365079364 0.01917989417989418
2 0.4592013888888889 0.408234126984127 0.016121031746031748 0.017526455026455025
2 0.4724702380952381 0.451223544973545 0.020337301587301588 0.0248015873015873
2 0.4921875 0.5236441798941799 0.014136904761904762 0.023478835978835978
2 0.4703621031746032 0.6266534391534392 0.019097222222222224 0.027116402116402115
2 0.49516369047619047 0.6888227513227513 0.018601190476190476 0.021164021164021163
2 0.5143849206349206 0.6350859788359788 0.01488095238095238 0.02546296296296296
2 0.4857390873015873 0.6327711640211641 0.012152777777777778 0.018187830687830687
2 0.5395585317460317 0.5836640211640212 0.020089285714285716 0.021825396825396824
2 0.5341021825396826 0.8305224867724867 0.01314484126984127 0.020833333333333332
2 0.5467509920634921 0.44990079365079366 0.019593253968253968 0.02414021164021164
2 0.5687003968253969 0.4244378306878307 0.011408730158730158 0.01488095238095238
2 0.5425347222222222 0.5335648148148148 0.018601190476190476 0.027447089947089946
2 0.5561755952380952 0.5568783068783069 0.019097222222222224 0.023809523809523808
2 0.5523313492063492 0.5395171957671958 0.019345238095238096 0.021494708994708994
2 0.5628720238095238 0.5911044973544973 0.017609126984126984 0.02414021164021164
2 0.5804811507936508 0.6678240740740741 0.010168650793650794 0.012235449735449735
2 0.6130952380952381 0.7795965608465608 0.015376984126984126 0.018187830687830687
2 0.6371527777777778 0.8609457671957672 0.013888888888888888 0.021494708994708994
2 0.6490575396825397 0.8568121693121693 0.017857142857142856 0.023809523809523808
2 0.6409970238095238 0.6588955026455027 0.009672619047619048 0.016203703703703703
2 0.6728670634920635 0.6461640211640212 0.008928571428571428 0.018518518518518517
2 0.6881200396825397 0.6536044973544973 0.014632936507936508 0.017526455026455025
2 0.6843998015873016 0.6755952380952381 0.014632936507936508 0.01984126984126984
2 0.6256200396825397 0.45006613756613756 0.01066468253968254 0.015873015873015872
2 0.6335565476190477 0.41782407407407407 0.009672619047619048 0.01488095238095238
2 0.5902777777777778 0.2767857142857143 0.014384920634920634 0.0205026455026455
2 0.6128472222222222 0.3037367724867725 0.019345238095238096 0.02414021164021164
2 0.6178075396825397 0.25826719576719576 0.013888888888888888 0.018518518518518517
2 0.6638144841269841 0.22354497354497355 0.015128968253968254 0.023809523809523808
2 0.6706349206349206 0.24603174603174602 0.012896825396825396 0.016534391534391533
2 0.6499255952380952 0.2681878306878307 0.014632936507936508 0.017857142857142856
2 0.6891121031746031 0.28869047619047616 0.015625 0.023148148148148147
2 0.7137896825396826 0.27976190476190477 0.013392857142857142 0.01984126984126984
2 0.7202380952380952 0.2700066137566138 0.00992063492063492 0.014219576719576719
2 0.7576884920634921 0.3149801587301587 0.011408730158730158 0.020833333333333332
2 0.6862599206349206 0.38657407407407407 0.013888888888888888 0.01917989417989418
2 0.7120535714285714 0.42162698412698413 0.011904761904761904 0.017195767195767195
2 0.7096974206349206 0.4393187830687831 0.021577380952380952 0.022156084656084655
2 0.7297867063492064 0.5254629629629629 0.013640873015873016 0.022486772486772486
2 0.7242063492063492 0.6822089947089947 0.014384920634920634 0.018518518518518517
2 0.6940724206349206 0.839781746031746 0.015128968253968254 0.02414021164021164
2 0.7005208333333334 0.884755291005291 0.013640873015873016 0.020833333333333332
2 0.7087053571428571 0.8516865079365079 0.017609126984126984 0.023478835978835978
2 0.7150297619047619 0.8705357142857143 0.013392857142857142 0.017526455026455025
2 0.8387896825396826 0.8196097883597884 0.01636904761904762 0.018187830687830687
2 0.8390376984126984 0.7447089947089947 0.015873015873015872 0.017857142857142856
2 0.7648809523809523 0.6567460317460317 0.013888888888888888 0.017195767195767195
2 0.8035714285714286 0.6393849206349206 0.01488095238095238 0.021494708994708994
2 0.8031994047619048 0.6661706349206349 0.01314484126984127 0.016203703703703703
2 0.7932787698412699 0.6488095238095238 0.012648809523809524 0.016534391534391533
2 0.8200644841269841 0.625 0.009176587301587302 0.012566137566137565
2 0.873015873015873 0.6845238095238095 0.015376984126984126 0.0205026455026455
2 0.8430059523809523 0.5563822751322751 0.010416666666666666 0.01488095238095238
2 0.7619047619047619 0.47271825396825395 0.011408730158730158 0.018849206349206348
2 0.7750496031746031 0.4755291005291005 0.01240079365079365 0.01521164021164021
2 0.7726934523809523 0.4503968253968254 0.016617063492063492 0.023809523809523808
2 0.7865823412698413 0.4054232804232804 0.014632936507936508 0.017857142857142856
2 0.7901785714285714 0.3368055555555556 0.014384920634920634 0.018849206349206348