2 0.03447420634920635 0.4537037037037037 0.00992063492063492 0.009259259259259259
2 0.021825396825396824 0.5289351851851852 0.009424603174603174 0.01025132275132275
2 0.040674603174603176 0.4479166666666667 0.00744047619047619 0.008267195767195767
2 0.033482142857142856 0.5095899470899471 0.009424603174603174 0.011243386243386243
2 0.02628968253968254 0.5150462962962963 0.005456349206349206 0.006944444444444444
2 0.06138392857142857 0.535218253968254 0.007688492063492063 0.008267195767195767
2 0.04935515873015873 0.5535714285714286 0.008928571428571428 0.009259259259259259
2 0.06882440476190477 0.5051256613756614 0.010168650793650794 0.01025132275132275
2 0.07700892857142858 0.49966931216931215 0.00818452380952381 0.008597883597883597
2 0.09809027777777778 0.47602513227513227 0.010168650793650794 0.01025132275132275
2 0.13355654761904762 0.47701719576719576 0.008680555555555556 0.008928571428571428
2 0.13740079365079366 0.4932208994708995 0.008432539682539682 0.00958994708994709
2 0.15203373015873015 0.4990079365079365 0.00992063492063492 0.010582010582010581
2 0.0574156746031746 0.6962632275132276 0.008680555555555556 0.012235449735449735
2 0.0679563492063492 0.6878306878306878 0.010416666666666666 0.010582010582010581
2 0.05406746031746032 0.5990410052910053 0.009424603174603174 0.013558201058201057
2 0.09040178571428571 0.6026785714285714 0.007688492063492063 0.01025132275132275
2 0.11259920634920635 0.7316468253968254 0.008928571428571428 0.010912698412698412
2 0.04092261904761905 0.8386243386243386 0.00992063492063492 0.011243386243386243
2 0.1154513888888889 0.9095568783068783 0.012648809523809524 0.016865079365079364
2 0.018105158730158732 0.9933862433862434 0.018849206349206348 0.013227513227513227
2 0.22730654761904762 0.90625 0.015128968253968254 0.021494708994708994
2 0.21651785714285715 0.4234457671957672 0.015376984126984126 0.016203703703703703
2 0.22606646825396826 0.43816137566137564 0.01314484126984127 0.012566137566137565
2 0.18452380952380953 0.5567129629629629 0.008928571428571428 0.00958994708994709
2 0.2628968253968254 0.7693452380952381 0.00744047619047619 0.00958994708994709
2 0.279265873015873 0.7356150793650794 0.012896825396825396 0.018849206349206348
2 0.279265873015873 0.6415343915343915 0.015873015873015872 0.01984126984126984
2 0.2826140873015873 0.6521164021164021 0.013640873015873016 0.017195767195767195
2 0.29985119047619047 0.7159391534391535 0.008928571428571428 0.01455026455026455
2 0.2534722222222222 0.5570436507936508 0.017857142857142856 0.01951058201058201
2 0.2819940476190476 0.5190145502645502 0.015376984126984126 0.01951058201058201
2 0.27976190476190477 0.5405092592592593 0.01488095238095238 0.020833333333333332
2 0.26674107142857145 0.5459656084656085 0.015625 0.017195767195767195
2 0.3013392857142857 0.4173280423280423 0.01488095238095238 0.01984126984126984
2 0.2760416666666667 0.4444444444444444 0.010416666666666666 0.011243386243386243
2 0.3040674603174603 0.45453042328042326 0.012896825396825396 0.013558201058201057
2 0.2564484126984127 0.4689153439153439 0.012896825396825396 0.01455026455026455
2 0.23325892857142858 0.4892526455026455 0.009176587301587302 0.006283068783068783
2 0.3349454365079365 0.3897156084656085 0.015128968253968254 0.022156084656084655
2 0.2986111111111111 0.5816798941798942 0.010912698412698412 0.01521164021164021
2 0.3236607142857143 0.7895171957671958 0.011408730158730158 0.01488095238095238
2 0.3318452380952381 0.7822420634920635 0.010416666666666666 0.016203703703703703
2 0.29799107142857145 0.7825727513227513 0.011656746031746032 0.013558201058201057
2 0.4398561507936508 0.8698743386243386 0.015625 0.022156084656084655
2 0.4255952380952381 0.8526785714285714 0.010912698412698412 0.018849206349206348
2 0.3647073412698413 0.8468915343915344 0.009672619047619048 0.013227513227513227
2 0.3896329365079365 0.78125 0.01240079365079365 0.017526455026455025
2 0.4104662698412698 0.7766203703703703 0.01488095238095238 0.02017195767195767
2 0.5217013888888888 0.9014550264550265 0.023065476190476192 0.02513227513227513
2 0.5140128968253969 0.8516865079365079 0.017609126984126984 0.021494708994708994
2 0.44419642857142855 0.6863425925925926 0.014384920634920634 0.01951058201058201
2 0.5101686507936508 0.7041997354497355 0.016865079365079364 0.018187830687830687
2 0.44035218253968256 0.6656746031746031 0.016121031746031748 0.01984126984126984
2 0.453125 0.6468253968253969 0.01636904761904762 0.01984126984126984
2 0.4283234126984127 0.6534391534391535 0.009424603174603174 0.01984126984126984
2 0.40314980158730157 0.4611441798941799 0.01314484126984127 0.015542328042328041
2 0.4234871031746032 0.4280753968253968 0.012152777777777778 0.016203703703703703
2 0.45696924603174605 0.44659391534391535 0.014136904761904762 0.02414021164021164
2 0.4435763888888889 0.4320436507936508 0.010168650793650794 0.012235449735449735
2 0.4334077380952381 0.3955026455026455 0.015128968253968254 0.021164021164021163
2 0.40637400793650796 0.32159391534391535 0.019097222222222224 0.023478835978835978
2 0.3880208333333333 0.30423280423280424 0.01314484126984127 0.01521164021164021
2 0.4130704365079365 0.26537698412698413 0.01314484126984127 0.016203703703703703
2 0.44754464285714285 0.28406084656084657 0.014632936507936508 0.021825396825396824
2 0.46205357142857145 0.2748015873015873 0.016865079365079364 0.021164021164021163
2 0.47507440476190477 0.2878637566137566 0.01711309523809524 0.022817460317460316
2 0.48821924603174605 0.2744708994708995 0.012648809523809524 0.01917989417989418
2 0.43638392857142855 0.23842592592592593 0.015128968253968254 0.017195767195767195
2 0.5285218253968254 0.3273809523809524 0.017857142857142856 0.023809523809523808
2 0.5474950396825397 0.40591931216931215 0.018601190476190476 0.026124338624338623
2 0.5406746031746031 0.45337301587301587 0.018353174603174604 0.02447089947089947
2 0.5305059523809523 0.5601851851851852 0.01636904761904762 0.023148148148148147
2 0.515625 0.5395171957671958 0.010912698412698412 0.018849206349206348
2 0.574156746031746 0.4799933862433862 0.013392857142857142 0.017526455026455025
2 0.5597718253968254 0.4540343915343915 0.018353174603174604 0.028439153439153438
2 0.5959821428571429 0.47867063492063494 0.01636904761904762 0.021494708994708994
2 0.5973462301587301 0.687334656084656 0.014632936507936508 0.022156084656084655
2 0.5994543650793651 0.9161706349206349 0.01488095238095238 0.022156084656084655
2 0.6378968253968254 0.677744708994709 0.017361111111111112 0.0248015873015873
2 0.6742311507936508 0.5778769841269841 0.01711309523809524 0.02414021164021164
2 0.6707589285714286 0.6570767195767195 0.013640873015873016 0.013227513227513227
2 0.6827876984126984 0.6635251322751323 0.014384920634920634 0.015542328042328041
2 0.6954365079365079 0.6789021164021164 0.015873015873015872 0.017857142857142856
2 0.7094494047619048 0.6904761904761905 0.009672619047619048 0.013888888888888888
2 0.7275545634920635 0.6932870370370371 0.014632936507936508 0.020833333333333332
2 0.7507440476190477 0.6911375661375662 0.016865079365079364 0.01984126984126984
2 0.7361111111111112 0.7215608465608465 0.016865079365079364 0.01521164021164021
2 0.7743055555555556 0.728505291005291 0.017361111111111112 0.02447089947089947
2 0.7679811507936508 0.6221891534391535 0.012152777777777778 0.018187830687830687
2 0.7114335317460317 0.6208664021164021 0.010168650793650794 0.017526455026455025
2 0.7782738095238095 0.8308531746031746 0.018353174603174604 0.02414021164021164
2 0.7951388888888888 0.7741402116402116 0.01240079365079365 0.0205026455026455
2 0.7720734126984127 0.7885251322751323 0.013392857142857142 0.013558201058201057
2 0.8371775793650794 0.7610780423280423 0.019593253968253968 0.021494708994708994
2 0.8934771825396826 0.8133267195767195 0.01711309523809524 0.01951058201058201
2 0.925843253968254 0.8014219576719577 0.018353174603174604 0.022817460317460316
2 0.9025297619047619 0.7632275132275133 0.013392857142857142 0.013888888888888888
2 0.9861111111111112 0.5704365079365079 0.009424603174603174 0.012566137566137565