1 0.7706994047619048 0.28058531746031745 0.02376984126984127 0.02682539682539683
2 0.8497073412698413 0.10684193121693121 0.034580853174603174 0.03608465608465609
2 0.8001661706349207 0.1574570105820106 0.024563492063492065 0.03190806878306878
1 0.8696974206349206 0.7141765873015873 0.04419642857142857 0.04367063492063492
1 0.2370188492063492 0.4756845238095238 0.028958333333333336 0.0302744708994709
1 0.7201537698412698 0.6326190476190476 0.026803075396825395 0.032132936507936506
1 0.9500967261904761 0.7912400793650793 0.04272321428571428 0.05316137566137566
1 0.7315302579365079 0.26982804232804236 0.018955853174603177 0.027549603174603175
2 0.6909350198412698 0.23109457671957673 0.018134920634920636 0.028363095238095236
1 0.7816443452380952 0.48526785714285714 0.029208829365079365 0.03310185185185185
1 0.8688169642857143 0.2438392857142857 0.02789434523809524 0.03211309523809524
1 0.34912202380952384 0.536547619047619 0.023621031746031744 0.027599206349206346
2 0.7279786706349206 0.22435185185185186 0.023040674603174605 0.02396494708994709
1 0.5364856150793651 0.6374239417989418 0.01953125 0.032542989417989415
1 0.22380208333333335 0.5179960317460318 0.021235119047619048 0.026395502645502642
1 0.802609126984127 0.7967625661375661 0.03426339285714286 0.039834656084656084
1 0.4806225198412698 0.6669609788359788 0.0302703373015873 0.040360449735449735
1 0.8395436507936508 0.2489781746031746 0.026887400793650793 0.034831349206349206
1 0.40257192460317465 0.7423148148148149 0.020830853174603172 0.0247255291005291
1 0.8171701388888889 0.7471990740740742 0.038794642857142854 0.038802910052910054
1 0.5133184523809523 0.64932208994709 0.021612103174603176 0.031044973544973542
1 0.8232366071428572 0.7084854497354498 0.03609375 0.03925595238095238
1 0.33617559523809526 0.1738558201058201 0.018249007936507935 0.02664021164021164
1 0.44018353174603175 0.5818584656084655 0.023563988095238096 0.03297949735449736
1 0.47152777777777777 0.34074735449735455 0.027606646825396826 0.03666335978835979
2 0.9163194444444445 0.37692791005291004 0.01611111111111111 0.017003968253968254
1 0.9819270833333333 0.7858134920634922 0.036145833333333335 0.05226851851851852
1 0.1078720238095238 0.2764153439153439 0.02366071428571429 0.02548941798941799
2 0.8868452380952382 0.1451686507936508 0.029317956349206347 0.031927910052910055
2 0.6739930555555556 0.41457341269841275 0.023583829365079367 0.029454365079365077
1 0.15290426587301587 0.7345436507936509 0.022802579365079366 0.02646825396825397
1 0.3689558531746032 0.5800099206349206 0.019756944444444445 0.022238756613756613
1 0.7571006944444445 0.31657076719576716 0.022123015873015874 0.024659391534391534
1 0.9360416666666667 0.7518386243386244 0.039325396825396826 0.03543320105820106
1 0.36478670634920635 0.17567460317460318 0.01978422619047619 0.024828042328042327
1 0.22808531746031746 0.19826719576719576 0.020431547619047617 0.025029761904761905
2 0.9031696428571429 0.20270502645502647 0.03281498015873016 0.03060515873015873
1 0.3799702380952381 0.31166005291005294 0.021599702380952383 0.024890873015873016
1 0.33013888888888887 0.38234788359788363 0.021805555555555557 0.02666666666666667
1 0.10322172619047619 0.3597354497354497 0.021527777777777778 0.014887566137566139
1 0.30549603174603174 0.8774107142857143 0.025166170634920635 0.03397156084656085
1 0.23874751984126985 0.6220767195767196 0.021341765873015874 0.0258234126984127
1 0.12850694444444444 0.7483895502645503 0.019159226190476192 0.024077380952380954
1 0.06179563492063492 0.5846957671957672 0.0250421626984127 0.023187830687830688
1 0.12371031746031746 0.4022685185185185 0.01676339285714286 0.022450396825396825
1 0.10947916666666667 0.22825727513227514 0.02330109126984127 0.023425925925925926
1 0.27730406746031744 0.3499041005291005 0.02177827380952381 0.029454365079365077
1 0.33903025793650793 0.2433531746031746 0.01558779761904762 0.023386243386243386
1 0.3571850198412699 0.2057936507936508 0.015421626984126984 0.02253968253968254
1 0.37456101190476193 0.19542328042328044 0.019330357142857142 0.022830687830687833
1 0.3878968253968254 0.12446097883597884 0.015337301587301589 0.02221230158730159
1 0.4107762896825397 0.10021164021164022 0.018380456349206348 0.027612433862433863
1 0.37890128968253967 0.0955026455026455 0.012132936507936508 0.019503968253968253
1 0.3688368055555556 0.09484457671957672 0.01511656746031746 0.020089285714285716
1 0.5451587301587302 0.19340939153439154 0.017770337301587304 0.026689814814814812
1 0.697061011904762 0.135353835978836 0.015411706349206349 0.02493716931216931
1 0.7129315476190476 0.10982804232804233 0.01742311507936508 0.02121031746031746
1 0.7998338293650793 0.40707010582010583 0.017137896825396823 0.022192460317460316
1 0.9048239087301587 0.708508597883598 0.02425843253968254 0.030261243386243388
1 0.7720932539682539 0.841683201058201 0.03068452380952381 0.034725529100529104
1 0.703859126984127 0.7829431216931216 0.02259920634920635 0.024669312169312167
1 0.6847991071428572 0.5992228835978836 0.0214484126984127 0.026610449735449734
1 0.8712103174603174 0.5355456349206349 0.025714285714285717 0.032020502645502644
1 0.8351736111111111 0.5271494708994708 0.024831349206349208 0.03494047619047619
1 0.9698536706349206 0.40909060846560846 0.012353670634920636 0.015062830687830688
1 0.9828348214285714 0.4320601851851852 0.011964285714285715 0.013680555555555555
1 0.9927752976190476 0.4330820105820106 0.008844246031746031 0.013095238095238096
1 0.9944097222222222 0.4518353174603174 0.011183035714285715 0.01576388888888889
1 0.42693452380952385 0.4414847883597883 0.021334325396825397 0.027926587301587303
1 0.7860739087301587 0.3084953703703704 0.021485615079365077 0.024196428571428574
1 0.8126785714285714 0.32140542328042326 0.01609375 0.021752645502645503
1 0.8476339285714285 0.3317757936507936 0.018645833333333334 0.021461640211640213
1 0.9656473214285713 0.3417096560846561 0.015282738095238094 0.017665343915343915
1 0.9469841269841269 0.1989021164021164 0.01958333333333333 0.021240079365079368
2 0.8794965277777778 0.18628637566137568 0.020969742063492062 0.028214285714285713
2 0.9366195436507936 0.1216137566137566 0.028975694444444443 0.0355787037037037
2 0.9340600198412699 0.18281746031746032 0.02275793650793651 0.0344212962962963
2 0.9203546626984127 0.19223875661375664 0.021086309523809525 0.03091600529100529
2 0.899513888888889 0.178234126984127 0.024315476190476193 0.024596560846560846
2 0.9866914682539683 0.14085648148148147 0.02397073412698413 0.030687830687830688
1 0.8775967261904761 0.23128306878306878 0.021321924603174603 0.020277777777777777
2 0.9817261904761905 0.08338624338624338 0.03066468253968254 0.03395502645502646
1 0.3211235119047619 0.12408068783068783 0.010880456349206348 0.01322420634920635