2 0.13417410714285716 0.41940806878306874 0.007643849206349206 0.008115079365079365
2 0.12610615079365078 0.44450727513227517 0.009623015873015872 0.008869047619047618
2 0.1418874007936508 0.3481712962962963 0.006086309523809523 0.013210978835978836
2 0.14832589285714284 0.34835978835978837 0.007926587301587303 0.011699735449735451
2 0.17330605158730158 0.36090939153439155 0.004952876984126984 0.005472883597883598
2 0.13940972222222223 0.22965939153439155 0.007358630952380952 0.009057539682539683
2 0.13289930555555557 0.2333399470899471 0.007643849206349206 0.009246031746031747
2 0.14740575396825398 0.32769510582010586 0.007217261904761905 0.010380291005291005
2 0.15476686507936507 0.3227910052910053 0.007785218253968254 0.006980820105820106
2 0.15002480158730158 0.31373015873015875 0.005662202380952381 0.005849867724867726
2 0.12093998015873016 0.333640873015873 0.008916170634920636 0.011322751322751323
2 0.11619791666666666 0.3480753968253968 0.006793154761904762 0.008492063492063492
2 0.13268849206349206 0.3602480158730159 0.0035391865079365077 0.0045304232804232805
2 0.10402777777777777 0.35166335978835983 0.005379464285714286 0.006603835978835978
2 0.10763640873015873 0.3595899470899471 0.008067956349206349 0.007361111111111112
2 0.08244295634920636 0.34241732804232805 0.007502480158730159 0.010380291005291005
2 0.08003720238095238 0.3850628306878307 0.008350694444444445 0.011888227513227514
2 0.10699900793650793 0.3973313492063492 0.009057539682539683 0.010380291005291005
2 0.09737599206349207 0.32571428571428573 0.009623015873015872 0.010945767195767196
2 0.09086309523809524 0.3159953703703704 0.009623015873015872 0.010757275132275132
2 0.08371775793650794 0.3093915343915344 0.00863343253968254 0.010380291005291005
2 0.004459325396825397 0.22258597883597883 0.008916170634920636 0.010380291005291005
2 0.03134920634920635 0.2298511904761905 0.007785218253968254 0.01056878306878307
2 0.050101686507936505 0.22296296296296297 0.004246031746031746 0.0062268518518518515
2 0.019248511904761904 0.1985251322751323 0.003963293650793651 0.009057539682539683
2 0.026254960317460316 0.25636243386243385 0.009481646825396825 0.011888227513227514
2 0.033685515873015874 0.2617427248677249 0.009623015873015872 0.009057539682539683
2 0.006086309523809523 0.309484126984127 0.012172619047619047 0.012076719576719578
2 0.049181547619047625 0.3238260582010582 0.009481646825396825 0.01283068783068783
2 0.004528769841269841 0.3491137566137566 0.009057539682539683 0.012076719576719578
2 0.05746279761904762 0.3804398148148148 0.009340277777777777 0.010945767195767196
2 0.0022643849206349207 0.44224206349206346 0.004528769841269841 0.009623015873015874
2 0.02476934523809524 0.4415839947089947 0.007643849206349206 0.0079265873015873
2 0.0198859126984127 0.45583002645502646 0.010049603174603175 0.01113425925925926
2 0.02837797619047619 0.452906746031746 0.00976686507936508 0.009811507936507938
2 0.03927579365079365 0.4479993386243386 0.008067956349206349 0.008303571428571428
2 0.044228670634920635 0.4619642857142857 0.008350694444444445 0.00943452380952381
2 0.05718005952380953 0.44564153439153437 0.008774801587301588 0.008492063492063492
2 0.07734871031746032 0.47319113756613757 0.01033234126984127 0.010003306878306879
2 0.07904513888888888 0.48432539682539677 0.00863343253968254 0.008869047619047618
2 0.0835763888888889 0.4702678571428571 0.007502480158730159 0.008680555555555556
2 0.004246031746031746 0.6398247354497354 0.008492063492063492 0.009623015873015874
2 0.04019593253968254 0.6134027777777779 0.007075892857142858 0.008115079365079365
2 0.03340277777777778 0.704646164021164 0.008774801587301588 0.010191798941798941
2 0.9840128968253968 0.3555787037037037 0.006004464285714286 0.007324735449735449
2 0.9972123015873017 0.3277281746031746 0.005575396825396825 0.007152777777777778
2 0.9879737103174604 0.40761574074074075 0.0072817460317460315 0.007493386243386244
2 0.9980431547619047 0.5669642857142857 0.003913690476190476 0.008346560846560847