1 0.44591021825396826 0.17165674603174605 0.02479910714285714 0.02814484126984127
1 0.3004712301587302 0.6854166666666666 0.029751984126984127 0.035734126984126986
2 0.4623710317460317 0.8121494708994709 0.027455357142857142 0.040400132275132276
2 0.5132936507936507 0.8341369047619047 0.025136408730158728 0.03494378306878307
2 0.8538988095238096 0.5243253968253968 0.024327876984126987 0.028260582010582007
1 0.7840178571428571 0.5652546296296296 0.021760912698412696 0.028852513227513227
2 0.8717559523809524 0.3622089947089947 0.018819444444444444 0.021686507936507934
2 0.8526760912698412 0.621765873015873 0.018740079365079366 0.02523148148148148
2 0.3711309523809524 0.7727546296296296 0.020771329365079364 0.026663359788359788
1 0.5853869047619048 0.7055588624338625 0.022373511904761903 0.03450066137566137
2 0.9493799603174603 0.4510019841269841 0.02207093253968254 0.022655423280423283
2 0.04020337301587301 0.45452380952380955 0.01592013888888889 0.018406084656084655
2 0.8283928571428572 0.5317294973544974 0.023147321428571427 0.027857142857142855
2 0.7731274801587301 0.5954497354497355 0.020942460317460318 0.02556547619047619
2 0.3009623015873016 0.8965376984126985 0.02497767857142857 0.031567460317460314
2 0.1730877976190476 0.3844973544973545 0.016254960317460317 0.015208333333333334
2 0.2745014880952381 0.9860350529100529 0.025868055555555554 0.027926587301587303
2 0.08195932539682539 0.46727843915343914 0.016299603174603175 0.014391534391534393
1 0.27189484126984126 0.5286210317460317 0.027611607142857143 0.03688161375661376
2 0.15495039682539682 0.4091269841269841 0.01689484126984127 0.014874338624338623
2 0.8719940476190476 0.6180026455026455 0.022321428571428572 0.026805555555555555
2 0.8426066468253968 0.400843253968254 0.024558531746031745 0.02625661375661376
1 0.048182043650793656 0.39745370370370375 0.01712797619047619 0.016762566137566135
1 0.1700768849206349 0.5345238095238095 0.015855654761904762 0.015343915343915344
2 0.29779761904761903 0.9863194444444445 0.021609623015873016 0.027298280423280422
2 0.8740352182539682 0.6340509259259259 0.023236607142857142 0.03052248677248677
2 0.06593501984126984 0.4474702380952381 0.014625496031746031 0.013806216931216931
2 0.01812748015873016 0.5569543650793651 0.01347470238095238 0.01275462962962963
2 0.4887847222222222 0.8078141534391534 0.024399801587301585 0.05099867724867725
2 0.9672098214285714 0.4035747354497355 0.01736607142857143 0.024057539682539684
2 0.0865327380952381 0.5606646825396826 0.013251488095238096 0.013591269841269842
1 0.12807539682539681 0.4561904761904762 0.013521825396825398 0.01716269841269841
2 0.05443700396825397 0.5474140211640212 0.016922123015873015 0.015132275132275132
2 0.11813988095238094 0.5228670634920636 0.012460317460317461 0.011798941798941798
1 0.11248511904761906 0.34513558201058203 0.013799603174603174 0.013485449735449736
2 0.8405381944444444 0.6145469576719577 0.01949404761904762 0.025929232804232802
1 0.6051909722222223 0.7004828042328043 0.02030753968253968 0.031815476190476186
1 0.5957142857142858 0.6848115079365079 0.022135416666666668 0.027797619047619047
2 0.5105927579365079 0.8034523809523809 0.028893849206349208 0.032103174603174606
2 0.494000496031746 0.7845767195767196 0.02865575396825397 0.031620370370370375
2 0.48758680555555556 0.8268154761904761 0.025880456349206347 0.03087301587301587
2 0.856468253968254 0.6362400793650793 0.01781498015873016 0.01857142857142857
2 0.8615228174603174 0.4054629629629629 0.01880704365079365 0.024890873015873016
2 0.9086780753968254 0.2684722222222222 0.01709325396825397 0.020965608465608465
2 0.9764558531746033 0.38748015873015873 0.015062003968253967 0.01902777777777778
2 0.8814632936507937 0.30552910052910054 0.012824900793650795 0.018535052910052908
2 0.8946676587301587 0.3009887566137566 0.014154265873015872 0.018055555555555557
2 0.9693824404761905 0.9634060846560847 0.020181051587301588 0.022701719576719577
2 0.9578422619047618 0.8729464285714286 0.013586309523809525 0.017238756613756616
2 0.9311656746031746 0.8883101851851852 0.014692460317460318 0.016144179894179895
2 0.9179241071428572 0.8872123015873016 0.013938492063492064 0.01738425925925926
2 0.8653918650793652 0.872063492063492 0.014377480158730159 0.018052248677248677
2 0.9078199404761904 0.8747652116402116 0.01408482142857143 0.017430555555555557
2 0.9333854166666666 0.8596858465608466 0.01167906746031746 0.012218915343915344
2 0.9332614087301587 0.8524007936507936 0.012646329365079366 0.014368386243386244
2 0.9711904761904763 0.8387566137566138 0.015917658730158733 0.01680224867724868
2 0.9484895833333333 0.8391633597883599 0.014228670634920634 0.01503637566137566
2 0.9459623015873015 0.8325694444444445 0.01232390873015873 0.013888888888888888
2 0.9135689484126984 0.8317096560846561 0.013330853174603174 0.01560846560846561
2 0.9081423611111111 0.8249966931216931 0.012006448412698411 0.012787698412698414
2 0.8904042658730159 0.8396660052910053 0.013082837301587302 0.016898148148148148
2 0.9028571428571429 0.8452810846560846 0.013256448412698414 0.015228174603174603
2 0.8486235119047619 0.8339318783068783 0.012996031746031745 0.014031084656084656
2 0.8691369047619047 0.8285780423280423 0.01461309523809524 0.017086640211640212
2 0.8558606150793651 0.8199074074074074 0.013375496031746032 0.014361772486772487
2 0.858531746031746 0.804566798941799 0.011619543650793651 0.01636574074074074
2 0.8799776785714286 0.8096097883597885 0.013874007936507936 0.013931878306878307
2 0.9057936507936507 0.7959656084656085 0.01240079365079365 0.01636574074074074
2 0.926937003968254 0.7908994708994709 0.01168154761904762 0.013115079365079364
2 0.9246428571428571 0.8097751322751323 0.011966765873015874 0.01646494708994709
2 0.9330282738095238 0.8303240740740742 0.010962301587301588 0.014556878306878308
2 0.767155257936508 0.8011507936507936 0.012348710317460317 0.015555555555555555
2 0.8169990079365079 0.8169675925925927 0.013702876984126984 0.017374338624338626
2 0.8317088293650793 0.7734589947089947 0.011515376984126984 0.01263558201058201
2 0.8268725198412697 0.7464120370370371 0.010441468253968255 0.01416005291005291
2 0.7709895833333333 0.7602943121693122 0.012562003968253969 0.011246693121693121
2 0.7203397817460317 0.7900165343915344 0.010672123015873017 0.013928571428571427
2 0.8734920634920635 0.749996693121693 0.012512400793650794 0.015591931216931216
2 0.8818402777777777 0.765621693121693 0.01207093253968254 0.018521825396825398
2 0.757983630952381 0.7437830687830688 0.00919642857142857 0.011769179894179894
2 0.7354439484126984 0.751739417989418 0.010560515873015873 0.013062169312169311
2 0.7249082341269841 0.7462466931216931 0.010133928571428572 0.010671296296296297
1 0.7552951388888889 0.754728835978836 0.010272817460317461 0.014732142857142857
1 0.4131150793650794 0.308234126984127 0.025781250000000002 0.034269179894179894
1 0.1604513888888889 0.3153505291005291 0.01025049603174603 0.013723544973544973
1 0.18014632936507938 0.2632308201058201 0.009404761904761905 0.014242724867724868
1 0.18837549603174603 0.27398809523809525 0.01209077380952381 0.014821428571428572
1 0.1928199404761905 0.25766203703703705 0.011624503968253968 0.016739417989417988
1 0.06188740079365079 0.39598544973544975 0.0161780753968254 0.020297619047619047
1 0.02840029761904762 0.3946395502645503 0.015513392857142856 0.018187830687830687
1 0.046294642857142854 0.3765145502645502 0.013566468253968254 0.015062830687830688
1 0.07059771825396825 0.37250661375661376 0.016803075396825396 0.018277116402116402
1 0.09735119047619047 0.3775231481481482 0.01586309523809524 0.01880621693121693
1 0.1197296626984127 0.4165839947089947 0.015213293650793651 0.016557539682539684
1 0.1010763888888889 0.7441931216931217 0.014890873015873015 0.01671626984126984
1 0.1322048611111111 0.7716600529100529 0.01168154761904762 0.014609788359788359
1 0.134327876984127 0.8146560846560846 0.014632936507936508 0.015049603174603174
2 0.3599404761904762 0.9702083333333333 0.013449900793650793 0.018498677248677247
1 0.361922123015873 0.698207671957672 0.021478174603174603 0.02671957671957672
1 0.34552083333333333 0.7076421957671957 0.022847222222222224 0.030896164021164022
2 0.031118551587301587 0.5429695767195767 0.013675595238095238 0.01698743386243386
2 0.04510664682539683 0.5379298941798942 0.013782242063492064 0.01554563492063492
2 0.03446676587301587 0.5150727513227513 0.016339285714285712 0.019957010582010583
2 0.04681795634920635 0.516058201058201 0.011961805555555555 0.014150132275132276
2 0.062480158730158726 0.5395634920634921 0.013045634920634921 0.017083333333333332
2 0.0900421626984127 0.6160251322751322 0.016800595238095236 0.018776455026455027
2 0.08267857142857143 0.6234689153439154 0.01568452380952381 0.016375661375661377
2 0.07495535714285714 0.6846329365079364 0.01384920634920635 0.01771494708994709
2 0.09626984126984127 0.5975330687830688 0.013702876984126984 0.01808201058201058
2 0.09562251984126985 0.4524107142857143 0.014997519841269841 0.016481481481481482
2 0.10604662698412698 0.4740641534391534 0.016651785714285713 0.016259920634920634
2 0.17949900793650794 0.4033002645502645 0.013581349206349206 0.015049603174603174
2 0.19177579365079364 0.3798445767195768 0.013509424603174603 0.013941798941798941
2 0.1582738095238095 0.8826686507936509 0.010669642857142858 0.012800925925925926
2 0.16992063492063492 0.8740972222222222 0.013348214285714286 0.015535714285714285
2 0.13755208333333332 0.8688392857142857 0.0139484126984127 0.014527116402116402
2 0.05983382936507937 0.6464980158730159 0.00953125 0.014041005291005292
2 0.04766369047619048 0.6406646825396825 0.013710317460317461 0.019947089947089946
2 0.039382440476190474 0.6361044973544974 0.010109126984126984 0.016583994708994708
1 0.08925099206349206 0.7107903439153439 0.01330109126984127 0.019910714285714285
1 0.04530505952380952 0.6586474867724867 0.014826388888888889 0.01759589947089947
1 0.08420882936507935 0.6454431216931217 0.015503472222222222 0.01711309523809524
1 0.06298363095238095 0.5845403439153439 0.013333333333333332 0.01802579365079365
1 0.03849950396825397 0.5731117724867725 0.011875 0.015909391534391533
1 0.15492311507936507 0.7889616402116403 0.013045634920634921 0.017235449735449736
1 0.23341765873015874 0.8453769841269841 0.01447420634920635 0.017724867724867727