2 0.36426835317460315 0.9842328042328042 0.023122519841269843 0.03153439153439153
2 0.4252926587301587 0.9719411375661376 0.03253472222222222 0.032192460317460314
2 0.47431795634920637 0.490651455026455 0.02836061507936508 0.0457308201058201
2 0.5196453373015874 0.5834953703703704 0.0262078373015873 0.03587962962962963
2 0.5132911706349207 0.35168320105820106 0.024171626984126983 0.028263888888888887
2 0.788422619047619 0.6930456349206349 0.016574900793650794 0.02587962962962963
2 0.3858209325396826 0.9460085978835979 0.023191964285714288 0.025588624338624338
2 0.7593923611111111 0.22916005291005292 0.023509424603174605 0.026607142857142854
2 0.7960342261904763 0.6329365079365079 0.020039682539682538 0.030162037037037036
2 0.45498511904761907 0.8511276455026455 0.023504464285714285 0.022298280423280425
2 0.5321701388888889 0.6160350529100529 0.02196924603174603 0.029143518518518517
2 0.27384672619047623 0.8218915343915344 0.02022321428571429 0.01949074074074074
2 0.5984002976190477 0.4395833333333333 0.02888640873015873 0.031650132275132276
2 0.5727281746031746 0.9195337301587302 0.014980158730158729 0.020380291005291006
2 0.27029017857142856 0.9264087301587302 0.02271577380952381 0.02505621693121693
2 0.39272569444444444 0.6582804232804234 0.02105406746031746 0.021673280423280424
2 0.4945560515873016 0.629292328042328 0.029687500000000002 0.02554232804232804
2 0.3253844246031746 0.6065608465608465 0.02121031746031746 0.02271825396825397
2 0.6105977182539682 0.9630919312169312 0.014871031746031747 0.01507936507936508
2 0.4575024801587302 0.19517857142857145 0.02519345238095238 0.029632936507936507
2 0.22540178571428574 0.8556977513227514 0.013511904761904761 0.014652777777777778
2 0.8873065476190476 0.6170965608465608 0.01578373015873016 0.015552248677248678
2 0.4156299603174603 0.22015873015873016 0.025791170634920632 0.022414021164021164
2 0.10098958333333333 0.6628604497354498 0.012388392857142858 0.013640873015873016
2 0.5690500992063492 0.8858531746031747 0.01189484126984127 0.014540343915343914
2 0.4429861111111111 0.5064186507936508 0.01626736111111111 0.018287037037037036
2 0.877514880952381 0.6982804232804233 0.015124007936507936 0.012232142857142858
2 0.5839856150793651 0.3364451058201058 0.029650297619047618 0.023713624338624336
2 0.49705109126984126 0.3732208994708994 0.019471726190476192 0.02671957671957672
2 0.5776488095238095 0.22394510582010582 0.018630952380952383 0.032404100529100525