1 0.44795634920634925 0.42378637566137567 0.02365823412698413 0.030281084656084655
1 0.5439360119047619 0.8805257936507936 0.024776785714285716 0.03430224867724868
1 0.3516071428571429 0.3210449735449736 0.018990575396825395 0.026689814814814812
1 0.5213764880952381 0.7440707671957673 0.02371031746031746 0.027996031746031744
1 0.5158382936507937 0.7866269841269842 0.02095982142857143 0.02845568783068783
1 0.665657242063492 0.5219973544973545 0.020887896825396827 0.026084656084656082
1 0.3959077380952381 0.4152248677248678 0.020984623015873016 0.026613756613756614
1 0.5602256944444445 0.8128373015873016 0.026004464285714284 0.028938492063492065
1 0.3833110119047619 0.3332010582010582 0.021302083333333333 0.0248015873015873
1 0.5554340277777778 0.5304365079365079 0.022996031746031747 0.029285714285714286
1 0.6946279761904761 0.5962632275132275 0.015793650793650794 0.023296957671957674
1 0.656187996031746 0.39316468253968256 0.02160714285714286 0.026782407407407404
1 0.4937251984126984 0.5837103174603175 0.0206671626984127 0.024556878306878308
1 0.3203670634920635 0.45281415343915343 0.02022321428571429 0.025515873015873016
1 0.3624032738095238 0.364593253968254 0.022150297619047618 0.025730820105820108
1 0.3355927579365079 0.5223875661375662 0.02032986111111111 0.026577380952380953
1 0.6864558531746031 0.5199900793650793 0.02091269841269841 0.025889550264550268
1 0.31966021825396823 0.4939219576719576 0.018727678571428572 0.025595238095238098
2 0.7326909722222222 0.3960813492063492 0.020146329365079367 0.028432539682539684
2 0.39520337301587305 0.7975496031746032 0.017239583333333336 0.01908399470899471
1 0.7068055555555556 0.3298710317460317 0.01927579365079365 0.026263227513227513
1 0.31798115079365075 0.8195105820105819 0.01849702380952381 0.024246031746031745
1 0.3006026785714286 0.36044973544973546 0.016374007936507937 0.02123015873015873
1 0.40991319444444446 0.7040112433862433 0.0210515873015873 0.02486441798941799
1 0.48369295634920634 0.16246031746031744 0.017832341269841272 0.02261243386243386
1 0.3008159722222222 0.8289748677248677 0.018276289682539682 0.025591931216931218
1 0.2422420634920635 0.7224834656084655 0.014838789682539683 0.019348544973544973
1 0.24809275793650792 0.6778273809523809 0.017492559523809525 0.01962962962962963
1 0.27138640873015873 0.6786904761904762 0.014739583333333334 0.01790674603174603
1 0.2656795634920635 0.6005257936507936 0.015815972222222224 0.01835978835978836
1 0.25586309523809525 0.6173247354497354 0.018174603174603173 0.0192228835978836
1 0.23282242063492065 0.6315410052910053 0.02119295634920635 0.025257936507936507
1 0.2286954365079365 0.6517394179894179 0.017244543650793653 0.019325396825396825
1 0.3723189484126984 0.729484126984127 0.01978918650793651 0.026458333333333334
1 0.3853819444444444 0.7172552910052911 0.018782242063492063 0.026984126984126982
1 0.44736607142857143 0.726660052910053 0.02257936507936508 0.03114748677248677
1 0.4889980158730159 0.720843253968254 0.02185515873015873 0.0255489417989418
1 0.542547123015873 0.8000793650793651 0.02457589285714286 0.029821428571428575
1 0.5845039682539682 0.8428439153439155 0.020334821428571428 0.02662367724867725
1 0.5561160714285714 0.8693353174603174 0.018353174603174604 0.02533399470899471
1 0.4118700396825397 0.766550925925926 0.017487599206349208 0.022205687830687833
1 0.6113839285714285 0.781603835978836 0.025401785714285714 0.03421957671957672
1 0.6161383928571429 0.8190806878306879 0.02107638888888889 0.028197751322751322
1 0.6725421626984127 0.8494708994708995 0.020672123015873015 0.028680555555555556
1 0.6502529761904763 0.8221428571428571 0.021314484126984126 0.02972883597883598
1 0.6968973214285714 0.7131183862433862 0.017832341269841272 0.02493716931216931
1 0.7039136904761905 0.748968253968254 0.01607390873015873 0.024080687830687827
1 0.7010615079365079 0.5185482804232804 0.017904265873015874 0.024966931216931217
1 0.6555456349206349 0.46592592592592597 0.019836309523809523 0.023955026455026455
1 0.5736607142857143 0.465 0.01750496031746032 0.024689153439153438
1 0.5547792658730158 0.4412863756613757 0.020972222222222222 0.028082010582010583
1 0.5350223214285714 0.434130291005291 0.019575892857142858 0.023247354497354496
1 0.5969345238095238 0.4011044973544974 0.02064236111111111 0.02611441798941799
1 0.6128893849206349 0.394619708994709 0.019161706349206352 0.022810846560846563
1 0.6692385912698412 0.3742361111111111 0.016294642857142858 0.022337962962962962
1 0.7259449404761905 0.34190476190476193 0.019174107142857142 0.025730820105820108
1 0.5960193452380953 0.2816997354497355 0.016721230158730158 0.023339947089947088
1 0.5324553571428572 0.28892526455026457 0.02238343253968254 0.029176587301587304
1 0.25272073412698415 0.3740906084656085 0.01614831349206349 0.020734126984126987
1 0.26505208333333335 0.37190476190476196 0.017204861111111112 0.022417328042328044
1 0.27416666666666667 0.34927579365079364 0.018640873015873013 0.021941137566137563
1 0.3274900793650794 0.5099007936507937 0.0204265873015873 0.02120701058201058
1 0.40790426587301587 0.4986838624338624 0.019379960317460317 0.0248015873015873
2 0.26183779761904763 0.8024537037037036 0.016914682539682542 0.02105489417989418
2 0.1566344246031746 0.7859424603174603 0.015788690476190477 0.02111772486772487
2 0.2525570436507936 0.7344080687830687 0.015500992063492064 0.019930555555555556
2 0.4209970238095238 0.8710251322751322 0.014977678571428572 0.020810185185185185
2 0.4296974206349206 0.8633068783068782 0.013013392857142857 0.01808531746031746
2 0.27715029761904764 0.8334623015873015 0.01371279761904762 0.015892857142857143
2 0.9403968253968253 0.2671825396825397 0.006574900793650794 0.008458994708994708
2 0.9472693452380953 0.26498015873015873 0.006664186507936508 0.009500661375661376
1 0.3521577380952381 0.33259920634920637 0.016197916666666666 0.01851190476190476
1 0.40281746031746035 0.33424603174603174 0.015530753968253968 0.023958333333333335
1 0.4144419642857143 0.34648478835978835 0.013668154761904762 0.016967592592592593
1 0.665076884920635 0.30970238095238095 0.019330357142857142 0.023898809523809524
1 0.5645833333333333 0.5296957671957672 0.016049107142857143 0.027509920634920634
1 0.483859126984127 0.6323611111111112 0.02222718253968254 0.028273809523809524
1 0.49926835317460316 0.6520006613756614 0.01917906746031746 0.02464285714285714
1 0.4220089285714286 0.6016798941798942 0.021996527777777778 0.028039021164021165
1 0.4320858134920635 0.620459656084656 0.02185515873015873 0.027470238095238093
1 0.3991765873015873 0.6702943121693121 0.01673115079365079 0.020618386243386244
1 0.5074057539682539 0.7345998677248676 0.02165922619047619 0.025155423280423278
1 0.7148412698412698 0.6096792328042329 0.019866071428571427 0.02568121693121693
1 0.7318501984126985 0.5274735449735449 0.017874503968253967 0.02124669312169312
1 0.4491517857142857 0.2865641534391535 0.012775297619047618 0.016372354497354497
1 0.6463144841269841 0.5409887566137567 0.017683531746031746 0.023544973544973546
1 0.6226289682539683 0.7243915343915344 0.024055059523809524 0.03274801587301587
1 0.2995982142857143 0.6988624338624339 0.015458829365079365 0.019226190476190477
1 0.24916170634920634 0.6966666666666665 0.01615079365079365 0.01697089947089947
1 0.09557539682539683 0.3282738095238095 0.007740575396825397 0.009067460317460318
1 0.10171626984126984 0.3246759259259259 0.00738343253968254 0.008687169312169313
1 0.09647817460317461 0.27348544973544975 0.007150297619047619 0.007652116402116402
1 0.10803819444444444 0.41598214285714286 0.006356646825396825 0.007139550264550264
1 0.062487599206349206 0.3694642857142857 0.007338789682539683 0.008131613756613757
1 0.06770337301587302 0.3674338624338624 0.006344246031746032 0.008941798941798942
1 0.35630952380952385 0.5439616402116403 0.01759672619047619 0.023422619047619046
1 0.9662872023809524 0.3831712962962963 0.006557539682539683 0.008875661375661375
1 0.9575644841269841 0.37171957671957667 0.0068551587301587304 0.009368386243386243
1 0.9392286706349205 0.34085978835978836 0.0072271825396825395 0.007433862433862434
1 0.9720684523809524 0.34511904761904766 0.00742311507936508 0.0069874338624338625
1 0.9903869047619047 0.3628240740740741 0.007757936507936508 0.010128968253968253
1 0.9835292658730159 0.36661044973544976 0.007356150793650794 0.00882936507936508
1 0.926187996031746 0.45784722222222224 0.0064211309523809525 0.0065608465608465606
1 0.9296676587301588 0.45466269841269846 0.006584821428571429 0.006650132275132275
1 0.9062723214285715 0.45759920634920637 0.005920138888888889 0.005261243386243386
1 0.8940376984126984 0.43200727513227516 0.006862599206349206 0.008931878306878308
1 0.8951314484126984 0.45085317460317464 0.006076388888888889 0.007096560846560847
1 0.856125992063492 0.40327380952380953 0.006061507936507937 0.0063260582010582
1 0.8450173611111111 0.3582043650793651 0.004657738095238096 0.004120370370370371
1 0.9476661706349205 0.4005621693121693 0.00782986111111111 0.00816468253968254
1 0.992906746031746 0.28104497354497354 0.006748511904761905 0.008723544973544974
1 0.996733630952381 0.2727744708994709 0.006535218253968254 0.009126984126984128
1 0.889905753968254 0.3321626984126984 0.007065972222222222 0.0068948412698412705
1 0.8913169642857143 0.4492989417989418 0.006259920634920635 0.006408730158730158