1 0.7584722222222222 0.3366468253968254 0.01716765873015873 0.020462962962962964
1 0.5992584325396826 0.3097718253968254 0.020027281746031748 0.028888888888888888
1 0.5317881944444445 0.5193518518518518 0.018482142857142857 0.023723544973544973
1 0.6497172619047619 0.44813492063492066 0.01967013888888889 0.02585978835978836
1 0.6698164682539682 0.5031216931216932 0.017291666666666667 0.022123015873015874
1 0.47866319444444444 0.3117890211640212 0.022058531746031746 0.024983465608465608
2 0.32294146825396824 0.285896164021164 0.014020337301587301 0.016008597883597882
1 0.6155282738095238 0.3712665343915344 0.02025297619047619 0.026554232804232802
1 0.48328373015873016 0.4801421957671958 0.01765625 0.02369378306878307
1 0.5587723214285714 0.4919411375661376 0.015111607142857144 0.02111772486772487
1 0.443546626984127 0.4276587301587302 0.015181051587301587 0.02052910052910053
1 0.3646180555555556 0.3642691798941799 0.02421378968253968 0.024603174603174606
1 0.6155183531746031 0.18180555555555555 0.017723214285714283 0.023921957671957674
1 0.7686681547619048 0.3637103174603174 0.0161780753968254 0.02097883597883598
1 0.4079265873015873 0.44397817460317457 0.01642361111111111 0.02253968253968254
1 0.6536954365079365 0.5660449735449735 0.018896329365079366 0.024054232804232804
1 0.3797743055555556 0.12787037037037038 0.010962301587301588 0.015076058201058203
1 0.33698908730158733 0.46206018518518516 0.017757936507936507 0.021375661375661374
1 0.45047867063492064 0.4359821428571429 0.016272321428571428 0.0201521164021164
1 0.3969742063492063 0.9183101851851851 0.019570932539682537 0.028703703703703703
1 0.5191294642857143 0.8884126984126984 0.019955357142857143 0.02671957671957672
1 0.7402827380952381 0.7752810846560846 0.01656498015873016 0.02121031746031746
1 0.6208804563492063 0.7588657407407408 0.02036210317460317 0.028260582010582007
1 0.8166592261904762 0.7086607142857142 0.014476686507936508 0.018492063492063494
1 0.8132589285714286 0.7221263227513227 0.015734126984126982 0.016412037037037037
1 0.8848586309523809 0.6902810846560846 0.012249503968253968 0.014963624338624339
1 0.8957118055555556 0.6824239417989418 0.014992559523809524 0.018587962962962962
1 0.9118849206349205 0.680896164021164 0.012098214285714287 0.014930555555555555
1 0.8632167658730158 0.5912268518518519 0.014717261904761905 0.019887566137566138
1 0.7593377976190476 0.6051620370370371 0.01355406746031746 0.01875330687830688
1 0.685922619047619 0.6543419312169312 0.012738095238095238 0.016805555555555556
1 0.8665352182539682 0.5172189153439153 0.01488095238095238 0.01750330687830688
1 0.8596602182539683 0.532797619047619 0.013970734126984127 0.017235449735449736
1 0.8214955357142857 0.5234126984126984 0.013415178571428573 0.017202380952380955
1 0.8164955357142858 0.5376818783068783 0.014203869047619049 0.015525793650793651
1 0.7085590277777778 0.5534920634920635 0.012232142857142856 0.01753968253968254
1 0.6943849206349207 0.5588822751322751 0.013601190476190477 0.01683531746031746
1 0.6996850198412699 0.533535052910053 0.01411954365079365 0.020522486772486772
1 0.6716517857142857 0.5230257936507937 0.014441964285714285 0.020049603174603175
1 0.6634325396825397 0.5144973544973545 0.013075396825396825 0.016289682539682538
1 0.6849057539682539 0.49902777777777774 0.014672619047619047 0.021001984126984126
1 0.6727703373015873 0.43269179894179893 0.019908234126984125 0.027913359788359786
1 0.6966121031746031 0.43304232804232806 0.015987103174603175 0.023177910052910054
1 0.7254365079365079 0.4299537037037037 0.01472470238095238 0.01861441798941799
1 0.7381274801587302 0.4247189153439153 0.015186011904761904 0.021028439153439153
1 0.7319320436507937 0.46502314814814816 0.012306547619047618 0.017645502645502645
1 0.7511830357142857 0.4047321428571429 0.015359623015873016 0.019728835978835978
1 0.7575644841269841 0.4062400793650794 0.013020833333333334 0.016706349206349207
1 0.7522519841269841 0.3335085978835979 0.014573412698412698 0.019758597883597885
1 0.7083457341269842 0.33921626984126985 0.014925595238095238 0.02042989417989418
1 0.7670337301587301 0.29855489417989417 0.01583829365079365 0.020076058201058202
1 0.8161830357142857 0.3355820105820106 0.016334325396825396 0.017992724867724866
1 0.8533705357142857 0.32888227513227514 0.017187499999999998 0.0191005291005291
1 0.8605456349206348 0.3147486772486772 0.010756448412698412 0.013792989417989418
1 0.8730828373015873 0.315353835978836 0.011359126984126984 0.012585978835978836
1 0.880094246031746 0.308287037037037 0.012232142857142856 0.0159755291005291
1 0.9112996031746032 0.3109722222222222 0.013467261904761904 0.015304232804232805
1 0.8807490079365079 0.26856812169312166 0.014548611111111111 0.017509920634920635
1 0.759422123015873 0.26496362433862436 0.01292906746031746 0.016342592592592593
1 0.7334176587301587 0.27508597883597885 0.017810019841269842 0.02027116402116402
1 0.6689459325396826 0.27359126984126986 0.016227678571428573 0.021514550264550264
1 0.6474950396825396 0.28354497354497354 0.016101190476190477 0.01906415343915344
1 0.6254637896825397 0.16302579365079364 0.018444940476190476 0.023961640211640208
1 0.6516195436507937 0.15508597883597885 0.014833829365079366 0.018353174603174604
1 0.6677827380952381 0.1490277777777778 0.01271577380952381 0.01771494708994709
1 0.6818700396825397 0.18988425925925928 0.010925099206349206 0.015238095238095238
1 0.6787103174603174 0.15223214285714287 0.011654265873015874 0.01869047619047619
1 0.6752604166666667 0.1378637566137566 0.011356646825396825 0.016537698412698414
1 0.46417906746031745 0.43583333333333335 0.01472718253968254 0.020810185185185185
1 0.43070436507936505 0.45791997354497355 0.01871279761904762 0.024130291005291005
1 0.4982738095238095 0.4791137566137566 0.017187499999999998 0.02539021164021164
1 0.5119022817460317 0.4706283068783069 0.017738095238095237 0.02210978835978836
1 0.5274156746031746 0.42268849206349207 0.01787202380952381 0.02580026455026455
1 0.6006795634920635 0.4974007936507937 0.019811507936507936 0.028310185185185185
1 0.5891046626984127 0.5007506613756614 0.01642609126984127 0.023700396825396826
1 0.5396329365079365 0.566792328042328 0.01598958333333333 0.022549603174603174
1 0.6819171626984126 0.12695436507936508 0.014285714285714285 0.01828373015873016
1 0.6544642857142857 0.1292228835978836 0.012346230158730159 0.016537698412698414
1 0.6603050595238095 0.13664351851851853 0.012946428571428572 0.015667989417989418
1 0.6487003968253968 0.6727645502645503 0.016374007936507937 0.017691798941798943
1 0.07383184523809523 0.6696693121693121 0.015726686507936505 0.021550925925925925
1 0.21682787698412698 0.34257605820105824 0.012328869047619049 0.015909391534391533
1 0.2192683531746032 0.2303009259259259 0.01296875 0.01759920634920635
1 0.2166765873015873 0.24047949735449736 0.013439980158730158 0.014702380952380953
1 0.21081349206349206 0.24611772486772487 0.012078373015873016 0.015297619047619048
1 0.21912450396825398 0.2730720899470899 0.01220734126984127 0.015162037037037038
1 0.3274231150793651 0.19703373015873019 0.013405257936507936 0.018931878306878307
1 0.33763392857142854 0.11580026455026456 0.0112078373015873 0.01587962962962963
1 0.37870535714285714 0.0944675925925926 0.009454365079365078 0.014272486772486772
1 0.3889434523809524 0.09909391534391535 0.010498511904761905 0.014100529100529101
1 0.39271329365079366 0.10385912698412698 0.009662698412698413 0.01294642857142857
1 0.37983382936507937 0.14234788359788358 0.011326884920634921 0.013802910052910053
1 0.37978670634920636 0.15603505291005293 0.011153273809523809 0.015003306878306878
1 0.3494717261904762 0.21275462962962963 0.01185515873015873 0.014566798941798942
1 0.3541865079365079 0.2623445767195767 0.014104662698412698 0.016395502645502644
1 0.38847966269841266 0.288396164021164 0.017829861111111112 0.023495370370370368
1 0.40083829365079365 0.2717096560846561 0.016832837301587304 0.023184523809523808
1 0.52703125 0.2901289682539683 0.01953125 0.026960978835978835
1 0.5569047619047619 0.2528306878306878 0.021436011904761906 0.02583994708994709
1 0.5505803571428571 0.2349966931216931 0.01914186507936508 0.022724867724867724
1 0.5299032738095238 0.14352843915343916 0.012189980158730159 0.017542989417989416
1 0.5036954365079366 0.178098544973545 0.016121031746031748 0.022397486772486774
1 0.4548239087301587 0.20502645502645503 0.02053323412698413 0.0262037037037037
1 0.604392361111111 0.23191137566137565 0.020674603174603175 0.025327380952380952
1 0.6218725198412698 0.32827050264550267 0.01980902777777778 0.02701719576719577
1 0.20627232142857144 0.30284060846560845 0.009283234126984128 0.011517857142857142
1 0.25241319444444443 0.23669642857142856 0.012668650793650793 0.017721560846560847
1 0.4426884920634921 0.3985019841269841 0.018023313492063493 0.024857804232804235
1 0.7984399801587302 0.4831216931216931 0.015404265873015873 0.019540343915343917
1 0.5730406746031746 0.13758267195767196 0.011825396825396826 0.01470568783068783
1 0.558702876984127 0.13638227513227513 0.013350694444444445 0.015631613756613757
1 0.406468253968254 0.21043320105820107 0.012470238095238095 0.015830026455026455
1 0.12721230158730157 0.5566997354497355 0.006031746031746032 0.007602513227513227
1 0.13933531746031744 0.5464748677248678 0.005411706349206349 0.008707010582010581
1 0.14928323412698413 0.49320767195767196 0.006656746031746032 0.007453703703703704
1 0.17796626984126981 0.32802910052910056 0.006488095238095238 0.008683862433862434
1 0.17074900793650793 0.38168650793650793 0.007247023809523809 0.008230820105820106
1 0.614250992063492 0.41078703703703706 0.020305059523809524 0.024236111111111115
1 0.5751760912698413 0.43763227513227515 0.013058035714285715 0.018812830687830687
1 0.5819766865079365 0.5922519841269841 0.013539186507936509 0.01731812169312169
1 0.39052827380952376 0.40471560846560845 0.012884424603174604 0.014156746031746032
1 0.3338169642857143 0.3987599206349206 0.012125496031746032 0.014966931216931217
1 0.3299652777777778 0.53494708994709 0.010327380952380952 0.01462632275132275
1 0.7169866071428571 0.7446362433862435 0.013571428571428571 0.01740410052910053
1 0.2853422619047619 0.3198941798941799 0.011488095238095238 0.01533068783068783
1 0.8726364087301587 0.47018849206349206 0.008551587301587301 0.012013888888888888
1 0.8593477182539683 0.4671064814814815 0.008529265873015873 0.013042328042328041
1 0.7896428571428572 0.34620039682539683 0.012609126984126985 0.017470238095238094