1 0.772296626984127 0.3235515873015873 0.02476686507936508 0.029837962962962965
1 0.36788194444444444 0.44675925925925924 0.027787698412698413 0.0373015873015873
1 0.6894122023809524 0.5491997354497354 0.019097222222222224 0.026197089947089948
1 0.30358878968253966 0.9870271164021164 0.018377976190476188 0.025935846560846562
1 0.2927876984126984 0.9818353174603175 0.018462301587301586 0.02748346560846561
1 0.32139632936507934 0.9412103174603174 0.021527777777777778 0.03450066137566137
1 0.23848462301587303 0.39313822751322747 0.02032738095238095 0.023052248677248675
1 0.40645585317460314 0.32896825396825397 0.017802579365079365 0.027354497354497354
1 0.49890625 0.47225859788359786 0.020811011904761905 0.03158399470899471
1 0.5900024801587301 0.4855654761904762 0.016059027777777776 0.02251984126984127
1 0.590843253968254 0.5293320105820106 0.019032738095238096 0.025502645502645502
1 0.7190525793650793 0.6926355820105821 0.014573412698412698 0.020892857142857144
1 0.7504662698412699 0.6628141534391534 0.013353174603174605 0.020198412698412698
1 0.7662698412698412 0.7131084656084656 0.011999007936507938 0.01529431216931217
1 0.5538417658730159 0.7523412698412698 0.021475694444444447 0.02705357142857143
1 0.4840277777777778 0.8401851851851851 0.014590773809523809 0.022781084656084655
1 0.4431597222222222 0.7844874338624338 0.01662698412698413 0.01998015873015873
1 0.391703869047619 0.9450793650793651 0.018432539682539682 0.02545965608465608
1 0.5524801587301587 0.19125661375661376 0.017219742063492065 0.027301587301587302
1 0.5415550595238096 0.2501058201058201 0.019285714285714288 0.029421296296296296
1 0.565436507936508 0.2452777777777778 0.015677083333333335 0.024421296296296295
1 0.5580381944444445 0.2803604497354497 0.013472222222222222 0.018912037037037036
1 0.5335739087301588 0.3208068783068783 0.020126488095238097 0.03197751322751323
1 0.4805183531746032 0.2885515873015873 0.013968253968253968 0.020988756613756612
1 0.330218253968254 0.22449074074074074 0.01261904761904762 0.01775132275132275
1 0.65671875 0.503667328042328 0.012356150793650794 0.017609126984126984
1 0.4066815476190476 0.6532275132275132 0.015811011904761904 0.022748015873015875
1 0.6771478174603175 0.34118386243386245 0.016279761904761905 0.01998346560846561
1 0.41955357142857147 0.12403108465608466 0.011029265873015873 0.012665343915343914
1 0.9875446428571429 0.5226818783068783 0.008152281746031746 0.011534391534391536
1 0.9726413690476191 0.5740277777777777 0.010133928571428572 0.010185185185185186
1 0.9621850198412699 0.5754166666666667 0.012854662698412699 0.011686507936507938
1 0.9791964285714285 0.5936144179894179 0.008794642857142857 0.009546957671957672
1 0.9908630952380952 0.5956481481481481 0.01025545634920635 0.009761904761904762
1 0.9954117063492064 0.6386441798941799 0.008472222222222221 0.012268518518518519
1 0.9845213293650794 0.652093253968254 0.00884920634920635 0.00962962962962963
1 0.9761458333333334 0.6544841269841271 0.008474702380952381 0.010558862433862434
1 0.9941815476190476 0.5260019841269842 0.009399801587301587 0.00917989417989418
1 0.9850570436507936 0.5010251322751322 0.009345238095238096 0.010601851851851852
1 0.9742609126984126 0.5206481481481482 0.00875248015873016 0.009437830687830688
1 0.9384102182539683 0.5131746031746032 0.008559027777777777 0.008998015873015873
1 0.18830357142857143 0.6541699735449735 0.012110615079365079 0.016964285714285713
1 0.40636160714285713 0.3017526455026455 0.01220734126984127 0.021183862433862433