1 0.784766865079365 0.9081712962962962 0.026530257936507935 0.036137566137566135
1 0.4904315476190476 0.7212929894179895 0.0314186507936508 0.04374669312169312
1 0.45771329365079366 0.4056183862433862 0.033484623015873016 0.04701058201058201
2 0.6464930555555555 0.4519080687830688 0.023621031746031744 0.031511243386243386
2 0.21010416666666668 0.5011640211640211 0.03445684523809524 0.043227513227513226
2 0.7585218253968254 0.5027347883597884 0.021391369047619048 0.02724537037037037
1 0.4600892857142857 0.8162929894179893 0.02187996031746032 0.03190145502645503
2 0.35331349206349205 0.6329298941798942 0.03128224206349206 0.03400132275132275
1 0.8460044642857143 0.8978736772486773 0.025391865079365077 0.040502645502645505
2 0.5408308531746032 0.31897156084656086 0.01931795634920635 0.027890211640211642
2 0.8976835317460318 0.6996527777777778 0.027098214285714288 0.029047619047619048
2 0.7904414682539682 0.4899272486772487 0.017487599206349208 0.027919973544973546
2 0.769233630952381 0.35029100529100526 0.020994543650793653 0.027142857142857142
2 0.6044221230158731 0.36665674603174603 0.021319444444444443 0.027589285714285715
2 0.37873511904761903 0.48983796296296295 0.03257440476190476 0.035072751322751325
1 0.748189484126984 0.4398181216931217 0.01980654761904762 0.023978174603174605
1 0.3059201388888889 0.7091600529100529 0.026339285714285714 0.03489087301587302
1 0.611470734126984 0.39445436507936504 0.018033234126984127 0.02765542328042328
1 0.18776537698412699 0.8344378306878307 0.023000992063492064 0.03229166666666667
2 0.8831969246031747 0.6807208994708994 0.02640873015873016 0.030849867724867728
1 0.37320188492063494 0.6625992063492063 0.03288194444444445 0.036316137566137566
1 0.17049355158730156 0.7976455026455026 0.0174578373015873 0.028650793650793652
1 0.7758258928571429 0.7903141534391533 0.022894345238095238 0.028647486772486772
1 0.6256076388888888 0.819699074074074 0.018095238095238095 0.026987433862433862
2 0.790138888888889 0.18434523809523812 0.02202876984126984 0.029371693121693118
2 0.7762251984126983 0.19767857142857143 0.01797123015873016 0.024348544973544974
2 0.589124503968254 0.3812533068783069 0.015942460317460317 0.022030423280423282
2 0.6508655753968254 0.42492394179894183 0.021158234126984126 0.022030423280423282
1 0.7114434523809524 0.3996097883597884 0.02 0.03091600529100529
1 0.8817311507936507 0.9441468253968254 0.026666666666666665 0.03478174603174603
2 0.8657911706349206 0.9020205026455027 0.017390873015873016 0.02164351851851852
1 0.7414434523809523 0.7027976190476192 0.019129464285714284 0.024348544973544974
1 0.678110119047619 0.6643419312169312 0.022318948412698412 0.029371693121693118
2 0.9011532738095238 0.6672420634920635 0.017390873015873016 0.02666666666666667
2 0.5336185515873016 0.35883928571428575 0.0185515873015873 0.024348544973544974
1 0.3076785714285714 0.682119708994709 0.019419642857142858 0.029371693121693118
1 0.21550595238095238 0.8187367724867726 0.022318948412698412 0.02666666666666667
1 0.3781125992063492 0.8815376984126984 0.028115079365079364 0.031689814814814816
1 0.3757936507936508 0.9124570105820106 0.02753720238095238 0.039421296296296295
1 0.39492559523809523 0.9215376984126984 0.020580357142857143 0.028984788359788363
1 0.3684027777777778 0.92385582010582 0.0214484126984127 0.033624338624338626
1 0.4968080357142857 0.8148743386243386 0.020870535714285716 0.025119047619047617
1 0.4844890873015873 0.7963227513227513 0.017100694444444446 0.029758597883597884
1 0.7573859126984127 0.8606679894179894 0.020870535714285716 0.02550595238095238