2 0.32504464285714285 0.1726322751322751 0.019484126984126986 0.021789021164021163
2 0.32996775793650795 0.191765873015873 0.018437500000000002 0.022625661375661375
2 0.3871626984126984 0.27151785714285714 0.005027281746031746 0.007261904761904762
2 0.4026661706349206 0.2879960317460317 0.005865575396825397 0.007820767195767195
2 0.43451140873015875 0.3129993386243386 0.0167609126984127 0.01759920634920635
2 0.21807291666666667 0.4148181216931217 0.011773313492063491 0.013968253968253968
2 0.19752232142857143 0.47697089947089943 0.01382688492063492 0.013687169312169312
2 0.3600967261904762 0.4004298941798942 0.018437500000000002 0.018158068783068783
2 0.4272172619047619 0.3437367724867725 0.011463293650793651 0.012265211640211642
2 0.3798214285714286 0.3572222222222222 0.014486607142857141 0.014871031746031745
2 0.34329117063492065 0.49288359788359787 0.01665674603174603 0.020479497354497354
2 0.26797123015873014 0.4648776455026455 0.012214781746031746 0.01480489417989418
2 0.18529017857142857 0.7825628306878306 0.013841765873015874 0.018138227513227512
2 0.17814236111111112 0.7720800264550265 0.010887896825396825 0.012337962962962964
2 0.168546626984127 0.733614417989418 0.008028273809523808 0.00943452380952381
2 0.2153621031746032 0.7629166666666667 0.01646577380952381 0.019778439153439156
2 0.18998015873015872 0.8217989417989418 0.01224702380952381 0.015241402116402118
2 0.20767361111111113 0.8191666666666666 0.01279265873015873 0.017238756613756616
2 0.21774305555555556 0.8179894179894179 0.010887896825396825 0.01742063492063492
2 0.2184920634920635 0.8004794973544974 0.013745039682539683 0.017238756613756616
2 0.24829613095238096 0.6699239417989418 0.008028273809523808 0.012701719576719575
2 0.22924355158730159 0.538098544973545 0.0066691468253968255 0.011068121693121692
2 0.15228422619047619 0.5515244708994709 0.007894345238095238 0.01070436507936508
2 0.1288963293650794 0.8993882275132276 0.012152777777777778 0.016772486772486772
2 0.05533234126984127 0.9271097883597883 0.012579365079365079 0.01478505291005291
2 0.31895089285714284 0.9881481481481481 0.018764880952380953 0.023707010582010583
2 0.2932936507936508 0.9703240740740742 0.016418650793650794 0.022744708994708995
2 0.00490327380952381 0.753399470899471 0.009809027777777778 0.010234788359788359
2 0.11548611111111111 0.6419742063492063 0.003501984126984127 0.003647486772486772
2 0.10908234126984127 0.6640873015873016 0.00470734126984127 0.004378306878306878
2 0.1054141865079365 0.6687566137566138 0.004377480158730159 0.005836640211640211
2 0.13907490079365079 0.6559854497354497 0.003831845238095238 0.005400132275132275
2 0.1365575396825397 0.6556944444444445 0.002735615079365079 0.004523809523809524
2 0.12703373015873018 0.6971428571428571 0.00580109126984127 0.00919642857142857
2 0.14777777777777779 0.5981150793650793 0.0021899801587301586 0.0026256613756613758
2 0.15866815476190477 0.5944675925925926 0.002080853174603175 0.0037962962962962963
2 0.3058358134920635 0.959484126984127 0.014020337301587301 0.018468915343915343
2 0.3345510912698413 0.9538525132275132 0.014020337301587301 0.01531415343915344
2 0.31749007936507934 0.9092559523809525 0.010642361111111111 0.017116402116402116
2 0.2912227182539683 0.9025 0.012499999999999999 0.01486441798941799
2 0.351359126984127 0.900922619047619 0.012499999999999999 0.015767195767195766
2 0.39933283730158725 0.8351554232804234 0.010811011904761905 0.016666666666666666
2 0.2790600198412699 0.8594808201058202 0.010473710317460317 0.015767195767195766
2 0.2757663690476191 0.828287037037037 0.017061011904761905 0.020496031746031745
2 0.3452777777777778 0.6592493386243387 0.017566964285714286 0.024325396825396826
2 0.3927455357142857 0.5009126984126984 0.009459325396825397 0.01531415343915344
2 0.39857390873015874 0.5223115079365079 0.011316964285714286 0.02027116402116402
2 0.41267857142857145 0.5345866402116402 0.009459325396825397 0.012387566137566138
2 0.41715525793650793 0.5179166666666667 0.008276289682539682 0.01058531746031746
2 0.41479166666666667 0.5647652116402117 0.017398313492063493 0.027701719576719575
2 0.4300768849206349 0.579292328042328 0.018918650793650793 0.023875661375661376
2 0.3953645833333333 0.6296329365079365 0.01537202380952381 0.018244047619047618
2 0.4341319444444445 0.6372916666666667 0.007433035714285714 0.013740079365079365
2 0.425515873015873 0.7098148148148148 0.019595734126984128 0.023197751322751325
2 0.42931795634920633 0.725353835978836 0.018075396825396824 0.020046296296296295
2 0.45034970238095234 0.7334623015873015 0.017566964285714286 0.020046296296296295
2 0.36563492063492065 0.7538458994708995 0.01199404761904762 0.025677910052910057
2 0.3737425595238095 0.7613921957671957 0.012668650793650793 0.020046296296296295
2 0.3836235119047619 0.765109126984127 0.009459325396825397 0.009460978835978837
2 0.38818452380952384 0.7825628306878306 0.018244047619047618 0.018244047619047618
2 0.3424925595238095 0.7967526455026456 0.014020337301587301 0.011937830687830688
2 0.4158878968253968 0.7866170634920635 0.019933035714285716 0.025449735449735448
2 0.4578645833333333 0.848558201058201 0.0157093253968254 0.01734126984126984
2 0.4655505952380952 0.7792989417989418 0.010811011904761905 0.012612433862433863
2 0.4674950396825397 0.6368386243386244 0.023479662698412698 0.021395502645502648
2 0.5335441468253969 0.665218253968254 0.018075396825396824 0.023650793650793648
2 0.4424950396825397 0.9744609788359788 0.017738095238095237 0.021395502645502648
2 0.41124255952380956 0.9764880952380953 0.013683035714285715 0.020496031746031745
2 0.4336259920634921 0.9139847883597884 0.014188988095238095 0.01982142857142857
2 0.43193700396825396 0.9026124338624338 0.013177083333333334 0.013287037037037036
2 0.5140327380952381 0.8859457671957671 0.013514384920634922 0.020496031746031745
2 0.5271230158730159 0.8796395502645503 0.01199404761904762 0.015089285714285715
2 0.527547123015873 0.8991203703703704 0.01013640873015873 0.013964947089947088
2 0.5978174603174603 0.9317791005291005 0.01689236111111111 0.0220734126984127
2 0.6667385912698413 0.9459689153439154 0.012837301587301586 0.012612433862433863
2 0.5383581349206349 0.8137599206349206 0.0172296626984127 0.024325396825396826
2 0.5522098214285714 0.825244708994709 0.017566964285714286 0.023875661375661376
2 0.5519568452380952 0.8387599206349206 0.017061011904761905 0.02117063492063492
2 0.5521254960317461 0.7858300264550264 0.016386408730158727 0.02072089947089947
2 0.5905555555555555 0.7995701058201059 0.013851686507936509 0.01982142857142857
2 0.5794915674603175 0.7858300264550264 0.017061011904761905 0.01982142857142857
2 0.5846428571428572 0.7416832010582011 0.013851686507936509 0.016216931216931216
2 0.5474801587301588 0.6250165343915344 0.016555059523809524 0.022523148148148146
2 0.538779761904762 0.7108267195767196 0.012668650793650793 0.015767195767195766
2 0.6290699404761905 0.6218617724867724 0.014866071428571428 0.02072089947089947
2 0.5343030753968254 0.46645171957671955 0.020270337301587303 0.026127645502645503
2 0.5421577380952382 0.44032738095238094 0.0157093253968254 0.02162367724867725
2 0.5836284722222222 0.4688161375661376 0.016217757936507936 0.024100529100529098
2 0.5645411706349206 0.38244047619047616 0.019595734126984128 0.026577380952380953
2 0.5060094246031747 0.3352546296296296 0.01875 0.019143518518518518
2 0.582953869047619 0.34764219576719574 0.017906746031746034 0.022298280423280425
2 0.6282242063492064 0.7795238095238096 0.012837301587301586 0.017116402116402116
2 0.6251835317460317 0.7881944444444444 0.014866071428571428 0.015542328042328041
2 0.6266195436507938 0.7100396825396825 0.013683035714285715 0.013287037037037036
2 0.71125 0.8092526455026454 0.018075396825396824 0.02027116402116402
2 0.6702876984126984 0.306087962962963 0.013514384920634922 0.017569444444444447
2 0.6813516865079365 0.2971924603174603 0.018412698412698412 0.019596560846560845
2 0.6739186507936508 0.36070767195767195 0.016046626984126986 0.01779431216931217
2 0.6923313492063492 0.3956183862433862 0.017398313492063493 0.02184854497354497
2 0.7164880952380953 0.41532407407407407 0.017061011904761905 0.019368386243386243
2 0.702889384920635 0.36262235449735447 0.014188988095238095 0.018468915343915343
2 0.7174156746031746 0.35485119047619046 0.014866071428571428 0.022298280423280425
2 0.7854067460317461 0.27714616402116404 0.013345734126984128 0.018693783068783068
2 0.7961334325396826 0.2281580687830688 0.012837301587301586 0.017569444444444447
2 0.8132787698412698 0.22151455026455028 0.012668650793650793 0.015542328042328041
2 0.8054241071428571 0.2506812169312169 0.013177083333333334 0.01531415343915344
2 0.8079588293650793 0.2370568783068783 0.010473710317460317 0.01103505291005291
2 0.9504464285714286 0.29246362433862433 0.012668650793650793 0.01599206349206349
2 0.9237549603174603 0.3127314814814815 0.0157093253968254 0.020945767195767198
2 0.8724032738095239 0.3385218253968254 0.007938988095238094 0.011259920634920635
2 0.8517088293650794 0.3715178571428572 0.021959325396825397 0.02184854497354497
2 0.8448685515873017 0.4176917989417989 0.019427083333333334 0.022298280423280425
2 0.9079613095238096 0.4021494708994709 0.01013640873015873 0.013740079365079365
2 0.909312996031746 0.4556415343915344 0.010811011904761905 0.014414682539682542
2 0.8871825396825397 0.4894246031746032 0.01689236111111111 0.02072089947089947
2 0.839546130952381 0.5027149470899471 0.009796626984126984 0.012612433862433863
2 0.7866741071428571 0.533234126984127 0.016217757936507936 0.020496031746031745
2 0.8128571428571428 0.5505753968253968 0.0172296626984127 0.01734126984126984
2 0.7481597222222222 0.6263657407407408 0.015203373015873016 0.022523148148148146
2 0.7740054563492064 0.6145403439153438 0.017906746031746034 0.023650793650793648
2 0.7879414682539683 0.6184821428571429 0.017738095238095237 0.024775132275132276
2 0.8630282738095238 0.6218617724867724 0.017906746031746034 0.0220734126984127
2 0.8583829365079365 0.6797453703703704 0.013345734126984128 0.018468915343915343
2 0.8346478174603175 0.6267030423280423 0.003715277777777778 0.005181878306878307
2 0.7986681547619048 0.6179199735449735 0.009796626984126984 0.012837301587301588
2 0.7479910714285715 0.8268220899470899 0.010473710317460317 0.017569444444444447
2 0.7759474206349206 0.795515873015873 0.016723710317460318 0.02117063492063492
2 0.7817757936507936 0.805763888888889 0.011148313492063492 0.021395502645502648
2 0.7857465277777778 0.7544113756613757 0.014020337301587301 0.018693783068783068
2 0.8005257936507936 0.7566633597883599 0.016555059523809524 0.020945767195767198
2 0.8166592261904762 0.813531746031746 0.0157093253968254 0.02072089947089947
2 0.817671130952381 0.8522718253968254 0.01537202380952381 0.016666666666666666
2 0.8088045634920634 0.8629728835978836 0.015203373015873016 0.01689153439153439
2 0.9231646825396825 0.7522718253968254 0.009796626984126984 0.010360449735449735
2 0.9247693452380953 0.6584623015873016 0.01300595238095238 0.012387566137566138
2 0.9510367063492063 0.5002380952380953 0.014188988095238095 0.017116402116402116