1 0.2737921626984127 0.40631944444444446 0.022214781746031743 0.021653439153439154
1 0.857279265873016 0.5702017195767196 0.024134424603174602 0.030555555555555558
1 0.3135218253968254 0.6686011904761905 0.02294642857142857 0.023667328042328042
2 0.2416691468253968 0.5266435185185185 0.02048859126984127 0.024583333333333336
2 0.2588095238095238 0.5602910052910053 0.016845238095238097 0.020830026455026456
1 0.3118650793650794 0.39513227513227517 0.021986607142857145 0.0264484126984127
1 0.16793402777777777 0.5005753968253969 0.020441468253968254 0.02490410052910053
1 0.4694965277777778 0.46334986772486775 0.018707837301587302 0.017711640211640213
1 0.7395659722222222 0.9234953703703704 0.01828125 0.019090608465608463
1 0.4899875992063492 0.5926355820105821 0.01857390873015873 0.020085978835978836
1 0.18537450396825395 0.554890873015873 0.023432539682539683 0.02472883597883598
1 0.2866691468253968 0.661901455026455 0.01898313492063492 0.022665343915343916
2 0.2622197420634921 0.28708994708994706 0.01900793650793651 0.01847883597883598
1 0.14169146825396825 0.7924007936507936 0.017601686507936507 0.023068783068783072
1 0.6245436507936507 0.9628902116402117 0.019995039682539684 0.01933531746031746
2 0.25056299603174603 0.440135582010582 0.020178571428571428 0.020902777777777777
1 0.28527529761904763 0.5716236772486772 0.015230654761904761 0.026769179894179894
1 0.21738343253968254 0.5403935185185186 0.018536706349206348 0.01896494708994709
1 0.19965525793650793 0.6551951058201058 0.02006200396825397 0.022050264550264553
1 0.14875992063492063 0.5216335978835979 0.01953125 0.02800925925925926
1 0.20116319444444444 0.709047619047619 0.01714781746031746 0.020469576719576717
1 0.35690724206349206 0.4448743386243386 0.01868799603174603 0.023931878306878308
1 0.16002232142857145 0.6700826719576719 0.020984623015873016 0.021339285714285713
1 0.20241071428571428 0.5009160052910053 0.02222470238095238 0.02384920634920635
2 0.19467261904761904 0.2787698412698413 0.017708333333333336 0.022136243386243384
1 0.12793650793650793 0.661276455026455 0.018856646825396825 0.024107142857142858
1 0.3775496031746032 0.6566732804232804 0.016711309523809524 0.01802579365079365
1 0.3971453373015873 0.5580753968253968 0.018720238095238095 0.025003306878306878
2 0.21557539682539684 0.28342261904761906 0.019575892857142858 0.020912698412698414
1 0.5244667658730159 0.5642460317460317 0.017398313492063493 0.02197420634920635
1 0.24117063492063492 0.4075628306878307 0.019717261904761904 0.022294973544973545
1 0.7257762896825397 0.5551421957671958 0.019856150793650794 0.026299603174603173
1 0.4887822420634921 0.5076190476190476 0.016882440476190474 0.023779761904761904
1 0.41109623015873015 0.5937400793650793 0.015751488095238096 0.019368386243386243
1 0.09351934523809524 0.8985714285714287 0.014169146825396826 0.01712632275132275
2 0.18678323412698414 0.2651025132275132 0.014288194444444444 0.01742063492063492
2 0.24312499999999998 0.3091964285714286 0.016738591269841268 0.019596560846560845
2 0.2747643849206349 0.27408399470899475 0.016331845238095236 0.02123015873015873
2 0.2878298611111111 0.252853835978836 0.018779761904761903 0.023406084656084656
1 0.3258308531746032 0.2692427248677249 0.01480406746031746 0.016762566137566135
1 0.20637896825396826 0.33913359788359787 0.020004960317460317 0.023951719576719578
1 0.1920907738095238 0.36526455026455024 0.01592261904761905 0.02068452380952381
1 0.16902281746031747 0.2999404761904762 0.01306547619047619 0.01742063492063492
1 0.1597172619047619 0.39386243386243386 0.018715277777777775 0.021941137566137563
1 0.2378000992063492 0.39644179894179893 0.016133432539682538 0.01677910052910053
1 0.26232390873015876 0.42526785714285714 0.01936011904761905 0.022800925925925926
1 0.19601686507936508 0.5399173280423281 0.017745535714285714 0.020651455026455028
1 0.1087375992063492 0.6272519841269841 0.014196428571428572 0.01978835978835979
1 0.09034474206349206 0.6324140211640212 0.01936011904761905 0.01978835978835979
1 0.1377752976190476 0.6149900793650793 0.014841269841269843 0.021081349206349208
1 0.27313244047619045 0.6997420634920635 0.01839285714285714 0.021941137566137563
1 0.20698660714285716 0.8587070105820106 0.02290922619047619 0.02667328042328042
1 0.13890625 0.8929100529100529 0.013229166666666667 0.021081349206349208
1 0.10050843253968254 0.9902281746031746 0.01839285714285714 0.019543650793650794
1 0.060337301587301585 0.9923809523809524 0.01936011904761905 0.015241402116402118
1 0.30410714285714285 0.9400165343915344 0.017100694444444446 0.024090608465608464
1 0.39590525793650794 0.8232142857142858 0.01742311507936508 0.022800925925925926
1 0.38444940476190476 0.813964947089947 0.015166170634920635 0.020651455026455028
1 0.40671378968253963 0.8408531746031745 0.017745535714285714 0.024523809523809524
1 0.4212326388888889 0.8369808201058202 0.015166170634920635 0.01763888888888889
1 0.3437946428571429 0.7715873015873016 0.019037698412698412 0.023660714285714285
1 0.30233382936507935 0.8275165343915344 0.018715277777777775 0.018498677248677247
1 0.4084871031746032 0.7735251322751322 0.020649801587301588 0.028392857142857143
1 0.42397569444444444 0.7537334656084655 0.018715277777777775 0.02667328042328042
1 0.4351066468253968 0.734375 0.020972222222222222 0.022371031746031746
1 0.3739632936507936 0.7464219576719576 0.01548859126984127 0.01978835978835979
1 0.49479910714285713 0.7218981481481481 0.017745535714285714 0.025813492063492063
1 0.4865724206349206 0.752443783068783 0.018715277777777775 0.024090608465608464
1 0.49431547619047617 0.765135582010582 0.016778273809523812 0.021081349206349208
1 0.46479166666666666 0.7771825396825396 0.019682539682539683 0.01935846560846561
1 0.5230332341269841 0.6022982804232804 0.016133432539682538 0.01892857142857143
1 0.48463541666666665 0.5474470899470899 0.01742311507936508 0.021941137566137563
1 0.5615897817460317 0.5820800264550264 0.012584325396825398 0.018068783068783068
1 0.40558531746031745 0.5457275132275132 0.016778273809523812 0.021941137566137563
1 0.3437946428571429 0.5459424603174603 0.01645585317460317 0.024090608465608464
1 0.3162078373015873 0.5521792328042328 0.021294642857142856 0.023660714285714285
1 0.28313492063492063 0.5306679894179894 0.017745535714285714 0.024523809523809524
1 0.36702628968253964 0.568098544973545 0.019037698412698412 0.024523809523809524
1 0.42187748015873017 0.4551653439153439 0.01645585317460317 0.020651455026455028
1 0.34524553571428573 0.4345171957671958 0.016778273809523812 0.023230820105820105
1 0.36299355158730157 0.42440476190476195 0.018715277777777775 0.023660714285714285
1 0.4151016865079365 0.4205357142857143 0.019037698412698412 0.024523809523809524
1 0.38073908730158734 0.44096891534391536 0.01936011904761905 0.023230820105820105
1 0.34282738095238097 0.40052910052910057 0.015811011904761904 0.01978835978835979
1 0.354280753968254 0.4022486772486773 0.012261904761904762 0.01978835978835979
1 0.4117137896825397 0.3256712962962963 0.010324900793650794 0.012906746031746031
1 0.4575322420634921 0.30910714285714286 0.011614583333333333 0.015056216931216932
1 0.4257514880952381 0.3486871693121693 0.011939484126984127 0.015056216931216932
1 0.5638492063492063 0.7382473544973545 0.02161706349206349 0.027533068783068784
1 0.5130307539682539 0.8038558201058201 0.01548859126984127 0.020221560846560845
1 0.5352926587301587 0.8219246031746031 0.018067956349206347 0.021081349206349208
1 0.5922445436507936 0.7748148148148148 0.01839285714285714 0.024090608465608464
1 0.5838541666666667 0.7369576719576719 0.019037698412698412 0.025813492063492063
1 0.5967609126984127 0.8503174603174604 0.01839285714285714 0.021081349206349208
1 0.6183779761904762 0.9150661375661375 0.017745535714285714 0.023230820105820105
1 0.6096676587301587 0.93614417989418 0.01645585317460317 0.024090608465608464
1 0.6214434523809523 0.9408796296296296 0.01548859126984127 0.018068783068783068
1 0.5803050595238095 0.9879861111111111 0.02161706349206349 0.023660714285714285
1 0.753735119047619 0.8776355820105819 0.022586805555555554 0.028392857142857143
1 0.6020833333333333 0.6780158730158731 0.016133432539682538 0.022371031746031746
1 0.6970758928571429 0.634781746031746 0.019620535714285715 0.024523809523809524
1 0.8719890873015873 0.4932407407407407 0.02484375 0.027962962962962964
1 0.6419320436507936 0.5528240740740741 0.013874007936507936 0.020651455026455028
1 0.6075694444444444 0.5801421957671957 0.013551587301587302 0.018498677248677247
1 0.6116021825396826 0.5614285714285714 0.015166170634920635 0.01720899470899471
1 0.5693353174603174 0.5076521164021164 0.013229166666666667 0.01720899470899471
1 0.6319295634920635 0.45301587301587304 0.014518849206349205 0.01892857142857143
1 0.517547123015873 0.4551653439153439 0.016133432539682538 0.022371031746031746
1 0.5288417658730159 0.427417328042328 0.012261904761904762 0.015056216931216932
1 0.5270659722222223 0.4044014550264551 0.011292162698412699 0.018068783068783068
1 0.5015749007936507 0.4112830687830688 0.014518849206349205 0.01720899470899471
1 0.5260987103174604 0.38396494708994705 0.013874007936507936 0.01763888888888889
1 0.4965749007936508 0.3957969576719577 0.013551587301587302 0.01720899470899471
1 0.5330357142857143 0.36073412698412693 0.013551587301587302 0.018498677248677247
1 0.5446502976190477 0.35578703703703707 0.014196428571428572 0.01892857142857143
1 0.5959548611111111 0.3024404761904762 0.011614583333333333 0.01462632275132275
1 0.6149900793650793 0.32330687830687826 0.014841269841269843 0.014196428571428572
1 0.5983730158730158 0.26393518518518516 0.012584325396825398 0.015056216931216932
1 0.5772395833333333 0.24070436507936507 0.009035218253968254 0.015056216931216932
1 0.5903075396825397 0.2503835978835979 0.013874007936507936 0.01720899470899471
1 0.5977281746031746 0.23554232804232803 0.012584325396825398 0.01591931216931217
1 0.5806274801587302 0.21080357142857145 0.011939484126984127 0.013766534391534392
1 0.5215798611111112 0.2364021164021164 0.011292162698412699 0.01333664021164021
1 0.616765873015873 0.3936474867724868 0.012584325396825398 0.01720899470899471
1 0.5088368055555555 0.4033267195767196 0.010969742063492063 0.01763888888888889
1 0.6756522817460318 0.40397156084656083 0.014196428571428572 0.01892857142857143
1 0.6875892857142858 0.41257605820105825 0.014196428571428572 0.01720899470899471
1 0.7151760912698413 0.4130059523809524 0.015166170634920635 0.01978835978835979
1 0.7256646825396825 0.43946428571428575 0.01548859126984127 0.01935846560846561
1 0.7175967261904762 0.4353769841269841 0.012261904761904762 0.01548611111111111
1 0.7797098214285714 0.43064484126984126 0.014518849206349205 0.01720899470899471
1 0.7771279761904762 0.473234126984127 0.013874007936507936 0.013766534391534392
1 0.7348586309523809 0.4026818783068783 0.015811011904761904 0.01978835978835979
1 0.7196949404761904 0.3779431216931217 0.015811011904761904 0.018498677248677247
1 0.7134027777777778 0.3372883597883598 0.014196428571428572 0.01720899470899471
1 0.6933978174603175 0.302010582010582 0.014196428571428572 0.018068783068783068
1 0.6935590277777778 0.2860912698412698 0.015811011904761904 0.01634920634920635
1 0.6811359126984128 0.30072089947089947 0.012906746031746031 0.01720899470899471
1 0.6445138888888888 0.33083333333333337 0.014518849206349205 0.01720899470899471
1 0.7392162698412699 0.36331679894179897 0.012261904761904762 0.015056216931216932
1 0.9612053571428572 0.6982374338624338 0.01548859126984127 0.01634920634920635
1 0.9460416666666667 0.6988822751322752 0.013551587301587302 0.01677910052910053
1 0.9247445436507937 0.7376025132275132 0.012906746031746031 0.01677910052910053
1 0.9123214285714286 0.7647056878306878 0.015166170634920635 0.01763888888888889
1 0.898608630952381 0.7896593915343915 0.014196428571428572 0.01763888888888889
1 0.8853794642857142 0.7956812169312169 0.012906746031746031 0.01763888888888889
2 0.5309375 0.9481911375661375 0.013229166666666667 0.01462632275132275
1 0.4267832341269841 0.8869444444444444 0.016106150793650794 0.018673941798941798
1 0.17032738095238095 0.7935813492063492 0.01645585317460317 0.020539021164021162
1 0.3352306547619048 0.5265641534391534 0.020657242063492065 0.02427579365079365
1 0.35028521825396824 0.5202612433862434 0.01435515873015873 0.020072751322751322
1 0.5025818452380952 0.4560747354497355 0.01435515873015873 0.020539021164021162
1 0.6231944444444444 0.26234788359788364 0.014005456349206349 0.014937169312169313
1 0.6069146825396825 0.2721527777777778 0.012953869047619047 0.015873015873015872
1 0.647001488095238 0.30249338624338623 0.014704861111111111 0.017738095238095237
1 0.6086656746031746 0.3073941798941799 0.015054563492063492 0.01914021164021164
1 0.5806547619047618 0.2964252645502645 0.011552579365079365 0.014937169312169313
1 0.700796130952381 0.25741071428571427 0.01052579365079365 0.01353505291005291