2 0.0404389880952381 0.17434193121693123 0.013725198412698413 0.014050925925925927
2 0.01335813492063492 0.16911044973544972 0.008578869047619049 0.009477513227513227
2 0.08149305555555555 0.1857771164021164 0.010049603174603175 0.01208994708994709
2 0.14068204365079365 0.19378306878306878 0.013725198412698413 0.015684523809523808
2 0.10146825396825397 0.25129960317460315 0.005391865079365079 0.00980489417989418
2 0.04203373015873016 0.4012929894179894 0.011029265873015873 0.016339285714285712
2 0.054288194444444444 0.4124041005291005 0.014459325396825396 0.01699404761904762
2 0.10820684523809525 0.4349537037037037 0.009067460317460318 0.011765873015873016
2 0.09497271825396826 0.4730224867724868 0.01298859126984127 0.014050925925925927
2 0.029409722222222223 0.4584821428571429 0.012745535714285714 0.015684523809523808
2 0.019729662698412698 0.5391964285714286 0.012008928571428571 0.016339285714285712
2 0.028797123015873016 0.5810251322751323 0.013970734126984127 0.015684523809523808
2 0.10943204365079366 0.4893617724867725 0.005637400793650793 0.008171296296296296
2 0.1405580357142857 0.44312169312169314 0.009067460317460318 0.010456349206349207
2 0.24582589285714285 0.39557539682539683 0.011274801587301587 0.015360449735449736
2 0.27756448412698415 0.48347883597883595 0.009558531746031745 0.015360449735449736
2 0.22560515873015874 0.610109126984127 0.011520337301587302 0.015684523809523808
2 0.23761408730158728 0.6200760582010582 0.013970734126984127 0.01208994708994709
2 0.39655505952380954 0.43364417989417986 0.009804067460317461 0.011765873015873016
2 0.3818501984126984 0.5195899470899471 0.009312996031746032 0.00980489417989418
2 0.6149305555555555 0.19656084656084655 0.006862599206349206 0.008822751322751322
2 0.6492410714285713 0.2362665343915344 0.006862599206349206 0.00849537037037037
2 0.6133358134920635 0.2276058201058201 0.004166666666666667 0.007516534391534392
2 0.5792683531746032 0.31894179894179897 0.005146329365079365 0.006534391534391535
2 0.7375967261904761 0.3566865079365079 0.007108134920634921 0.008171296296296296
2 0.7388219246031745 0.36730820105820106 0.00808779761904762 0.00849537037037037
2 0.761984126984127 0.3460648148148148 0.00882440476190476 0.00980489417989418
2 0.7102703373015873 0.41599867724867723 0.006371527777777778 0.00849537037037037
2 0.7239955357142858 0.41501984126984126 0.00882440476190476 0.00980489417989418
2 0.6524280753968255 0.5030886243386243 0.007842261904761906 0.01208994708994709
2 0.7105133928571429 0.43577050264550266 0.008333333333333333 0.009477513227513227
2 0.7165203373015874 0.4213921957671958 0.006617063492063492 0.008171296296296296
2 0.7259548611111112 0.4612599206349206 0.013725198412698413 0.014050925925925927
2 0.7503422619047619 0.39622685185185186 0.007108134920634921 0.007516534391534392
2 0.758797123015873 0.36256944444444444 0.006862599206349206 0.007516534391534392
2 0.8423735119047618 0.3776025132275132 0.005882936507936508 0.006861772486772486
2 0.839186507936508 0.3890376984126984 0.007842261904761906 0.01078373015873016
2 0.8471527777777778 0.38642526455026455 0.006128472222222223 0.008171296296296296
2 0.8580580357142857 0.3991699735449735 0.006862599206349206 0.009477513227513227
2 0.877296626984127 0.4901785714285714 0.00759672619047619 0.00849537037037037
2 0.7916393849206349 0.4391997354497355 0.006371527777777778 0.007189153439153439
2 0.8784945436507937 0.30217261904761905 0.006049107142857143 0.00658068783068783
2 0.8849429563492064 0.29888227513227517 0.006527777777777778 0.007642195767195767
2 0.9335813492063492 0.2910284391534392 0.0057316468253968255 0.00636904761904762
2 0.9318303571428571 0.3030224867724868 0.004456845238095238 0.004880952380952381
2 0.90484375 0.37933201058201055 0.004618055555555556 0.005519179894179895
2 0.9140773809523809 0.37784722222222217 0.005572916666666666 0.00636904761904762
2 0.9088244047619047 0.38092592592592595 0.004618055555555556 0.007003968253968254
2 0.9715525793650794 0.2768055555555555 0.005890376984126984 0.005942460317460317
2 0.950297619047619 0.2864649470899471 0.005094246031746031 0.00658068783068783
2 0.9395510912698413 0.2949537037037037 0.004298115079365079 0.0040343915343915345
2 0.9401884920634921 0.3065244708994709 0.004618055555555556 0.0050958994708994705
2 0.9526066468253968 0.3139517195767196 0.006207837301587302 0.0050958994708994705
2 0.9852430555555556 0.2587632275132275 0.0039806547619047625 0.00636904761904762
2 0.966376488095238 0.2065410052910053 0.004776785714285714 0.005519179894179895
2 0.9952728174603175 0.21025793650793653 0.004935515873015873 0.007430555555555555
2 0.915032242063492 0.3286011904761905 0.004935515873015873 0.006792328042328042
2 0.9194122023809524 0.3256283068783069 0.006049107142857143 0.006792328042328042