1 0.585734126984127 0.542255291005291 0.02712797619047619 0.03266534391534392
1 0.46122271825396827 0.4703306878306878 0.027785218253968253 0.037589285714285714
1 0.5102876984126984 0.19559854497354498 0.03287698412698413 0.04511243386243386
1 0.7802628968253968 0.11139219576719578 0.03335565476190477 0.048541666666666664
1 0.5044990079365079 0.242228835978836 0.02980654761904762 0.041326058201058204
1 0.34721974206349204 0.5280787037037037 0.02807043650793651 0.03732473544973545
1 0.31519593253968253 0.5513425925925926 0.03135416666666667 0.03726851851851852
1 0.4642981150793651 0.23846891534391534 0.033303571428571425 0.039358465608465606
1 0.4445213293650794 0.33967923280423284 0.03162946428571429 0.042612433862433866
1 0.3751041666666667 0.20717261904761905 0.03300347222222222 0.04261904761904762
1 0.40173363095238096 0.35221230158730155 0.030870535714285715 0.04165674603174603
1 0.17580109126984128 0.48550264550264555 0.017157738095238097 0.025882936507936508
1 0.672953869047619 0.30572420634920633 0.032480158730158734 0.03803240740740741
1 0.39155257936507937 0.6215939153439154 0.02670634920634921 0.03571759259259259
1 0.2747519841269841 0.2185085978835979 0.026423611111111113 0.03262566137566138
1 0.39301091269841265 0.385082671957672 0.030372023809523807 0.033267195767195765
1 0.24885416666666665 0.542906746031746 0.023090277777777776 0.031779100529100525
1 0.25827876984126985 0.24536375661375662 0.026393849206349206 0.036732804232804235
1 0.1982093253968254 0.22922619047619047 0.02086309523809524 0.02528769841269841
1 0.36753968253968256 0.2711574074074074 0.03066468253968254 0.03811838624338624
1 0.3239236111111111 0.427880291005291 0.03097718253968254 0.032331349206349204
1 0.3050892857142857 0.1944246031746032 0.028028273809523812 0.04002645502645503
1 0.1592435515873016 0.23615079365079364 0.02288690476190476 0.030598544973544976
1 0.44374007936507937 0.9147850529100529 0.024776785714285716 0.035453042328042327
1 0.4733035714285714 0.3443022486772487 0.027242063492063495 0.037658730158730155
1 0.4799305555555555 0.26927910052910053 0.0283234126984127 0.03141203703703704
1 0.871031746031746 0.1041765873015873 0.0311359126984127 0.04244378306878307
1 0.43607142857142855 0.9663458994708994 0.016051587301587303 0.017466931216931218
1 0.30987847222222226 0.6389087301587302 0.02726934523809524 0.036074735449735454
1 0.36164434523809524 0.4159523809523809 0.0272594246031746 0.03598875661375661
1 0.4038169642857143 0.5191203703703704 0.023058035714285715 0.0303505291005291
1 0.08759424603174604 0.42520502645502645 0.023368055555555555 0.026782407407407404
1 0.46775049603174607 0.9241732804232804 0.024057539682539684 0.02398478835978836
1 0.2694444444444445 0.5515013227513228 0.022958829365079363 0.028902116402116405
1 0.7056919642857142 0.4552149470899471 0.02518353174603175 0.03294642857142857
1 0.5846006944444445 0.7790277777777779 0.023586309523809523 0.030264550264550265
1 0.7807316468253968 0.6277116402116403 0.018876488095238095 0.0208234126984127
1 0.06717013888888888 0.45953042328042326 0.022018849206349205 0.025730820105820108
1 0.19464533730158728 0.4575462962962963 0.019216269841269843 0.02495701058201058
1 0.8320560515873016 0.20905092592592592 0.02689484126984127 0.03492724867724868
1 0.8123462301587302 0.486359126984127 0.020825892857142855 0.027840608465608464
1 0.20096230158730158 0.35646164021164023 0.024176587301587303 0.02540343915343915
1 0.4696924603174603 0.8404166666666667 0.022256944444444444 0.02666005291005291
1 0.2863144841269841 0.23692791005291006 0.02558531746031746 0.037215608465608466
1 0.24677579365079366 0.2356878306878307 0.01534970238095238 0.023568121693121693
1 0.20118799603174606 0.20995039682539682 0.01721230158730159 0.022949735449735453
1 0.13490079365079363 0.2415806878306878 0.02046875 0.02666997354497355
1 0.09466269841269842 0.2561574074074074 0.018142361111111113 0.0198478835978836
1 0.4705233134920635 0.6022453703703704 0.02000248015873016 0.028531746031746033
1 0.7942857142857143 0.21956349206349207 0.02186259920634921 0.02604828042328042
1 0.8894146825396825 0.10636904761904763 0.024188988095238097 0.037833994708994706
1 0.7977752976190476 0.008994708994708995 0.03163194444444445 0.017986111111111112
1 0.6644866071428571 0.013253968253968254 0.024623015873015873 0.026507936507936508
1 0.7047395833333334 0.2707308201058201 0.018606150793650793 0.03163029100529101
1 0.8856919642857143 0.5783664021164021 0.013025793650793652 0.016746031746031745
1 0.8380109126984128 0.5969742063492064 0.014419642857142857 0.019226190476190477
1 0.8154513888888889 0.5926322751322751 0.018606150793650793 0.029150132275132277
1 0.8240575396825397 0.6341865079365079 0.01721230158730159 0.021709656084656085
1 0.8077752976190475 0.6462830687830687 0.013489583333333334 0.0198478835978836
1 0.878249007936508 0.7157473544973545 0.013025793650793652 0.01736772486772487
1 0.8880183531746031 0.7284623015873015 0.012095734126984128 0.016746031746031745
1 0.918953373015873 0.7346660052910053 0.013489583333333334 0.01302579365079365
1 0.876155753968254 0.6608564814814815 0.011629464285714286 0.02046626984126984
1 0.8694122023809523 0.8428968253968254 0.01767609126984127 0.021087962962962965
1 0.878249007936508 0.8593320105820106 0.012095734126984128 0.014265873015873017
1 0.878249007936508 0.8779398148148148 0.013025793650793652 0.017986111111111112
1 0.898717757936508 0.9024371693121692 0.014885912698412699 0.0198478835978836
1 0.8463864087301588 0.8497189153439154 0.014419642857142857 0.01736772486772487
1 0.807311507936508 0.8385548941798942 0.01534970238095238 0.01736772486772487
1 0.7859126984126985 0.685978835978836 0.013489583333333334 0.018607804232804233
1 0.6987152777777778 0.9653174603174602 0.02378720238095238 0.03171626984126984
1 0.5812723214285714 0.9058498677248678 0.02279513888888889 0.023786375661375665
1 0.5252752976190476 0.928316798941799 0.016847718253968257 0.01982142857142857
1 0.4150173611111111 0.854646164021164 0.02130952380952381 0.02708994708994709
1 0.22125992063492064 0.860922619047619 0.01635168650793651 0.022463624338624342
1 0.1902876984126984 0.8579497354497355 0.01883184523809524 0.024447751322751326
1 0.1665029761904762 0.8685218253968253 0.016847718253968257 0.02048280423280423
1 0.12066468253968253 0.6990443121693122 0.01734375 0.022463624338624342
1 0.12933531746031746 0.7188657407407407 0.012884424603174604 0.01982142857142857
1 0.11372767857142857 0.7258035714285714 0.014370039682539682 0.016517857142857143
1 0.09341021825396825 0.5830886243386243 0.018335813492063494 0.02048280423280423
1 0.11595734126984128 0.5579794973544974 0.012884424603174604 0.017840608465608466
1 0.06739335317460318 0.5972949735449735 0.021803075396825397 0.021144179894179892
1 0.1902876984126984 0.4833201058201058 0.020813492063492065 0.02576719576719577
1 0.17566964285714284 0.35778108465608466 0.020317460317460317 0.023125000000000003
1 0.17492559523809523 0.3769411375661375 0.016847718253968257 0.02180224867724868
1 0.05104166666666667 0.30162037037037037 0.01783978174603175 0.02180224867724868
1 0.04038690476190476 0.31483465608465605 0.018335813492063494 0.02180224867724868
1 0.01338045634920635 0.2253075396825397 0.01783978174603175 0.023786375661375665
1 0.07061507936507937 0.20416335978835978 0.018335813492063494 0.022463624338624342
1 0.08275545634920635 0.22101190476190477 0.01883184523809524 0.02180224867724868
1 0.27304315476190477 0.07135912698412698 0.02576884920634921 0.03435846560846561
1 0.23191468253968256 0.11958994708994708 0.019821428571428573 0.023786375661375665
1 0.3610019841269841 0.06243716931216931 0.02923611111111111 0.04162698412698412
1 0.34242063492063496 0.06805555555555556 0.02378720238095238 0.03435846560846561
1 0.4348387896825397 0.033035714285714286 0.02229910714285714 0.033035714285714286
1 0.5170982142857143 0.03931216931216931 0.02923611111111111 0.044269179894179896
1 0.389000496031746 0.2741997354497354 0.02279513888888889 0.03435846560846561
1 0.38974454365079364 0.20119047619047617 0.023291170634920633 0.03501984126984127
1 0.34886160714285713 0.43244378306878306 0.019821428571428573 0.029732142857142856
1 0.24281498015873015 0.4155952380952381 0.019821428571428573 0.025109126984126987
1 0.29435267857142855 0.5285780423280424 0.02576884920634921 0.03567791005291005
1 0.15058035714285714 0.410598544973545 0.017061011904761905 0.022748015873015875
1 0.10897569444444444 0.5805026455026455 0.014623015873015873 0.017175925925925924
1 0.09104414682539681 0.714890873015873 0.017061011904761905 0.01763888888888889
2 0.05431299603174603 0.7046792328042327 0.011837797619047618 0.012999338624338625
1 0.22978670634920634 0.8016997354497355 0.015319940476190477 0.020426587301587303
1 0.20158482142857143 0.5456845238095238 0.01601438492063492 0.01996031746031746
1 0.1892261904761905 0.5384887566137566 0.014275793650793652 0.016712962962962964
1 0.6359871031746033 0.3470634920634921 0.022544642857142857 0.029513888888888888
1 0.6499231150793651 0.1308994708994709 0.025004960317460315 0.03880621693121693
1 0.48321180555555554 0.4643882275132275 0.022413194444444444 0.032228835978835975
1 0.5034275793650793 0.127744708994709 0.021535218253968254 0.02695436507936508
1 0.2740376984126984 0.3209193121693122 0.013276289682539683 0.019348544973544973
1 0.26971478174603175 0.2933366402116402 0.018834325396825398 0.02017195767195767
1 0.20039434523809524 0.3252414021164021 0.018526785714285714 0.024702380952380955
1 0.20811507936507936 0.3203042328042328 0.015438988095238096 0.024702380952380955
1 0.3357936507936508 0.7704960317460318 0.015128968253968254 0.02181878306878307
1 0.5287772817460318 0.7229464285714285 0.018216765873015874 0.02552579365079365
1 0.45312748015873017 0.7643220899470899 0.017599206349206347 0.023465608465608464
1 0.674982638888889 0.8161937830687831 0.017291666666666667 0.02181878306878307
1 0.6085962301587302 0.1307142857142857 0.019761904761904765 0.02511243386243386
1 0.5899156746031746 0.1957638888888889 0.016981646825396827 0.024289021164021166
1 0.8548983134920635 0.14355820105820105 0.024900793650793653 0.03504298941798942
1 0.7124156746031746 0.012602513227513228 0.03227678571428571 0.025208333333333336