1 0.6288492063492064 0.6269444444444445 0.025974702380952383 0.035337301587301584
1 0.5454241071428572 0.6067328042328042 0.02189236111111111 0.030267857142857145
1 0.7016369047619048 0.7224239417989419 0.02331845238095238 0.026299603174603173
1 0.8485491071428571 0.49937830687830687 0.02547123015873016 0.032367724867724865
1 0.12388888888888888 0.3155522486772487 0.011574900793650793 0.01220899470899471
1 0.23541170634920633 0.3562334656084656 0.007552083333333333 0.01068121693121693
1 0.2635987103174603 0.42580026455026454 0.008015873015873016 0.009292328042328043
1 0.637281746031746 0.0927876984126984 0.009126984126984126 0.01361441798941799
1 0.46585565476190477 0.43563822751322745 0.028938492063492065 0.04690476190476191
1 0.5070064484126984 0.20964285714285716 0.010225694444444444 0.01283068783068783
1 0.5151041666666667 0.21711309523809522 0.0074057539682539685 0.01136574074074074
1 0.5010491071428571 0.2353009259259259 0.00941468253968254 0.010658068783068781
1 0.5726736111111111 0.2959457671957672 0.017961309523809525 0.02568452380952381