1 0.6769543650793651 0.6713359788359788 0.028539186507936506 0.03441468253968254
1 0.07990575396825397 0.5346130952380953 0.03618303571428571 0.035730820105820106
1 0.41154017857142855 0.37156084656084654 0.029114583333333333 0.035902777777777777
1 0.09882688492063493 0.4893617724867725 0.032378472222222225 0.03858465608465609
1 0.49500248015873016 0.5059556878306878 0.028754960317460318 0.04312830687830688
1 0.2568501984126984 0.32826719576719576 0.024945436507936507 0.03097222222222222
1 0.0810218253968254 0.33517857142857144 0.03127976190476191 0.03666997354497355
1 0.6019097222222223 0.6965575396825396 0.024231150793650794 0.03543320105820106
1 0.8187872023809524 0.4362533068783069 0.025166170634920635 0.03830357142857143
1 0.3056026785714286 0.36898148148148147 0.02202876984126984 0.029427910052910053
2 0.879469246031746 0.5264715608465609 0.015238095238095238 0.019107142857142857
1 0.6710714285714287 0.4103339947089947 0.025969742063492063 0.03947089947089947
1 0.8259027777777778 0.2892361111111111 0.028018353174603175 0.03477843915343915
1 0.11888392857142857 0.7047519841269841 0.02964781746031746 0.035241402116402115
1 0.7317857142857143 0.4576851851851852 0.02404513888888889 0.02972222222222222
1 0.33983878968253967 0.33381944444444445 0.02229910714285714 0.03211309523809524
1 0.48216021825396826 0.3600066137566138 0.027105654761904765 0.038111772486772486
1 0.16698164682539682 0.02521494708994709 0.022805059523809526 0.031068121693121693
1 0.8064112103174603 0.11937169312169313 0.02476438492063492 0.029229497354497355
1 0.42277033730158725 0.6893022486772487 0.026540178571428572 0.03588624338624338
1 0.3769444444444444 0.07510251322751323 0.017626488095238094 0.022486772486772486
1 0.4335267857142857 0.6410284391534392 0.03131944444444444 0.0397255291005291
1 0.933296130952381 0.311005291005291 0.023258928571428573 0.02976521164021164
1 0.40851190476190474 0.6477678571428571 0.024585813492063492 0.03688492063492064
1 0.8159201388888889 0.7107374338624338 0.019283234126984128 0.024401455026455028
1 0.786341765873016 0.6560482804232804 0.018955853174603177 0.02658068783068783
1 0.7695114087301588 0.6041898148148148 0.019935515873015872 0.02658068783068783
1 0.8021924603174603 0.5479761904761905 0.017976190476190475 0.0222255291005291
1 0.760359623015873 0.3695304232804233 0.02320436507936508 0.028759920634920635
1 0.6940128968253969 0.3030753968253968 0.021242559523809525 0.030069444444444447
1 0.8920709325396825 0.3481779100529101 0.02581845238095238 0.02701719576719577
1 0.7351934523809525 0.06035383597883598 0.020590277777777777 0.027453703703703702
1 0.552172619047619 0.14837962962962964 0.019283234126984128 0.024837962962962964
1 0.5129538690476191 0.26015211640211644 0.021242559523809525 0.031375661375661376
1 0.5405704365079365 0.24729828042328045 0.022876984126984124 0.03181216931216931
1 0.4374553571428571 0.4431746031746032 0.027125496031746032 0.040089285714285716
1 0.2727356150793651 0.288260582010582 0.02451140873015873 0.030069444444444447
1 0.22665426587301588 0.1359589947089947 0.02451140873015873 0.031375661375661376
1 0.24364831349206348 0.1544808201058201 0.019283234126984128 0.029196428571428575
1 0.4003621031746032 0.0557771164021164 0.015034722222222222 0.02091600529100529
1 0.12321428571428572 0.4577744708994709 0.02549355158730159 0.032681878306878305
1 0.1405357142857143 0.5268419312169312 0.02418402777777778 0.0305026455026455
1 0.23809275793650794 0.5192162698412698 0.023859126984126986 0.030069444444444447
1 0.16978670634920637 0.6946130952380953 0.019935515873015872 0.027890211640211642
1 0.18955853174603174 0.6630191798941799 0.02418402777777778 0.029196428571428575
1 0.20312251984126983 0.6904728835978835 0.027780257936507936 0.03355489417989418
1 0.35313492063492063 0.7194510582010581 0.02320436507936508 0.035734126984126986
1 0.4696478174603174 0.7967989417989418 0.027452876984126982 0.03791335978835979
1 0.44627976190476193 0.6989715608465609 0.02189732142857143 0.0305026455026455
1 0.6533234126984127 0.6763095238095238 0.023531746031746032 0.029632936507936507
1 0.707249503968254 0.685681216931217 0.018955853174603177 0.03093915343915344
1 0.9005679563492064 0.5468882275132275 0.017976190476190475 0.020046296296296295
1 0.8149404761904763 0.6789252645502646 0.02189732142857143 0.027890211640211642
1 0.9229563492063493 0.7414583333333333 0.016341765873015873 0.021352513227513224
1 0.19119295634920636 0.042923280423280426 0.016994047619047617 0.01960978835978836
1 0.23204613095238097 0.2573214285714286 0.02091765873015873 0.029196428571428575
1 0.30754216269841267 0.3422949735449735 0.014379960317460317 0.01960978835978836
1 0.32257688492063497 0.4126719576719577 0.016994047619047617 0.022658730158730156
1 0.2840104166666667 0.5810945767195768 0.01961061507936508 0.030069444444444447
1 0.1934796626984127 0.6028835978835978 0.018955853174603177 0.025710978835978837
1 0.3381001984126984 0.6941765873015873 0.02320436507936508 0.028759920634920635
1 0.5734151785714287 0.4717195767195767 0.026473214285714284 0.03442460317460317
1 0.9477579365079365 0.3918617724867725 0.021654265873015874 0.028283730158730157
1 0.7420312499999999 0.09958664021164021 0.01767857142857143 0.01885582010582011
1 0.8992757936507937 0.43052910052910054 0.01970486111111111 0.02507936507936508