2 0.28685267857142854 0.3862433862433862 0.02556299603174603 0.03950727513227513
1 0.4265079365079365 0.39186507936507936 0.02596230158730159 0.03505291005291005
2 0.5834499007936508 0.25131944444444443 0.02449404761904762 0.0273478835978836
2 0.6165848214285715 0.6418716931216931 0.021369047619047617 0.0314186507936508
2 0.4602678571428571 0.2718683862433862 0.030677083333333334 0.029943783068783068
2 0.6656125992063492 0.2819378306878307 0.020600198412698414 0.026421957671957673
1 0.2458060515873016 0.25196428571428575 0.02299107142857143 0.027215608465608464
2 0.10165426587301588 0.11368716931216932 0.024523809523809524 0.032278439153439156
2 0.8494419642857143 0.43000661375661375 0.02160714285714286 0.027258597883597885
1 0.21867559523809524 0.45793320105820107 0.028933531746031745 0.03748015873015873
2 0.25810019841269843 0.5168220899470899 0.025376984126984126 0.028564814814814814
2 0.690843253968254 0.260406746031746 0.02404265873015873 0.02682208994708995
2 0.6696130952380953 0.36604497354497356 0.024935515873015873 0.03602513227513227
2 0.7477752976190477 0.3333829365079365 0.023325892857142858 0.029289021164021163
2 0.4515674603174603 0.49726521164021165 0.026222718253968255 0.03027777777777778
2 0.7214980158730159 0.25275462962962963 0.024739583333333332 0.02906746031746032
2 0.41704613095238097 0.4881613756613757 0.02816964285714286 0.03113425925925926
2 0.1959499007936508 0.35754960317460316 0.02834325396825397 0.02464616402116402
2 0.3954563492063492 0.46816137566137567 0.027180059523809523 0.03457671957671958
2 0.747170138888889 0.277797619047619 0.025721726190476187 0.027060185185185184
1 0.4236111111111111 0.2699669312169312 0.026557539682539683 0.03445767195767196
2 0.5424503968253968 0.592827380952381 0.029466765873015874 0.026944444444444444
2 0.5022321428571429 0.8099305555555556 0.021676587301587304 0.026263227513227513
1 0.6485912698412698 0.8128604497354498 0.02074404761904762 0.023498677248677248
1 0.4300843253968254 0.3501488095238095 0.018355654761904764 0.02939484126984127
1 0.3763492063492064 0.6107539682539683 0.025401785714285714 0.03248677248677249
1 0.21532738095238096 0.24609126984126983 0.025007440476190475 0.023773148148148147
2 0.6401339285714286 0.6235515873015872 0.021736111111111112 0.031709656084656083
2 0.4491641865079365 0.45707341269841273 0.028603670634920635 0.03021494708994709
2 0.5767063492063492 0.5745701058201058 0.02398809523809524 0.02585978835978836
2 0.7943328373015873 0.33748677248677245 0.02565972222222222 0.03154761904761905
1 0.7791096230158729 0.2466269841269841 0.02714781746031746 0.029179894179894177
2 0.482906746031746 0.587390873015873 0.02451388888888889 0.03477843915343915
1 0.24731398809523808 0.10149801587301588 0.02308531746031746 0.032238756613756615
2 0.4583407738095238 0.5540410052910053 0.021733630952380952 0.02658730158730159
2 0.9419097222222222 0.28885912698412697 0.019489087301587302 0.024778439153439157
1 0.6501041666666666 0.4134457671957672 0.01983878968253968 0.02658730158730159
2 0.8255877976190477 0.44598875661375664 0.02273809523809524 0.024394841269841268
2 0.9852108134920635 0.5288161375661375 0.017080853174603176 0.019282407407407408
1 0.10280009920634921 0.2103968253968254 0.02484126984126984 0.024778439153439157
2 0.5354191468253968 0.8369874338624339 0.017467757936507938 0.02109126984126984
1 0.40094990079365084 0.3591335978835979 0.023541666666666666 0.032506613756613754
2 0.0728968253968254 0.07567460317460317 0.02295138888888889 0.032509920634920635
1 0.47963789682539687 0.36731812169312167 0.02279513888888889 0.024738756613756616
1 0.06486607142857144 0.48901124338624335 0.02681051587301587 0.028660714285714286
1 0.5251984126984127 0.18009920634920634 0.02257688492063492 0.02476521164021164
2 0.9640947420634921 0.45555224867724864 0.017026289682539685 0.022192460317460316
2 0.9555307539682539 0.43179563492063494 0.017909226190476187 0.024427910052910055
1 0.6141840277777777 0.5547486772486773 0.022358630952380953 0.023948412698412698
1 0.4731001984126984 0.2395634920634921 0.023080357142857142 0.02623346560846561
2 0.9858878968253968 0.4426223544973545 0.019241071428571427 0.0216765873015873
1 0.5543998015873016 0.21610119047619047 0.021014384920634923 0.027652116402116404
2 0.9552628968253968 0.39867724867724863 0.01863343253968254 0.02224537037037037
1 0.7454513888888888 0.8090707671957672 0.017323908730158728 0.02396494708994709
2 0.06319196428571429 0.12138558201058201 0.02103174603174603 0.03040674603174603
1 0.472921626984127 0.20333333333333334 0.024900793650793653 0.026488095238095238
2 0.7799454365079365 0.3439914021164021 0.01933531746031746 0.02766203703703704
2 0.9374751984126984 0.5308002645502646 0.017467757936507938 0.023888888888888887
1 0.9003546626984127 0.9645238095238095 0.017569444444444447 0.02530753968253968
1 0.48530505952380953 0.7044874338624338 0.028603670634920635 0.03404100529100529
1 0.8210441468253967 0.7873445767195767 0.015148809523809523 0.018895502645502646
2 0.3682638888888889 0.5568419312169313 0.020300099206349204 0.028905423280423278
2 0.37427083333333333 0.4705522486772487 0.02548859126984127 0.03561177248677248
2 0.4003844246031746 0.41625 0.025540674603174603 0.03553902116402116
2 0.2457986111111111 0.750026455026455 0.01937003968253968 0.01951058201058201
1 0.70078125 0.8235119047619048 0.02127728174603175 0.023379629629629632
2 0.6734275793650795 0.7636739417989418 0.01586309523809524 0.015515873015873016
1 0.5794196428571428 0.20071097883597885 0.02279761904761905 0.029282407407407406
1 0.4441121031746032 0.6175628306878307 0.020580357142857143 0.023859126984126986
2 0.9175198412698413 0.4260152116402116 0.019422123015873018 0.02271825396825397
1 0.7455381944444445 0.20836640211640212 0.023821924603174602 0.026554232804232802
2 0.9585515873015873 0.2948776455026455 0.017388392857142856 0.02081349206349206
2 0.4919320436507937 0.5521990740740741 0.019367559523809523 0.027007275132275133
1 0.8836582341269841 0.9817691798941799 0.01777281746031746 0.022017195767195765
2 0.9142261904761905 0.18597222222222223 0.01986359126984127 0.02015542328042328
1 0.686592261904762 0.22268518518518518 0.024367559523809524 0.024576719576719575
1 0.5720386904761905 0.8627546296296296 0.014918154761904761 0.015274470899470899
1 0.6630977182539682 0.14752314814814815 0.020404265873015873 0.019520502645502646
2 0.08970238095238095 0.08308531746031746 0.022792658730158732 0.03087962962962963
2 0.07646825396825396 0.1039186507936508 0.022058531746031746 0.028429232804232804
2 0.08143105158730159 0.1257308201058201 0.019484126984126986 0.024999999999999998
2 0.02665426587301587 0.5806183862433862 0.019484126984126986 0.02205687830687831
2 0.04264632936507936 0.5958134920634921 0.018382936507936508 0.02205687830687831
2 0.25697668650793654 0.7543849206349207 0.017646329365079365 0.02451058201058201
2 0.33068700396825396 0.723260582010582 0.02022073412698413 0.023039021164021165
2 0.7990525793650795 0.3573412698412698 0.022425595238095238 0.020588624338624337
2 0.5054960317460317 0.5867427248677248 0.023529265873015875 0.027450396825396826
2 0.9407762896825397 0.303912037037037 0.017646329365079365 0.01960648148148148
2 0.926438492063492 0.3007242063492063 0.018382936507936508 0.021078042328042328
2 0.9181671626984127 0.2904298941798942 0.018013392857142856 0.021078042328042328
2 0.8979464285714286 0.292635582010582 0.018013392857142856 0.022549603174603174
2 0.8885714285714286 0.3075859788359788 0.016912202380952382 0.021078042328042328
2 0.9477604166666667 0.3845469576719576 0.02058779761904762 0.024999999999999998
2 0.8896750992063492 0.3605257936507937 0.018382936507936508 0.021078042328042328
2 0.6435441468253968 0.6489980158730159 0.022425595238095238 0.03039021164021164
2 0.9255183531746032 0.533806216931217 0.015808531746031747 0.020588624338624337
2 0.9712896825396825 0.4262103174603174 0.019851190476190477 0.023039021164021165
2 0.9402256944444444 0.43577050264550266 0.01875 0.023528439153439155
2 0.959342757936508 0.647526455026455 0.013603670634920635 0.017645502645502645
2 0.958422619047619 0.6308597883597884 0.011763392857142858 0.017645502645502645
2 0.9935317460317461 0.5357671957671958 0.011396329365079366 0.023528439153439155
2 0.9970411706349207 0.5536574074074074 0.00591765873015873 0.019117063492063494
2 0.9352604166666666 0.44606150793650795 0.01617559523809524 0.016666666666666666
2 0.9273561507936507 0.43699404761904764 0.01433779761904762 0.017156084656084657
2 0.6413368055555555 0.5186078042328043 0.017279265873015873 0.03039021164021164
2 0.9464732142857143 0.6389484126984127 0.015071924603174604 0.018138227513227512
2 0.9371006944444444 0.6198313492063492 0.015441468253968254 0.021078042328042328
2 0.9240476190476191 0.6053703703703704 0.015808531746031747 0.016666666666666666
2 0.9233134920634921 0.6200760582010582 0.012132936507936508 0.015684523809523808
2 0.41322172619047615 0.04337962962962963 0.012499999999999999 0.01617724867724868
2 0.39833085317460315 0.1796494708994709 0.012867063492063492 0.01617724867724868
2 0.40090525793650794 0.4546395502645502 0.02463045634920635 0.024999999999999998
2 0.3113864087301587 0.3583201058201058 0.025734126984126984 0.027450396825396826
2 0.3003571428571428 0.5681183862433863 0.024999999999999998 0.034312169312169315
1 0.19631696428571427 0.5387070105820105 0.02426339285714286 0.027450396825396826
1 0.23308035714285713 0.07744708994708994 0.022058531746031746 0.027450396825396826
1 0.250359623015873 0.07990079365079365 0.019851190476190477 0.031372354497354496
1 0.25532242063492067 0.11175925925925925 0.01875 0.02646825396825397
1 0.2351016865079365 0.11004629629629628 0.020954861111111108 0.027939814814814813
1 0.5553125 0.17058201058201058 0.01875 0.020588624338624337
1 0.5909722222222222 0.17205357142857142 0.01875 0.023528439153439155
1 0.6133978174603174 0.18920965608465606 0.025367063492063493 0.027450396825396826
1 0.5455704365079365 0.1823478835978836 0.015441468253968254 0.017645502645502645
1 0.5429960317460317 0.2044047619047619 0.019851190476190477 0.022549603174603174
1 0.5645014880952381 0.7276719576719577 0.015071924603174604 0.021078042328042328
1 0.6781001984126984 0.9132043650793652 0.01433779761904762 0.020588624338624337
1 0.5398710317460318 0.9791335978835979 0.01875 0.027939814814814813
1 0.5293923611111112 0.9651620370370371 0.01617559523809524 0.02156746031746032
1 0.7707440476190476 0.964917328042328 0.01654265873015873 0.019117063492063494
1 0.7104538690476191 0.6558597883597883 0.017279265873015873 0.02156746031746032
1 0.6464856150793651 0.7512003968253969 0.015808531746031747 0.024999999999999998
1 0.6308606150793651 0.7610019841269842 0.016912202380952382 0.020095899470899473
1 0.7749727182539683 0.7916402116402117 0.01617559523809524 0.02451058201058201
1 0.7078794642857144 0.8080588624338625 0.013603670634920635 0.019117063492063494
1 0.7880233134920634 0.4627281746031746 0.013603670634920635 0.017645502645502645
1 0.9225793650793651 0.3624867724867725 0.017279265873015873 0.019117063492063494
1 0.7527306547619048 0.13626984126984126 0.01875 0.02646825396825397
1 0.7615550595238095 0.14190806878306877 0.015808531746031747 0.024999999999999998
1 0.8716617063492064 0.965896164021164 0.015441468253968254 0.021078042328042328
1 0.8282787698412698 0.8078141534391534 0.017646329365079365 0.018627645502645503
1 0.8194568452380953 0.6980158730158731 0.013234126984126984 0.020588624338624337
2 0.8249702380952382 0.3470469576719577 0.01617559523809524 0.01960648148148148
2 0.8380233134920635 0.3093022486772487 0.011396329365079366 0.016666666666666666
2 0.7975818452380952 0.26249007936507934 0.01654265873015873 0.023039021164021165
2 0.7799355158730158 0.26273478835978836 0.02315972222222222 0.02451058201058201
2 0.7639434523809523 0.2860185185185185 0.021321924603174603 0.024017857142857143
2 0.8791964285714285 0.2335714285714286 0.01654265873015873 0.019117063492063494
2 0.8670659722222223 0.3340575396825397 0.01875 0.024017857142857143
2 0.870374503968254 0.3063624338624339 0.018013392857142856 0.022549603174603174
2 0.7970312500000001 0.5012070105820106 0.013970734126984127 0.017156084656084657
1 0.6486904761904762 0.8406580687830688 0.01654265873015873 0.016666666666666666
1 0.6336185515873016 0.34239087301587307 0.02022073412698413 0.023039021164021165
2 0.675344742063492 0.33650793650793653 0.022058531746031746 0.026960978835978835
2 0.6165228174603175 0.37425264550264553 0.022058531746031746 0.026960978835978835
2 0.6825124007936507 0.2860185185185185 0.01875 0.02205687830687831
2 0.5514508928571428 0.2786673280423281 0.015441468253968254 0.019117063492063494
2 0.5304960317460318 0.2803835978835979 0.01617559523809524 0.02156746031746032
2 0.5303125 0.2573445767195767 0.017279265873015873 0.028429232804232804
2 0.4145064484126984 0.41248677248677246 0.02315972222222222 0.03284060846560847
2 0.39392113095238096 0.6933597883597883 0.008454861111111113 0.010294312169312168
2 0.40127232142857144 0.6764484126984127 0.017279265873015873 0.020588624338624337
2 0.3793973214285714 0.6833101851851852 0.006617063492063492 0.01078373015873016
2 0.3547668650793651 0.7051223544973545 0.00882440476190476 0.014216269841269842
1 0.11278025793650794 0.3107010582010582 0.02412698412698413 0.022976190476190476
1 0.1671577380952381 0.2683234126984127 0.01953125 0.026041666666666668
1 0.17689732142857142 0.4584722222222222 0.02392609126984127 0.028260582010582007