1 0.7991021825396826 0.28152777777777777 0.028849206349206347 0.03284060846560847
1 0.5724355158730159 0.30330026455026454 0.037388392857142856 0.04444113756613756
1 0.8475223214285714 0.5537599206349206 0.026882440476190476 0.03274140211640212
1 0.5595262896825397 0.6869510582010583 0.028836805555555553 0.03936507936507937
1 0.11556299603174602 0.308505291005291 0.030337301587301586 0.03502314814814815
1 0.9148511904761905 0.9301488095238095 0.021510416666666667 0.027609126984126982
1 0.822234623015873 0.4649834656084656 0.02659722222222222 0.03392195767195767
1 0.7626736111111111 0.23047949735449735 0.02898065476190476 0.029365079365079365
1 0.8028993055555556 0.24618716931216933 0.02027529761904762 0.028935185185185185
1 0.16540922619047618 0.41724537037037035 0.023157242063492064 0.02651455026455027
1 0.4704191468253968 0.484021164021164 0.022001488095238095 0.03
1 0.4533506944444445 0.46860780423280424 0.0253546626984127 0.031577380952380954
1 0.2993204365079365 0.4550793650793651 0.02142857142857143 0.030462962962962966
1 0.25512896825396825 0.22862103174603177 0.017842261904761906 0.021494708994708994
1 0.4421875 0.4908630952380952 0.02208829365079365 0.025552248677248677
1 0.07030505952380953 0.47904100529100524 0.020930059523809524 0.02151785714285714
1 0.5783928571428572 0.09510582010582011 0.021532738095238094 0.030419973544973545
1 0.7380729166666666 0.2507208994708994 0.028854166666666667 0.03319444444444444
1 0.8694122023809523 0.6206415343915344 0.023794642857142858 0.030410052910052908
1 0.9427380952380953 0.9098710317460317 0.01611111111111111 0.019639550264550266
1 0.8605109126984127 0.4930125661375661 0.02212549603174603 0.025869708994708997
1 0.8361805555555556 0.2742526455026455 0.017728174603174603 0.028852513227513227
1 0.7474330357142858 0.23842592592592593 0.03679563492063492 0.04001984126984127
2 0.8668353174603174 0.18577050264550263 0.024154265873015873 0.033994708994708994
2 0.8883035714285714 0.21290674603174606 0.02236359126984127 0.023855820105820106
2 0.7134176587301587 0.625899470899471 0.03220486111111111 0.03995701058201058
2 0.9032886904761904 0.9607638888888889 0.021021825396825396 0.025046296296296296
2 0.20888144841269843 0.5614880952380953 0.02683779761904762 0.028029100529100532
2 0.6617559523809523 0.693885582010582 0.020128968253968253 0.03876322751322751
2 0.6165798611111112 0.6768882275132275 0.029072420634920635 0.03339616402116402
2 0.640734126984127 0.6846428571428572 0.0219171626984127 0.03816798941798942
2 0.5738640873015873 0.7287731481481481 0.024154265873015873 0.025046296296296296
2 0.5930977182539682 0.7117757936507936 0.02236359126984127 0.0292228835978836
2 0.7592633928571428 0.37929563492063495 0.0228125 0.02146825396825397
2 0.8004141865079365 0.31965939153439155 0.02638888888888889 0.026240079365079362
2 0.3817559523809524 0.2650892857142857 0.01386656746031746 0.019679232804232803
2 0.37817708333333333 0.22841269841269843 0.01923363095238095 0.022662037037037036
1 0.16348214285714285 0.09601521164021165 0.015654761904761904 0.020277777777777777
1 0.17958333333333334 0.09870039682539683 0.01744295634920635 0.023257275132275133
1 0.20172371031746034 0.12613425925925925 0.016996527777777777 0.020873015873015873
1 0.18338541666666666 0.11897817460317461 0.015208333333333334 0.018488756613756614
1 0.1880828373015873 0.1398511904761905 0.01744295634920635 0.017294973544973544
1 0.17533482142857143 0.12404761904761905 0.014312996031746033 0.020277777777777777
1 0.17063740079365078 0.1923313492063492 0.015654761904761904 0.023257275132275133
1 0.15878472222222223 0.20038359788359789 0.015208333333333334 0.014312169312169313
1 0.24466517857142858 0.19173611111111108 0.016101190476190477 0.022066798941798943
1 0.25338541666666664 0.2033664021164021 0.01386656746031746 0.01550595238095238
1 0.2697123015873016 0.2358664021164021 0.01789186507936508 0.022066798941798943
1 0.2797767857142857 0.2466005291005291 0.01386656746031746 0.022066798941798943
1 0.33255456349206347 0.23706018518518518 0.01833829365079365 0.0244510582010582
1 0.3345684523809524 0.257635582010582 0.021470734126984126 0.02146825396825397
1 0.3222668650793651 0.2716501322751323 0.01744295634920635 0.019679232804232803
1 0.44169146825396827 0.022066798941798943 0.015654761904761904 0.023855820105820106
1 0.46338541666666666 0.007751322751322752 0.025047123015873016 0.01550595238095238
1 0.5832564484126984 0.26330026455026456 0.028625992063492065 0.03995701058201058
1 0.5964533730158731 0.2955059523809524 0.020128968253968253 0.036378968253968254
1 0.4984970238095238 0.5951851851851852 0.028179563492063492 0.03101190476190476
1 0.5819146825396826 0.6861309523809525 0.025047123015873016 0.030416666666666668
1 0.564248511904762 0.7660482804232804 0.024600694444444442 0.036378968253968254
1 0.5398710317460318 0.7809556878306879 0.024154265873015873 0.03518518518518519
1 0.3238343253968254 0.7222123015873015 0.023258928571428573 0.01908399470899471
1 0.257859623015873 0.6256018518518518 0.01833829365079365 0.02146825396825397
1 0.38980654761904765 0.6044279100529101 0.0228125 0.02683862433862434
1 0.4244717261904762 0.7096891534391534 0.020575396825396823 0.01669973544973545
1 0.05031994047619047 0.7254927248677249 0.01744295634920635 0.023257275132275133
1 0.033546626984126984 0.7207208994708995 0.02236359126984127 0.022066798941798943
1 0.3707986111111111 0.27135251322751325 0.015208333333333334 0.023855820105820106
1 0.3983060515873016 0.2761243386243386 0.016550099206349207 0.02146825396825397
1 0.38578125 0.2868584656084656 0.01386656746031746 0.01550595238095238
1 0.39495039682539684 0.16937169312169312 0.016996527777777777 0.022662037037037036
1 0.3772842261904762 0.1520767195767196 0.015654761904761904 0.025046296296296296
1 0.41463045634920637 0.14849867724867724 0.014312996031746033 0.01908399470899471
1 0.4179861111111111 0.1684755291005291 0.01386656746031746 0.013716931216931216
1 0.3674429563492063 0.1663888888888889 0.015654761904761904 0.020277777777777777
1 0.4430332341269841 0.12255621693121693 0.012971230158730158 0.018488756613756614
1 0.13977678571428573 0.21588955026455028 0.01923363095238095 0.01669973544973545
1 0.20239583333333333 0.0823015873015873 0.010287698412698412 0.013121693121693121
1 0.313546626984127 0.3268154761904762 0.016101190476190477 0.023855820105820106
1 0.2996800595238095 0.8212136243386243 0.012524801587301588 0.01669973544973545
1 0.1109250992063492 0.7970601851851852 0.019680059523809523 0.019679232804232803
1 0.8764508928571428 0.7478571428571429 0.0219171626984127 0.023855820105820106
1 0.9953670634920635 0.6834490740740741 0.009265873015873016 0.01669973544973545
1 0.8415625 0.6679431216931216 0.01833829365079365 0.026240079365079362
2 0.857217261904762 0.6762929894179894 0.020128968253968253 0.026240079365079362
2 0.7729042658730159 0.5761011904761905 0.01878472222222222 0.027433862433862432
2 0.751436011904762 0.5746097883597884 0.01878472222222222 0.016101190476190474
2 0.753000992063492 0.39420634920634917 0.021021825396825396 0.01550595238095238
2 0.8330654761904762 0.2397453703703704 0.014759424603174602 0.022662037037037036
1 0.8476016865079365 0.007156084656084656 0.01878472222222222 0.014312169312169313
1 0.933033234126984 0.8775694444444444 0.01878472222222222 0.019679232804232803
1 0.38309771825396827 0.37154431216931216 0.012971230158730158 0.01908399470899471
1 0.8919717261904762 0.989672619047619 0.019072420634920637 0.020651455026455028
2 0.13118799603174605 0.9261838624338625 0.013090277777777779 0.018971560846560844
1 0.992921626984127 0.534103835978836 0.014154265873015872 0.021127645502645502
1 0.9640600198412699 0.6387433862433862 0.017824900793650796 0.024427910052910055
1 0.9836185515873015 0.6463359788359788 0.016339285714285712 0.021127645502645502