1 0.20913666666666667 0.66479 0.044728333333333335 0.0672925
1 0.102595 0.096535 0.03277833333333333 0.042305
1 0.23922166666666667 0.500475 0.037018333333333334 0.0502
1 0.2031466666666667 0.038192500000000004 0.03995 0.0522325
1 0.019585 0.470435 0.03808333333333333 0.05287
1 0.60417 0.7139025 0.03165166666666667 0.0421
1 0.10692666666666666 0.42422750000000004 0.03871 0.053630000000000004
1 0.2679683333333333 0.6675125000000001 0.03295166666666667 0.0435475
1 0.49468500000000004 0.7314925 0.021671666666666665 0.038450000000000005
1 0.34758333333333336 0.9874475 0.029223333333333334 0.025105
1 0.7189016666666667 0.9231525 0.019416666666666665 0.03959