1 0.27691166666666667 0.3658725 0.04674 0.060625
1 0.840985 0.221995 0.032485 0.046307499999999994
1 0.52499 0.6526475 0.03408666666666667 0.044885
1 0.9632083333333333 0.0337775 0.037233333333333334 0.039872500000000005
1 0.47019999999999995 0.471665 0.041479999999999996 0.0571775
1 0.5084466666666666 0.43644 0.04002833333333333 0.05467
1 0.31826666666666664 0.30906 0.03548 0.044655
1 0.022703333333333332 0.62605 0.045406666666666665 0.06271
1 0.534535 0.3100375 0.03807166666666667 0.0537025
1 0.36164166666666664 0.3468225 0.037635 0.0483525
1 0.33533 0.09262000000000001 0.046544999999999996 0.052765
1 0.8059933333333333 0.032487499999999996 0.041465 0.0589175
1 0.6420233333333333 0.7261525 0.028531666666666667 0.0416175
1 0.3719616666666667 0.2424625 0.02392333333333333 0.0318675
1 0.3194916666666667 0.4863825 0.028078333333333334 0.0429375
1 0.22546333333333332 0.1994975 0.029089999999999998 0.04927
1 0.3266033333333333 0.35034750000000003 0.03591833333333333 0.0430925
1 0.9104166666666667 0.471875 0.025833333333333333 0.03375
1 0.24593666666666664 0.1825425 0.024525 0.041645
1 0.679215 0.96678 0.029343333333333332 0.030035
1 0.8315566666666667 0.532485 0.02147 0.02846
1 0.881235 0.1924725 0.02097 0.03445
1 0.357365 0.40843 0.03114 0.0483775