2 0.015836666666666666 0.4624525 0.016826666666666667 0.02519
2 0.028538333333333332 0.481005 0.022435000000000004 0.0236925
2 0.03324 0.61709 0.02491 0.028625
2 0.026064999999999998 0.797615 0.025405 0.037805
2 0.05146833333333333 0.819755 0.024745 0.0360575
2 0.07406833333333333 0.8110974999999999 0.024415000000000003 0.03359
2 0.07159499999999999 0.778445 0.025405 0.027675
2 0.048995000000000004 0.7549450000000001 0.013856666666666666 0.025215
2 0.0452 0.9015475000000001 0.020125 0.025935
2 0.06417166666666667 0.9449575 0.018476666666666666 0.03704
2 0.14813833333333334 0.9453425 0.027383333333333336 0.046817500000000005
2 0.146735 0.712945 0.02425 0.037715000000000005
2 0.20043166666666665 0.72619 0.023755000000000002 0.035265
2 0.18245 0.7797725000000001 0.013526666666666666 0.0229025
2 0.2679016666666667 0.35997 0.012206666666666666 0.0251125
2 0.32860833333333334 0.304805 0.022765 0.0335575
2 0.34254833333333334 0.3523 0.021939999999999998 0.0335275
2 0.25181833333333337 0.602715 0.0226 0.029565
2 0.3094733333333333 0.6034575 0.020125 0.028079999999999997
2 0.36679833333333334 0.579215 0.022930000000000002 0.033042499999999995
2 0.34824 0.416375 0.024415000000000003 0.028057500000000003
2 0.34972333333333333 0.830645 0.017486666666666668 0.037055
2 0.36019833333333334 0.8739349999999999 0.01963 0.031585
2 0.3860166666666667 0.8962100000000001 0.028703333333333334 0.0367025
2 0.41439000000000004 0.9527224999999999 0.022105 0.030297499999999998
2 0.43434999999999996 0.9194500000000001 0.024415000000000003 0.033534999999999995
2 0.46957 0.9331900000000001 0.026888333333333337 0.03549
2 0.4650333333333333 0.8865525 0.024415000000000003 0.0300925
2 0.48185999999999996 0.8220775 0.028373333333333334 0.03031
2 0.44919666666666663 0.7952374999999999 0.024415000000000003 0.0285975
2 0.41034833333333337 0.6632325 0.015011666666666666 0.027372499999999998
2 0.5132033333333333 0.5874125 0.019795 0.031625
2 0.52541 0.30416000000000004 0.018476666666666666 0.030780000000000002
2 0.575395 0.8019025000000001 0.027383333333333336 0.0330175
2 0.6136666666666667 0.811055 0.028703333333333334 0.039442500000000005
2 0.5905716666666666 0.686605 0.019465 0.034265000000000004
2 0.6892199999999999 0.7819524999999999 0.025405 0.033205
2 0.6422883333333333 0.5924824999999999 0.027878333333333335 0.0339575
2 0.6265333333333333 0.35579500000000003 0.012866666666666667 0.0256675
2 0.6389066666666666 0.40539 0.019795 0.040229999999999995
2 0.619275 0.43186 0.018146666666666665 0.027844999999999998
2 0.7035716666666667 0.365195 0.022435000000000004 0.02665
2 0.7067883333333332 0.475765 0.012041666666666668 0.036969999999999996
2 0.7815166666666667 0.5176975 0.018971666666666668 0.0213575
2 0.8019733333333333 0.7201475 0.02425 0.02837
2 0.857565 0.7732074999999999 0.026560000000000004 0.035015
2 0.839915 0.7798875000000001 0.022930000000000002 0.027587499999999997
2 0.8827233333333333 0.8456 0.024415000000000003 0.023907499999999998
2 0.9186033333333333 0.7754425 0.02491 0.032060000000000005
2 0.89592 0.7655449999999999 0.022105 0.0389925