2 0.09565166666666666 0.1532975 0.0119 0.01728
2 0.13684166666666667 0.12412999999999999 0.009583333333333333 0.0109175
2 0.14617666666666665 0.08110250000000001 0.01093 0.0114825
2 0.14819666666666667 0.048037500000000004 0.013046666666666666 0.0175375
2 0.10777666666666666 0.06623 0.009203333333333332 0.0135
2 0.10431333333333333 0.04125 0.009973333333333334 0.012625
2 0.11278166666666667 0.012227499999999999 0.011511666666666665 0.0152175
2 0.10662166666666667 0.0891875 0.014593333333333333 0.016105
2 0.017121666666666667 0.087455 0.016533333333333334 0.02419
2 0.11220333333333334 0.10998000000000001 0.014206666666666666 0.01149
2 0.021645 0.1457875 0.012105 0.0138125
2 0.18293833333333334 0.11777750000000001 0.011308333333333332 0.0213125
2 0.11778666666666666 0.133515 0.006121666666666666 0.015252499999999999
2 0.240295 0.0197375 0.033625 0.0394775
2 0.26320166666666667 0.09511 0.021688333333333334 0.03661
2 0.27879333333333334 0.0850025 0.020273333333333334 0.03372
2 0.8644933333333333 0.0260925 0.061623333333333336 0.052185
2 0.7523799999999999 0.0167475 0.029783333333333332 0.0334925
2 0.6771199999999999 0.052082500000000004 0.03143666666666667 0.0487275
2 0.7121533333333333 0.072 0.03709166666666667 0.044255
2 0.7381333333333334 0.160375 0.041819999999999996 0.040095
2 0.74112 0.19242250000000002 0.034978333333333333 0.040177500000000005
2 0.7182133333333333 0.20268 0.02315333333333333 0.052524999999999995
2 0.8553516666666666 0.1778475 0.056813333333333334 0.072155
2 0.94976 0.1543125 0.051215000000000004 0.0683925
2 0.9083783333333334 0.2155325 0.0339 0.0753425
2 0.9445666666666666 0.2153775 0.040016666666666666 0.072225
2 0.8526566666666666 0.2731175 0.036026666666666665 0.06924250000000001
2 0.8811466666666666 0.2682075 0.030189999999999998 0.0536475
2 0.9791133333333334 0.2703725 0.031001666666666663 0.049315
2 0.9639066666666666 0.3723125 0.05063666666666666 0.0510775
2 0.911555 0.367115 0.03832666666666667 0.05223
2 0.9205049999999999 0.4342025 0.03890166666666667 0.03915
2 0.873155 0.5101525 0.0443 0.04668
2 0.8284050000000001 0.4661125 0.03372 0.0423375
2 0.9539 0.4438775 0.022921666666666667 0.0382875
2 0.8796999999999999 0.5823475 0.03429 0.052477499999999996
2 0.8631466666666667 0.62061 0.03968166666666667 0.045270000000000005
2 0.7760516666666667 0.48373 0.04450833333333334 0.060245
2 0.7617116666666668 0.5651649999999999 0.04085333333333333 0.0498725
2 0.7466033333333333 0.6079049999999999 0.04335833333333333 0.0545075
2 0.7184050000000001 0.6246525 0.027386666666666667 0.041805
2 0.97257 0.6662374999999999 0.04101 0.055677500000000005
2 0.9822883333333332 0.705505 0.035423333333333334 0.05058
2 0.9030866666666667 0.7372775 0.029088333333333334 0.047612499999999995
2 0.92676 0.6580075000000001 0.02639 0.0421025
2 0.9366733333333334 0.7159075 0.03274 0.0510725
2 0.8913449999999999 0.7805675 0.032555 0.044685
2 0.9050133333333333 0.8042425 0.028655 0.03501
2 0.9358099999999999 0.787635 0.03635833333333333 0.04801
2 0.9635233333333334 0.816515 0.026768333333333335 0.0480025
2 0.93523 0.9038775 0.03562833333333334 0.05454
2 0.9875816666666666 0.907775 0.02483666666666667 0.053675
2 0.9672766666666667 0.9555675 0.0285 0.03665
2 0.797995 0.6978325 0.026796666666666667 0.043795
2 0.7850983333333333 0.7369600000000001 0.027953333333333334 0.032545000000000004
2 0.7696033333333333 0.7563099999999999 0.029688333333333334 0.0423675
2 0.7277399999999999 0.7145825 0.028733333333333333 0.042645
2 0.7472766666666666 0.7518275 0.031231666666666665 0.03878
2 0.7299533333333333 0.7615075 0.035085 0.041215
2 0.6369883333333333 0.81551 0.037795 0.05105
2 0.6175483333333334 0.7867775 0.033563333333333334 0.0484425
2 0.66817 0.791825 0.03086 0.030969999999999998
2 0.6749066666666667 0.7635299999999999 0.025085 0.039482500000000004
2 0.678085 0.727865 0.03208166666666667 0.0345625
2 0.625535 0.745915 0.03606333333333333 0.044675
2 0.6501733333333334 0.6966775000000001 0.03914 0.053035
2 0.6721183333333334 0.672275 0.04016333333333333 0.0417675
2 0.66634 0.6112000000000001 0.03297833333333333 0.0553225
2 0.48166000000000003 0.8363025000000001 0.038974999999999996 0.046435000000000004
2 0.4646266666666667 0.8952125 0.02993166666666667 0.0487625
2 0.455195 0.833415 0.022618333333333334 0.0406575
2 0.399185 0.8680675 0.02994166666666667 0.040667499999999995
2 0.34836999999999996 0.8212849999999999 0.04380833333333334 0.05105
2 0.354145 0.7199225 0.024560000000000002 0.027342500000000002
2 0.44307 0.7489475 0.025314999999999997 0.0478525
2 0.4066916666666667 0.7015875 0.033405000000000004 0.04553
2 0.5235233333333333 0.879185 0.024531666666666667 0.0369175
2 0.5054333333333333 0.8501625 0.019348333333333335 0.0279575
2 0.5120716666666666 0.7880750000000001 0.022801666666666668 0.036602499999999996
2 0.5316083333333333 0.8337025 0.025301666666666667 0.03546
2 0.5144783333333333 0.65567 0.025688333333333334 0.0403175
2 0.4592366666666667 0.6052799999999999 0.04995 0.0579175
2 0.41179166666666667 0.5888175 0.03398166666666667 0.04232
2 0.38696166666666665 0.51547 0.042069999999999996 0.057315
2 0.380995 0.43432 0.033986666666666665 0.039387500000000006
2 0.30564166666666664 0.5995025 0.03534666666666667 0.034815
2 0.28523833333333337 0.5228325 0.02534166666666667 0.04028
2 0.30622166666666667 0.5391425000000001 0.02124 0.0339325
2 0.28312166666666666 0.5522825 0.02495666666666667 0.027864999999999997
2 0.25223 0.5310625 0.03439333333333334 0.0423025
2 0.25694500000000003 0.48658999999999997 0.0342 0.045755000000000004
2 0.23269333333333334 0.4193025 0.024194999999999998 0.0324525
2 0.26859333333333335 0.366745 0.036825 0.0312825
2 0.25444500000000003 0.410495 0.020846666666666666 0.0292725
2 0.2871666666666667 0.471285 0.03240166666666667 0.0324675
2 0.31161 0.5359700000000001 0.03356 0.034795
2 0.6142766666666667 0.6214500000000001 0.030868333333333334 0.03251
2 0.57915 0.67372 0.031836666666666666 0.038880000000000005
2 0.583865 0.7271375 0.031643333333333336 0.033299999999999996
2 0.6100433333333334 0.6646175 0.016094999999999998 0.02841
2 0.6260166666666667 0.5764 0.03510166666666667 0.04636
2 0.5968566666666666 0.53395 0.03645333333333333 0.04808
2 0.5641349999999999 0.526875 0.04800833333333333 0.048365000000000005
2 0.5421933333333333 0.47764 0.04262166666666666 0.0567275
2 0.59012 0.39013749999999997 0.026831666666666667 0.0491925
2 0.5431566666666666 0.38927249999999997 0.03299833333333334 0.041685
2 0.5300683333333334 0.3292075 0.03762 0.0601475
2 0.6023416666666667 0.2853125 0.0378 0.053204999999999995
2 0.6187033333333333 0.4847125 0.02817333333333333 0.0333375
2 0.6342933333333334 0.4493375 0.032405 0.046322499999999996
2 0.6579683333333334 0.4317225 0.02970666666666667 0.051515
2 0.6848216666666667 0.43518 0.030156666666666665 0.045515
2 0.7149433333333333 0.4385075 0.025735 0.033325
2 0.7007966666666666 0.47893 0.032855 0.0475225
2 0.69637 0.5376974999999999 0.030160000000000003 0.042595
2 0.668265 0.5543075 0.029128333333333336 0.03971
2 0.3622283333333333 0.27938999999999997 0.04072666666666667 0.0442525
2 0.3392283333333333 0.2301525 0.0313 0.04106
2 0.24135500000000001 0.26740499999999995 0.03766833333333333 0.040494999999999996
2 0.2792716666666667 0.219325 0.03265666666666667 0.039612499999999995
2 0.4346 0.149875 0.039175 0.0537425
2 0.4655883333333334 0.22871 0.035705 0.0439475
2 0.5342100000000001 0.1534775 0.044568333333333335 0.0343325