2 0.6458333333333334 0.13375 0.07 0.1
2 0.7729166666666667 0.21125 0.0675 0.0625
2 0.8341666666666666 0.355 0.03666666666666667 0.0375
2 0.9391666666666667 0.45375 0.04 0.045
2 0.9291666666666667 0.5075 0.045 0.0425
2 0.88625 0.22375 0.06583333333333333 0.0625
2 0.9633333333333334 0.120625 0.055 0.08125
2 0.6295833333333334 0.5525 0.059166666666666666 0.0875
2 0.68125 0.575 0.049166666666666664 0.065
2 0.5225 0.576875 0.043333333333333335 0.06125
2 0.5879166666666666 0.7775 0.04583333333333333 0.0575
2 0.27208333333333334 0.815625 0.04416666666666667 0.04375
2 0.3858333333333333 0.571875 0.03333333333333333 0.04375
2 0.4791666666666667 0.388125 0.03666666666666667 0.05375
2 0.52375 0.405 0.04416666666666667 0.0675
2 0.5445833333333333 0.365 0.029166666666666667 0.045
2 0.61375 0.374375 0.0375 0.07625
2 0.42541666666666667 0.52125 0.015833333333333335 0.045
2 0.29541666666666666 0.716875 0.0325 0.02375
2 0.8741533333333333 0.46956 0.016843333333333335 0.0223775
2 0.8859433333333333 0.476055 0.01155 0.018045000000000002
2 0.87271 0.45079250000000004 0.0062566666666666665 0.0122725
2 0.7916216666666666 0.4222775 0.013474999999999999 0.015880000000000002
2 0.7726133333333334 0.48327499999999995 0.017805 0.019489999999999997
2 0.76371 0.424445 0.014436666666666667 0.020212499999999998
2 0.7567333333333333 0.40314999999999995 0.018768333333333335 0.0223775