1 0.39362166666666665 0.4464025 0.050241666666666664 0.0770925
1 0.45196000000000003 0.3888375 0.048731666666666666 0.07808
1 0.46381 0.1314425 0.039696666666666665 0.070255
1 0.5836383333333334 0.46749250000000003 0.05119333333333334 0.078035
1 0.42330333333333336 0.540735 0.043554999999999996 0.0654825
1 0.43984833333333334 0.66076 0.039255 0.059555
1 0.3727816666666667 0.8074600000000001 0.04324333333333333 0.0587825
1 0.679345 0.4331975 0.04976833333333334 0.069425
1 0.4602966666666667 0.4705025 0.043405 0.08176
1 0.51686 0.41495499999999996 0.05118166666666666 0.066515
1 0.8233666666666667 0.02119 0.04846333333333333 0.04238
1 0.597605 0.566515 0.04172166666666667 0.057615
1 0.55693 0.22052000000000002 0.046026666666666674 0.0482775
1 0.33242666666666665 0.641265 0.022728333333333333 0.039247500000000005
1 0.25883 0.6362150000000001 0.025301666666666667 0.0377875
1 0.29112166666666667 0.6679725 0.02736 0.0334275
1 0.35834166666666667 0.5935125 0.013501666666666667 0.0204225
1 0.49175833333333335 0.7184349999999999 0.03380833333333333 0.053939999999999995
1 0.4898766666666667 0.66814 0.028583333333333332 0.0504925
1 0.9557133333333333 0.018725000000000002 0.04637666666666666 0.037450000000000004
1 0.42073 0.067845 0.029495 0.0507975
1 0.37365000000000004 0.13872 0.02449 0.0424025
1 0.3945 0.21013749999999998 0.032825 0.056424999999999996
1 0.404225 0.37491 0.04380833333333334 0.0520975
1 0.5265316666666667 0.6004575 0.03207 0.06855
1 0.25031333333333333 0.9864125 0.025736666666666665 0.027175