2 0.6076455026455027 0.3468353174603175 0.08605820105820106 0.04225198412698413
2 0.5755555555555555 0.46533978174603174 0.08854938271604938 0.043092757936507936
2 0.5297927689594356 0.4635218253968254 0.05671075837742505 0.04561011904761905
2 0.4937257495590829 0.49569940476190477 0.08009259259259259 0.04057291666666667
2 0.3656305114638448 0.543968253968254 0.03681216931216931 0.020706845238095236
2 0.29797619047619045 0.5446676587301587 0.04377425044091711 0.0204265873015873
2 0.3332980599647266 0.5613169642857143 0.05272927689594356 0.025744047619047618
2 0.341005291005291 0.5723710317460318 0.04029541446208113 0.013152281746031747
2 0.2457451499118166 0.5504042658730158 0.039797178130511465 0.021267361111111112
2 0.28554232804232804 0.5772668650793651 0.04377425044091711 0.020706845238095236
2 0.32832010582010585 0.604828869047619 0.039797178130511465 0.0204265873015873
2 0.16071428571428573 0.6023115079365079 0.042711640211640214 0.02154513888888889
2 0.09458553791887125 0.5954563492063493 0.04178571428571429 0.021825396825396824
2 0.35176807760141093 0.626656746031746 0.03880070546737213 0.0204265873015873
2 0.15726190476190477 0.6238566468253968 0.039797178130511465 0.017628968253968254
2 0.09284391534391534 0.6423263888888889 0.04328042328042328 0.017628968253968254
2 0.005718694885361552 0.6628918650793652 0.011441798941798942 0.02910218253968254
2 0.027610229276895944 0.6705877976190476 0.05521604938271605 0.033859126984126985
2 0.027610229276895944 0.690453869047619 0.05521604938271605 0.02826140873015873
2 0.07138447971781306 0.7269717261904762 0.07014109347442682 0.03693700396825397
2 0.13282186948853617 0.7373239087301587 0.035815696649029984 0.02798115079365079
2 0.1770943562610229 0.7473983134920635 0.03880070546737213 0.026862599206349206
2 0.263152557319224 0.7667063492063493 0.021887125220458555 0.01902777777777778
2 0.28305114638447976 0.7725818452380953 0.028853615520282185 0.015669642857142858
2 0.3106613756613757 0.7742609126984127 0.0263668430335097 0.017909226190476187
2 0.487010582010582 0.877514880952381 0.06068783068783068 0.03078125
2 0.4273148148148148 0.877093253968254 0.04477072310405644 0.026024305555555557
2 0.5282980599647267 0.9488690476190477 0.05770282186948854 0.03301835317460317
2 0.9763888888888889 0.5658928571428571 0.01962522045855379 0.0066691468253968255
2 0.9524691358024691 0.5714136904761905 0.015947971781305116 0.008050595238095239
2 0.8929805996472663 0.5445039682539683 0.01717372134038801 0.008509424603174604
2 0.8424823633156967 0.5213913690476191 0.015127865961199296 0.006899801587301587
2 0.7568253968253968 0.5807266865079365 0.021261022927689593 0.00919890873015873
2 0.7232980599647266 0.5752083333333333 0.014717813051146385 0.010580357142857141
2 0.637636684303351 0.5823387896825396 0.015127865961199296 0.006899801587301587
2 0.5979761904761904 0.5733680555555556 0.012676366843033509 0.006440972222222222
2 0.5035273368606702 0.5447346230158729 0.007768959435626103 0.002991071428571429
2 0.4959611992945326 0.5933779761904762 0.0122663139329806 0.005059523809523809
2 0.4933068783068783 0.6269568452380953 0.012676366843033509 0.0059796626984126985
2 0.5660846560846561 0.6279910714285715 0.010220458553791887 0.005290178571428571
2 0.5329673721340388 0.649265873015873 0.009404761904761904 0.006899801587301587
2 0.8242901234567901 0.6031522817460317 0.01798941798941799 0.009429563492063493
2 0.7605026455026455 0.6635243055555555 0.021261022927689593 0.010580357142857141
2 0.9937654320987654 0.6545560515873016 0.010220458553791887 0.006440972222222222
2 0.975978835978836 0.6851438492063492 0.022896825396825398 0.00919890873015873
2 0.8864373897707232 0.6900892857142857 0.009814814814814816 0.007130456349206349
2 0.931820987654321 0.7309126984126985 0.01717372134038801 0.007358630952380952
2 0.8909347442680776 0.7260813492063491 0.01798941798941799 0.01242063492063492
2 0.9209876543209877 0.739422123015873 0.013492063492063493 0.0059796626984126985
2 0.8451410934744268 0.7381572420634921 0.011450617283950616 0.00621031746031746
2 0.9081084656084657 0.7459771825396826 0.007358906525573193 0.005290178571428571
2 0.7183906525573192 0.7084871031746032 0.011450617283950616 0.0066691468253968255
2 0.6854761904761905 0.7152728174603175 0.0167636684303351 0.0059796626984126985
2 0.7001940035273369 0.7111334325396825 0.01185626102292769 0.004600694444444445
2 0.5975705467372134 0.7130877976190476 0.017579365079365077 0.009888392857142856
2 0.6104497354497355 0.6951488095238095 0.01798941798941799 0.008970734126984127
2 0.5996119929453263 0.7002083333333333 0.017579365079365077 0.008509424603174604
2 0.6231216931216931 0.6939980158730158 0.016353615520282187 0.008509424603174604
2 0.6169885361552028 0.7098685515873016 0.01717372134038801 0.007130456349206349
2 0.6126984126984126 0.6770932539682539 0.011040564373897707 0.007819940476190477