2 0.46416666666666667 0.15625 0.03166666666666667 0.05
2 0.47791666666666666 0.193125 0.030833333333333334 0.04125
2 0.4483333333333333 0.451875 0.03166666666666667 0.04375
2 0.24625 0.30125 0.030833333333333334 0.0425
2 0.3275 0.29 0.035 0.04
2 0.08791666666666667 0.326875 0.034166666666666665 0.03625
2 0.21833333333333332 0.295 0.028333333333333332 0.04
2 0.19708333333333333 0.11875 0.029166666666666667 0.0425
2 0.2275 0.1725 0.03 0.0375
2 0.36583333333333334 0.551875 0.028333333333333332 0.04375
2 0.3383333333333333 0.745 0.025 0.04
2 0.39166666666666666 0.795625 0.02666666666666667 0.04125
2 0.34375 0.82375 0.0275 0.035
2 0.32208333333333333 0.8325 0.030833333333333334 0.035
2 0.2945833333333333 0.773125 0.0275 0.03625
2 0.2970833333333333 0.82625 0.025833333333333333 0.04
2 0.49041666666666667 0.859375 0.025833333333333333 0.04625
2 0.5145833333333333 0.82375 0.0275 0.055
2 0.47833333333333333 0.70375 0.028333333333333332 0.0475
2 0.5325 0.74625 0.03333333333333333 0.05
2 0.5491666666666667 0.635 0.028333333333333332 0.055
2 0.54875 0.881875 0.024166666666666666 0.03875
2 0.5295833333333333 0.885 0.0325 0.0425
2 0.6633333333333333 0.774375 0.045 0.05625
2 0.60875 0.79125 0.029166666666666667 0.05
2 0.73125 0.689375 0.030833333333333334 0.05125
2 0.7908333333333334 0.88875 0.04 0.0525
2 0.8695833333333334 0.895 0.0375 0.0525
2 0.8829166666666667 0.923125 0.035833333333333335 0.04125
2 0.9808333333333333 0.978125 0.03166666666666667 0.04375
2 0.9258333333333333 0.39875 0.035 0.045
2 0.6266666666666667 0.571875 0.03166666666666667 0.05125
2 0.6154166666666666 0.49375 0.03916666666666667 0.045
2 0.5133333333333333 0.438125 0.03333333333333333 0.04375
2 0.42375 0.090625 0.0375 0.05375
2 0.44625 0.55 0.024166666666666666 0.035
2 0.32458333333333333 0.631875 0.030833333333333334 0.03375
2 0.30333333333333334 0.535625 0.03666666666666667 0.04375
2 0.18291666666666667 0.445 0.0175 0.0325
2 0.17416666666666666 0.4775 0.016666666666666666 0.015
2 0.13708333333333333 0.41 0.020833333333333332 0.025
2 0.12916666666666668 0.4275 0.021666666666666667 0.0225
2 0.14541666666666667 0.443125 0.0225 0.02625
2 0.13791666666666666 0.55125 0.020833333333333332 0.025
2 0.20666666666666667 0.785 0.035 0.0425
2 0.41625 0.463125 0.019166666666666665 0.04125
2 0.9395833333333333 0.48875 0.034166666666666665 0.0325
2 0.6766666666666666 0.48875 0.03 0.0225