2 0.23845 0.31273 0.029343333333333332 0.035575
2 0.15659 0.3207475 0.03181166666666667 0.039270000000000006
2 0.3899666666666667 0.541635 0.03126333333333334 0.03678
2 0.40093500000000004 0.40778250000000005 0.026875 0.033165
2 0.589475 0.8933525 0.023858333333333336 0.034325
2 0.6014033333333334 0.84894 0.023036666666666667 0.0343525
2 0.6319816666666667 0.8748475 0.02002 0.036805
2 0.8542516666666667 0.7292150000000001 0.021938333333333334 0.031845
2 0.8478066666666667 0.759645 0.02715 0.03347
2 0.6643416666666667 0.59392 0.028795 0.042625
2 0.5631466666666667 0.6839824999999999 0.013986666666666666 0.02036
2 0.415745 0.9052775000000001 0.023585 0.033495
2 0.5779166666666666 0.19125 0.029166666666666667 0.03
2 0.28479166666666667 0.563125 0.02875 0.02375
2 0.7397916666666666 0.59125 0.03208333333333333 0.03875
2 0.71 0.51 0.025 0.05125
2 0.5535416666666667 0.6628125 0.022083333333333333 0.026875
2 0.9866666666666667 0.5165625 0.020833333333333332 0.024375
2 0.9747916666666666 0.4353125 0.015416666666666667 0.028125
2 0.9860416666666667 0.444375 0.017916666666666668 0.0225
2 0.9633333333333334 0.3621875 0.024166666666666666 0.033125
2 0.895 0.3265625 0.014166666666666666 0.016875
2 0.873125 0.4325 0.012083333333333333 0.0175
2 0.8779166666666667 0.500625 0.016666666666666666 0.01125
2 0.8708333333333333 0.4890625 0.016666666666666666 0.018125
2 0.8422916666666667 0.5078125 0.015416666666666667 0.019375
2 0.831875 0.5075 0.012916666666666667 0.01375
2 0.9747916666666666 0.289375 0.015416666666666667 0.0175
2 0.9810416666666667 0.2778125 0.01125 0.016875
2 0.881875 0.27625 0.014583333333333334 0.01625
2 0.8933333333333333 0.2978125 0.011666666666666667 0.015625
2 0.8241666666666667 0.414375 0.014166666666666666 0.015
2 0.79625 0.2878125 0.010833333333333334 0.016875
2 0.8304166666666667 0.25875 0.008333333333333333 0.01125
2 0.8497916666666666 0.2765625 0.01125 0.014375
2 0.8866666666666667 0.185 0.01 0.01375
2 0.9645833333333333 0.585625 0.015 0.01625
2 0.9472916666666666 0.57875 0.01125 0.01875
2 0.8866666666666667 0.54375 0.014166666666666666 0.0175
2 0.8725 0.5421875 0.013333333333333334 0.020625
2 0.8845833333333334 0.5675 0.008333333333333333 0.01
2 0.8952083333333334 0.5653125 0.015416666666666667 0.016875
2 0.8829166666666667 0.55625 0.014166666666666666 0.0075
2 0.945625 0.5446875 0.012083333333333333 0.013125
2 0.99125 0.3940625 0.016666666666666666 0.018125
2 0.95 0.2765625 0.0125 0.020625
2 0.785 0.3140625 0.006666666666666667 0.008125
2 0.8097916666666667 0.4559375 0.01125 0.010625
2 0.11645833333333333 0.3403125 0.01875 0.021875
2 0.009583333333333333 0.443125 0.013333333333333334 0.01875
2 0.018125 0.4371875 0.017083333333333332 0.010625
2 0.21145833333333333 0.3934375 0.01625 0.025625
2 0.17916666666666667 0.4096875 0.0125 0.013125