1 0.6805616666666666 0.14098 0.031755 0.049104999999999996
1 0.38222 0.48996 0.03442 0.038345
1 0.42361 0.21436000000000002 0.03366333333333333 0.04396
1 0.3861583333333333 0.291205 0.03662 0.049342500000000004
1 0.9822833333333333 0.2337575 0.03543333333333333 0.0697575
1 0.8055483333333333 0.6926725 0.04936666666666666 0.0599275
1 0.5920150000000001 0.6926025 0.04008166666666667 0.0633275
1 0.8677683333333333 0.8110925 0.04401333333333333 0.052655
1 0.8690100000000001 0.18775 0.04448666666666667 0.0614725
1 0.2878866666666667 0.84526 0.020518333333333333 0.031107500000000003
1 0.3019233333333333 0.6994975 0.023604999999999998 0.03843
1 0.31583666666666665 0.6253375 0.02513 0.0400275
1 0.37690166666666663 0.530135 0.016409999999999998 0.0320875
1 0.17507833333333334 0.587605 0.014711666666666666 0.015415
1 0.31063166666666664 0.315295 0.02741 0.046625