1 0.39427500000000004 0.7719199999999999 0.04000833333333333 0.056842500000000004
1 0.622455 0.81601 0.054375 0.07870999999999999
1 0.6537833333333333 0.36703250000000004 0.05615833333333333 0.0782175
1 0.4679466666666666 0.3860325 0.052355 0.0801625
1 0.298915 0.463715 0.047255 0.07302
1 0.27258666666666664 0.5458775 0.043649999999999994 0.0665825
1 0.6473183333333333 0.5542125 0.05830166666666667 0.06588
1 0.33840833333333337 0.46752 0.04940666666666667 0.0805075
1 0.47834333333333334 0.82685 0.04445333333333334 0.060945
1 0.44027666666666665 0.604975 0.056985 0.082865
1 0.24784499999999998 0.226875 0.03743833333333333 0.0560025
1 0.32716666666666666 0.66788 0.044553333333333334 0.07341
1 0.262035 0.6876525 0.04221 0.06736
1 0.33616666666666667 0.3224575 0.03473333333333333 0.07293250000000001
1 0.4100816666666666 0.4226375 0.043524999999999994 0.082135
1 0.42504166666666665 0.276775 0.037845 0.07235
1 0.28184 0.83253 0.03574833333333333 0.06217