1 0.6023016666666666 0.406935 0.041473333333333334 0.06714
1 0.5578416666666667 0.285225 0.03692 0.0560275
1 0.21172333333333332 0.48234 0.04969833333333333 0.0649475
1 0.8253383333333333 0.56126 0.03897166666666667 0.058915
1 0.73859 0.6770525000000001 0.034485 0.051235
1 0.7757066666666667 0.46269499999999997 0.036605 0.058355
1 0.3549366666666666 0.12860249999999998 0.04112 0.06199
1 0.7298216666666667 0.412645 0.036996666666666664 0.053462499999999996
1 0.8563683333333333 0.45261 0.03553666666666667 0.0587025
1 0.7425133333333334 0.45943 0.02886 0.050195000000000004
1 0.7898566666666668 0.7816825000000001 0.034473333333333335 0.0450925
1 0.5627466666666666 0.43128 0.04306666666666666 0.0513975
1 0.41442500000000004 0.28978 0.038103333333333336 0.0500225
1 0.2517216666666667 0.0220125 0.025711666666666667 0.040645
1 0.462225 0.74436 0.025125 0.064805
1 0.8531666666666666 0.6997875 0.021463333333333334 0.0348525
1 0.7130283333333334 0.6649824999999999 0.026536666666666667 0.049465