1 0.5210666666666667 0.1530325 0.03083666666666667 0.05044
1 0.509525 0.3515975 0.03815166666666667 0.049325
1 0.650235 0.4574625 0.03290333333333333 0.059875
1 0.4936183333333333 0.28435750000000004 0.03099 0.047915
1 0.5480433333333333 0.38769 0.041535 0.0519075
1 0.3785233333333333 0.4879525 0.03635666666666666 0.05864
1 0.6213733333333333 0.4233825 0.04339833333333333 0.0637375
1 0.5510883333333334 0.5929975 0.03541333333333333 0.0587175
1 0.40369999999999995 0.5712725000000001 0.033438333333333334 0.037355
1 0.31248333333333334 0.6321950000000001 0.03238166666666666 0.048302500000000005
1 0.55296 0.6799025000000001 0.03239 0.043797499999999996
1 0.5738916666666667 0.6785075 0.02411 0.0430725
1 0.470895 0.2896275 0.021636666666666665 0.041825
1 0.6797966666666667 0.5202025 0.031035 0.056485
1 0.7398716666666666 0.60599 0.03083 0.037285
1 0.8051066666666667 0.461565 0.035824999999999996 0.032677500000000005
1 0.43379333333333336 0.053840000000000006 0.03048 0.0374225
1 0.379475 0.0992825 0.02109 0.032755
1 0.46391499999999997 0.3525025 0.028623333333333334 0.049585000000000004
1 0.5028183333333333 0.5511 0.029324999999999997 0.04088
1 0.5658433333333334 0.5314675 0.023486666666666666 0.022997499999999997
1 0.37348166666666666 0.5428575 0.026461666666666668 0.045902500000000006
1 0.45028999999999997 0.0876575 0.012488333333333334 0.0263425