2 0.35125 0.083125 0.0175 0.03625
2 0.265 0.18625 0.018333333333333333 0.0225
2 0.26958333333333334 0.666875 0.020833333333333332 0.03125
2 0.27125 0.710625 0.020833333333333332 0.02875
2 0.2816666666666667 0.77875 0.02 0.03
2 0.54875 0.901875 0.024166666666666666 0.02875
2 0.7879166666666667 0.82 0.025833333333333333 0.04
2 0.77375 0.8025 0.015833333333333335 0.0325
2 0.7575 0.791875 0.016666666666666666 0.02875
2 0.71125 0.78375 0.0175 0.035
2 0.6975 0.765 0.016666666666666666 0.0325
2 0.55375 0.67875 0.0175 0.03
2 0.5208333333333334 0.68875 0.023333333333333334 0.0325
2 0.525 0.66375 0.02 0.03
2 0.6383333333333333 0.69375 0.013333333333333334 0.025
2 0.6166666666666667 0.62625 0.028333333333333332 0.0425
2 0.5404166666666667 0.5975 0.019166666666666665 0.025
2 0.5675 0.606875 0.02 0.02875
2 0.5808333333333333 0.6 0.021666666666666667 0.03
2 0.5583333333333333 0.52 0.023333333333333334 0.035
2 0.4508333333333333 0.5 0.028333333333333332 0.03
2 0.48375 0.31625 0.019166666666666665 0.0275
2 0.5404166666666667 0.308125 0.0275 0.01875
2 0.5204166666666666 0.266875 0.019166666666666665 0.02875
2 0.49541666666666667 0.323125 0.0175 0.02875
2 0.48291666666666666 0.1975 0.020833333333333332 0.025
2 0.40875 0.254375 0.0225 0.02375
2 0.6766666666666666 0.28 0.025 0.0225
2 0.6658333333333334 0.33125 0.016666666666666666 0.025
2 0.6408333333333334 0.289375 0.023333333333333334 0.03375
2 0.8566666666666667 0.446875 0.015 0.03125
2 0.8004166666666667 0.419375 0.029166666666666667 0.02625
2 0.90625 0.5225 0.0175 0.02
2 0.9379166666666666 0.434375 0.014166666666666666 0.03375
2 0.95375 0.371875 0.019166666666666665 0.02375
2 0.8425 0.3725 0.016666666666666666 0.0225
2 0.8725 0.380625 0.015 0.03125
2 0.8829166666666667 0.375 0.0175 0.025
2 0.8016666666666666 0.311875 0.018333333333333333 0.02375
2 0.7758333333333334 0.195 0.02666666666666667 0.0325
2 0.8858333333333334 0.1 0.016666666666666666 0.0225
2 0.705 0.071875 0.023333333333333334 0.01875
2 0.4425 0.07375 0.015 0.0275
2 0.5304166666666666 0.135 0.0175 0.02
2 0.1675 0.404375 0.025 0.02125
2 0.14333333333333334 0.345625 0.016666666666666666 0.01625
2 0.25125 0.370625 0.024166666666666666 0.02875
2 0.16083333333333333 0.620625 0.018333333333333333 0.02375
2 0.53625 0.839375 0.020833333333333332 0.02625
2 0.68375 0.848125 0.015833333333333335 0.02625
2 0.8845833333333334 0.700625 0.015833333333333335 0.02125
2 0.8770833333333333 0.6425 0.0125 0.02
2 0.78125 0.5725 0.0175 0.02
2 0.8333333333333334 0.536875 0.015 0.01875
2 0.7854166666666667 0.504375 0.0175 0.02625
2 0.7129166666666666 0.470625 0.020833333333333332 0.02625
2 0.6329166666666667 0.43375 0.019166666666666665 0.03
2 0.6458333333333334 0.40875 0.02666666666666667 0.03
2 0.6308333333333334 0.505625 0.021666666666666667 0.02875
2 0.6379166666666667 0.549375 0.0175 0.02625
2 0.7033333333333334 0.65125 0.016666666666666666 0.025
2 0.7404166666666666 0.616875 0.0175 0.02625
2 0.8679166666666667 0.913125 0.0175 0.01625
2 0.8745833333333334 0.151875 0.0125 0.01875
2 0.8170833333333334 0.188125 0.019166666666666665 0.02625
2 0.18875 0.73125 0.014166666666666666 0.0125
2 0.20625 0.765625 0.020833333333333332 0.02125
2 0.3125 0.74375 0.025 0.025
2 0.30041666666666667 0.695625 0.029166666666666667 0.02625
2 0.32166666666666666 0.63125 0.02666666666666667 0.03
2 0.2525 0.196875 0.018333333333333333 0.02125
2 0.26666666666666666 0.206875 0.015 0.01875
2 0.39208333333333334 0.910625 0.024166666666666666 0.03875
2 0.43083333333333335 0.92375 0.023333333333333334 0.03
2 0.6345833333333334 0.223125 0.025833333333333333 0.03625
2 0.6358333333333334 0.17375 0.025 0.02
2 0.5654166666666667 0.11 0.019166666666666665 0.0225
2 0.37333333333333335 0.094375 0.028333333333333332 0.02125
2 0.41375 0.22875 0.020833333333333332 0.0275
2 0.45708333333333334 0.326875 0.0175 0.02125
2 0.89875 0.449375 0.020833333333333332 0.03125
2 0.98375 0.434375 0.0125 0.02375