1 0.7897516666666667 0.3794925 0.04559333333333333 0.0596875
1 0.11739166666666667 0.8873825000000001 0.05017 0.0640775
1 0.5172116666666666 0.7836749999999999 0.03820833333333333 0.0599425
1 0.015268333333333333 0.8396925 0.03053833333333333 0.07178749999999999
1 0.4764066666666667 0.255455 0.028451666666666667 0.036652500000000005
1 0.8029833333333333 0.9820399999999999 0.06438666666666666 0.035922499999999996
1 0.31416 0.720935 0.052294999999999994 0.055494999999999996
1 0.07498833333333334 0.3741925 0.020305 0.02558
1 0.5 0.261735 0.023643333333333336 0.0370075
1 0.53309 0.2399925 0.02348 0.037880000000000004
1 0.3981816666666667 0.1660875 0.019438333333333332 0.0281625