2 0.4214594356261023 0.4348511904761905 0.07333774250440918 0.036870039682539685
2 0.47333774250440913 0.4291344246031746 0.051168430335097 0.030927579365079366
2 0.41880070546737214 0.38966765873015874 0.06258377425044091 0.030617559523809526
2 0.34327601410934744 0.41703869047619047 0.03932098765432099 0.02036210317460317
2 0.27205026455026454 0.46241319444444445 0.02601410934744268 0.018586309523809522
2 0.012416225749559083 0.4763864087301587 0.024828042328042327 0.02053323412698413
2 0.06869488536155204 0.5370585317460318 0.04344797178130512 0.02105654761904762
2 0.18750440917107583 0.577202380952381 0.038403880070546736 0.024878472222222222
2 0.15735008818342153 0.5769593253968255 0.03179453262786596 0.01980406746031746
2 0.21605379188712523 0.583390376984127 0.04111552028218695 0.025017361111111112
2 0.12171957671957671 0.6278100198412698 0.03258377425044092 0.01750744047619048
2 0.2012169312169312 0.6800173611111111 0.039523809523809524 0.01945684523809524
2 0.28833333333333333 0.6980381944444444 0.027310405643738975 0.011912202380952381
2 0.5088447971781305 0.702001488095238 0.054819223985890654 0.02484126984126984
2 0.759673721340388 0.6142906746031747 0.06725308641975308 0.03252480158730158
2 0.9809347442680777 0.6761755952380952 0.0381305114638448 0.03318204365079365
2 0.4812257495590829 0.4832713293650793 0.03823192239858906 0.02381200396825397
2 0.03052028218694885 0.8000793650793651 0.044686948853615516 0.028487103174603175
2 0.11645502645502645 0.9149429563492064 0.051415343915343914 0.030513392857142857
2 0.21634038800705468 0.9064806547619048 0.030524691358024693 0.020324900793650794
2 0.3290917107583774 0.8300992063492063 0.03475749559082893 0.02439484126984127
2 0.45246913580246917 0.8956770833333333 0.05291887125220458 0.031433531746031744
2 0.41046737213403883 0.9046428571428572 0.031080246913580245 0.030119047619047618
2 0.45382716049382715 0.9503893849206348 0.02997795414462081 0.023469742063492064
2 0.6361419753086419 0.8629414682539683 0.054219576719576716 0.03042906746031746
2 0.38274250440917107 0.7579811507936508 0.06429012345679012 0.03218253968253968
2 0.021000881834215168 0.9719742063492064 0.0419973544973545 0.0320014880952381
2 0.015013227513227511 0.9320659722222222 0.030022045855379192 0.024350198412698414
2 0.19513668430335096 0.9909747023809524 0.032597001763668434 0.018050595238095237
2 0.40532186948853616 0.9510019841269841 0.020207231040564374 0.010267857142857143
2 0.9617548500881835 0.8971230158730158 0.05031305114638448 0.031436011904761904
2 0.5582054673721341 0.1999454365079365 0.04544532627865961 0.024526289682539684
2 0.7130291005291006 0.36502232142857144 0.02667548500881834 0.018883928571428572
2 0.6893121693121693 0.7026785714285714 0.06477072310405645 0.029340277777777778