2 0.1103425 0.7444233333333333 0.0794625 0.053274999999999996
2 0.38614 0.7817916666666667 0.0291975 0.019045
2 0.4252575 0.56613 0.0744875 0.034578333333333336
0 0.5558350000000001 0.5200966666666667 0.0556175 0.01769
0 0.07055750000000001 0.2673933333333333 0.02895 0.015493333333333333
0 0.358815 0.41695166666666666 0.0245575 0.011821666666666668
0 0.37868 0.42424 0.020785 0.007751666666666666
0 0.3223625 0.4037116666666667 0.0144175 0.012268333333333332
0 0.22404249999999998 0.43088333333333334 0.008257500000000001 0.004258333333333334
0 0.0258175 0.28658666666666666 0.02053 0.01125
0 0.0648625 0.22621333333333332 0.012705 0.013286666666666667
0 0.014825 0.226425 0.0124 0.01203
0 0.09513500000000001 0.21645666666666666 0.011022500000000001 0.006875
0 0.1698575 0.07414833333333333 0.0084625 0.010815
0 0.6982025 0.07523500000000001 0.043235 0.028121666666666666
0 0.6643325 0.05504666666666666 0.0264875 0.03384666666666667
0 0.720995 0.12818166666666667 0.0277025 0.018763333333333333
0 0.6901575 0.16147666666666666 0.026445 0.014803333333333332
0 0.6171375 0.185175 0.047347499999999994 0.04147833333333333
0 0.7320125000000001 0.20764166666666664 0.021795000000000002 0.017723333333333334
0 0.7071649999999999 0.3316033333333333 0.05348 0.026291666666666668
0 0.49721 0.37626833333333337 0.02054 0.010378333333333333
0 0.54203 0.31021 0.0113425 0.008885
0 0.33766250000000003 0.29618 0.01961 0.01421
0 0.384235 0.5004916666666667 0.03022 0.01789
0 0.5694199999999999 0.22003833333333334 0.020149999999999998 0.011523333333333333
0 0.8552825000000001 0.189495 0.0283125 0.011476666666666666
0 0.96986 0.28520833333333334 0.020175000000000002 0.017198333333333333
0 0.9507899999999999 0.30045333333333335 0.028465 0.018458333333333334
0 0.08072 0.17123666666666668 0.022865 0.01451
0 0.03678 0.092125 0.01623 0.010181666666666667
0 0.02793 0.16337000000000002 0.03464 0.010813333333333333
0 0.479725 0.05368333333333334 0.0264675 0.009816666666666666
0 0.7543500000000001 0.015093333333333334 0.0173125 0.012591666666666666
0 0.502485 0.23581666666666667 0.010085 0.00525
0 0.15009999999999998 0.12332333333333334 0.012025000000000001 0.004655
0 0.0946575 0.105335 0.0120475 0.00651
0 0.5062025 0.4940483333333333 0.030414999999999998 0.017041666666666667
0 0.24102 0.5695883333333334 0.04556 0.022824999999999998
0 0.0146425 0.579 0.029285 0.03907
0 0.897165 0.400315 0.02051 0.017
0 0.87676 0.4220666666666667 0.0364475 0.012358333333333334
0 0.94492 0.5677716666666667 0.018955 0.018866666666666667
0 0.97284 0.51131 0.01236 0.011224999999999999
2 0.97776 0.126775 0.04448 0.030675
2 0.6587225 0.7860216666666667 0.023337499999999997 0.016213333333333333
2 0.6540275 0.8129433333333334 0.027235 0.019126666666666667
2 0.7251025 0.7790816666666667 0.027392499999999997 0.017278333333333333
2 0.85613 0.75181 0.031197500000000003 0.020861666666666667
2 0.6225 0.403055 0.0283325 0.017221666666666666
2 0.41375 0.8355549999999999 0.0641675 0.04