2 0.22703833333333334 0.1576525 0.014251666666666668 0.0227125
2 0.21434666666666666 0.156185 0.010776666666666665 0.019772500000000002
2 0.25830333333333333 0.1676075 0.014785 0.020975
2 0.22205166666666665 0.18116749999999998 0.013895000000000001 0.0184375
2 0.23207166666666668 0.19012 0.013983333333333334 0.018705
2 0.22329833333333332 0.20495 0.013181666666666668 0.0179025
2 0.21608333333333332 0.3043525 0.013716666666666667 0.0146975
2 0.293975 0.2622 0.016121666666666666 0.02258
2 0.2813716666666667 0.36581 0.02030833333333333 0.0269875
2 0.25781333333333334 0.37609750000000003 0.011133333333333334 0.02191
2 0.24325 0.4735625 0.016745 0.023647500000000002
2 0.28431166666666663 0.43194499999999997 0.025118333333333336 0.034202500000000004
2 0.30390666666666666 0.4268 0.019061666666666668 0.02632
2 0.39529166666666665 0.40929750000000004 0.025473333333333334 0.031129999999999998
2 0.34038 0.50516 0.022356666666666664 0.033135
2 0.34643666666666667 0.6748375 0.022713333333333332 0.0299275
2 0.333745 0.6740349999999999 0.012826666666666665 0.0293925
2 0.35864 0.6640825 0.018081666666666666 0.0279225
2 0.35316166666666665 0.6936749999999999 0.019951666666666666 0.024315
2 0.29528166666666666 0.7289800000000001 0.015986666666666666 0.023745000000000002
2 0.2963766666666667 0.7061124999999999 0.0163 0.021635
2 0.282285 0.7171649999999999 0.015088333333333334 0.0208725
2 0.88875 0.368125 0.0325 0.03625
2 0.86 0.371875 0.028333333333333332 0.03875
2 0.6979166666666666 0.60125 0.03916666666666667 0.0425
2 0.845 0.66875 0.045 0.04
2 0.72375 0.8375 0.025833333333333333 0.035
2 0.5783333333333334 0.394375 0.02666666666666667 0.02875
2 0.56625 0.2 0.0225 0.0375
2 0.61875 0.2053125 0.024166666666666666 0.036875
2 0.5458333333333333 0.32875 0.023333333333333334 0.02875
2 0.34041666666666665 0.764375 0.016666666666666666 0.0225
2 0.3225 0.76875 0.015833333333333335 0.01625
2 0.9272916666666666 0.74375 0.029583333333333333 0.045
2 0.9925 0.72 0.015 0.0375
2 0.9725 0.175625 0.028333333333333332 0.04
2 0.9889583333333334 0.2259375 0.022083333333333333 0.043125
2 0.7929166666666667 0.43625 0.021666666666666667 0.03375
2 0.80375 0.3846875 0.02 0.031875
2 0.833125 0.3684375 0.017916666666666668 0.030625
2 0.8595833333333334 0.4296875 0.0175 0.035625
2 0.5727083333333334 0.4296875 0.035416666666666666 0.039375
2 0.5908333333333333 0.498125 0.025 0.03625
2 0.6041666666666666 0.566875 0.02666666666666667 0.0375
2 0.6697916666666667 0.4546875 0.027916666666666666 0.043125
2 0.6485416666666667 0.4446875 0.025416666666666667 0.044375
2 0.6560416666666666 0.47 0.015416666666666667 0.04375
2 0.5483333333333333 0.214375 0.024166666666666666 0.03375
2 0.641875 0.2228125 0.019583333333333335 0.023125