1 0.43451500000000004 0.5589875 0.03628166666666666 0.049772500000000004
1 0.5293066666666667 0.6058525 0.022786666666666667 0.048385
1 0.383955 0.7312225 0.02981666666666667 0.043545
1 0.5059716666666667 0.43611500000000003 0.030918333333333332 0.038415
1 0.51432 0.6333 0.025763333333333336 0.040670000000000005
1 0.34913333333333335 0.4044625 0.021169999999999998 0.031765
1 0.5389033333333334 0.26347750000000003 0.020356666666666665 0.040935
1 0.16666166666666668 0.01226 0.026526666666666667 0.024517499999999998
1 0.43560166666666666 0.5830575 0.026810000000000004 0.027960000000000002
1 0.4504083333333333 0.547875 0.013821666666666668 0.019317499999999998
1 0.34956000000000004 0.21484 0.028935000000000002 0.041159999999999995
1 0.28256833333333337 0.176125 0.023678333333333332 0.0395475
1 0.14074333333333333 0.14260499999999998 0.019001666666666667 0.029485
1 0.11155666666666667 0.30632 0.008108333333333334 0.0139025