2 0.11154017857142857 0.006375661375661376 0.005379464285714286 0.008196649029982364
2 0.07926835317460318 0.07057760141093473 0.014087301587301586 0.02185626102292769
2 0.07068948412698413 0.0671604938271605 0.010245535714285716 0.0214021164021164
2 0.07414682539682539 0.09357142857142857 0.014087301587301586 0.018668430335097002
2 0.08477678571428571 0.10130952380952381 0.01126984126984127 0.016847442680776016
2 0.07862847222222222 0.1165652557319224 0.01126984126984127 0.01912257495590829
2 0.23614335317460317 0.095163139329806 0.017415674603174603 0.03187389770723104
2 0.26931051587301585 0.0999426807760141 0.017671130952380952 0.03414902998236332
2 0.28557539682539684 0.10358465608465608 0.016391369047619047 0.02959435626102293
2 0.33257192460317464 0.18531746031746033 0.017160218253968254 0.040978835978835976
2 0.343328373015873 0.2401851851851852 0.021770833333333333 0.04052469135802469
2 0.30196676587301585 0.32828924162257495 0.009732142857142858 0.02458553791887125
2 0.2899280753968254 0.31508377425044093 0.016904761904761905 0.03915784832451499
2 0.24139384920634918 0.2706922398589065 0.018697916666666668 0.03506172839506173
2 0.25407242063492064 0.26705026455026454 0.013318452380952382 0.017755731922398592
2 0.10244791666666667 0.16209435626102292 0.013318452380952382 0.02367724867724868
2 0.11832837301587303 0.07034832451499119 0.009221230158730158 0.013205467372134039
2 0.13343998015873015 0.2879938271604938 0.021512896825396824 0.030507054673721338
2 0.08119047619047619 0.3200925925925926 0.015367063492063493 0.027319223985890654
2 0.05071180555555556 0.3544708994708995 0.014342757936507937 0.022310405643738977
2 0.2401140873015873 0.3109876543209877 0.01101438492063492 0.020943562610229276
2 0.2591939484126984 0.37905643738977074 0.009221230158730158 0.017755731922398592
2 0.2011830357142857 0.3116710758377425 0.010500992063492065 0.026865079365079366
2 0.12613839285714284 0.37336860670194 0.018697916666666668 0.01912257495590829
2 0.3238640873015873 0.45350529100529097 0.018184523809523807 0.030961199294532626
2 0.30785714285714283 0.4494047619047619 0.013318452380952382 0.029140211640211643
2 0.16980902777777776 0.4022795414462081 0.010756448412698412 0.024131393298059963
2 0.10270337301587303 0.5281790123456791 0.018953373015873017 0.03005291005291005
2 0.11832837301587303 0.5236243386243385 0.017415674603174603 0.027319223985890654
2 0.11179563492063492 0.5463888888888889 0.01972222222222222 0.02367724867724868
2 0.10987599206349206 0.5839550264550265 0.011780753968253968 0.018668430335097002
2 0.1283159722222222 0.5873677248677249 0.016391369047619047 0.02367724867724868
2 0.11807043650793651 0.5967019400352733 0.014856150793650793 0.020489417989417988
2 0.13625496031746032 0.5976146384479718 0.013318452380952382 0.015934744268077602
2 0.127547123015873 0.6083156966490301 0.014856150793650793 0.020943562610229276
2 0.1755704365079365 0.6042151675485008 0.006914682539682539 0.014572310405643737
2 0.16673363095238095 0.6445149911816579 0.013318452380952382 0.022310405643738977
2 0.15456845238095238 0.6472442680776014 0.013062996031746031 0.02322310405643739
2 0.1371527777777778 0.6340388007054674 0.012549603174603175 0.020489417989417988
2 0.10500992063492062 0.6554409171075838 0.007683531746031746 0.013205467372134039
2 0.050967261904761904 0.7214638447971781 0.01588045634920635 0.02322310405643739
2 0.08682539682539682 0.7091710758377425 0.013829365079365078 0.0214021164021164
2 0.12050347222222223 0.707120811287478 0.012038690476190475 0.020943562610229276
2 0.1321577380952381 0.7014285714285714 0.011780753968253968 0.020489417989417988
2 0.14598958333333334 0.7132671957671958 0.011780753968253968 0.018668430335097002
2 0.1640451388888889 0.7745061728395062 0.012549603174603175 0.0200352733686067
2 0.23063740079365078 0.7988668430335096 0.018184523809523807 0.03506172839506173
2 0.20476934523809523 0.9079188712522045 0.0166468253968254 0.028231922398589064
2 0.04943204365079365 0.8610185185185185 0.014856150793650793 0.02367724867724868
2 0.2826289682539682 0.8482716049382717 0.018184523809523807 0.027319223985890654
2 0.2743055555555556 0.8111640211640212 0.01792906746031746 0.027773368606701942
2 0.2947941468253968 0.7913536155202822 0.018439980158730156 0.03005291005291005
2 0.3051686507936508 0.768589065255732 0.015111607142857144 0.026410934744268078
2 0.32745039682539684 0.7455952380952381 0.018184523809523807 0.025952380952380952
2 0.2125793650793651 0.6499779541446209 0.011780753968253968 0.017755731922398592
2 0.37380704365079365 0.6989241622574957 0.017160218253968254 0.02367724867724868
2 0.3744469246031746 0.6813932980599647 0.013318452380952382 0.022310405643738977
2 0.3104191468253968 0.7182760141093474 0.010245535714285716 0.027773368606701942
2 0.39237599206349205 0.6905026455026455 0.008196924603174602 0.017755731922398592
2 0.49725694444444446 0.737173721340388 0.021257440476190475 0.028231922398589064
2 0.4848363095238095 0.5812213403880071 0.021512896825396824 0.03961199294532628
2 0.40505456349206354 0.5104188712522046 0.021257440476190475 0.037336860670194004
2 0.4697247023809524 0.46511463844797185 0.016904761904761905 0.025044091710758377
2 0.4854761904761905 0.4637477954144621 0.015622519841269842 0.038703703703703705
2 0.4103050595238095 0.2661375661375662 0.013318452380952382 0.024131393298059963
2 0.4051835317460318 0.3187257495590829 0.012805059523809524 0.02185626102292769
2 0.46063244047619045 0.2524779541446208 0.018184523809523807 0.032328042328042324
2 0.46754712301587303 0.2702336860670194 0.01972222222222222 0.02959435626102293
2 0.44910714285714287 0.2588536155202822 0.016135912698412698 0.03414902998236332
2 0.6143055555555555 0.09129188712522046 0.017671130952380952 0.028686067019400355
2 0.6341542658730158 0.14115079365079364 0.016904761904761905 0.03369488536155203
2 0.6483680555555555 0.13887566137566137 0.012038690476190475 0.018214285714285714
2 0.6654017857142858 0.10495149911816579 0.009221230158730158 0.015934744268077602
2 0.6296726190476191 0.2904982363315697 0.0166468253968254 0.03005291005291005
2 0.5446403769841269 0.40797178130511463 0.009987599206349207 0.012746913580246913
2 0.6262152777777777 0.5254453262786596 0.017415674603174603 0.029140211640211643
2 0.6125124007936508 0.5263580246913581 0.011525297619047619 0.027319223985890654
2 0.6843551587301587 0.5115564373897707 0.017415674603174603 0.025952380952380952
2 0.6698834325396825 0.5186155202821869 0.012038690476190475 0.027319223985890654
2 0.5523239087301587 0.5693827160493826 0.011525297619047619 0.025044091710758377
2 0.5711483134920635 0.5668783068783069 0.010756448412698412 0.016393298059964728
2 0.5907415674603175 0.5855467372134039 0.016135912698412698 0.028231922398589064
2 0.6251909722222222 0.6190167548500882 0.013829365079365078 0.030507054673721338
2 0.6446552579365079 0.6256172839506173 0.013829365079365078 0.03187389770723104
2 0.5580853174603174 0.7009744268077601 0.012805059523809524 0.0214021164021164
2 0.6757738095238095 0.7294312169312169 0.012038690476190475 0.0200352733686067
2 0.6643774801587301 0.7280643738977073 0.010756448412698412 0.01912257495590829
2 0.8694618055555555 0.5878439153439153 0.0069320436507936505 0.008628747795414463
2 0.8715401785714286 0.5736728395061728 0.0069320436507936505 0.008011463844797178
2 0.8427728174603174 0.5773677248677249 0.006240079365079365 0.008628747795414463
2 0.833328373015873 0.5496384479717813 0.006411210317460318 0.010476190476190477
2 0.8267435515873015 0.5451719576719577 0.005719246031746031 0.008320105820105821
2 0.8157366071428572 0.5517989417989418 0.0055456349206349205 0.008628747795414463
2 0.798060515873016 0.5467151675485009 0.006584821428571429 0.008320105820105821
2 0.81140625 0.4781613756613757 0.0069320436507936505 0.011706349206349206
2 0.815218253968254 0.47030423280423284 0.006240079365079365 0.010167548500881834
2 0.7662599206349207 0.4180820105820106 0.007797619047619048 0.011706349206349206
2 0.7590674603174603 0.4003703703703704 0.0055456349206349205 0.010167548500881834
2 0.8189434523809523 0.43025573192239863 0.006411210317460318 0.012014991181657848
2 0.8279563492063492 0.4304100529100529 0.007797619047619048 0.011706349206349206
2 0.8339335317460318 0.4287125220458554 0.005892857142857143 0.011397707231040565
2 0.8907787698412698 0.502962962962963 0.004506448412698413 0.007085537918871252
2 0.8704141865079366 0.4880202821869488 0.005719246031746031 0.007394179894179894
2 0.8928571428571429 0.4602910052910053 0.005198412698412699 0.006164021164021164
2 0.8999627976190476 0.4570590828924162 0.0055456349206349205 0.005855379188712522
2 0.9047296626984127 0.4461199294532628 0.005372023809523809 0.006164021164021164
2 0.9024751984126984 0.43903439153439155 0.003638392857142857 0.009241622574955909
2 0.89875 0.44103615520282186 0.004159226190476191 0.005238095238095239
2 0.9023015873015873 0.42008818342151677 0.005372023809523809 0.005855379188712522
2 0.9021304563492063 0.4133068783068783 0.004332837301587301 0.007085537918871252
2 0.8977108134920635 0.4179320987654321 0.003467261904761905 0.0064682539682539685
2 0.8953695436507937 0.3686331569664903 0.004332837301587301 0.007702821869488535
2 0.92734375 0.42255291005291007 0.005892857142857143 0.007085537918871252
2 0.9602728174603175 0.4619885361552028 0.004853670634920635 0.0064682539682539685
2 0.9532539682539682 0.4197795414462081 0.004332837301587301 0.0064682539682539685
2 0.9391294642857143 0.3857363315696649 0.005892857142857143 0.006164021164021164
2 0.9849677579365079 0.4666093474426808 0.0025992063492063493 0.00400352733686067
2 0.9949330357142857 0.4672266313932981 0.002425595238095238 0.0064682539682539685
2 0.9701512896825397 0.3707936507936508 0.003812003968253968 0.005855379188712522
2 0.9638244047619048 0.36154761904761906 0.002251984126984127 0.00400352733686067
2 0.9853149801587302 0.40437389770723103 0.0032936507936507935 0.005238095238095239