1 0.5680016666666667 0.1319275 0.064555 0.09148
1 0.353015 0.0373275 0.05644333333333334 0.0746525
1 0.47038 0.11783249999999999 0.05747666666666667 0.08473
1 0.8789166666666667 0.27645749999999997 0.06388166666666667 0.07706
1 0.625085 0.552925 0.05451333333333333 0.07381499999999999
1 0.6119 0.1999375 0.050713333333333326 0.07432
1 0.974355 0.07228 0.04553833333333333 0.05646
1 0.31847666666666663 0.087425 0.05888833333333333 0.084795
1 0.28815 0.3900625 0.05246166666666666 0.0755275
1 0.7880483333333334 0.2046325 0.06079166666666667 0.0722475
1 0.8748866666666666 0.067715 0.053274999999999996 0.0782675
1 0.163605 0.104505 0.04718666666666667 0.07000749999999999
1 0.6363616666666667 0.6963524999999999 0.04473666666666667 0.0641225
1 0.3461416666666666 0.36992 0.04808333333333333 0.06808
1 0.9663416666666667 0.210035 0.044658333333333335 0.0615425
1 0.022145 0.307125 0.038135 0.055752499999999997
1 0.9386766666666667 0.9644075 0.06855833333333333 0.071185
1 0.244785 0.973285 0.04329 0.05343
1 0.13619 0.5694575 0.04230833333333333 0.0570275
1 0.7300399999999999 0.9705425 0.04743 0.0589125
1 0.28054833333333334 0.9452474999999999 0.03965 0.054494999999999995
1 0.317165 0.4994925 0.04230333333333333 0.055567500000000006
1 0.27874166666666667 0.50358 0.03893666666666667 0.055122500000000005
1 0.37872833333333333 0.28952999999999995 0.051285 0.06497499999999999
1 0.20041666666666666 0.87875 0.04083333333333333 0.04
1 0.5916666666666667 0.835 0.04 0.0625
1 0.6058333333333333 0.703125 0.045 0.07625
2 0.87625 0.968125 0.05583333333333333 0.06375