1 0.4604066666666667 0.17443999999999998 0.04900333333333333 0.0672875
1 0.35378666666666664 0.66424 0.043291666666666666 0.049215
1 0.18013833333333332 0.49795249999999996 0.030295000000000002 0.0426075
1 0.6843116666666667 0.40652499999999997 0.04805 0.05884
1 0.9829483333333333 0.4173225 0.03410333333333333 0.0633475
1 0.900995 0.6457525000000001 0.042578333333333336 0.0506675
1 0.5212383333333334 0.297785 0.032168333333333334 0.048119999999999996
1 0.08703666666666666 0.35703250000000003 0.032525 0.040485
1 0.20280166666666666 0.46849250000000003 0.034775 0.0440725
1 0.8668283333333334 0.607645 0.033598333333333334 0.0443875
1 0.4351483333333333 0.4844325 0.028691666666666667 0.0418675
1 0.8718016666666667 0.7498925000000001 0.045085 0.0551975
1 0.37674166666666664 0.2882 0.03587166666666666 0.052425
1 0.47041666666666665 0.37125 0.0225 0.03
1 0.87434 0.6448524999999999 0.01961 0.032965
1 0.8748466666666667 0.6768025 0.028738333333333334 0.0370225
1 0.31563 0.2494 0.022766666666666664 0.035185
1 0.32011333333333336 0.594005 0.034495 0.039325000000000006
1 0.32563333333333333 0.6405725 0.019316666666666666 0.026905000000000002