1 0.4915566666666667 0.33588999999999997 0.07631166666666667 0.10613
1 0.49177166666666666 0.60077 0.052406666666666664 0.078215
1 0.5669933333333333 0.818025 0.05216 0.0675175
1 0.8831183333333333 0.831005 0.07886166666666666 0.09991
1 0.66358 0.874345 0.06134833333333333 0.0747175
1 0.772195 0.7510725 0.05390833333333333 0.073885
1 0.5501866666666666 0.5447975 0.056883333333333334 0.0889575
1 0.2603166666666667 0.533325 0.042545 0.0649325
1 0.5091716666666667 0.42747 0.05842666666666667 0.08399250000000001
1 0.91033 0.2521425 0.05835833333333333 0.08813
1 0.8534933333333333 0.23654 0.05873166666666666 0.085575
2 0.6214000000000001 0.1756375 0.05017166666666666 0.07282
1 0.45947166666666667 0.8118325 0.05287666666666666 0.0771375
1 0.6407383333333333 0.2496225 0.049275 0.0783775
1 0.5517516666666668 0.2112025 0.07626333333333334 0.0797475
1 0.8080333333333333 0.3225525 0.035089999999999996 0.0603425
1 0.09339333333333334 0.6097975 0.03378333333333333 0.0493025
1 0.68655 0.2641175 0.04541166666666667 0.0733525
1 0.35241 0.87395 0.044835 0.0657475
1 0.9870316666666666 0.28802 0.025935000000000003 0.061595
1 0.401 0.9502525 0.04006333333333333 0.062104999999999994
1 0.565945 0.356425 0.028155 0.0446125
1 0.58836 0.44814 0.03447833333333333 0.0675075
1 0.12839666666666666 0.44921249999999996 0.03454333333333333 0.053152500000000005