1 0.142225 0.346225 0.04604166666666667 0.059840000000000004
1 0.7924100000000001 0.9369225 0.039995 0.056905000000000004
1 0.6034566666666666 0.09240000000000001 0.04410833333333333 0.0410625
1 0.28657 0.2182375 0.046264999999999994 0.047982500000000004
1 0.93044 0.20670750000000002 0.045485000000000005 0.0653325
1 0.381865 0.12738249999999998 0.04320666666666667 0.06766
1 0.16154666666666667 0.2979675 0.043315 0.05962
1 0.3214916666666667 0.4865525 0.04909833333333333 0.0687525
1 0.41164666666666666 0.1981925 0.022209999999999997 0.0341225
1 0.2657133333333333 0.009772500000000002 0.032613333333333334 0.019545000000000003
1 0.4271933333333333 0.11286 0.03355333333333333 0.0588175