1 0.7737866666666667 0.7066325 0.035526666666666665 0.060735
1 0.14939166666666667 0.6941775 0.049958333333333334 0.06894750000000001
1 0.8371683333333334 0.4939825 0.04841666666666666 0.0628175
1 0.7108216666666667 0.43881749999999997 0.048218333333333335 0.0630675
1 0.31228333333333336 0.6998525 0.04614166666666667 0.062009999999999996
1 0.09427166666666667 0.44519 0.048310000000000006 0.055979999999999995
1 0.5427933333333333 0.71684 0.037616666666666666 0.054192500000000005
1 0.5699949999999999 0.68133 0.037801666666666664 0.06445999999999999
1 0.80417 0.966335 0.03637166666666666 0.038545
1 0.9076000000000001 0.750255 0.033335 0.062985
2 0.65205 0.023592500000000002 0.042319999999999997 0.047185000000000005
2 0.9684066666666666 0.019719999999999998 0.04560166666666667 0.037407499999999996
1 0.22040333333333334 0.6639674999999999 0.04441666666666667 0.051355
1 0.4602933333333334 0.0171625 0.03997333333333333 0.034327500000000004
1 0.15839166666666668 0.4604225 0.05286833333333333 0.055052500000000004
1 0.4015816666666666 0.5677025 0.03349333333333333 0.0369125
1 0.33675 0.12459 0.04011833333333333 0.057645
1 0.8242566666666666 0.8184425 0.04084 0.05912
1 0.61865 0.753495 0.033205 0.043325
1 0.8856316666666667 0.693215 0.03592666666666667 0.06197
1 0.9260166666666667 0.744855 0.03393333333333333 0.0652875
1 0.9605783333333334 0.77478 0.029965 0.0445225
1 0.9772983333333334 0.7835 0.018285 0.0315475
1 0.9620983333333334 0.577275 0.029978333333333333 0.0503625
1 0.9761733333333333 0.7241224999999999 0.022546666666666666 0.03187
1 0.6777933333333334 0.3766975 0.03334666666666667 0.0386625
1 0.6542316666666667 0.411295 0.036443333333333335 0.049645
1 0.20518666666666666 0.98172 0.02749 0.03656
1 0.020756666666666666 0.35011000000000003 0.03528666666666667 0.055685000000000005
1 0.03961166666666666 0.9768075 0.03006666666666667 0.034255
1 0.05524833333333334 0.78546 0.031713333333333336 0.04159
1 0.18458 0.921575 0.023333333333333334 0.0352625
1 0.49915000000000004 0.9786925 0.02410166666666667 0.0426125
1 0.561025 0.9522625 0.031245 0.0415725
1 0.779075 0.98733 0.028276666666666665 0.0253375
1 0.7924983333333333 0.78983 0.02993166666666667 0.0416925