2 0.9701438492063492 0.0186331569664903 0.031607142857142854 0.037270723104056436
2 0.9472445436507937 0.1476410934744268 0.02322172619047619 0.030388007054673722
2 0.8103348214285714 0.15939594356261022 0.011932043650793651 0.02408289241622575
2 0.8125917658730158 0.18491181657848324 0.016448412698412698 0.02580246913580247
2 0.8624206349206349 0.3443077601410935 0.016770833333333336 0.024656084656084657
2 0.8651636904761905 0.3847310405643739 0.022254464285714287 0.034400352733686065
2 0.8500049603174603 0.3629453262786596 0.01451388888888889 0.02293650793650794
2 0.9632093253968254 0.39218694885361555 0.00935267857142857 0.02293650793650794
2 0.911765873015873 0.39849206349206345 0.007095734126984127 0.013761022927689595
2 0.8948338293650793 0.4369091710758377 0.00935267857142857 0.02293650793650794
2 0.8845138888888889 0.5578880070546737 0.020319940476190478 0.02522927689594356
2 0.9325694444444445 0.5535890652557319 0.026123511904761903 0.03497354497354497
2 0.9157986111111112 0.7235934744268078 0.01322420634920635 0.03325396825396826
2 0.9211210317460318 0.8073059964726631 0.02515625 0.0424294532627866
2 0.9823983134920635 0.9056393298059964 0.031607142857142854 0.0430026455026455
2 0.8010193452380953 0.3850220458553792 0.006599702380952381 0.006701940035273368
2 0.7943030753968254 0.4174911816578483 0.006364087301587302 0.007120811287477953
2 0.7748611111111111 0.4271252204585538 0.005654761904761905 0.011313932980599647
2 0.7778050595238095 0.445352733686067 0.005890376984126984 0.00837742504409171
2 0.7532961309523809 0.43885802469135804 0.00683531746031746 0.010471781305114638
2 0.7701463293650793 0.5266269841269842 0.00707093253968254 0.013408289241622575
2 0.8137450396825396 0.5496693121693123 0.006128472222222223 0.010895061728395062
2 0.8247023809523809 0.5813007054673722 0.0044766865079365085 0.007958553791887125
2 0.8419047619047619 0.6275970017636685 0.0035342261904761905 0.009215167548500882
2 0.8289434523809525 0.6405864197530864 0.00683531746031746 0.009215167548500882
2 0.8222271825396825 0.6437257495590829 0.005183531746031746 0.008796296296296297
2 0.8102083333333334 0.6749382716049382 0.005183531746031746 0.009215167548500882
2 0.7345610119047619 0.5664285714285715 0.00707093253968254 0.010052910052910053
2 0.724781746031746 0.6275970017636685 0.004005456349206349 0.00837742504409171
2 0.7528249007936507 0.6382804232804232 0.0077777777777777776 0.008796296296296297
2 0.7174751984126985 0.6916975308641975 0.00730654761904762 0.010052910052910053
2 0.6912003968253968 0.7585185185185185 0.008013392857142858 0.0155026455026455
2 0.6293377976190475 0.6330423280423281 0.008720238095238095 0.01592151675485009
2 0.6915525793650794 0.5046340388007055 0.006364087301587302 0.01382716049382716
2 0.7009796626984127 0.48598765432098767 0.00730654761904762 0.013408289241622575
2 0.7049851190476191 0.461900352733686 0.00683531746031746 0.011313932980599647
2 0.6701066468253968 0.4738403880070547 0.008249007936507936 0.009215167548500882
2 0.6776488095238096 0.372663139329806 0.01060515873015873 0.018015873015873016
2 0.6511359126984128 0.36826278659611994 0.009427083333333332 0.010895061728395062
2 0.6272197420634921 0.2786067019400353 0.012013888888888888 0.017597001763668428
2 0.6149677579365079 0.2561904761904762 0.012961309523809523 0.02388007054673721
2 0.6163814484126984 0.3144268077601411 0.012961309523809523 0.02052910052910053
2 0.594937996031746 0.3452204585537919 0.012018849206349207 0.0242989417989418
2 0.6153224206349206 0.3309744268077601 0.004241071428571429 0.014246031746031748
2 0.5771453373015873 0.3374691358024691 0.011783234126984126 0.021366843033509702
2 0.5542857142857143 0.2890784832451499 0.01413938492063492 0.021785714285714283
2 0.5294246031746032 0.3343253968253968 0.017673611111111112 0.028487654320987654
2 0.5224727182539682 0.31966490299823636 0.011312003968253968 0.021785714285714283
2 0.5162276785714285 0.3318121693121693 0.012490079365079365 0.021785714285714283
2 0.5158730158730159 0.348152557319224 0.007542162698412698 0.014246031746031748
2 0.5452132936507937 0.40178130511463844 0.010133928571428572 0.019272486772486774
2 0.5981200396825397 0.4608509700176367 0.012254464285714285 0.021785714285714283
2 0.5506324404761905 0.4610626102292769 0.009662698412698413 0.017178130511463847
2 0.5318973214285715 0.45749999999999996 0.005654761904761905 0.015083774250440917
2 0.5773809523809523 0.5440167548500882 0.012725694444444446 0.019691358024691356
2 0.5981200396825397 0.5201322751322752 0.008955853174603174 0.02052910052910053
2 0.5855109126984127 0.5873765432098765 0.012961309523809523 0.021785714285714283
2 0.5218824404761905 0.5350088183421517 0.009662698412698413 0.020110229276895944
2 0.458953373015873 0.3292989417989418 0.009191468253968254 0.01592151675485009
2 0.45471230158730164 0.46881393298059965 0.01060515873015873 0.017597001763668428
2 0.4834623015873016 0.49080687830687836 0.012490079365079365 0.02388007054673721
2 0.4954811507936508 0.4830555555555555 0.011547619047619048 0.020110229276895944
2 0.5007837301587302 0.5245326278659612 0.00707093253968254 0.013408289241622575
2 0.48782242063492065 0.5391975308641975 0.011312003968253968 0.013408289241622575
2 0.49359623015873016 0.6468694885361551 0.008720238095238095 0.010052910052910053
2 0.4336210317460317 0.639537037037037 0.01084077380952381 0.018853615520282186
2 0.43727182539682535 0.7203968253968254 0.010133928571428572 0.019691358024691356
2 0.5007837301587302 0.7174647266313933 0.008955853174603174 0.017178130511463847
2 0.5426140873015873 0.7294047619047619 0.010133928571428572 0.017597001763668428
2 0.6140203373015873 0.7277292768959436 0.012018849206349207 0.01675925925925926
2 0.5448536706349206 0.6724250440917108 0.011783234126984126 0.019272486772486774
2 0.6347594246031746 0.8946825396825397 0.010133928571428572 0.012151675485008819
2 0.5860937500000001 0.8944708994708995 0.01084077380952381 0.0184347442680776
2 0.43479910714285713 0.9139550264550265 0.009898313492063491 0.016340388007054674
2 0.4263194444444445 0.9822442680776015 0.011773313492063491 0.02388007054673721
2 0.40900297619047615 0.9432804232804234 0.012018849206349207 0.016340388007054674
2 0.39828125 0.9962522045855379 0.008484623015873017 0.007491181657848324
2 0.36612599206349206 0.9803571428571428 0.013878968253968255 0.020947971781305114
2 0.3654315476190476 0.9954144620811287 0.013903769841269842 0.009166666666666667
2 0.4390773809523809 0.8259744268077601 0.012254464285714285 0.018853615520282186
2 0.4269394841269841 0.8410537918871253 0.012961309523809523 0.019691358024691356
2 0.3846378968253968 0.8253439153439154 0.012254464285714285 0.020947971781305114
2 0.3918253968253968 0.8253439153439154 0.00683531746031746 0.017597001763668428
2 0.3968923611111111 0.689810405643739 0.011783234126984126 0.018853615520282186
2 0.36260416666666667 0.695679012345679 0.011076388888888887 0.016340388007054674
2 0.3488169642857143 0.7788403880070547 0.011312003968253968 0.017597001763668428
2 0.3389186507936508 0.7350573192239859 0.01084077380952381 0.02052910052910053
2 0.3307886904761905 0.7432275132275132 0.009191468253968254 0.019272486772486774
2 0.3400967261904762 0.7803042328042328 0.00707093253968254 0.016340388007054674
2 0.3964211309523809 0.5915652557319224 0.008013392857142858 0.020947971781305114
2 0.4078497023809524 0.5930335097001763 0.012018849206349207 0.018015873015873016
2 0.4139781746031746 0.5785802469135802 0.011547619047619048 0.01675925925925926
2 0.42187251984126983 0.5852821869488537 0.00707093253968254 0.015083774250440917
2 0.41338789682539684 0.5333333333333333 0.011783234126984126 0.019272486772486774
2 0.3938293650793651 0.5184567901234568 0.011312003968253968 0.02220458553791887
2 0.34917162698412696 0.5280952380952381 0.012490079365079365 0.027231040564373896
2 0.3356200396825397 0.5810934744268078 0.011312003968253968 0.019272486772486774
2 0.34481150793650794 0.2469753086419753 0.010369543650793652 0.018853615520282186
2 0.3149627976190476 0.42188712522045857 0.011547619047619048 0.017597001763668428
2 0.2918675595238095 0.43382716049382714 0.015317460317460316 0.02052910052910053
2 0.26618055555555553 0.5260008818342152 0.013432539682539681 0.018853615520282186
2 0.24838789682539683 0.46483245149911817 0.006128472222222223 0.014664902998236331
2 0.20926835317460318 0.3818783068783069 0.008955853174603174 0.01298941798941799
2 0.20832589285714287 0.4926940035273369 0.00707093253968254 0.011732804232804232
2 0.18911954365079364 0.4015696649029982 0.00730654761904762 0.012151675485008819
2 0.1608308531746032 0.35644179894179895 0.005347222222222222 0.009506172839506171
2 0.14884424603174604 0.35399029982363317 0.005518353174603175 0.007667548500881835
2 0.13599454365079366 0.3460185185185185 0.005347222222222222 0.005824514991181658
2 0.10460565476190475 0.36410934744268075 0.006036706349206349 0.009506172839506171
2 0.1346155753968254 0.36962962962962964 0.00396577380952381 0.006437389770723104
2 0.13125248015873017 0.4642195767195767 0.006899801587301587 0.01103615520282187
2 0.16264136904761906 0.46498677248677245 0.003794642857142857 0.01011904761904762
2 0.17842261904761905 0.4646781305114639 0.004657738095238096 0.01011904761904762
2 0.09511904761904762 0.4705070546737213 0.006381448412698412 0.009506172839506171
2 0.09968998015873015 0.4669797178130511 0.005518353174603175 0.008584656084656084
2 0.11943700396825396 0.4698941798941799 0.00707093253968254 0.007667548500881835
2 0.0993452380952381 0.4841490299823633 0.004139384920634921 0.0061331569664903
2 0.08778769841269841 0.4870634920634921 0.003794642857142857 0.0052116402116402115
2 0.05536458333333333 0.48154320987654325 0.004139384920634921 0.0052116402116402115
2 0.07355902777777777 0.5204850088183421 0.00396577380952381 0.007667548500881835
2 0.1340972222222222 0.5747574955908289 0.00707093253968254 0.011344797178130512
2 0.14591269841269844 0.5514506172839506 0.004139384920634921 0.007050264550264551
2 0.059933035714285716 0.5741402116402117 0.005347222222222222 0.007667548500881835
2 0.30398313492063495 0.633778659611993 0.00707093253968254 0.014717813051146385
2 0.21800595238095238 0.6380731922398589 0.008278769841269842 0.009810405643738977
2 0.21093501984126983 0.6463492063492063 0.005863095238095238 0.014104938271604937
2 0.2049826388888889 0.6518694885361552 0.00914186507936508 0.017169312169312168
2 0.18808035714285715 0.6747134038800705 0.006381448412698412 0.01318342151675485
2 0.25215525793650795 0.6780864197530865 0.008623511904761906 0.017477954144620812
2 0.24482390873015872 0.6983245149911816 0.011555059523809525 0.021155202821869487
2 0.2396502976190476 0.6900440917107584 0.007760416666666666 0.015026455026455025
2 0.290875496031746 0.7368033509700176 0.008452380952380953 0.015330687830687832
2 0.2730233134920635 0.7518253968253968 0.012762896825396825 0.022076719576719576
2 0.2518973214285714 0.7594929453262786 0.01224454365079365 0.02023809523809524
2 0.2557762896825397 0.7886199294532628 0.010002480158730159 0.017782186948853616
2 0.24801587301587302 0.8028791887125221 0.011728670634920635 0.019929453262786598
2 0.29061507936507935 0.8094708994708996 0.008968253968253967 0.011653439153439154
2 0.26215773809523807 0.8258774250440917 0.012762896825396825 0.020542328042328042
2 0.24723958333333335 0.8467239858906526 0.01121031746031746 0.018703703703703705
2 0.2635391865079365 0.8545458553791887 0.010002480158730159 0.012879188712522046
2 0.25793154761904763 0.8634347442680776 0.00914186507936508 0.015943562610229275
2 0.20817460317460318 0.8290961199294533 0.008278769841269842 0.014717813051146385
2 0.1494469246031746 0.8729409171075837 0.010865575396825398 0.015943562610229275
2 0.12538938492063492 0.772010582010582 0.006929563492063492 0.01126984126984127
2 0.14676587301587302 0.725489417989418 0.00457093253968254 0.006816578483245151
2 0.1304761904761905 0.7313844797178131 0.004717261904761905 0.007076719576719577
2 0.09376488095238095 0.695083774250441 0.006192956349206349 0.008386243386243386
2 0.07835813492063493 0.710679012345679 0.006929563492063492 0.00917548500881834
2 0.07305059523809525 0.7174955908289241 0.006339285714285714 0.0076014109347442675
2 0.07445188492063493 0.7229982363315697 0.005307539682539682 0.0076014109347442675
2 0.04002728174603174 0.7161816578483245 0.005453869047619047 0.008650793650793652
2 0.04069196428571428 0.5224911816578484 0.0023586309523809523 0.006027336860670194
2 0.04386160714285714 0.5257671957671958 0.0030952380952380953 0.0062918871252204585
2 0.04282738095238096 0.5395282186948854 0.0030952380952380953 0.007076719576719577
2 0.013784722222222223 0.5180379188712523 0.003390376984126984 0.006027336860670194
2 0.009583333333333334 0.5096516754850089 0.003244047619047619 0.006027336860670194
2 0.009067460317460318 0.5167283950617284 0.00457093253968254 0.0076014109347442675