1 0.5716916666666667 0.25936750000000003 0.03186 0.051152500000000004
1 0.3556833333333333 0.038259999999999995 0.03888 0.0512
1 0.5759716666666667 0.9292324999999999 0.034258333333333335 0.051795
1 0.34020666666666666 0.157755 0.034216666666666666 0.046270000000000006
1 0.7242566666666667 0.32318 0.035223333333333336 0.045902500000000006
1 0.5131216666666667 0.5255650000000001 0.03296666666666667 0.038695
1 0.31486000000000003 0.13604750000000002 0.032771666666666664 0.0430175
1 0.4975616666666666 0.21686000000000002 0.043846666666666666 0.05528
1 0.15495666666666666 0.1175625 0.022045000000000002 0.02532
1 0.2404916666666667 0.3198975 0.023556666666666667 0.038630000000000005
1 0.2618433333333333 0.0640625 0.014493333333333332 0.023245000000000002
1 0.18767666666666666 0.09101999999999999 0.012363333333333334 0.020085000000000002
1 0.2837866666666667 0.12566 0.017326666666666667 0.027774999999999998