0 0.2596066666666667 0.074335 0.009566666666666666 0.022719999999999997
0 0.2679783333333333 0.0639725 0.01567666666666667 0.0259075
0 0.26704833333333333 0.10124 0.007971666666666667 0.016739999999999998
0 0.25788 0.1299375 0.01780333333333333 0.0247125
0 0.24804833333333332 0.1253525 0.009831666666666667 0.0131525
0 0.25442666666666663 0.15664250000000002 0.020991666666666665 0.026305
0 0.26439 0.177965 0.01116 0.0131525
0 0.21337166666666668 0.22958 0.021258333333333334 0.0215225
0 0.192115 0.2387475 0.014348333333333334 0.020725
0 0.16554333333333332 0.1986925 0.014348333333333334 0.013949999999999999
0 0.28910166666666665 0.3425775 0.021788333333333333 0.0314875
0 0.07519833333333334 0.40615249999999997 0.0186 0.027899999999999998
0 0.06403833333333334 0.30312 0.0186 0.021125
0 0.019265 0.30052749999999995 0.017271666666666664 0.01435
0 0.24579 0.363105 0.017006666666666666 0.01993
0 0.36815333333333333 0.2321725 0.011426666666666667 0.019530000000000002
0 0.3778516666666667 0.228185 0.013286666666666667 0.019530000000000002
0 0.24579 0.40435750000000004 0.02285166666666667 0.026705
0 0.06257666666666667 0.4113325 0.01567666666666667 0.023915
0 0.063905 0.3999725 0.006111666666666667 0.007572499999999999
0 0.22174166666666667 0.4113325 0.012488333333333334 0.01435
0 0.22984666666666664 0.4197025 0.014348333333333334 0.01435
0 0.23037833333333332 0.40973750000000003 0.009035 0.012755
0 0.4306183333333333 0.0253325 0.01152 0.024307500000000003
0 0.4409666666666667 0.039244999999999995 0.016205 0.03456
0 0.5041283333333333 0.032802500000000005 0.015229999999999999 0.0292875
0 0.536735 0.0298725 0.0164 0.026357500000000002
0 0.40592 0.1654725 0.009761666666666667 0.0099575
0 0.42466333333333334 0.2439625 0.009761666666666667 0.015815
0 0.480015 0.21731 0.015425 0.0216725
0 0.5689516666666666 0.23049 0.01562 0.01933
0 0.5762733333333333 0.2195075 0.016596666666666666 0.01435
0 0.5450333333333333 0.06501749999999999 0.011128333333333332 0.01933
0 0.5615316666666667 0.08303 0.008981666666666667 0.0120075
0 0.5561616666666667 0.020795 0.009176666666666666 0.0169875
0 0.526875 0.0146425 0.008005 0.016399999999999998
0 0.5357583333333333 0.3160075 0.014838333333333334 0.027530000000000002
0 0.53615 0.33958499999999997 0.010933333333333333 0.011422499999999999
0 0.54103 0.35788749999999997 0.0082 0.022844999999999997
0 0.41587666666666673 0.2757375 0.019135 0.030165
0 0.39332666666666666 0.3359225 0.010348333333333334 0.011715
0 0.3520316666666667 0.3854175 0.011325 0.0134725
0 0.339145 0.400355 0.006638333333333333 0.0105425
0 0.3009733333333333 0.3842475 0.020891666666666666 0.0216725
0 0.29785 0.442675 0.018548333333333333 0.02138
0 0.31151666666666666 0.46054 0.022453333333333332 0.028995
0 0.29755666666666664 0.46185750000000003 0.0082 0.0169875
0 0.30937 0.509595 0.018548333333333333 0.01933
0 0.27852 0.6163474999999999 0.010738333333333334 0.02138
0 0.28144833333333336 0.6591075 0.018158333333333335 0.019037500000000002
0 0.22590166666666667 0.62528 0.0082 0.014057499999999999
0 0.23898333333333335 0.6251325000000001 0.009371666666666665 0.013179999999999999
0 0.286135 0.59365 0.009958333333333333 0.014057499999999999
0 0.2759816666666667 0.5999475 0.013863333333333335 0.0149375
0 0.42232000000000003 0.62572 0.0054666666666666665 0.01435
0 0.4614666666666667 0.605365 0.008395 0.0181575
0 0.3889333333333333 0.446775 0.013276666666666666 0.01728
0 0.28179333333333334 0.8427525 0.014646666666666665 0.027225000000000003
0 0.18404166666666666 0.8630525 0.015283333333333335 0.015282500000000001
0 0.1719416666666667 0.8895599999999999 0.013373333333333333 0.012895
0 0.17369333333333334 0.8620975 0.010508333333333333 0.0114625
0 0.23228000000000001 0.818155 0.014328333333333334 0.02197
0 0.25966333333333336 0.7928425 0.011781666666666666 0.017195000000000002
0 0.15506666666666666 0.7649025 0.014646666666666665 0.014805
0 0.17242 0.76944 0.010508333333333333 0.019105
0 0.21031 0.7438875 0.010508333333333333 0.01385
0 0.21206166666666665 0.7656175 0.010826666666666665 0.019105
0 0.17544333333333334 0.7372000000000001 0.018468333333333333 0.012895
0 0.04601 0.90938 0.02197 0.020059999999999998
0 0.04792 0.9289625 0.014328333333333334 0.019105
0 0.037094999999999996 0.944245 0.011145 0.0124175
0 0.005571666666666667 0.9452025 0.011145 0.022925
0 0.064 0.91535 0.010826666666666665 0.010985
0 0.13437000000000002 0.8012 0.010826666666666665 0.012895
0 0.13484666666666667 0.8129025000000001 0.006686666666666666 0.0114625
0 0.16557333333333335 0.82341 0.007641666666666667 0.015282500000000001
0 0.16254833333333332 0.7436475 0.013054999999999999 0.0143275
0 0.18865833333333334 0.73338 0.007323333333333333 0.014805
0 0.19423 0.76323 0.009551666666666667 0.0124175
0 0.261575 0.8680675 0.011781666666666666 0.0195825
0 0.235465 0.9007825 0.010508333333333333 0.017195000000000002
0 0.215405 0.9299175000000001 0.00796 0.019105
0 0.36951500000000004 0.842515 0.006686666666666666 0.01815
0 0.36665000000000003 0.79738 0.010508333333333333 0.027225000000000003
0 0.013054999999999999 0.774455 0.008278333333333334 0.01385
0 0.00589 0.7899775 0.011781666666666666 0.0143275
0 0.0025466666666666667 0.7734975 0.005095 0.009075
0 0.04680666666666666 0.29803250000000003 0.008278333333333334 0.0076425
0 0.05301499999999999 0.30663 0.00796 0.0105075
0 0.7980066666666666 0.0699825 0.008101666666666667 0.01027
0 0.8105883333333332 0.20004750000000002 0.0077466666666666665 0.0125375
0 0.8013733333333333 0.153885 0.008454999999999999 0.0132575
0 0.7391416666666667 0.1892625 0.004148333333333334 0.00692
0 0.7499216666666666 0.182335 0.006215 0.009547499999999999
0 0.6190066666666667 0.30354000000000003 0.00815 0.016895
0 0.6216166666666666 0.33179250000000005 0.010961666666666666 0.014645
0 0.5568733333333333 0.3498 0.009226666666666666 0.011789999999999998
0 0.5527733333333333 0.3691375 0.008055 0.014307499999999999
0 0.558615 0.361 0.009091666666666666 0.0124975
0 0.5283016666666667 0.3495975 0.008123333333333333 0.013195
0 0.5316166666666666 0.36441500000000004 0.010556666666666667 0.0157125
0 0.47026999999999997 0.4016825 0.008363333333333334 0.0125125
0 0.46569999999999995 0.41388749999999996 0.009468333333333334 0.01523
0 0.4581516666666666 0.4170275 0.0058200000000000005 0.0079475
0 0.48145166666666667 0.4324225 0.005416666666666667 0.0143325
0 0.4916783333333334 0.4372675 0.008395 0.00866
0 0.485485 0.45711 0.010016666666666667 0.021222500000000002
0 0.47576 0.46579750000000003 0.012111666666666666 0.0169075
0 0.5512166666666667 0.48747 0.011168333333333334 0.01777
0 0.5591833333333334 0.492365 0.005436666666666666 0.0221575
0 0.5849933333333334 0.5138400000000001 0.005206666666666667 0.0072325
0 0.6246633333333333 0.47004 0.006208333333333333 0.0064125
0 0.63156 0.469915 0.009153333333333333 0.01068
0 0.6442633333333333 0.47837999999999997 0.009855000000000001 0.0158575
0 0.6559633333333333 0.4735575 0.008548333333333333 0.013445
0 0.6689016666666666 0.396535 0.01213 0.015775
0 0.6798833333333334 0.3937975 0.007575 0.011205
0 0.640615 0.43315 0.009788333333333333 0.014884999999999999
0 0.57234 0.4349575 0.0064133333333333325 0.011269999999999999
0 0.67364 0.4349075 0.005333333333333333 0.009362500000000001
0 0.6876333333333333 0.4390775 0.006804999999999999 0.014085
0 0.4933616666666667 0.050382500000000004 0.01116 0.01586
0 0.4785316666666667 0.0693425 0.008013333333333332 0.013105
0 0.47729333333333335 0.17602500000000001 0.009151666666666666 0.0167625
0 0.45643833333333333 0.1920475 0.006006666666666666 0.0108425
0 0.5798816666666666 0.24681999999999998 0.008843333333333333 0.0128225
0 0.5365466666666667 0.1621625 0.007138333333333333 0.014345
0 0.51164 0.15969999999999998 0.0067399999999999995 0.01123
0 0.4761716666666667 0.1601275 0.008716666666666666 0.0093725
0 0.55685 0.07168000000000001 0.007371666666666666 0.0114475
2 0.44286333333333333 0.0789625 0.014411666666666666 0.0260175
0 0.5647916666666667 0.284585 0.010608333333333332 0.010960000000000001
0 0.59472 0.23414500000000002 0.008121666666666666 0.012095
0 0.5695066666666666 0.25815750000000004 0.007126666666666667 0.008167500000000001
0 0.568675 0.268195 0.00704 0.0117125
0 0.5612233333333334 0.25775 0.00725 0.011605
0 0.504745 0.21475 0.00827 0.012035
0 0.49588499999999996 0.2182675 0.005350000000000001 0.0134
0 0.61315 0.7194824999999999 0.011536666666666667 0.0214925
0 0.6220283333333333 0.7223275 0.010786666666666667 0.024465
0 0.5673883333333333 0.820885 0.009428333333333334 0.0123225
0 0.5768949999999999 0.8290425 0.009585 0.01684
0 0.5543416666666667 0.8447224999999999 0.012113333333333335 0.016059999999999998
0 0.5931516666666666 0.8370125 0.012138333333333333 0.016057500000000002
0 0.361005 0.821915 0.008275 0.0128375
0 0.35095666666666664 0.8366925 0.006678333333333333 0.0192675
0 0.3696833333333333 0.827545 0.009188333333333333 0.0109975
0 0.5897716666666667 0.753255 0.00846 0.0134975
0 0.59668 0.7687825 0.008916666666666666 0.0175725
0 0.5723 0.7736649999999999 0.007435 0.0180875
0 0.59611 0.8083575 0.007775 0.0103925
0 0.570345 0.8128975 0.010203333333333333 0.0133075
0 0.5212166666666667 0.6951725 0.013693333333333333 0.02143
0 0.5174483333333333 0.7100974999999999 0.00924 0.0181375
0 0.5270549999999999 0.7136925 0.011115 0.014755
0 0.530195 0.6368125 0.010579999999999999 0.01648
0 0.5295383333333333 0.6500049999999999 0.006183333333333333 0.0089475
0 0.64397 0.5957374999999999 0.012539999999999999 0.0206625
0 0.6298383333333334 0.6005349999999999 0.009971666666666667 0.0179225
0 0.671775 0.6115 0.010596666666666666 0.01056
0 0.6749149999999999 0.632445 0.011738333333333335 0.0200775
0 0.6844783333333333 0.6277125 0.01031 0.0175475
0 0.6926016666666666 0.63574 0.00993 0.0165
0 0.6727883333333333 0.6599625 0.013138333333333333 0.017305
0 0.6804533333333334 0.6668125 0.009045000000000001 0.015245
0 0.6135666666666667 0.54871 0.008261666666666667 0.014475
2 0.6120833333333333 0.5317050000000001 0.013513333333333334 0.023635000000000003
0 0.5975383333333333 0.5166499999999999 0.010631666666666666 0.014335
0 0.5910716666666667 0.5260499999999999 0.006436666666666666 0.009242499999999999
0 0.5820500000000001 0.5255575 0.007921666666666667 0.0136525
0 0.007861666666666666 0.4281425 0.015725 0.0179275
0 0.15179 0.50298 0.006796666666666667 0.01267
0 0.17661000000000002 0.54904 0.012401666666666667 0.01225
0 0.19113333333333332 0.0203125 0.010141666666666667 0.013577500000000001