1 0.38232333333333335 0.054125 0.030135000000000002 0.0427425
1 0.30751 0.694955 0.03224 0.047240000000000004
1 0.5604533333333332 0.1579975 0.030975 0.0339075
1 0.6074499999999999 0.3760375 0.037388333333333336 0.05565
1 0.54353 0.124125 0.017391666666666666 0.0300175
1 0.6408116666666667 0.3660175 0.03267833333333333 0.033995
1 0.667375 0.980495 0.036401666666666666 0.039012500000000006
1 0.7137783333333333 0.83333 0.038983333333333335 0.0522575
1 0.7285683333333333 0.2268275 0.033041666666666664 0.06498999999999999
1 0.4297733333333333 0.7084900000000001 0.021143333333333333 0.028954999999999998
1 0.428475 0.327625 0.020213333333333333 0.023215
1 0.32893666666666665 0.025160000000000002 0.029833333333333333 0.041825
1 0.23711500000000002 0.93628 0.019 0.039635