1 0.3201333333333333 0.772505 0.03901333333333334 0.0526825
1 0.63403 0.101795 0.028069999999999998 0.0501675
1 0.6797016666666666 0.3433725 0.03227 0.0560825
1 0.916275 0.2164875 0.02519666666666667 0.042915
1 0.7237549999999999 0.2978775 0.041205 0.059385
1 0.018606666666666667 0.527005 0.037213333333333334 0.0730875
1 0.5123183333333333 0.057885 0.03681 0.04935
1 0.3134516666666667 0.696875 0.0324 0.043525
1 0.26430666666666663 0.26452499999999995 0.04160666666666667 0.0707025
1 0.301185 0.24805000000000002 0.035228333333333334 0.05607
1 0.10387166666666667 0.25494 0.05351333333333333 0.08198749999999999
1 0.080385 0.3027225 0.04721666666666667 0.076595
1 0.23656166666666664 0.251915 0.05017666666666667 0.0725875
1 0.42228666666666664 0.021505 0.039213333333333336 0.04301
2 0.7846633333333333 0.2241825 0.022618333333333334 0.028765
1 0.19703833333333334 0.8049425 0.03437333333333333 0.045865
1 0.80125 0.1425 0.0325 0.055
1 0.8258333333333333 0.2325 0.025 0.04
1 0.88875 0.32 0.0225 0.035
1 0.48125 0.11625 0.0275 0.0325
1 0.2733333333333333 0.54625 0.03666666666666667 0.055
1 0.06948166666666666 0.06472750000000001 0.04095833333333333 0.06472750000000001
1 0.07478499999999999 0.0159175 0.046443333333333336 0.0318375
1 0.4175016666666667 0.42512 0.02057 0.030855
1 0.49768833333333334 0.517115 0.014094999999999998 0.018285
1 0.49883 0.502545 0.007238333333333334 0.010857499999999999
1 0.5731116666666667 0.4382625 0.025521666666666665 0.04114
1 0.6018716666666667 0.35626749999999996 0.026665 0.04057
1 0.5938733333333333 0.38598000000000005 0.02590333333333333 0.0417125
1 0.279795 0.693105 0.030855 0.04914
1 0.36474166666666663 0.6779625 0.020951666666666667 0.034855
1 0.6309266666666666 0.289965 0.024030000000000003 0.0368475
1 0.7374616666666668 0.4105175 0.020291666666666666 0.028035
1 0.7809833333333333 0.4185275 0.020826666666666667 0.0344425
1 0.69394 0.4625825 0.014418333333333333 0.02323
1 0.6757833333333333 0.45977749999999995 0.019758333333333333 0.027235
1 0.6909633333333333 0.4191125 0.01169 0.0162525
1 0.68013 0.409275 0.017391666666666666 0.0171075
1 0.873675 0.0631275 0.02285 0.026465
1 0.88351 0.202185 0.011280000000000002 0.013885
1 0.8910300000000001 0.2165025 0.013016666666666666 0.01128
1 0.9519166666666666 0.1913375 0.008676666666666668 0.0086775
1 0.97549 0.24427000000000001 0.010123333333333333 0.013015
1 0.96956 0.26054 0.009835 0.01345
1 0.9595816666666667 0.258805 0.009545 0.011715
1 0.9442516666666667 0.255985 0.007231666666666667 0.0069425