1 0.094775 0.5203775 0.06471833333333334 0.07985500000000001
1 0.5707833333333333 0.2914275 0.040455 0.06717000000000001
1 0.832345 0.759915 0.03901166666666667 0.0586775
1 0.9332383333333334 0.4825725 0.04714666666666666 0.066155
1 0.5078216666666666 0.87276 0.039810000000000005 0.061189999999999994
1 0.77354 0.3079075 0.03380833333333333 0.03915
1 0.7218433333333334 0.283505 0.037935 0.04111
1 0.35321 0.46365249999999997 0.026683333333333333 0.058835
1 0.9675 0.115 0.018333333333333333 0.03
1 0.5116066666666667 0.5052075 0.027793333333333333 0.0383975
1 0.8172183333333334 0.7309675 0.03775333333333333 0.0435625