1 0.8259583333333333 0.0402975 0.051791666666666666 0.07406
1 0.888705 0.038005000000000004 0.047425 0.0636775
1 0.37101999999999996 0.505935 0.04551499999999999 0.068895
1 0.2731983333333333 0.5511225 0.03904333333333333 0.064015
1 0.8074366666666667 0.4491675 0.045395 0.0584225
1 0.5062416666666666 0.21468 0.04511333333333333 0.06937
1 0.37578833333333334 0.753675 0.03863 0.05468
1 0.576925 0.30550499999999997 0.04177666666666666 0.069125
1 0.42770166666666665 0.6660025 0.03464333333333334 0.035840000000000004
1 0.49414 0.6951849999999999 0.035855 0.036705
1 0.39973166666666665 0.7621825 0.025371666666666664 0.0432025
1 0.5855816666666667 0.6481425000000001 0.03544166666666667 0.0579375
1 0.4664116666666666 0.19301249999999998 0.04837 0.0624125