1 0.27525499999999997 0.3804975 0.052781666666666664 0.07127
1 0.33693833333333334 0.50744 0.04077833333333333 0.06910250000000001
1 0.6736416666666667 0.34458249999999996 0.05215166666666667 0.0648625
1 0.6385266666666667 0.1779325 0.04844 0.0718625
1 0.7645116666666666 0.514755 0.047545 0.07113249999999999
1 0.5528066666666667 0.21799000000000002 0.05164833333333333 0.070495
1 0.7074483333333332 0.45789749999999996 0.045031666666666664 0.0665325
1 0.290665 0.450625 0.045725 0.057425
1 0.565515 0.1381 0.043595 0.06721250000000001
1 0.50101 0.5369925 0.04216166666666667 0.0573325
1 0.7387250000000001 0.7687825 0.04608333333333333 0.0507275