2 0.094165 0.130775 0.020418333333333333 0.028427499999999998
2 0.20278000000000002 0.21272749999999999 0.020531666666666667 0.02598
2 0.08379333333333333 0.3347475 0.010608333333333332 0.02401
2 0.043785 0.4071825 0.021186666666666666 0.023614999999999997
2 0.08604999999999999 0.56938 0.015123333333333332 0.01765
2 0.08897833333333334 0.579075 0.01573 0.01216
2 0.141855 0.451835 0.011143333333333333 0.014515
2 0.12918333333333334 0.57063 0.010793333333333334 0.0154625
2 0.18373 0.422025 0.018356666666666667 0.02518
2 0.19746333333333332 0.42248 0.013805 0.0190625
2 0.183035 0.34837250000000003 0.02321666666666667 0.026655
2 0.253225 0.3648075 0.02379833333333333 0.03024
2 0.21521166666666666 0.7174375 0.016498333333333334 0.020895
2 0.22185166666666664 0.7028574999999999 0.015719999999999998 0.019850000000000003
2 0.2859433333333333 0.7344125 0.017383333333333334 0.022045000000000002
2 0.32332666666666665 0.699135 0.021081666666666665 0.0311475
2 0.4054716666666667 0.8812625000000001 0.021361666666666664 0.025215
2 0.351945 0.6772250000000001 0.022868333333333334 0.031845
2 0.4065566666666667 0.699845 0.023358333333333335 0.0313975
2 0.39039166666666664 0.7038150000000001 0.015413333333333334 0.027622499999999998
2 0.4119366666666667 0.6192925 0.026483333333333334 0.03313
2 0.3921483333333333 0.6242725 0.018148333333333332 0.0231725
2 0.2918233333333333 0.6516775 0.017428333333333334 0.0287775
2 0.342615 0.04843 0.015141666666666666 0.031255
2 0.4054716666666667 0.1202125 0.021361666666666664 0.034245
2 0.3799766666666667 0.17351 0.013328333333333333 0.028375
2 0.39019666666666664 0.27876249999999997 0.015803333333333332 0.0209875
2 0.4102416666666666 0.5415675 0.015955 0.03329
2 0.4438733333333333 0.5581050000000001 0.015383333333333332 0.023215
2 0.4638333333333333 0.5766525 0.013425 0.02638
2 0.50659 0.76589 0.020541666666666666 0.029935
2 0.5538666666666666 0.76963 0.012785 0.0245325
2 0.5696383333333334 0.7734675 0.01737 0.0216825
2 0.5552116666666667 0.4913375 0.023286666666666667 0.0279125
2 0.5434733333333334 0.56079 0.009961666666666667 0.019212499999999997
2 0.47274333333333335 0.053642499999999996 0.021574999999999997 0.026455
2 0.392855 0.0075525 0.01956 0.0151025
2 0.485305 0.0816475 0.013116666666666667 0.0238875
2 0.5444933333333334 0.13924250000000002 0.02528 0.0406725
2 0.5209966666666667 0.1763425 0.024363333333333334 0.035215
2 0.49958166666666665 0.224695 0.027613333333333333 0.038197499999999995
2 0.4933766666666667 0.282885 0.019886666666666667 0.028059999999999998
2 0.6661033333333333 0.09345999999999999 0.014678333333333331 0.0252575
2 0.6782766666666666 0.1427225 0.019498333333333333 0.025375
2 0.7127516666666667 0.25418 0.015818333333333334 0.019850000000000003
2 0.7032266666666667 0.29245499999999996 0.014731666666666667 0.021425
2 0.69198 0.7561875 0.011763333333333332 0.0210775
2 0.7013966666666667 0.7576174999999999 0.008456666666666666 0.0182375
2 0.7062566666666666 0.769045 0.007513333333333333 0.0151575
2 0.8179516666666666 0.6965625 0.009103333333333333 0.014289999999999999
2 0.8135266666666666 0.6869299999999999 0.009623333333333334 0.013765000000000001
2 0.8108783333333334 0.642145 0.012138333333333333 0.0179175
2 0.8880333333333333 0.854935 0.013373333333333333 0.019414999999999998
2 0.7673766666666667 0.5288425 0.016511666666666664 0.01975
2 0.7088616666666667 0.511885 0.018969999999999997 0.024495
2 0.8296033333333334 0.39859249999999996 0.01913 0.024005
2 0.8379133333333333 0.2173175 0.017786666666666666 0.0281325
2 0.6275 0.3 0.016666666666666666 0.015
2 0.6025 0.34625 0.025 0.0275