1 0.4104216666666667 0.45565750000000005 0.04628333333333333 0.06414
1 0.43990166666666664 0.29763249999999997 0.04066 0.0596425
1 0.5355133333333333 0.7885599999999999 0.03022666666666667 0.047917499999999995
1 0.041128333333333336 0.6880325 0.054175 0.0566725
1 0.794035 0.5327825 0.037329999999999995 0.0506675
1 0.31332166666666666 0.22333250000000002 0.04078833333333333 0.05257
1 0.381725 0.84558 0.034800000000000005 0.060925
1 0.20506333333333335 0.7643625 0.05287166666666667 0.0590875
1 0.46462166666666666 0.46158 0.037625 0.0483225
1 0.04737833333333333 0.9871074999999999 0.041688333333333334 0.025785
1 0.172295 0.1280025 0.03222 0.044425
1 0.243305 0.2513675 0.03740333333333333 0.052399999999999995