1 0.23739 0.40964999999999996 0.036655 0.0487425
1 0.19647333333333333 0.6514675 0.030236666666666665 0.0512325
1 0.14571499999999998 0.5536725 0.03531666666666667 0.0525475
1 0.09438666666666667 0.6577949999999999 0.03453 0.04115
1 0.5693866666666667 0.34272250000000004 0.019655000000000002 0.03175
1 0.14122833333333334 0.76566 0.03138833333333334 0.044719999999999996
1 0.391295 0.759925 0.03260166666666667 0.047695
1 0.06010666666666666 0.5835499999999999 0.03149333333333333 0.040295000000000004
1 0.4862916666666667 0.17139500000000002 0.023768333333333336 0.029097500000000002
1 0.9166316666666666 0.688805 0.027858333333333336 0.029445
1 0.5307783333333334 0.31155 0.023865 0.0272075
1 0.23723666666666668 0.7272725 0.03102333333333333 0.0460625
1 0.24551333333333333 0.6249049999999999 0.032355 0.0495675
1 0.9518666666666666 0.6871325 0.023495 0.036575
1 0.9782466666666666 0.5803375 0.021436666666666666 0.035565
1 0.8552049999999999 0.49839 0.021641666666666667 0.037462499999999996
1 0.8452966666666666 0.202995 0.023319999999999997 0.03936
1 0.7804216666666666 0.249 0.024310000000000002 0.0364375
1 0.6211083333333334 0.42234 0.021411666666666666 0.0357475
1 0.8093616666666666 0.7109 0.024316666666666667 0.032619999999999996
1 0.8350133333333333 0.717835 0.025548333333333333 0.04246
1 0.8610300000000001 0.7209450000000001 0.02878 0.04456
1 0.35945666666666665 0.77244 0.028153333333333332 0.046384999999999996
1 0.2622583333333333 0.86053 0.01502 0.028552499999999998
1 0.138915 0.7928624999999999 0.024001666666666664 0.026420000000000003
1 0.16234666666666667 0.7884425 0.024496666666666667 0.028300000000000002
1 0.11870000000000001 0.754325 0.028616666666666665 0.043935
1 0.122385 0.78684 0.02054 0.0336775
1 0.22711333333333333 0.6456525000000001 0.029871666666666664 0.04377
1 0.5218733333333333 0.367115 0.014280000000000001 0.0213875