2 0.097495 0.12067 0.036908333333333335 0.0548825
2 0.17259 0.2539425 0.027213333333333332 0.0478275
2 0.19916166666666668 0.26744999999999997 0.027731666666666665 0.0332475
2 0.24070166666666667 0.24397749999999999 0.05309666666666667 0.05154
2 0.37208833333333335 0.11222499999999999 0.047896666666666664 0.07177249999999999
2 0.4010233333333333 0.0316525 0.049468333333333336 0.0626275
2 0.5645 0.041272500000000004 0.037925 0.0431125
2 0.7534166666666666 0.0480275 0.04291 0.0566225
2 0.7905666666666666 0.44025749999999997 0.053906666666666665 0.05903
2 0.6077283333333333 0.5409325 0.03952666666666667 0.07122
2 0.5085416666666667 0.527925 0.04156833333333333 0.062095
2 0.416335 0.45073250000000004 0.053068333333333335 0.0732225
2 0.44966333333333336 0.458155 0.03340166666666666 0.047045000000000003
2 0.2416033333333333 0.46154 0.036885 0.054305
2 0.21064333333333332 0.5128925000000001 0.04477166666666667 0.06243
2 0.24903666666666668 0.52437 0.024813333333333333 0.0497275
2 0.28810166666666664 0.56897 0.028546666666666668 0.052985
2 0.31568666666666667 0.5899099999999999 0.026625 0.04025
2 0.28010833333333335 0.73411 0.02832166666666667 0.058992499999999996
2 0.46609666666666666 0.787825 0.05801333333333333 0.0786025
2 0.41757333333333335 0.7553925 0.030776666666666667 0.054270000000000006
2 0.43232166666666666 0.9688424999999999 0.06252333333333333 0.062317500000000005
2 0.4255666666666667 0.9026875 0.04000666666666666 0.0651225
2 0.508205 0.9526875 0.020628333333333332 0.084055
2 0.5447983333333333 0.9536425000000001 0.061564999999999995 0.0927175
2 0.5293733333333333 0.6847775 0.036118333333333336 0.06669499999999999
2 0.48591166666666663 0.6810700000000001 0.04360000000000001 0.06776
2 0.7795333333333333 0.675665 0.04535166666666667 0.07046250000000001
2 0.9274699999999999 0.6781975 0.03046666666666667 0.0518825
2 0.3747916666666667 0.2691175 0.04429333333333333 0.0747975
2 0.319625 0.308475 0.046555 0.069065
2 0.3537383333333333 0.639885 0.035965 0.06308
2 0.421965 0.584145 0.032801666666666666 0.0664425