1 0.6932766666666667 0.34419 0.03062 0.05028
1 0.6274166666666666 0.15054499999999998 0.03845833333333333 0.0535425
1 0.6794399999999999 0.161905 0.026985 0.0502525
1 0.20706833333333335 0.2015 0.033688333333333334 0.044735
1 0.15040833333333334 0.28099250000000003 0.03197166666666667 0.05217
1 0.18860333333333332 0.2833 0.031645 0.046020000000000005
1 0.41087833333333335 0.3397925 0.01798 0.0298075
1 0.1861833333333333 0.0111325 0.031595 0.022265
1 0.6497366666666666 0.1771275 0.019755 0.037997500000000003
1 0.7079016666666667 0.368645 0.018186666666666667 0.031265
1 0.751885 0.5359925 0.020468333333333335 0.030355
1 0.7319100000000001 0.557825 0.020168333333333333 0.0254975
1 0.324385 0.9615900000000001 0.021416666666666667 0.038615000000000003
1 0.380045 0.9631225 0.022883333333333335 0.0328525
1 0.39039333333333337 0.987325 0.023763333333333334 0.02535
1 0.3698066666666667 0.989285 0.021373333333333334 0.0214275
1 0.7736866666666666 0.6631825 0.020805 0.027649999999999997
1 0.78541 0.6713275 0.018253333333333333 0.024730000000000002
1 0.8630166666666668 0.573 0.012256666666666667 0.0191675