2 0.6726133333333333 0.467775 0.06946833333333334 0.111885
0 0.45566 0.388235 0.07722833333333333 0.1428075
0 0.3672483333333333 0.1079725 0.08873666666666666 0.05978
0 0.5189183333333334 0.0680225 0.05541166666666667 0.1148775
0 0.19838166666666665 0.5924349999999999 0.052669999999999995 0.0362025
0 0.4498783333333333 0.7028175 0.06399500000000001 0.11447249999999999
0 0.5899916666666666 0.038939999999999995 0.022556666666666666 0.024212499999999998
0 0.7642066666666666 0.541635 0.08098833333333333 0.049604999999999996
0 0.5178383333333334 0.9209875 0.06491833333333333 0.15081
0 0.32678 0.8905075 0.10446499999999999 0.1373525
0 0.28829 0.6546425 0.030821666666666667 0.0606175
0 0.32509499999999997 0.716745 0.026095 0.067325
0 0.37427166666666667 0.18836000000000003 0.036116666666666665 0.09055500000000001
0 0.42429833333333333 0.19161250000000002 0.03617 0.0895625
0 0.3937283333333333 0.7055750000000001 0.036695 0.119985
0 0.45308333333333334 0.93162 0.05207333333333333 0.0895775
0 0.35702666666666666 0.784715 0.036625 0.045765
0 0.6191633333333333 0.22596 0.018035 0.036712499999999995
0 0.6405033333333333 0.101045 0.02049166666666667 0.039207500000000006
0 0.5697616666666667 0.17470750000000002 0.012851666666666666 0.028555