2 0.4567901234567901 0.14941220238095237 0.14488536155202822 0.07470734126984127
2 0.08492063492063492 0.27057291666666666 0.09385802469135802 0.04588045634920635
2 0.3983377425044092 0.2642881944444444 0.03910934744268078 0.02074156746031746
2 0.3374382716049382 0.21652281746031746 0.03351851851851852 0.021999007936507938
2 0.35866843033509704 0.20112351190476188 0.02234567901234568 0.01382688492063492
2 0.3648148148148148 0.18446676587301586 0.02123015873015873 0.011941964285714285
2 0.06983245149911817 0.3199107142857143 0.06369047619047619 0.028911210317460315
2 0.4156569664902998 0.4116741071428571 0.04246031746031746 0.02765376984126984
2 0.37989858906525575 0.4424702380952381 0.0536331569664903 0.03142609126984127
2 0.03910934744268078 0.6325967261904762 0.07821428571428571 0.06473710317460317
2 0.010057319223985891 0.69921875 0.020110229276895944 0.043368055555555556
2 0.5033686067019401 0.6300818452380952 0.06815696649029983 0.033311011904761906
2 0.7145458553791887 0.7337872023809524 0.11061728395061728 0.05970734126984127
2 0.6441534391534391 0.6505084325396825 0.07486331569664903 0.060337301587301585
2 0.6614726631393298 0.5449181547619047 0.05139770723104056 0.032683531746031745
2 0.7885361552028219 0.8200198412698413 0.10290564373897707 0.0426264880952381
2 0.942094356261023 0.7044766865079365 0.07179453262786596 0.054742063492063495