0 0.05287000000000001 0.221455 0.01753 0.03174
0 0.008931666666666668 0.15686250000000002 0.015880000000000002 0.0200275
0 0.009216666666666666 0.176445 0.015191666666666668 0.0143775
0 0.09274833333333334 0.10964499999999999 0.01106 0.0169625
0 0.109375 0.115145 0.015835000000000002 0.02915
0 0.09858833333333333 0.1957575 0.014828333333333334 0.007634999999999999
0 0.09443 0.2120975 0.011260000000000001 0.0213275
0 0.10323166666666667 0.21208000000000002 0.0051533333333333336 0.009555
0 0.006033333333333334 0.0665725 0.012066666666666668 0.013415
0 0.15378 0.08574 0.013646666666666666 0.0166175
0 0.20494333333333334 0.1602825 0.015506666666666667 0.0304275
0 0.16011166666666665 0.105335 0.0065316666666666665 0.0083425
0 0.03700833333333334 0.187 0.012678333333333331 0.013852499999999998
0 0.04007666666666667 0.208385 0.014068333333333332 0.0222125
0 0.111715 0.13962 0.007198333333333333 0.019205
0 0.10182500000000001 0.13562749999999998 0.00862 0.011967499999999999
0 0.09351333333333334 0.021857500000000002 0.011775 0.0181925
0 0.11122833333333333 0.0166625 0.015561666666666668 0.0220425
0 0.12676333333333334 0.0166575 0.008658333333333334 0.011349999999999999
0 0.14675333333333332 0.053335 0.009875 0.0176625
0 0.204545 0.037 0.012338333333333333 0.011689999999999999
0 0.245415 0.041460000000000004 0.012598333333333335 0.0253575
0 0.22453333333333333 0.0577875 0.006431666666666667 0.0141075
0 0.32359333333333334 0.016217500000000003 0.012321666666666668 0.0223375
0 0.41117333333333334 0.12906 0.01661 0.022567499999999997
0 0.45144999999999996 0.10975499999999999 0.015681666666666667 0.015995
0 0.44165166666666666 0.17211500000000002 0.012698333333333332 0.01731
0 0.47796833333333333 0.17033500000000001 0.01018 0.017305
0 0.4923166666666667 0.0828825 0.009608333333333333 0.0180175
0 0.49776 0.07025749999999999 0.008626666666666666 0.012945
0 0.41899000000000003 0.0802125 0.014841666666666666 0.022170000000000002
0 0.47430833333333333 0.07783499999999999 0.014726666666666667 0.018602499999999998
0 0.4343266666666667 0.1338125 0.010708333333333334 0.023765
0 0.19336166666666668 0.2887475 0.007373333333333333 0.0168125
0 0.3262683333333333 0.3086525 0.020043333333333333 0.0328875
0 0.37782166666666667 0.310425 0.010028333333333334 0.015075
0 0.34793833333333335 0.398475 0.014336666666666666 0.023864999999999997
0 0.29390666666666665 0.4130275 0.013859999999999999 0.0233
0 0.23166 0.41851499999999997 0.0104 0.0141075
0 0.034535 0.37115499999999996 0.012476666666666667 0.023809999999999998
0 0.141905 0.36729500000000004 0.013628333333333333 0.0232075
0 0.18941 0.49053250000000004 0.024785 0.024052499999999997
0 0.15704666666666667 0.5540925 0.016225 0.0503125
0 0.050763333333333334 0.5346275 0.010126666666666666 0.0196875
0 0.03048 0.52379 0.020981666666666666 0.0229325
0 0.1477416666666667 0.49528 0.0071066666666666665 0.016935
0 0.37990166666666664 0.6600275 0.015771666666666666 0.03198
0 0.36386999999999997 0.6766525 0.012976666666666666 0.026075
0 0.3340883333333333 0.7096275000000001 0.027775 0.0528675
0 0.16100833333333334 0.90539 0.024939999999999997 0.0362
0 0.11528500000000001 0.84837 0.012598333333333335 0.0253925
0 0.14299666666666666 0.8137725 0.019766666666666665 0.0214625
0 0.16842833333333335 0.8673725 0.01842 0.021867499999999998
0 0.324385 0.9466625000000001 0.014696666666666669 0.027375
0 0.49788333333333334 0.41196 0.02952 0.049975
0 0.5328616666666667 0.45252499999999996 0.022198333333333334 0.019872499999999998
0 0.5101733333333334 0.504015 0.017468333333333332 0.041107500000000005
0 0.5288266666666667 0.4956025 0.010445 0.017265
0 0.45876 0.7216675 0.014708333333333334 0.0261225
0 0.4968733333333333 0.63263 0.017671666666666665 0.0356675
0 0.512295 0.727035 0.014565 0.0301575
0 0.46803833333333333 0.28832 0.016286666666666668 0.0264975
0 0.4456833333333333 0.2754075 0.011781666666666666 0.03016
0 0.4939666666666667 0.3059325 0.018113333333333335 0.041625
0 0.5120600000000001 0.29083499999999995 0.017175 0.026165
0 0.5809216666666667 0.031725 0.02405833333333333 0.0480275
0 0.69682 0.19173500000000002 0.02714 0.0316725
0 0.6991466666666667 0.2368425 0.02717333333333333 0.029415
0 0.935865 0.0148575 0.02545666666666667 0.0297125
0 0.9725233333333334 0.26606 0.029089999999999998 0.038265
0 0.8740583333333334 0.7191175 0.025141666666666666 0.036435
0 0.8406383333333334 0.4756325 0.01369 0.0299025
0 0.866905 0.432375 0.02155333333333333 0.041217500000000004
0 0.9015500000000001 0.418945 0.016688333333333333 0.0157025