1 0.13197666666666666 0.37361500000000003 0.06221 0.0872625
1 0.7578333333333334 0.6079175 0.04551666666666667 0.066015
1 0.7167866666666667 0.60446 0.04384333333333333 0.0634725
1 0.30993666666666664 0.0250125 0.07471666666666667 0.0500275
1 0.7126633333333333 0.6736224999999999 0.0318 0.0460075
1 0.4353633333333333 0.0848775 0.060235000000000004 0.08491249999999999
1 0.29441666666666666 0.3835175 0.054026666666666674 0.0662675
1 0.40084333333333333 0.5738875 0.041604999999999996 0.0483375
1 0.25101 0.37905 0.04292833333333333 0.0594375
1 0.6622983333333333 0.617475 0.030944999999999997 0.05895
1 0.08299166666666666 0.23033250000000002 0.030968333333333334 0.0526225
1 0.8636133333333333 0.5301224999999999 0.024413333333333332 0.0456575
1 0.8792049999999999 0.6053775 0.018798333333333334 0.029365
1 0.8122916666666666 0.44073 0.044175 0.04328
1 0.6659816666666667 0.4547875 0.03304833333333333 0.0521925