1 0.7713216666666667 0.07828 0.06564333333333333 0.08533750000000001
1 0.376055 0.3906875 0.05104333333333333 0.06731000000000001
1 0.90423 0.6612325 0.04727666666666667 0.0667475
1 0.2561733333333333 0.8491825 0.04126833333333334 0.045055
1 0.783685 0.49494 0.054676666666666665 0.062855
1 0.21590333333333334 0.8347100000000001 0.033825 0.057155000000000004
2 0.39293999999999996 0.646805 0.02722666666666667 0.03411
1 0.09056499999999999 0.509195 0.04001166666666667 0.0527475
1 0.6308 0.15208750000000001 0.039645 0.06299
1 0.8428633333333334 0.39945749999999997 0.03442666666666667 0.06364500000000001
1 0.218255 0.13157 0.05916166666666667 0.0593325
1 0.4599633333333334 0.7022075 0.03671 0.0539225
1 0.8901866666666667 0.4108225 0.038718333333333334 0.04548
1 0.9169916666666666 0.41685500000000003 0.023444999999999997 0.0375475
1 0.8082516666666667 0.13862 0.033716666666666666 0.05478