2 0.40167 0.19922666666666666 0.0760825 0.05513333333333333
2 0.551355 0.8812399999999999 0.023877500000000003 0.016691666666666667
2 0.6755549999999999 0.9903233333333332 0.032119999999999996 0.019353333333333333
0 0.4009675 0.93845 0.028882500000000002 0.023939999999999996
0 0.4503725 0.9573233333333333 0.039085 0.03238333333333333
0 0.37833249999999996 0.9810983333333334 0.0495525 0.037803333333333335
0 0.4696925 0.9858566666666667 0.022775 0.013433333333333332
0 0.316455 0.8736316666666667 0.0336375 0.02206666666666667
0 0.37333999999999995 0.9105949999999999 0.018275 0.014023333333333334
0 0.0558775 0.857735 0.0341325 0.017986666666666668
0 0.28360250000000004 0.8253316666666667 0.0573325 0.023303333333333332
0 0.35031 0.7783233333333333 0.054335 0.024611666666666664
0 0.4338575 0.8057366666666667 0.043925 0.02082
0 0.696265 0.7950216666666667 0.022265 0.01582333333333333
0 0.8009475 0.7863466666666666 0.0261875 0.02532
0 0.8183725 0.8170083333333333 0.04296 0.019258333333333332
0 0.97638 0.7919766666666667 0.0294425 0.014665
0 0.8255750000000001 0.9206416666666667 0.0335325 0.022176666666666667
0 0.91531 0.8581333333333334 0.02071 0.027001666666666667
0 0.68288 0.73556 0.0300125 0.013045
0 0.6457525000000001 0.7987266666666666 0.03136 0.03528833333333333
0 0.1525625 0.7182366666666666 0.028390000000000002 0.019841666666666667
0 0.19996250000000002 0.7527016666666667 0.020792500000000002 0.011435
0 0.3784925 0.7343649999999999 0.0405775 0.019161666666666667
0 0.419315 0.7168866666666667 0.0248325 0.020961666666666667
0 0.3172075 0.6589066666666666 0.0175425 0.03771666666666667
0 0.2765025 0.6391066666666666 0.034235 0.011005000000000001
0 0.02662 0.588375 0.028315 0.013263333333333334
0 0.0589975 0.5889683333333333 0.02206 0.01492
0 0.06926500000000001 0.5140333333333333 0.0313525 0.018306666666666666
0 0.0921875 0.488215 0.026574999999999998 0.017756666666666667
0 0.20449 0.5032433333333334 0.014265 0.011726666666666666
0 0.08085250000000001 0.540595 0.015155 0.016595
0 0.09873 0.5618533333333333 0.022787500000000002 0.01412
0 0.4034475 0.48190666666666665 0.039575000000000006 0.015453333333333333
0 0.40039749999999996 0.5131233333333333 0.0278525 0.020706666666666665
0 0.419315 0.5402166666666667 0.04038 0.02568166666666667
0 0.5071025 0.5663766666666668 0.04301 0.030196666666666667
0 0.46649 0.4619883333333333 0.044039999999999996 0.022481666666666664
0 0.2233175 0.46198666666666666 0.01466 0.017325
0 0.338335 0.4435916666666667 0.026754999999999998 0.013813333333333332
0 0.2016975 0.42121166666666665 0.0157075 0.007953333333333333
0 0.2217075 0.3613766666666667 0.01636 0.015761666666666667
0 0.235485 0.37474 0.0221225 0.012025000000000001
0 0.383795 0.36806833333333333 0.0164425 0.015553333333333332
0 0.16541499999999998 0.3957933333333334 0.020475 0.00867
0 0.0428975 0.320415 0.0278275 0.025701666666666668
0 0.19203499999999998 0.3199 0.0259125 0.037325
0 0.2019475 0.290725 0.020425000000000002 0.022561666666666667
0 0.435525 0.2885816666666667 0.0313225 0.01780666666666667
0 0.4970825 0.30733 0.031405 0.02577833333333333
0 0.27001 0.22493166666666664 0.008915 0.009555
0 0.5741775 0.253685 0.028120000000000003 0.02347166666666667
0 0.7246375 0.3114733333333333 0.027440000000000003 0.03500166666666667
0 0.7468225 0.23729666666666666 0.0303325 0.02163
0 0.9734700000000001 0.20565166666666668 0.034395 0.0188
0 0.8955225 0.42602500000000004 0.024030000000000003 0.02320166666666667
0 0.82182 0.687395 0.039784999999999994 0.03588
0 0.9866375000000001 0.66611 0.026725000000000002 0.022021666666666665
0 0.9771299999999999 0.6919616666666667 0.017075 0.015048333333333334
0 0.9541225 0.7106666666666667 0.019747499999999998 0.023745