2 0.060088183421516755 0.21591517857142858 0.08058641975308642 0.04374007936507937
2 0.7104365079365079 0.3976339285714286 0.1399647266313933 0.08429811507936508
2 0.24671075837742504 0.3709920634920635 0.026860670194003528 0.01670138888888889
2 0.1957583774250441 0.36489087301587303 0.021635802469135802 0.010600198412698414
2 0.14446208112874778 0.3943328373015873 0.027914462081128747 0.01609623015873016
2 0.013959435626102292 0.36273065476190475 0.027914462081128747 0.01884424603174603
2 0.16993827160493827 0.353702876984127 0.024426807760141094 0.01177579365079365
2 0.2934656084656085 0.3274007936507936 0.02023809523809524 0.012562003968253969
2 0.14851410934744266 0.3324330357142857 0.014144620811287477 0.006629464285714285
2 0.12399911816578484 0.4385143849206349 0.0330026455026455 0.014585813492063492
2 0.056106701940035274 0.5754910714285715 0.11220899470899472 0.05781498015873016
2 0.2571869488536155 0.5569270833333334 0.07025132275132276 0.046676587301587295
2 0.36161816578483247 0.5668725198412699 0.026402116402116402 0.01511656746031746
2 0.4844400352733686 0.5094568452380953 0.10231040564373897 0.06046626984126984
2 0.6612389770723104 0.5809275793650794 0.10231040564373897 0.05754960317460317
2 0.630357142857143 0.5285515873015872 0.0396031746031746 0.015381944444444445