1 0.032948333333333336 0.571495 0.05170666666666667 0.0660125
1 0.46312166666666665 0.32686000000000004 0.05647 0.073285
1 0.07208333333333333 0.6692250000000001 0.04490333333333334 0.069315
1 0.49776333333333334 0.529745 0.05653666666666667 0.0960725
1 0.5946483333333333 0.2164625 0.06473166666666666 0.08151
1 0.5521983333333333 0.4950975 0.05268166666666666 0.083325
1 0.54188 0.37949 0.039101666666666667 0.0674075
1 0.5472783333333333 0.25015 0.037643333333333334 0.058215
1 0.6266483333333334 0.264155 0.02772166666666667 0.0293275
1 0.4023983333333333 0.38321249999999996 0.033265 0.056465
1 0.25241 0.5600449999999999 0.024511666666666664 0.0520875
1 0.23621499999999998 0.7581074999999999 0.024803333333333333 0.052524999999999995
1 0.6369866666666667 0.7450950000000001 0.04143333333333333 0.10287
1 0.44967500000000005 0.9223325 0.06695333333333334 0.0922875
2 0.6539816666666667 0.1023875 0.02213 0.02716