2 0.18600088183421518 0.09800843253968254 0.07351851851851852 0.05375992063492063
2 0.21136243386243386 0.15094246031746034 0.06984126984126984 0.04797123015873016
2 0.1216710758377425 0.18443700396825397 0.06395943562610229 0.030602678571428572
2 0.11836419753086419 0.2148338293650794 0.07057760141093473 0.03597718253968254
2 0.1492416225749559 0.24253968253968253 0.05881393298059964 0.03101438492063492
2 0.2695546737213404 0.2093675595238095 0.06667107583774251 0.03328125
2 0.18654761904761905 0.2621453373015873 0.056957671957671964 0.03402529761904762
2 0.1322398589065256 0.2613988095238095 0.030467372134038797 0.019124503968253968
2 0.12583774250440916 0.2828819444444444 0.043271604938271604 0.018377976190476188
2 0.1220811287477954 0.29468005952380955 0.041062610229276895 0.01763392857142857
2 0.18014550264550264 0.29070684523809526 0.03090828924162257 0.028561507936507937
2 0.23445326278659612 0.307718253968254 0.059166666666666666 0.03228670634920635
2 0.27418871252204585 0.32336557539682537 0.052098765432098765 0.02086309523809524
2 0.23577601410934745 0.2904588293650794 0.035321869488536155 0.009188988095238094
2 0.10247795414462081 0.35192708333333333 0.02657848324514991 0.02185515873015873
2 0.23608465608465612 0.39650793650793653 0.049894179894179894 0.025580357142857144
2 0.2632363315696649 0.41674851190476186 0.060048500881834214 0.034273313492063494
2 0.4425 0.21284474206349208 0.038853615520282186 0.02831349206349206
2 0.6280776014109347 0.24252480158730158 0.049894179894179894 0.02756696428571429
2 0.6002601410934745 0.276922123015873 0.04900793650793651 0.03328125
2 0.497826278659612 0.26711061507936507 0.053425925925925925 0.031044146825396825
2 0.4823721340388007 0.2941840277777778 0.03488095238095238 0.02160714285714286
2 0.4898765432098765 0.3034970238095238 0.024285714285714285 0.018377976190476188
2 0.538668430335097 0.3275868055555555 0.05651675485008819 0.03526785714285714
2 0.4532319223985891 0.35974950396825395 0.05783950617283951 0.03054811507936508
2 0.6256481481481482 0.36422123015873015 0.052098765432098765 0.04594742063492063
2 0.5382231040564374 0.3545337301587302 0.05474867724867725 0.02607886904761905
2 0.5764153439153439 0.3663318452380952 0.02781746031746032 0.019868551587301587
2 0.5744312169312169 0.39253472222222224 0.059166666666666666 0.03303075396825397
2 0.5916490299823632 0.40271577380952384 0.038853615520282186 0.022103174603174604
2 0.6391137566137566 0.4054489087301587 0.05077601410934744 0.03054811507936508
2 0.565379188712522 0.4269320436507937 0.053425925925925925 0.02632688492063492
2 0.5649382716049383 0.44245535714285716 0.045476190476190476 0.019124503968253968
2 0.4987081128747795 0.44866319444444447 0.037530864197530864 0.012666170634920634
2 0.6110758377425044 0.46468253968253964 0.047685185185185185 0.030300099206349206
2 0.6234391534391535 0.48902281746031745 0.04856701940035273 0.02185515873015873
2 0.7366931216931216 0.46952628968253973 0.03134920634920635 0.017137896825396823
2 0.6980599647266315 0.471264880952381 0.021194885361552028 0.015148809523809523
2 0.6698015873015872 0.48417906746031747 0.046803350970017636 0.016143353174603175
2 0.681278659611993 0.49510664682539685 0.0362037037037037 0.016143353174603175
2 0.4289462081128748 0.5077728174603174 0.03134920634920635 0.018625992063492063
2 0.6066622574955909 0.5147271825396825 0.034440035273368606 0.01415674603174603
2 0.6627380952380952 0.5247867063492063 0.07506172839506173 0.030796130952380953
2 0.6870194003527337 0.5607986111111111 0.060048500881834214 0.03625992063492063
2 0.544404761904762 0.5584374999999999 0.06976190476190476 0.02756696428571429
2 0.3430687830687831 0.5450272817460318 0.05828042328042329 0.03601190476190476
2 0.3013447971781305 0.5476339285714286 0.04018077601410935 0.03775049603174603
2 0.3777292768959436 0.5932093253968255 0.06755291005291006 0.031044146825396825
2 0.4928924162257496 0.5541344246031746 0.05868165784832452 0.03061011904761905
2 0.4691225749559083 0.5730357142857143 0.043271604938271604 0.024526289682539684
2 0.49452821869488534 0.584375 0.06195767195767196 0.03171626984126984
2 0.6418915343915343 0.6071502976190477 0.07605820105820106 0.04296626984126985
2 0.6913932980599647 0.6038318452380953 0.04720899470899471 0.04296626984126985
2 0.6156613756613757 0.6290947420634921 0.03343915343915344 0.012356150793650794
2 0.5859964726631394 0.6349950396825397 0.03638888888888889 0.019732142857142858
2 0.5469841269841269 0.70359375 0.07638447971781305 0.044809027777777774
2 0.485679012345679 0.7061755952380953 0.04687830687830687 0.045917658730158725
2 0.4271604938271605 0.6696626984126984 0.06556437389770722 0.04186011904761905
2 0.43044091710758375 0.7051612103174604 0.06556437389770722 0.04720734126984127
2 0.5668165784832452 0.7366939484126984 0.06950176366843033 0.038355654761904764
2 0.4948589065255732 0.7431473214285714 0.025242504409171074 0.02950396825396825
2 0.4586331569664903 0.7460069444444445 0.05704144620811288 0.03263888888888889
2 0.36323633156966495 0.7414880952380952 0.02622574955908289 0.026555059523809522
2 0.33701058201058204 0.7812276785714285 0.06753086419753086 0.03522073412698413
2 0.3075044091710758 0.8381150793650795 0.08064814814814815 0.04720734126984127
2 0.32717372134038797 0.8808978174603175 0.06425485008818342 0.04868303571428571
2 0.275705467372134 0.8807142857142857 0.04982804232804233 0.04647073412698413
2 0.27248236331569664 0.624828869047619 0.07941798941798942 0.04698164682539683
2 0.2507451499118166 0.6504389880952381 0.07428130511463844 0.031577380952380954
2 0.17475308641975307 0.6951116071428571 0.050321869488536154 0.02734126984126984
2 0.11552910052910052 0.628390376984127 0.053743386243386246 0.03215525793650794
2 0.02841269841269841 0.6071155753968254 0.05682539682539682 0.022336309523809526
2 0.04705026455026455 0.5126661706349207 0.04017636684303351 0.02111359126984127
2 0.03417989417989418 0.3095362103174603 0.034462081128747796 0.021609623015873016
2 0.734294532627866 0.34692708333333333 0.015198412698412697 0.009233630952380951
2 0.8507142857142858 0.40004464285714286 0.030396825396825394 0.020404265873015873
2 0.8176807760141094 0.4161185515873016 0.02634479717813051 0.021316964285714286
2 0.8292328042328042 0.419593253968254 0.02107583774250441 0.013678075396825397
2 0.7388536155202822 0.4036359126984127 0.02877425044091711 0.02006200396825397
2 0.8248765432098765 0.4354389880952381 0.03749118165784832 0.0180109126984127
2 0.8875970017636684 0.5115823412698413 0.06890211640211641 0.04103670634920635
2 0.8236596119929454 0.5093030753968254 0.06707671957671957 0.04331597222222222
2 0.7962037037037036 0.557408234126984 0.07497795414462081 0.043087797619047616
2 0.921957671957672 0.7018452380952381 0.03479717813051147 0.022857142857142857
2 0.9042195767195768 0.7160515873015872 0.050066137566137564 0.01060763888888889
2 0.9248500881834215 0.1980902777777778 0.006432980599647266 0.002938988095238095
2 0.9283333333333333 0.20317708333333334 0.007768959435626103 0.0036185515873015874
2 0.9032142857142856 0.2101860119047619 0.0073677248677248685 0.004521329365079365
2 0.8960449735449736 0.2121453373015873 0.0072354497354497355 0.003918650793650794
2 0.8778924162257495 0.22337549603174603 0.0073677248677248685 0.004069940476190476
2 0.8880731922398589 0.23825892857142855 0.005493827160493827 0.004598214285714285
2 0.5254232804232805 0.1792361111111111 0.0054365079365079364 0.0037624007936507935
2 0.48077160493827165 0.11515625 0.006265432098765432 0.003921130952380953
2 0.4836375661375662 0.12021825396825397 0.006000881834215167 0.0035243055555555557
2 0.478478835978836 0.12128472222222222 0.006794532627865961 0.0037723214285714287
2 0.4725220458553792 0.1411954365079365 0.00804673721340388 0.004526289682539683
2 0.4771208112874779 0.14011904761904762 0.006895943562610229 0.0034499007936507936
2 0.4689770723104057 0.14539930555555555 0.008624338624338623 0.004526289682539683
2 0.3831305114638448 0.14178571428571426 0.005864197530864198 0.003298611111111111
2 0.4064594356261023 0.14479662698412699 0.005101410934744268 0.004159226190476191
2 0.5088403880070547 0.15261408730158732 0.005352733686067019 0.0028695436507936507
2 0.4801543209876543 0.153546626984127 0.008668430335097002 0.004446924603174603
2 0.47836860670194004 0.16351438492063491 0.007138447971781306 0.005736607142857142
2 0.47046296296296297 0.16215277777777776 0.007649911816578484 0.004732142857142857
2 0.46166666666666667 0.1648784722222222 0.005864197530864198 0.004732142857142857
2 0.42456349206349203 0.15863839285714285 0.007649911816578484 0.004303075396825397
2 0.43412698412698414 0.1645188492063492 0.007394179894179894 0.0034424603174603176
2 0.3800705467372134 0.16695684523809523 0.0068827160493827155 0.004303075396825397
2 0.36068783068783067 0.15734623015873014 0.0068827160493827155 0.004303075396825397
2 0.5103703703703704 0.17470238095238094 0.00994268077601411 0.006312003968253968
2 0.5184038800705467 0.17814484126984126 0.007138447971781306 0.005163690476190476
2 0.42494708994708996 0.1818030753968254 0.008412698412698412 0.00501984126984127
2 0.43961199294532627 0.18424107142857143 0.006631393298059964 0.004732142857142857
2 0.4523589065255732 0.19320684523809523 0.00917989417989418 0.0034424603174603176