0 0.3095833333333333 0.28625 0.034166666666666665 0.0625
0 0.35 0.28375 0.058333333333333334 0.0575
0 0.3779166666666667 0.4725 0.024166666666666666 0.0375
0 0.39708333333333334 0.454375 0.019166666666666665 0.04125
0 0.40291666666666665 0.425625 0.029166666666666667 0.03375
0 0.5083333333333333 0.48625 0.06166666666666667 0.065
0 0.47791666666666666 0.484375 0.015833333333333335 0.02125
0 0.5525 0.525625 0.023333333333333334 0.04875
0 0.57625 0.523125 0.0125 0.01875
0 0.6625 0.39875 0.045 0.075
0 0.40541666666666665 0.53 0.020833333333333332 0.035
0 0.4191666666666667 0.670625 0.02 0.03625
0 0.45875 0.795625 0.015833333333333335 0.03125
0 0.5470833333333334 0.7475 0.0125 0.0325
0 0.6979166666666666 0.379375 0.0425 0.06375
0 0.9754166666666667 0.6825 0.020833333333333332 0.03
0 0.9741666666666666 0.635625 0.03 0.03875
0 0.9841666666666666 0.72375 0.03166666666666667 0.0425
0 0.9616666666666667 0.738125 0.02666666666666667 0.02875
0 0.8720833333333333 0.80875 0.030833333333333334 0.05
0 0.5345833333333333 0.700625 0.015833333333333335 0.02375
0 0.2725 0.47625 0.028333333333333332 0.03
0 0.5995833333333334 0.66875 0.0225 0.0375
0 0.62375 0.673125 0.014166666666666666 0.01875
0 0.7079166666666666 0.654375 0.019166666666666665 0.03875
0 0.6733333333333333 0.624375 0.021666666666666667 0.02625
0 0.62375 0.143125 0.010833333333333334 0.03125
0 0.6283333333333333 0.188125 0.02 0.03375
0 0.5404166666666667 0.264375 0.0175 0.02375
2 0.8191666666666667 0.36375 0.08333333333333333 0.1075
2 0.6354166666666666 0.860625 0.04083333333333333 0.04875
2 0.13333333333333333 0.37125 0.045 0.065
2 0.3325 0.06 0.06666666666666667 0.0975
2 0.34541666666666665 0.70125 0.0425 0.0575
2 0.21666666666666667 0.3175 0.028333333333333332 0.03
2 0.22666666666666666 0.26 0.025 0.045