2 0.8746869488536155 0.25674107142857144 0.04771164021164021 0.028625992063492065
2 0.7434832451499118 0.24913690476190475 0.027037037037037037 0.013417658730158731
2 0.45722222222222225 0.2473487103174603 0.03021604938271605 0.015208333333333334
2 0.30295855379188713 0.2697123015873016 0.033395061728395056 0.01878472222222222
2 0.04373456790123457 0.3667733134920635 0.033395061728395056 0.016101190476190477
2 0.1439241622574956 0.3582738095238095 0.03021604938271605 0.016996527777777777
2 0.22582892416225747 0.3667733134920635 0.04771164021164021 0.023258928571428573
2 0.2719488536155203 0.33635664682539684 0.031807760141093475 0.025047123015873016
2 0.3125 0.3403819444444445 0.039757495590828924 0.02236359126984127
2 0.3109126984126984 0.36006200396825394 0.04294091710758378 0.015208333333333334
2 0.3896340388007055 0.3958457341269841 0.04771164021164021 0.025942460317460315
2 0.39042768959435625 0.4629389880952381 0.04294091710758378 0.024154265873015873
2 0.4429100529100529 0.3448561507936508 0.039757495590828924 0.016996527777777777
2 0.5598015873015874 0.4454935515873016 0.05725308641975308 0.03220486111111111
2 0.33078924162257495 0.5528422619047619 0.03498677248677248 0.025047123015873016
2 0.9739197530864198 0.6011483134920634 0.05215608465608466 0.030414186507936508
2 0.1288183421516755 0.6266443452380953 0.04452821869488536 0.024154265873015873
2 0.44608906525573194 0.8838318452380952 0.06520282186948853 0.03936011904761905
2 0.8699162257495591 0.9384002976190476 0.06361552028218695 0.03578373015873016