1 0.37766333333333335 0.04051 0.05425833333333333 0.0809275
1 0.6220883333333334 0.1408925 0.06075 0.0973325
1 0.7662733333333334 0.760965 0.03430833333333333 0.062935
1 0.395345 0.7241175 0.042896666666666666 0.054814999999999996
1 0.5235733333333333 0.3056175 0.04745333333333334 0.0663125
1 0.35247666666666666 0.8684375 0.02919333333333333 0.04071
1 0.297135 0.8147675000000001 0.03517666666666667 0.04337
1 0.33118333333333333 0.8472925 0.024939999999999997 0.033417499999999996
1 0.3353166666666667 0.7255625 0.033205 0.0399625
1 0.2706033333333333 0.39280000000000004 0.022113333333333336 0.0319375
1 0.9107666666666667 0.918505 0.04410833333333333 0.058345
1 0.5534183333333333 0.47192 0.037741666666666666 0.055174999999999995
1 0.5687016666666667 0.5229524999999999 0.023883333333333336 0.039735