1 0.8909883333333334 0.5362374999999999 0.059816666666666664 0.0759025
1 0.5155150000000001 0.7826150000000001 0.04031166666666667 0.0571275
1 0.42349000000000003 0.29104 0.04078833333333333 0.05399
1 0.389115 0.5423525 0.05229 0.0578875
1 0.60816 0.43784249999999997 0.04810333333333333 0.061799999999999994
1 0.37815499999999996 0.9698975000000001 0.030508333333333335 0.046884999999999996
1 0.21404833333333334 0.74727 0.03924 0.061325000000000005
1 0.819175 0.425495 0.04960666666666667 0.0518
1 0.9298116666666667 0.140195 0.042611666666666666 0.046417499999999993
1 0.3808183333333333 0.67762 0.03587833333333334 0.0490725
1 0.72614 0.1996925 0.04105166666666667 0.0565025