2 0.15666666666666668 0.2575 0.06666666666666667 0.0925
2 0.2625 0.31875 0.043333333333333335 0.0575
2 0.33708333333333335 0.24375 0.04416666666666667 0.0525
2 0.36 0.08 0.04666666666666667 0.065
2 0.855 0.1 0.051666666666666666 0.0825
2 0.91 0.144375 0.075 0.08125
2 0.5183333333333333 0.61625 0.06166666666666667 0.0675
2 0.6345833333333334 0.5 0.060833333333333336 0.0525
2 0.5845833333333333 0.485625 0.04416666666666667 0.06125
2 0.165 0.57375 0.05333333333333334 0.0575
2 0.2525 0.861875 0.04666666666666667 0.07125
2 0.145 0.865625 0.05333333333333334 0.05875
2 0.14375 0.91 0.05416666666666667 0.0475
2 0.05375 0.584375 0.050833333333333335 0.05375
2 0.015416666666666667 0.523125 0.030833333333333334 0.03375
2 0.02666666666666667 0.47125 0.03333333333333333 0.0375
2 0.023333333333333334 0.405625 0.043333333333333335 0.04125
2 0.3233333333333333 0.158125 0.025 0.03625
2 0.7191666666666666 0.335 0.05 0.0675
2 0.74875 0.23875 0.04583333333333333 0.0725
2 0.46458333333333335 0.870625 0.06916666666666667 0.06625
2 0.37958333333333333 0.788125 0.0375 0.05875
2 0.3383333333333333 0.816875 0.03666666666666667 0.06625
2 0.4058333333333333 0.598125 0.05 0.07875
2 0.3329166666666667 0.50875 0.03916666666666667 0.05
2 0.23125 0.63375 0.0325 0.0475
2 0.16333333333333333 0.72125 0.041666666666666664 0.05
2 0.7295833333333334 0.916875 0.0475 0.07125