1 0.2670883333333333 0.6024025000000001 0.03692666666666667 0.055034999999999994
1 0.5434266666666666 0.43615499999999996 0.04511166666666667 0.0595025
1 0.678285 0.045810000000000003 0.03394333333333333 0.060594999999999996
1 0.6365566666666667 0.6832825 0.052423333333333336 0.074465
1 0.6223416666666667 0.3502675 0.038351666666666666 0.05399
1 0.38114499999999996 0.281185 0.031446666666666664 0.0487425
2 0.23564166666666664 0.97717 0.021131666666666667 0.020739999999999998
1 0.2386916666666667 0.6239574999999999 0.028483333333333333 0.0420125
1 0.037645 0.5169075000000001 0.015260000000000001 0.0222725
1 0.4245566666666667 0.9144924999999999 0.04723333333333333 0.069
1 0.05542 0.620715 0.014601666666666667 0.01754
1 0.07316500000000001 0.6188825 0.01182 0.017975
1 0.044116666666666665 0.6237825 0.010738333333333334 0.014305
1 0.020605 0.46953500000000004 0.019703333333333333 0.023440000000000003
1 0.14514833333333332 0.43721 0.011803333333333332 0.0128525
1 0.07372 0.46320999999999996 0.015763333333333334 0.0193925
1 0.118455 0.40914 0.010283333333333334 0.018675
1 0.13113666666666668 0.39487 0.013616666666666668 0.02018
1 0.14679999999999999 0.3876775 0.013561666666666668 0.0158075
1 0.19105333333333333 0.37704000000000004 0.012611666666666667 0.0155625
1 0.7017966666666666 0.05417 0.03721 0.0656775
1 0.5755933333333333 0.10181749999999999 0.037281666666666664 0.0582175