2 0.192135 0.41426 0.008453333333333334 0.01024
2 0.17831833333333336 0.4210875 0.010078333333333333 0.011215
2 0.19766166666666668 0.448395 0.007151666666666666 0.007315
2 0.20839 0.4542475 0.0058516666666666665 0.009265
2 0.13833 0.44132499999999997 0.009428333333333334 0.013654999999999999
2 0.13979333333333333 0.461075 0.008453333333333334 0.0121925
2 0.16824 0.4886275 0.010078333333333333 0.011702500000000001
2 0.16076333333333334 0.4969175 0.008128333333333335 0.0087775
2 0.17636666666666667 0.5000875 0.007476666666666666 0.009265
2 0.18985833333333335 0.5186175 0.005201666666666667 0.008289999999999999
2 0.18482 0.5310525 0.006176666666666667 0.009752499999999999
2 0.035761666666666664 0.4232825 0.010403333333333334 0.011702500000000001
2 0.011378333333333332 0.42767 0.010403333333333334 0.015605
2 0.003738333333333333 0.5554349999999999 0.007476666666666666 0.013654999999999999
2 0.010565 0.6051749999999999 0.010728333333333335 0.0107275
2 0.04063833333333334 0.5642125 0.006501666666666666 0.0107275
2 0.053478333333333336 0.549095 0.008128333333333335 0.009752499999999999
2 0.05266666666666667 0.563725 0.0058516666666666665 0.0078025
2 0.07948666666666666 0.5588500000000001 0.012678333333333331 0.01853
2 0.07883666666666667 0.5783550000000001 0.008778333333333334 0.011702500000000001
2 0.07022166666666667 0.587865 0.013655 0.0131675
2 0.037875 0.61761 0.010078333333333333 0.011215
2 0.029746666666666664 0.613465 0.006826666666666667 0.0107275
2 0.03901166666666667 0.6276075 0.010403333333333334 0.009752499999999999
2 0.05851833333333334 0.631265 0.010403333333333334 0.011215
2 0.06177 0.617855 0.009753333333333334 0.0087775
2 0.05429166666666667 0.601275 0.012353333333333334 0.01268
2 0.058679999999999996 0.611515 0.010728333333333335 0.01268
2 0.08013666666666666 0.602495 0.008778333333333334 0.009265
2 0.09606666666666666 0.611515 0.010728333333333335 0.0107275
2 0.13069 0.6229750000000001 0.009753333333333334 0.01024
2 0.14044333333333334 0.5571425000000001 0.009103333333333333 0.0121925
2 0.15995 0.602005 0.008453333333333334 0.01024
2 0.14889666666666668 0.5924974999999999 0.009103333333333333 0.01268
2 0.15783666666666665 0.576405 0.006826666666666667 0.0087775
2 0.17799333333333334 0.5873775000000001 0.009428333333333334 0.0121925
2 0.18969666666666668 0.6071275 0.006176666666666667 0.0087775
2 0.18790833333333334 0.59835 0.006501666666666666 0.009752499999999999
2 0.18823333333333334 0.5790875 0.006501666666666666 0.009265
2 0.20692666666666665 0.58689 0.008128333333333335 0.011215
2 0.22025666666666666 0.5595800000000001 0.01463 0.02487
2 0.23082166666666667 0.5786 0.014305 0.0199925
2 0.24626499999999998 0.51374 0.01723 0.02682
2 0.24772666666666665 0.5676275000000001 0.015604999999999999 0.0204825
2 0.24463833333333332 0.5527525000000001 0.011378333333333332 0.0180425
2 0.27081 0.56787 0.017555 0.0199925
2 0.23878666666666667 0.46522 0.012678333333333331 0.016579999999999998
2 0.21554166666666666 0.46205 0.007801666666666667 0.0121925
2 0.27048500000000003 0.3669575 0.014305 0.0199925
2 0.2908033333333333 0.4396175 0.012678333333333331 0.016092500000000003
2 0.29194166666666665 0.47302249999999996 0.013655 0.0204825
2 0.33225333333333334 0.2786925 0.022106666666666663 0.025845
2 0.36817666666666665 0.27845 0.021131666666666667 0.023407499999999998
2 0.369965 0.32380000000000003 0.026008333333333335 0.030234999999999998
2 0.35761166666666666 0.42035500000000003 0.02145666666666667 0.030234999999999998
2 0.38492 0.4188925 0.01950666666666667 0.030234999999999998
2 0.31161 0.461075 0.019831666666666664 0.025845
2 0.33696666666666664 0.4842375 0.01853 0.023407499999999998
2 0.315185 0.5252 0.01853 0.03121
2 0.3363166666666667 0.5227625 0.01853 0.034135
2 0.392235 0.52447 0.023081666666666667 0.025845
2 0.35761166666666666 0.5198375 0.018205 0.01853
2 0.37354166666666666 0.5922525000000001 0.017555 0.0316975
2 0.395485 0.58762 0.01723 0.02926
2 0.2901533333333333 0.5915225000000001 0.01463 0.0214575
2 0.307545 0.5593374999999999 0.012353333333333334 0.019504999999999998
2 0.291615 0.6788125 0.017555 0.0224325
2 0.2722716666666667 0.6878325 0.012028333333333334 0.0180425
2 0.25959333333333334 0.6885650000000001 0.010728333333333335 0.017555
2 0.26008166666666666 0.738305 0.013003333333333332 0.017555
2 0.32526333333333335 0.8143775000000001 0.022431666666666666 0.0253575
2 0.3255883333333333 0.8541224999999999 0.01658 0.027795
2 0.31193499999999996 0.7824375 0.012028333333333334 0.0199925
2 0.3264016666666667 0.76025 0.014305 0.0214575
2 0.39321000000000006 0.85266 0.01723 0.025845
2 0.3907716666666667 0.8168175 0.015604999999999999 0.023407499999999998
2 0.4535166666666667 0.8209624999999999 0.016255 0.022920000000000003
2 0.3870333333333333 0.73538 0.01723 0.027307500000000002
2 0.3946733333333333 0.756105 0.016255 0.0190175
2 0.42084333333333335 0.7409874999999999 0.01398 0.02682
2 0.4185683333333333 0.6541849999999999 0.01398 0.0287725
2 0.4344983333333333 0.6629625 0.019831666666666664 0.02682
2 0.42945833333333333 0.7107525 0.018856666666666667 0.025845
2 0.44506333333333337 0.754885 0.02145666666666667 0.030234999999999998
2 0.4463633333333333 0.7273324999999999 0.02145666666666667 0.02487
2 0.46310666666666667 0.6849075 0.023081666666666667 0.0297475
2 0.41840499999999997 0.44742000000000004 0.023406666666666666 0.027795
2 0.3987366666666667 0.49326 0.01788 0.02487
2 0.43384833333333334 0.5788424999999999 0.019831666666666664 0.02926
2 0.4624566666666666 0.6017625000000001 0.01788 0.028285
2 0.49139000000000005 0.606395 0.012028333333333334 0.016092500000000003
2 0.4842383333333333 0.477655 0.019181666666666666 0.022920000000000003
2 0.47009666666666666 0.431815 0.017555 0.022920000000000003
2 0.5058583333333333 0.4471775 0.023406666666666666 0.028285
2 0.5634 0.4281575 0.01950666666666667 0.0263325
2 0.5609616666666667 0.471315 0.01593 0.0190175
2 0.45774333333333334 0.157025 0.025358333333333333 0.033159999999999995
2 0.5089466666666667 0.24919 0.020481666666666665 0.034135
2 0.5539716666666666 0.2311475 0.02145666666666667 0.030234999999999998
2 0.63411 0.2694275 0.020481666666666665 0.023895
2 0.62712 0.2382175 0.020806666666666668 0.0326725
2 0.6349233333333333 0.31795 0.018205 0.023407499999999998
2 0.6622316666666667 0.30234500000000003 0.011703333333333333 0.0224325
2 0.4982183333333333 0.30137 0.023081666666666667 0.02926
2 0.48082499999999995 0.310635 0.018856666666666667 0.0224325
2 0.4501033333333333 0.3223375 0.022431666666666666 0.0243825
2 0.44506333333333337 0.28527749999999996 0.016905 0.0263325
2 0.46392 0.27918 0.02145666666666667 0.02487
2 0.4683083333333333 0.227245 0.019181666666666666 0.0253575
2 0.48749000000000003 0.506915 0.022431666666666666 0.0297475
2 0.47221 0.474485 0.007476666666666666 0.017555
2 0.5253633333333333 0.737085 0.01950666666666667 0.025845
2 0.5762416666666667 0.7400125000000001 0.01723 0.02487
2 0.6453266666666667 0.8056 0.018205 0.030234999999999998
2 0.5213 0.686125 0.01723 0.0253575
2 0.5284516666666667 0.641505 0.021781666666666668 0.025845
2 0.5481199999999999 0.67808 0.018856666666666667 0.02682
2 0.6269583333333333 0.68198 0.012028333333333334 0.023895
2 0.6380116666666666 0.6951475 0.010078333333333333 0.0199925
2 0.6563800000000001 0.3984125 0.014305 0.0214575
2 0.869645 0.23358500000000001 0.016255 0.0224325
2 0.8280333333333333 0.2599175 0.020156666666666666 0.027307500000000002
2 0.7066083333333333 0.36013 0.021781666666666668 0.0316975
2 0.73668 0.1799425 0.013003333333333332 0.019504999999999998
2 0.7184733333333334 0.7358674999999999 0.026008333333333335 0.0370625
2 0.8137283333333333 0.8341275 0.018856666666666667 0.02487
2 0.8426616666666668 0.8336399999999999 0.015604999999999999 0.021945
2 0.8473766666666667 0.8009674999999999 0.01593 0.023895
2 0.8376233333333333 0.7524474999999999 0.015280000000000002 0.0224325
2 0.8715966666666667 0.806575 0.014955000000000001 0.019504999999999998
2 0.8850883333333333 0.7700025 0.01658 0.0214575
2 0.9045949999999999 0.7387925 0.01398 0.0204825
2 0.8273833333333334 0.5366599999999999 0.016905 0.02097
2 0.7218866666666666 0.4647325 0.01788 0.0243825
2 0.8527399999999999 0.6205375000000001 0.014955000000000001 0.02487
2 0.8683449999999999 0.6205375000000001 0.017555 0.021945
2 0.8569666666666667 0.641505 0.018205 0.021945
2 0.8174666666666667 0.4542475 0.021131666666666667 0.027795
2 0.8394116666666667 0.42084249999999995 0.020156666666666666 0.0253575
2 0.8164916666666666 0.3828075 0.023081666666666667 0.02926
2 0.8741966666666667 0.510815 0.014305 0.027795
2 0.88899 0.5149600000000001 0.019831666666666664 0.019504999999999998
2 0.8780983333333333 0.33964999999999995 0.022756666666666665 0.027795
2 0.8709466666666668 0.37915 0.020156666666666666 0.02487
2 0.9255633333333334 0.376955 0.022756666666666665 0.028285
2 0.977255 0.3450125 0.024056666666666667 0.025845
2 0.9650633333333334 0.2996625 0.019181666666666666 0.02487
2 0.9912333333333333 0.3703725 0.003251666666666667 0.005365
2 0.9631116666666667 0.5291024999999999 0.004226666666666667 0.0087775
2 0.9840816666666666 0.5022825000000001 0.0039016666666666666 0.0087775
2 0.9588866666666667 0.49521 0.005526666666666666 0.005365
2 0.9746533333333334 0.5042325 0.0058516666666666665 0.006827499999999999
2 0.9753033333333333 0.464245 0.0058516666666666665 0.0087775
2 0.9611616666666667 0.426695 0.004876666666666667 0.0078025
2 0.9627866666666667 0.5395875 0.004876666666666667 0.00634
2 0.9727033333333334 0.5386124999999999 0.005201666666666667 0.00634