1 0.32658666666666664 0.09376000000000001 0.044866666666666666 0.07647499999999999
1 0.5901333333333334 0.7615575 0.03415666666666667 0.046087499999999997
1 0.65232 0.892915 0.032468333333333335 0.048565
1 0.5559766666666667 0.25630000000000003 0.029131666666666667 0.042475
1 0.250695 0.3481 0.035255 0.056042499999999995
1 0.7244683333333334 0.22408250000000002 0.02844666666666667 0.0378675
1 0.9822266666666666 0.26201749999999996 0.014505 0.0152125
1 0.6958316666666666 0.261235 0.031251666666666664 0.04777
1 0.7199383333333333 0.27131 0.02457166666666667 0.03498
1 0.6691750000000001 0.3013175 0.01987833333333333 0.045555
1 0.6431033333333334 0.3562375 0.027793333333333333 0.0404775
1 0.5944383333333334 0.40553500000000003 0.027901666666666665 0.04463
1 0.6097166666666667 0.4123 0.016468333333333335 0.03181
1 0.6071916666666667 0.450505 0.01656 0.033659999999999995
1 0.631575 0.427165 0.02579 0.035679999999999996
1 0.974355 0.07005 0.015253333333333332 0.0180425
1 0.9640716666666667 0.055284999999999994 0.01618666666666667 0.0216825
1 0.992885 0.3135025 0.014228333333333334 0.0175075
1 0.993515 0.340605 0.0118 0.01458
1 0.29104833333333335 0.5920775 0.03679166666666667 0.048362499999999996
1 0.18396333333333334 0.2393925 0.031735 0.05299
1 0.2087716666666667 0.3304875 0.04528333333333333 0.07366249999999999
1 0.27338166666666663 0.034945 0.033341666666666665 0.051984999999999996
1 0.28320666666666666 0.0910875 0.040306666666666664 0.0654875
1 0.4395733333333333 0.38891000000000003 0.04034166666666667 0.0603625
1 0.28853333333333336 0.503935 0.027475 0.027755
1 0.14276333333333335 0.6620475 0.028046666666666668 0.04346
1 0.5290533333333334 0.094705 0.016853333333333335 0.032155
1 0.6647333333333334 0.036355 0.012696666666666669 0.014675
1 0.08697666666666667 0.026420000000000003 0.047538333333333335 0.052837499999999996