2 0.1063640873015873 0.4454188712522046 0.015406746031746032 0.02316137566137566
2 0.20915674603174605 0.38747354497354497 0.020496031746031745 0.029695767195767192
2 0.2536185515873016 0.31229276895943564 0.01917906746031746 0.028077601410934745
2 0.30760912698412696 0.3448677248677249 0.017058531746031745 0.025947971781305115
2 0.23414434523809524 0.5128880070546737 0.01693204365079365 0.023527336860670194
2 0.27678075396825397 0.6461772486772487 0.009880952380952383 0.02199294532627866
2 0.37331597222222224 0.5310758377425044 0.016009424603174602 0.024223985890652555
2 0.4108953373015873 0.49296296296296294 0.01490079365079365 0.024457671957671956
2 0.37817708333333333 0.49470017636684305 0.012544642857142857 0.022835097001763668
2 0.29875744047619046 0.4582098765432099 0.015987103174603175 0.02631393298059965
2 0.4092137896825397 0.3634700176366843 0.01669890873015873 0.029514991181657846
2 0.13441468253968256 0.8084567901234567 0.013588789682539683 0.021353615520282188
2 0.28762400793650794 0.8785229276895944 0.013792162698412698 0.024872134038800703
2 0.3164707341269841 0.8024118165784832 0.012418154761904762 0.02047178130511464
2 0.3338715277777778 0.8628130511463844 0.01568204365079365 0.021997354497354498
2 0.39476934523809526 0.7797310405643739 0.01017609126984127 0.025061728395061728
2 0.21352182539682538 0.8473809523809523 0.011812996031746032 0.017641093474426807
2 0.16842261904761907 0.7197222222222222 0.01451388888888889 0.019223985890652558
2 0.15430059523809522 0.515273368606702 0.007537202380952381 0.015793650793650794
2 0.14378224206349208 0.5135626102292769 0.008239087301587301 0.013659611992945327
2 0.19444692460317461 0.08416225749559082 0.010937500000000001 0.017319223985890652
2 0.3523735119047619 0.21075837742504408 0.013692956349206349 0.024828042328042327
2 0.405203373015873 0.1415079365079365 0.014412202380952381 0.02802910052910053
2 0.4368998015873016 0.3566358024691358 0.015873015873015872 0.02705026455026455
2 0.43008184523809523 0.37776455026455025 0.015426587301587302 0.026494708994708994
2 0.42673115079365076 0.34182980599647267 0.012740575396825396 0.016812169312169313
2 0.4633730158730159 0.3020238095238095 0.016636904761904762 0.02691358024691358
2 0.4438715277777778 0.27246031746031746 0.00974702380952381 0.01468253968253968
2 0.4671378968253968 0.34433421516754853 0.008683035714285714 0.020798059964726633
2 0.5050421626984127 0.4533906525573192 0.01109375 0.01768959435626102
2 0.5146626984126984 0.44595238095238093 0.008541666666666666 0.014029982363315697
2 0.5239310515873016 0.4424294532627866 0.009300595238095238 0.01921957671957672
2 0.49211309523809527 0.4542945326278659 0.009315476190476192 0.010321869488536155
2 0.6081646825396825 0.586657848324515 0.016631944444444446 0.027332451499118168
2 0.6349900793650795 0.5616137566137566 0.01408482142857143 0.029232804232804232
2 0.636515376984127 0.5880026455026455 0.01468501984126984 0.0209347442680776
2 0.6530431547619048 0.661494708994709 0.012916666666666667 0.02408289241622575
2 0.6490922619047619 0.6984479717813051 0.012472718253968253 0.021534391534391534
2 0.6739632936507937 0.6931216931216931 0.011750992063492064 0.02107142857142857
2 0.698859126984127 0.6582980599647267 0.009933035714285714 0.025846560846560847
2 0.5558804563492064 0.6493298059964727 0.01585813492063492 0.025242504409171074
2 0.48166666666666663 0.6226190476190476 0.011361607142857144 0.014634038800705466
2 0.47383184523809524 0.6091798941798942 0.00773561507936508 0.01834215167548501
2 0.46997271825396825 0.7051014109347443 0.013745039682539683 0.014100529100529101
2 0.5625396825396825 0.9263888888888889 0.015984623015873018 0.02886243386243386
2 0.5714409722222222 0.9105202821869488 0.009131944444444444 0.02260582010582011
2 0.564625496031746 0.9465696649029983 0.014422123015873015 0.01722663139329806
2 0.6555034722222222 0.9334788359788361 0.011530257936507938 0.026728395061728395
2 0.7822693452380952 0.6694312169312169 0.013070436507936508 0.01863756613756614
2 0.7467361111111112 0.6506393298059965 0.014972718253968254 0.02216931216931217
2 0.7604960317460318 0.6770282186948854 0.012688492063492063 0.01921957671957672
2 0.5391468253968255 0.07615079365079365 0.01249751984126984 0.022094356261022928
2 0.49646329365079367 0.13842592592592592 0.011693948412698413 0.018699294532627864
2 0.49648809523809523 0.15449294532627866 0.013444940476190477 0.016340388007054674
2 0.20929315476190477 0.5956966490299823 0.00824156746031746 0.015793650793650794
2 0.29755952380952383 0.6320502645502646 0.01353422619047619 0.019867724867724867
2 0.3402306547619047 0.5851807760141093 0.008306051587301588 0.017632275132275135
2 0.5815575396825398 0.5920943562610229 0.01797123015873016 0.023787477954144622
2 0.5240178571428572 0.5129850088183422 0.011021825396825396 0.020458553791887126
2 0.6777752976190476 0.22851410934744268 0.009600694444444445 0.01238536155202822
2 0.6501736111111112 0.34608465608465605 0.010257936507936508 0.01958994708994709
2 0.4699503968253968 0.07346119929453264 0.009873511904761906 0.013368606701940036