2 0.9846913580246914 0.19536458333333334 0.03061728395061728 0.07292162698412698
2 0.8029805996472663 0.18066964285714288 0.10835537918871252 0.05877232142857143
2 0.5949779541446208 0.38365327380952385 0.13350970017636685 0.06203869047619047
2 0.9488932980599648 0.4075967261904762 0.10220899470899471 0.05115327380952381
2 0.41793650793650794 0.47453124999999996 0.1509215167548501 0.07618551587301588
2 0.0464373897707231 0.6100347222222222 0.0928747795414462 0.06856894841269842
2 0.08513668430335097 0.661187996031746 0.11996472663139329 0.059861111111111115
2 0.4295458553791887 0.6007837301587302 0.034828042328042326 0.019590773809523808
2 0.7197795414462081 0.7030927579365079 0.06965608465608465 0.052242063492063485
2 0.772989417989418 0.7117981150793651 0.05224426807760141 0.037003968253968254
2 0.8774735449735449 0.8424032738095238 0.14511904761904762 0.09577628968253969
2 0.9740476190476189 0.9387251984126984 0.051904761904761905 0.09686507936507936
2 0.8310361552028218 0.9739880952380953 0.11802910052910053 0.05202380952380952
2 0.6143298059964727 0.9251215277777778 0.11029100529100529 0.06748015873015872
2 0.13834656084656083 0.9663690476190476 0.06772045855379188 0.06726190476190476