2 0.28730666666666665 0.40042500000000003 0.015618333333333333 0.018850000000000002
2 0.31004 0.45637 0.01787 0.0214075
2 0.4875833333333333 0.26976 0.013835 0.019855
2 0.42881166666666665 0.6834025 0.014066666666666668 0.02214
2 0.31265166666666666 0.30520749999999996 0.014571666666666669 0.01679
2 0.37632166666666667 0.376955 0.00887 0.0145725
2 0.3480233333333333 0.4292225 0.014783333333333334 0.0164725
2 0.40631 0.427955 0.011403333333333333 0.013304999999999999
2 0.435135 0.47388749999999996 0.011193333333333333 0.0145725
2 0.36143333333333333 0.46770999999999996 0.01077 0.011720000000000001
2 0.35161333333333333 0.4507625 0.010981666666666667 0.0114025
2 0.271995 0.5597424999999999 0.011914999999999999 0.01753
2 0.419105 0.6530625 0.013748333333333333 0.023372499999999997
2 0.49667 0.70651 0.016728333333333335 0.023030000000000002
2 0.520845 0.68331 0.010998333333333332 0.01856
2 0.53551 0.7236950000000001 0.015581666666666666 0.023717500000000002
2 0.5608316666666666 0.72696 0.018101666666666665 0.0219975
2 0.52371 0.7243825 0.010311666666666667 0.016155000000000003
2 0.461955 0.747585 0.016956666666666665 0.0261225
2 0.47662 0.7503325 0.012373333333333332 0.0247475
2 0.2689016666666667 0.58999 0.011686666666666668 0.01478
2 0.2643183333333333 0.604255 0.013061666666666668 0.0116875
2 0.24690333333333334 0.601505 0.006645 0.011
2 0.36502666666666667 0.7214625 0.012373333333333332 0.01581
2 0.348415 0.7121799999999999 0.011228333333333335 0.013747500000000001
2 0.2937633333333333 0.74999 0.014206666666666666 0.0178725
2 0.3139283333333333 0.756865 0.011456666666666665 0.014435
2 0.3981383333333333 0.784705 0.012145000000000001 0.0164975
2 0.4463733333333333 0.80086 0.015123333333333332 0.0178725
2 0.41395 0.6946525 0.015353333333333333 0.0206225
2 0.38714000000000004 0.7041025 0.01077 0.0182175
2 0.49873333333333336 0.5764125 0.012603333333333334 0.02131
2 0.43777999999999995 0.6045975 0.01352 0.0206225
2 0.5682783333333333 0.6336425 0.014206666666666666 0.018905
2 0.5899316666666667 0.6387975 0.01352 0.01753
2 0.5978383333333334 0.66767 0.014665 0.02028
2 0.6367933333333333 0.7034175 0.01787333333333333 0.026465
2 0.6103266666666667 0.7369275 0.018101666666666665 0.0247475
2 0.6048266666666666 0.749475 0.014436666666666667 0.0168425
2 0.6781533333333334 0.5217625 0.012145000000000001 0.019934999999999998
2 0.70863 0.48584249999999995 0.019935 0.0223425
2 0.7548016666666667 0.4593775 0.020165 0.0209675
2 0.7543433333333334 0.5374 0.01787333333333333 0.023717500000000002
2 0.74346 0.36451249999999996 0.017186666666666666 0.0182175
2 0.7598433333333334 0.3438875 0.012831666666666667 0.0168425
2 0.7836733333333333 0.414695 0.015123333333333332 0.0182175
2 0.7467816666666666 0.42999 0.017415 0.014435
2 0.8034950000000001 0.422255 0.012603333333333334 0.016155000000000003
2 0.8160983333333334 0.4574875 0.008478333333333333 0.009625
2 0.8260666666666666 0.4478625 0.005958333333333334 0.006875
2 0.8325966666666667 0.441505 0.00527 0.009967499999999999
2 0.8397 0.3344375 0.005728333333333333 0.0089375
2 0.8671966666666667 0.40868 0.007561666666666666 0.0103125
2 0.8647916666666666 0.43566000000000005 0.007791666666666666 0.0085925
2 0.85723 0.438755 0.006416666666666667 0.007905
2 0.6991200000000001 0.33838999999999997 0.011456666666666665 0.012029999999999999
2 0.768895 0.258475 0.013061666666666668 0.0151225
2 0.516835 0.257445 0.018101666666666665 0.023372499999999997
2 0.5269183333333334 0.20073 0.015353333333333333 0.022685
2 0.541435 0.4267625 0.012173333333333335 0.0151525
2 0.5247283333333334 0.51573 0.014503333333333333 0.016704999999999998
2 0.5020666666666667 0.5097075 0.009065 0.0147625
2 0.42695833333333333 0.480765 0.0075116666666666665 0.0135975
2 0.47820833333333335 0.6142675000000001 0.014565 0.01675
2 0.41485999999999995 0.5743475 0.010198333333333334 0.0122925
2 0.35904166666666665 0.6337625 0.011108333333333335 0.013657500000000001
2 0.35230333333333336 0.5858225 0.005645 0.013385
2 0.3680566666666667 0.6267975 0.00947 0.0166625
2 0.3876333333333334 0.5325525 0.007831666666666667 0.010655
2 0.3690583333333333 0.45811250000000003 0.008923333333333333 0.0109275
2 0.18546333333333334 0.44323 0.006175 0.008955
2 0.17887666666666666 0.4461625 0.006586666666666667 0.009880000000000002
2 0.16148333333333334 0.2928625 0.007205 0.008955
2 0.19431500000000002 0.3311475 0.00741 0.0071025
2 0.235175 0.29579500000000003 0.006793333333333333 0.006175