2 0.46901833333333337 0.41957 0.010065 0.014145
2 0.5228733333333333 0.37715499999999996 0.0066 0.009362500000000001
2 0.5364166666666667 0.391035 0.008805 0.0103125
2 0.48235 0.5170275000000001 0.008565 0.011917500000000001
2 0.46928833333333336 0.5328775 0.008628333333333333 0.01323
2 0.4857966666666667 0.524995 0.007765 0.01143
2 0.4070333333333333 0.4903125 0.009125 0.014815
2 0.40528166666666665 0.53298 0.008136666666666667 0.013702500000000001
2 0.4270583333333333 0.555685 0.008165 0.01141
2 0.5694266666666666 0.4038025 0.0083 0.009295
2 0.5726383333333334 0.39314 0.007268333333333333 0.0097325
2 0.58323 0.34259249999999997 0.006753333333333334 0.00842
2 0.6024133333333334 0.35546 0.00658 0.008960000000000001
2 0.6094433333333333 0.368885 0.007795000000000001 0.008385
2 0.6367466666666667 0.44067500000000004 0.007556666666666667 0.0096625
2 0.3753733333333333 0.33008499999999996 0.008353333333333332 0.01064
2 0.31931333333333334 0.414775 0.006984999999999999 0.0108825
2 0.31148833333333337 0.4180025 0.006581666666666667 0.00771
2 0.379065 0.49552749999999995 0.00731 0.010472500000000001
2 0.38804833333333333 0.5231875 0.007221666666666666 0.0104175
2 0.35161333333333333 0.6384225 0.007595 0.0124125
2 0.31743333333333335 0.541805 0.007236666666666667 0.010935
2 0.330075 0.571215 0.006036666666666667 0.009567500000000001
2 0.31889833333333334 0.600545 0.005351666666666667 0.011045
2 0.327765 0.5852375 0.00623 0.009925000000000002
2 0.38857166666666665 0.6359075000000001 0.00728 0.01069
2 0.38471333333333335 0.6761375000000001 0.006968333333333333 0.0117575
2 0.3913516666666667 0.6793674999999999 0.00704 0.0085825
2 0.3884983333333333 0.695645 0.00852 0.011045
2 0.3268566666666667 0.686 0.00883 0.0128225
2 0.31457 0.7052625 0.00713 0.010414999999999999
2 0.39210833333333334 0.7332375 0.00983 0.0134
2 0.42463333333333336 0.7118975000000001 0.009366666666666667 0.0128525
2 0.44651500000000005 0.6807225 0.009391666666666666 0.010092499999999999
2 0.4405683333333333 0.7540025 0.010338333333333333 0.014
2 0.46684666666666663 0.7606375000000001 0.010328333333333333 0.0122225
2 0.4585466666666667 0.7321175 0.005765 0.01236
2 0.463965 0.7196275000000001 0.00697 0.007245
2 0.469875 0.7237175 0.004483333333333333 0.00805
2 0.4831366666666667 0.6986025 0.0084 0.01154
2 0.48697666666666667 0.6524075 0.007653333333333334 0.01365
2 0.4941916666666667 0.6560325 0.00641 0.012205
2 0.5338583333333333 0.65424 0.009525 0.0131025
2 0.5444399999999999 0.6699425 0.010623333333333334 0.0096
2 0.56929 0.4176875 0.006873333333333334 0.009737500000000001
2 0.49213166666666663 0.6427350000000001 0.007928333333333334 0.0105575
2 0.53773 0.4171675 0.006595 0.0094375
2 0.5216366666666667 0.43544499999999997 0.00485 0.0076950000000000005
2 0.5726716666666667 0.45367 0.007253333333333334 0.0080625
2 0.5892883333333333 0.44033249999999996 0.006611666666666667 0.0086325
2 0.61644 0.43945999999999996 0.005436666666666666 0.008365000000000001
2 0.6324766666666667 0.45531 0.0046166666666666665 0.0054525
2 0.6094983333333333 0.49312 0.007265000000000001 0.0081625
2 0.5488000000000001 0.5167025 0.008116666666666668 0.011875
2 0.56208 0.5497575 0.0052183333333333335 0.008025000000000001
2 0.5953033333333334 0.56338 0.009313333333333333 0.010235
2 0.567035 0.56867 0.008256666666666667 0.00903
2 0.5420033333333333 0.44682499999999997 0.008761666666666666 0.008365000000000001
2 0.5290233333333333 0.6782374999999999 0.0094 0.01331
2 0.5536283333333333 0.6722175 0.009131666666666666 0.0123325
2 0.5459333333333333 0.686095 0.006761666666666667 0.00884
2 0.52116 0.7425875 0.009733333333333333 0.01245
2 0.5248616666666667 0.646875 0.009721666666666667 0.0129175
2 0.5208333333333334 0.6633325 0.008333333333333333 0.01
2 0.5059716666666667 0.7322925 0.008611666666666667 0.00875
2 0.604445 0.5897925 0.007778333333333333 0.009582499999999999
2 0.5515283333333334 0.6239574999999999 0.008611666666666667 0.0120825
2 0.46458333333333335 0.275 0.008611666666666667 0.0125
2 0.569305 0.369375 0.005278333333333334 0.00625
2 0.375 0.32791750000000003 0.010555 0.01
2 0.371945 0.31625 0.011111666666666667 0.0083325
2 0.49875 0.359375 0.005833333333333334 0.0120825
2 0.47625 0.3397925 0.008611666666666667 0.0104175
2 0.49652833333333335 0.3035425 0.014721666666666666 0.0179175
2 0.5576383333333333 0.245 0.010278333333333334 0.0108325
2 0.5029166666666667 0.2335425 0.008611666666666667 0.007917500000000001