2 0.267115 0.2682075 0.02907166666666667 0.037512500000000004
2 0.31134666666666666 0.169975 0.022506666666666664 0.0351675
2 0.44592 0.329635 0.027821666666666668 0.039387500000000006
2 0.48749499999999996 0.3242425 0.010315 0.0164125
2 0.5009366666666667 0.3509675 0.013441666666666668 0.0220375
2 0.5131283333333333 0.46702 0.02907166666666667 0.044075
2 0.5872466666666667 0.12269 0.03134666666666667 0.04408
2 0.6871616666666667 0.1539125 0.035265 0.053630000000000004
2 0.7532833333333333 0.024245000000000003 0.056815 0.048487499999999996
2 0.5843083333333333 0.011755000000000002 0.034285 0.023510000000000003
2 0.5088816666666667 0.0367325 0.030366666666666663 0.04261
2 0.44815 0.036 0.009795 0.0146925
2 0.38521333333333335 0.09624250000000001 0.02204 0.035265
2 0.7841383333333333 0.121955 0.028406666666666667 0.0396725
2 0.815485 0.299745 0.028406666666666667 0.023510000000000003
2 0.6580199999999999 0.5414525 0.029876666666666666 0.04555
2 0.7650383333333333 0.6758975 0.02351 0.023510000000000003
2 0.7062633333333334 0.7346699999999999 0.011755 0.0176325
2 0.6090416666666667 0.67002 0.031834999999999995 0.0396725
2 0.5132899999999999 0.68949 0.024488333333333334 0.0404075
0 0.9647450000000001 0.2548225 0.030996666666666665 0.039854999999999995
0 0.9214683333333334 0.2940725 0.016103333333333334 0.018115
0 0.9776266666666668 0.079405 0.018115 0.01268
0 0.9275083333333334 0.083935 0.02093333333333333 0.0169075
0 0.9581016666666666 0.1808525 0.012076666666666666 0.021135
2 0.7342766666666667 0.45227999999999996 0.026569999999999996 0.03623
0 0.5519149999999999 0.5066275 0.021738333333333335 0.018115
0 0.6408816666666667 0.454695 0.010466666666666666 0.013285
0 0.67993 0.3629125 0.008856666666666667 0.01087
0 0.6895916666666667 0.3632125 0.008856666666666667 0.013887499999999999
0 0.7546350000000001 0.3250675 0.014306666666666667 0.022465
0 0.7496066666666668 0.301095 0.007823333333333333 0.013412499999999999
0 0.738765 0.28902249999999996 0.008046666666666667 0.0093875
0 0.7405533333333333 0.301095 0.009835 0.0087175
0 0.7465883333333333 0.33227749999999995 0.006258333333333333 0.0187775
0 0.7015466666666667 0.3849175 0.007376666666666666 0.01274
0 0.897785 0.82753 0.01074 0.0195625
0 0.8887083333333333 0.8217775 0.01611 0.0218625
0 0.88257 0.775365 0.014575000000000001 0.014960000000000001
0 0.8866616666666667 0.7987625 0.009973333333333334 0.015725
0 0.8962516666666667 0.7916675 0.011251666666666667 0.009205
0 0.8309183333333333 0.7224349999999999 0.009973333333333334 0.013425000000000001
0 0.8411466666666667 0.741995 0.006903333333333333 0.0088225
0 0.8031733333333333 0.766735 0.008183333333333334 0.012275000000000001
0 0.8011283333333334 0.623285 0.008183333333333334 0.01841
0 0.7949916666666667 0.5847374999999999 0.011761666666666665 0.01726
0 0.93141 0.47484750000000003 0.007926666666666667 0.0099725
0 0.93499 0.48693000000000003 0.004858333333333333 0.0088225
0 0.92016 0.65723 0.011506666666666669 0.0195625
2 0.58302 0.1884275 0.026709999999999998 0.040064999999999996
0 0.3716116666666667 0.20979750000000003 0.006258333333333333 0.013560000000000001
0 0.3871716666666667 0.183785 0.0064333333333333334 0.0095175
0 0.37526333333333334 0.220815 0.004346666666666666 0.0074325
0 0.3776966666666666 0.2165125 0.0050416666666666665 0.0056075
0 0.37109 0.2182725 0.003825 0.0039125
0 0.334885 0.2281825 0.005476666666666666 0.0078225
0 0.30867666666666665 0.222445 0.006606666666666667 0.013300000000000001
0 0.31176333333333334 0.2629975 0.004781666666666667 0.0054775
0 0.290335 0.22603 0.006084999999999999 0.0074325
0 0.28998666666666667 0.23828749999999999 0.005215 0.0121275
0 0.29546333333333336 0.2182075 0.0036516666666666668 0.0074325
0 0.2995933333333333 0.2251825 0.005998333333333334 0.0057374999999999995
0 0.27212333333333333 0.2351575 0.003911666666666667 0.005345
0 0.27951333333333334 0.23229 0.003738333333333333 0.0056075
0 0.27803500000000003 0.2412225 0.004781666666666667 0.0106925
0 0.30511333333333335 0.28490249999999995 0.004693333333333333 0.00652
0 0.3072416666666667 0.2903775 0.0023466666666666666 0.00313
0 0.312675 0.29077 0.0024333333333333334 0.00313
0 0.33293 0.32754 0.002955 0.004955
0 0.283425 0.3314525 0.0026950000000000003 0.004955
0 0.27868666666666664 0.3353625 0.005736666666666667 0.0041725
0 0.30559 0.3586375 0.0026950000000000003 0.00352
0 0.29724666666666666 0.35087999999999997 0.002521666666666667 0.0073025
0 0.27334166666666665 0.3533575 0.00426 0.0054775
0 0.30793833333333337 0.2980075 0.0028683333333333334 0.003
2 0.12371666666666666 0.3249325 0.009551666666666667 0.013865
2 0.11524333333333334 0.33325 0.009859999999999999 0.012942500000000001
2 0.180415 0.4028125 0.007086666666666667 0.01063
2 0.30744166666666667 0.4492975 0.01661 0.018269999999999998
0 0.31942 0.464505 0.00325 0.006455
0 0.318365 0.469445 0.002371666666666667 0.0052699999999999995
0 0.3229333333333333 0.45165750000000005 0.003075 0.004742499999999999
2 0.4669583333333333 0.84487 0.028631666666666666 0.042435
2 0.5189366666666666 0.8397575 0.018065 0.0291425
2 0.5250716666666666 0.8650650000000001 0.019428333333333332 0.022495
2 0.534785 0.8517725 0.011588333333333334 0.022495
0 0.6518833333333334 0.9693825 0.019785 0.0158625
0 0.68105 0.951985 0.00921 0.019954999999999997
0 0.6953766666666668 0.9545425000000001 0.011940000000000001 0.0158625
0 0.6503483333333333 0.9878025 0.012621666666666668 0.0127925
0 0.5894583333333333 0.9478925 0.008868333333333334 0.01791
0 0.5785416666666666 0.9849874999999999 0.009551666666666667 0.0133025
0 0.4600033333333333 0.9757775000000001 0.011256666666666668 0.016375
0 0.47159999999999996 0.979105 0.009893333333333334 0.020980000000000002
2 0.06736666666666666 0.32932 0.00987 0.014115
2 0.019969999999999998 0.28163499999999997 0.011476666666666666 0.012395
2 0.05153 0.287315 0.008493333333333334 0.014115
2 0.08871333333333332 0.302465 0.007575 0.0106725
2 0.011821666666666668 0.22792500000000002 0.008493333333333334 0.009640000000000001
2 0.12601333333333334 0.30849 0.006886666666666667 0.007575