2 0.06647166666666667 0.2541275 0.03566833333333333 0.039549999999999995
2 0.04491166666666667 0.33864249999999996 0.021415 0.024875
2 0.12997666666666666 0.20235499999999998 0.029709999999999997 0.04229
2 0.15521333333333334 0.21508000000000002 0.025663333333333333 0.03986
2 0.21875833333333333 0.20570249999999998 0.030569999999999996 0.0345475
2 0.12918833333333332 0.38005 0.029885000000000002 0.046015
2 0.18595833333333334 0.690705 0.019205 0.028300000000000002
2 0.31816833333333333 0.7326375 0.036065 0.06623749999999999
2 0.3375433333333333 0.7623525 0.040696666666666666 0.054095
2 0.20568166666666665 0.72102 0.028036666666666668 0.02857
2 0.18018499999999998 0.7802725 0.028653333333333333 0.0381675
2 0.10937666666666666 0.7149175 0.033125 0.033424999999999996
2 0.02921 0.5205125 0.038125 0.0435125
2 0.29538333333333333 0.26135 0.02286 0.03431
2 0.31493499999999996 0.29527 0.03163666666666667 0.030379999999999997
2 0.336625 0.2413375 0.05023166666666667 0.06908
2 0.3737566666666667 0.11043 0.053636666666666666 0.0683875
2 0.32709166666666667 0.55377 0.039911666666666665 0.0522925
2 0.23249166666666668 0.8760399999999999 0.024795 0.038125
2 0.20830666666666664 0.92053 0.022786666666666667 0.0300025
2 0.24364499999999997 0.950975 0.02698 0.03841
2 0.2844066666666667 0.9532725000000001 0.021025000000000002 0.0285675
2 0.2672616666666667 0.9316175 0.021728333333333336 0.0298725
2 0.3525016666666667 0.9557 0.026875 0.032112499999999995
2 0.4788183333333333 0.893235 0.050315 0.07514
2 0.53773 0.86797 0.03254833333333333 0.052164999999999996
2 0.47629 0.13748249999999998 0.041378333333333336 0.0694075
2 0.5085483333333334 0.1067825 0.03915333333333333 0.056060000000000006
2 0.493865 0.2662875 0.034703333333333336 0.048052500000000005
2 0.419785 0.2365875 0.029810000000000003 0.047385
2 0.47006166666666666 0.2175675 0.036928333333333334 0.0467175
2 0.6079883333333334 0.48986 0.053835 0.0720775
2 0.742355 0.054057499999999994 0.04226833333333334 0.057395
2 0.7897399999999999 0.5892999999999999 0.05428 0.06673749999999999
2 0.6580416666666666 0.8569225 0.04716166666666667 0.06406999999999999
2 0.8749416666666666 0.5943075 0.04849666666666667 0.067405
2 0.91098 0.055060000000000005 0.07341166666666667 0.062067500000000005