1 0.28847 0.1634925 0.06870166666666666 0.1000225
1 0.5044016666666666 0.41677499999999995 0.05432166666666667 0.0801775
1 0.03216666666666667 0.456565 0.06176333333333333 0.07911
1 0.5069316666666667 0.249955 0.06918166666666667 0.10366500000000001
1 0.8745283333333334 0.047787500000000004 0.046435000000000004 0.06143
1 0.1309 0.64949 0.04236 0.0656575
1 0.30613 0.0978325 0.05678333333333333 0.07171250000000001
1 0.74021 0.4224275 0.058949999999999995 0.09512999999999999
1 0.600345 0.5727125 0.058370000000000005 0.0920325
1 0.7990566666666666 0.0794625 0.03210333333333333 0.045392499999999995
1 0.91338 0.030465 0.027505 0.0533275