2 0.6125925925925926 0.48730902777777774 0.052927689594356266 0.031173115079365078
2 0.5955864197530863 0.4974330357142857 0.0391005291005291 0.019288194444444445
2 0.5763492063492064 0.46996279761904763 0.04920194003527337 0.028509424603174603
2 0.5371516754850089 0.48002976190476193 0.04064373897707231 0.02265873015873016
2 0.52244708994709 0.5036830357142857 0.04034391534391534 0.02189732142857143
2 0.6691754850088184 0.473891369047619 0.02964726631393298 0.020652281746031745
2 0.7278615520282187 0.510920138888889 0.04709876543209876 0.02460813492063492
2 0.5715652557319224 0.5726835317460317 0.04607583774250441 0.023038194444444444
2 0.6887389770723104 0.4439756944444444 0.04620811287477954 0.02609375
2 0.7988712522045855 0.46581597222222226 0.03434744268077602 0.014836309523809524
2 0.7808818342151675 0.4985987103174603 0.04462522045855379 0.01628472222222222
2 0.5922266313932981 0.6037400793650795 0.045498236331569665 0.015049603174603174
2 0.7204585537918872 0.6495734126984127 0.021556437389770724 0.023918650793650794
2 0.5174691358024691 0.638874007936508 0.036732804232804235 0.026091269841269842
2 0.599453262786596 0.6501909722222222 0.032019400352733686 0.022135416666666668
2 0.6438492063492064 0.7511011904761905 0.04990740740740741 0.026939484126984128
2 0.6893650793650794 0.7195114087301587 0.035260141093474424 0.024193948412698413
2 0.4005864197530864 0.7341121031746032 0.04792328042328042 0.027408234126984128
2 0.322663139329806 0.6834027777777778 0.06075396825396825 0.03477182539682539
2 0.36639329805996473 0.6729662698412698 0.046247795414462084 0.028407738095238097
2 0.15077601410934743 0.648201884920635 0.05325837742504409 0.0248015873015873
2 0.07782627865961199 0.8079786706349207 0.05561728395061728 0.037353670634920635
2 0.3340035273368607 0.7550173611111111 0.03831128747795415 0.02570684523809524
2 0.3163492063492064 0.7756746031746031 0.027707231040564377 0.016257440476190474
2 0.20809523809523808 0.9796899801587302 0.04267636684303351 0.029960317460317458
2 0.08650352733686067 0.9322247023809523 0.0447663139329806 0.038072916666666665
2 0.46541887125220455 0.7412127976190477 0.0312610229276896 0.013792162698412698
2 0.2585846560846561 0.7421453373015873 0.043373015873015876 0.019737103174603175
2 0.0862037037037037 0.46366815476190476 0.018862433862433862 0.012762896825396825
2 0.5188536155202822 0.8881746031746032 0.031552028218694884 0.01580109126984127
2 0.36646384479717814 0.9096750992063491 0.03846560846560847 0.03125