1 0.43921333333333334 0.541695 0.026035000000000003 0.04197
1 0.7247366666666667 0.59174 0.027925000000000002 0.0420825
1 0.6461833333333333 0.20520249999999998 0.03190166666666667 0.0397025
1 0.46323000000000003 0.41239499999999996 0.030891666666666664 0.0351525
1 0.05570333333333334 0.8597075 0.029978333333333333 0.0390775
1 0.28312 0.7736975 0.030776666666666667 0.041205
1 0.08112333333333334 0.4970625 0.02791 0.040155
1 0.6057899999999999 0.102215 0.029618333333333333 0.04079
1 0.13715333333333332 0.7177325 0.03494166666666667 0.04869
1 0.31111833333333333 0.22387 0.030518333333333335 0.042745
1 0.2914816666666667 0.890905 0.03068833333333333 0.039612499999999995
1 0.42312833333333333 0.68199 0.03117333333333333 0.03705
1 0.677225 0.328445 0.02605333333333333 0.0330675
1 0.7636933333333333 0.87036 0.028428333333333333 0.03617
1 0.23523333333333335 0.7828375 0.031635 0.0504975
1 0.7783683333333333 0.5161675 0.027728333333333334 0.03404
1 0.8073383333333333 0.79134 0.029738333333333335 0.037442500000000004
1 0.30028666666666665 0.8484299999999999 0.025245 0.03496
1 0.46553999999999995 0.8888825 0.025016666666666666 0.029835
1 0.59351 0.7727474999999999 0.024666666666666667 0.0439075
1 0.6274233333333333 0.7029500000000001 0.027338333333333333 0.02878
1 0.48876 0.8206025 0.017349999999999997 0.02575
1 0.43918666666666667 0.6820499999999999 0.020766666666666666 0.0315475
1 0.5208283333333333 0.4196525 0.022285000000000003 0.032967500000000004
1 0.5225033333333333 0.34018 0.019231666666666668 0.0388975
1 0.5517766666666667 0.3160025 0.019783333333333333 0.034775
1 0.4711033333333333 0.5586575 0.02241333333333333 0.026385000000000002
1 0.43074166666666663 0.1880125 0.02148 0.0355175
1 0.40565 0.1977775 0.023856666666666665 0.0275
1 0.4161533333333333 0.21381999999999998 0.020646666666666667 0.027344999999999998
1 0.330685 0.24463 0.02338 0.039515
1 0.15222000000000002 0.8838625 0.03016833333333333 0.0454325
1 0.13389 0.11909 0.023493333333333335 0.031145