2 0.08315972222222222 0.36626543209876544 0.0043055555555555555 0.006803350970017636
2 0.06976438492063493 0.3899338624338624 0.0030307539682539685 0.00765432098765432
2 0.05174603174603174 0.4378439153439153 0.003668154761904762 0.004819223985890652
2 0.03141369047619048 0.41771604938271606 0.004146825396825396 0.0053880070546737215
2 0.022165178571428572 0.4549955908289242 0.004146825396825396 0.006803350970017636
2 0.06577628968253968 0.5131084656084656 0.003985615079365079 0.006234567901234568
2 0.058363095238095235 0.48844356261022925 0.0038268849206349207 0.006234567901234568
2 0.059479166666666666 0.4686022927689594 0.0035069444444444445 0.005670194003527336
2 0.07670138888888889 0.5482627865961199 0.0035069444444444445 0.005670194003527336
2 0.12047371031746032 0.5931922398589065 0.007495039682539682 0.01048941798941799
2 0.13147569444444446 0.6956746031746032 0.009089781746031745 0.014175485008818342
2 0.17253720238095238 0.6897222222222222 0.008611111111111111 0.013606701940035272
2 0.14789930555555555 0.7700881834215167 0.005900297619047619 0.009356261022927689
2 0.13737599206349205 0.7406040564373898 0.010364583333333333 0.012191358024691358
2 0.2704439484126984 0.7282760141093475 0.008928571428571428 0.014175485008818342
2 0.2782589285714286 0.7295502645502645 0.007016369047619047 0.01105379188712522
2 0.2991493055555556 0.7169356261022928 0.008928571428571428 0.012473544973544973
2 0.23942956349206349 0.7591754850088183 0.005900297619047619 0.012473544973544973
2 0.22101190476190477 0.7162257495590829 0.00956845238095238 0.013888888888888888
2 0.1988467261904762 0.731252204585538 0.007016369047619047 0.01048941798941799
2 0.3713045634920635 0.7230291005291005 0.004625496031746032 0.00822310405643739
2 0.3169270833333333 0.7447178130511464 0.0065376984126984125 0.009638447971781304
2 0.3381374007936508 0.6566931216931218 0.0065376984126984125 0.016159611992945324
2 0.28718750000000004 0.6814991181657849 0.007016369047619047 0.01530864197530864
2 0.19087549603174603 0.6345811287477954 0.009248511904761905 0.013888888888888888
2 0.23863343253968253 0.6318871252204585 0.005900297619047619 0.012473544973544973
2 0.2637475198412699 0.579021164021164 0.008928571428571428 0.013324514991181657
2 0.30154017857142856 0.6274955908289241 0.006696428571428571 0.013888888888888888
2 0.27778025793650796 0.5713668430335097 0.0076537698412698415 0.00822310405643739
2 0.21511160714285715 0.5533641975308642 0.007016369047619047 0.007936507936507936
2 0.1788343253968254 0.5081481481481481 0.008452380952380953 0.015590828924162256
2 0.16846974206349205 0.5051719576719577 0.004942956349206349 0.010771604938271605
2 0.23337053571428573 0.5009171075837742 0.011001984126984127 0.018708112874779543
2 0.3030555555555556 0.539616402116402 0.0043055555555555555 0.012191358024691358
2 0.322906746031746 0.5044620811287478 0.010523313492063492 0.014457671957671957
2 0.32577876984126986 0.4847619047619048 0.009248511904761905 0.014739858906525573
2 0.34547123015873016 0.48121693121693127 0.009089781746031745 0.015590828924162256
2 0.3519295634920635 0.5729232804232804 0.008928571428571428 0.02154320987654321
2 0.3874107142857143 0.6208333333333333 0.008452380952380953 0.014175485008818342
2 0.388844246031746 0.5536463844797178 0.011321924603174603 0.019845679012345678
2 0.38182787698412696 0.5800132275132275 0.007175099206349207 0.01530864197530864
2 0.2775421626984127 0.46533950617283953 0.009089781746031745 0.017292768959435625
2 0.28950148809523807 0.4504585537918871 0.007495039682539682 0.014739858906525573
2 0.22244791666666666 0.42707231040564375 0.011800595238095238 0.017861552028218694
2 0.2505927579365079 0.38142857142857145 0.010047123015873015 0.015590828924162256
2 0.28264384920634916 0.3984391534391534 0.009407242063492064 0.016159611992945324
2 0.342281746031746 0.4051014109347443 0.010364583333333333 0.01814373897707231
2 0.35503968253968254 0.4137477954144621 0.009089781746031745 0.016159611992945324
2 0.3590252976190476 0.39886243386243386 0.010364583333333333 0.01644179894179894
2 0.35288690476190476 0.3916358024691358 0.007973710317460317 0.011622574955908288
2 0.374094742063492 0.37023368606701945 0.010523313492063492 0.017574955908289242
2 0.3772842261904762 0.3916358024691358 0.005421626984126984 0.015026455026455025
2 0.36365079365079367 0.34727072310405643 0.0065376984126984125 0.014175485008818342
2 0.3372594246031746 0.27413139329805997 0.008928571428571428 0.015873015873015872
2 0.30632440476190476 0.3160846560846561 0.008611111111111111 0.013606701940035272
2 0.214952876984127 0.34967813051146385 0.004146825396825396 0.008787477954144621
2 0.377125496031746 0.21615961199294534 0.006696428571428571 0.008787477954144621
2 0.4215352182539683 0.21573192239858904 0.0078125 0.013606701940035272
2 0.39769593253968255 0.2582539682539683 0.007336309523809524 0.01530864197530864
2 0.40463045634920636 0.4541446208112875 0.006217757936507936 0.011340388007054673
2 0.41579365079365077 0.44649029982363314 0.004625496031746032 0.009638447971781304
2 0.4113293650793651 0.4501763668430335 0.004942956349206349 0.009069664902998237
2 0.433812003968254 0.5693827160493826 0.009407242063492064 0.014457671957671957
2 0.44872271825396826 0.5335185185185185 0.008611111111111111 0.011340388007054673
2 0.46243551587301585 0.5289858906525573 0.009248511904761905 0.01530864197530864
2 0.4783829365079365 0.5148104056437389 0.00956845238095238 0.01644179894179894
2 0.4820486111111111 0.5299779541446208 0.006059027777777778 0.014457671957671957
2 0.4436185515873016 0.7387654320987654 0.009248511904761905 0.017574955908289242
2 0.44848214285714283 0.7281305114638449 0.006217757936507936 0.013888888888888888
2 0.44537450396825395 0.7503880070546738 0.010205853174603175 0.013042328042328041
2 0.49632192460317465 0.7315343915343915 0.005580357142857143 0.013888888888888888
2 0.5449578373015873 0.7886552028218695 0.008132440476190475 0.015873015873015872
2 0.5481448412698412 0.7380555555555556 0.0065376984126984125 0.015590828924162256
2 0.5062078373015872 0.5924867724867725 0.006857638888888889 0.012473544973544973
2 0.49105902777777777 0.5944708994708995 0.0065376984126984125 0.015873015873015872
2 0.49153769841269845 0.5717901234567901 0.008132440476190475 0.013606701940035272
2 0.5102728174603175 0.5749074074074074 0.00574156746031746 0.006234567901234568
2 0.5217559523809523 0.5722134038800706 0.007016369047619047 0.016159611992945324
2 0.544717261904762 0.5615828924162258 0.008611111111111111 0.014175485008818342
2 0.5576339285714286 0.5807186948853615 0.006696428571428571 0.014457671957671957
2 0.5644097222222222 0.5831305114638448 0.0078125 0.01814373897707231
2 0.580595238095238 0.5784523809523809 0.008611111111111111 0.012191358024691358
2 0.5691145833333333 0.5570502645502646 0.007016369047619047 0.014175485008818342
2 0.5747767857142857 0.537773368606702 0.006857638888888889 0.014175485008818342
2 0.5653670634920634 0.5315343915343915 0.007175099206349207 0.01530864197530864
2 0.48754960317460316 0.38596560846560846 0.006217757936507936 0.007085537918871252
2 0.6404191468253968 0.4267592592592592 0.005089285714285715 0.008187830687830688
2 0.6260615079365079 0.46812169312169316 0.005694444444444445 0.009479717813051146
2 0.6613244047619048 0.4609038800705467 0.004241071428571429 0.0083994708994709
2 0.6049751984126984 0.4770590828924162 0.0047247023809523815 0.007539682539682541
2 0.6291517857142856 0.48901675485008816 0.0038764880952380956 0.006031746031746031
2 0.6421155753968254 0.4950485008818342 0.003149801587301587 0.007755731922398589
2 0.6332713293650793 0.5242372134038801 0.0029092261904761904 0.00667989417989418
2 0.6398139880952382 0.5733553791887125 0.0041195436507936506 0.007107583774250441
2 0.6577480158730159 0.5651675485008818 0.004362599206349206 0.005383597883597884
2 0.6635639880952381 0.5621516754850089 0.002423115079365079 0.003664021164021164
2 0.6729563492063493 0.6002821869488536 0.003271329365079365 0.006247795414462081
2 0.6746527777777778 0.6024382716049382 0.003998015873015873 0.00667989417989418
2 0.6940401785714285 0.56592151675485 0.0025446428571428573 0.006031746031746031
2 0.6661086309523809 0.6466005291005291 0.0038764880952380956 0.005383597883597884
2 0.6685342261904762 0.6557539682539683 0.0038764880952380956 0.006463844797178131
2 0.6357539682539682 0.6785890652557319 0.004241071428571429 0.006891534391534392
2 0.6301810515873015 0.6779453262786596 0.0037574404761904763 0.006031746031746031
2 0.6255753968253969 0.6791313932980599 0.005210813492063492 0.008831569664902998
2 0.6125496031746033 0.7286772486772487 0.004846230158730158 0.009263668430335098
2 0.6950793650793651 0.5191181657848324 0.0027901785714285715 0.005599647266313933
2 0.7157738095238095 0.47992945326278663 0.002609126984126984 0.003677248677248677
2 0.7205406746031745 0.47505291005291006 0.0022495039682539682 0.0038403880070546743
2 0.7064161706349207 0.4976851851851852 0.0018898809523809523 0.00335978835978836
2 0.6895907738095237 0.4606569664902998 0.002609126984126984 0.003518518518518519
2 0.68171875 0.4572971781305115 0.001800595238095238 0.0025573192239858908
2 0.7613888888888889 0.526878306878307 0.0027901785714285715 0.003518518518518519
2 0.7778075396825397 0.5204761904761905 0.0026984126984126986 0.006080246913580246
2 0.7920684523809524 0.4607363315696649 0.002068452380952381 0.003677248677248677
2 0.7928348214285714 0.5347927689594356 0.0037797619047619047 0.005277777777777778
2 0.7842410714285715 0.5375132275132275 0.00296875 0.003999118165784832
2 0.7917088293650794 0.5553483245149912 0.003328373015873016 0.0051190476190476186
2 0.7966121031746032 0.5731834215167548 0.0026984126984126986 0.00496031746031746
2 0.7999404761904763 0.5724603174603174 0.003239087301587302 0.004479717813051147
2 0.8235143849206349 0.5730202821869488 0.003239087301587302 0.006556437389770723
2 0.8385838293650794 0.566141975308642 0.0042286706349206355 0.007517636684303351
2 0.8343551587301588 0.5681437389770723 0.003328373015873016 0.0051190476190476186
2 0.8449727182539682 0.5582275132275132 0.003149801587301587 0.005758377425044092
2 0.8425421626984128 0.5215167548500882 0.0036879960317460314 0.005599647266313933
2 0.8406994047619047 0.5036816578483245 0.0037797619047619047 0.0047971781305114645
2 0.8469518849206349 0.48529100529100533 0.004409722222222223 0.0051190476190476186
2 0.8221205357142857 0.491847442680776 0.001708829365079365 0.004157848324514991
2 0.8458730158730159 0.45290123456790127 0.0035094246031746033 0.004638447971781305
2 0.8514508928571429 0.4317063492063492 0.0022495039682539682 0.004157848324514991
2 0.8705704365079365 0.44450176366843036 0.0044990079365079365 0.006080246913580246
2 0.9016989087301588 0.4466622574955908 0.003239087301587302 0.005277777777777778
2 0.862921626984127 0.4929673721340388 0.0023387896825396823 0.004157848324514991
2 0.8709747023809524 0.5359920634920635 0.0027901785714285715 0.0054365079365079364
2 0.884516369047619 0.5421516754850088 0.003958333333333334 0.005599647266313933
2 0.9227083333333334 0.5542283950617284 0.0036879960317460314 0.00671957671957672
2 0.9007093253968254 0.5153615520282187 0.003239087301587302 0.0047971781305114645
2 0.8635069444444444 0.5926146384479718 0.003149801587301587 0.005758377425044092
2 0.8708382936507936 0.6086904761904762 0.0044990079365079365 0.004316578483245149
2 0.8330059523809523 0.6166093474426808 0.0035094246031746033 0.006080246913580246
2 0.8698958333333333 0.6190873015873015 0.002428075396825397 0.005599647266313933
2 0.914970238095238 0.6314021164021164 0.003149801587301587 0.005917107583774251
2 0.909077380952381 0.6288447971781306 0.0026984126984126986 0.004316578483245149
2 0.8887450396825397 0.6159700176366842 0.003058035714285714 0.004479717813051147
2 0.9639161706349207 0.6230864197530864 0.0042286706349206355 0.0068783068783068784
2 0.9543328373015872 0.639320987654321 0.004139384920634921 0.006080246913580246
2 0.9344047619047618 0.6262037037037037 0.0038690476190476187 0.005758377425044092
2 0.9432663690476191 0.5814197530864198 0.004139384920634921 0.005758377425044092
2 0.9390376984126984 0.5770987654320987 0.0035987103174603173 0.0047971781305114645
2 0.9291865079365079 0.556468253968254 0.0036879960317460314 0.0051190476190476186
2 0.9722371031746032 0.5220767195767195 0.003958333333333334 0.0051190476190476186
2 0.9662996031746032 0.4997663139329806 0.0035987103174603173 0.005277777777777778
2 0.9638244047619048 0.4808906525573193 0.0022495039682539682 0.005917107583774251