2 0.5429166666666667 0.56 0.04083333333333333 0.04
2 0.48 0.604375 0.03166666666666667 0.05125
2 0.54625 0.62625 0.029166666666666667 0.0425
2 0.4975 0.17125 0.023333333333333334 0.035
2 0.0425 0.15625 0.051666666666666666 0.0725
2 0.11 0.503125 0.043333333333333335 0.05875
2 0.23 0.534375 0.035 0.05625
2 0.3304166666666667 0.854375 0.0275 0.04375
2 0.67625 0.26125 0.020833333333333332 0.0225
2 0.4875 0.036875 0.028333333333333332 0.03125
2 0.62 0.42625 0.013333333333333334 0.02
2 0.5729166666666666 0.405625 0.024166666666666666 0.03625
2 0.5979166666666667 0.3675 0.020833333333333332 0.03