2 0.17363 0.044068333333333334 0.101075 0.067365
2 0.2759825 0.06462166666666667 0.07539 0.05435
2 0.3862275 0.045678333333333335 0.091825 0.07351
2 0.449095 0.024575 0.09182 0.04915
2 0.50306 0.17661333333333334 0.059995 0.051603333333333334
2 0.5420075000000001 0.21844833333333336 0.0530025 0.03441
2 0.13282249999999998 0.281045 0.0808975 0.05275
2 0.2821225 0.38534500000000005 0.11400249999999999 0.09020666666666667
2 0.38843 0.3634 0.0968575 0.06971833333333334
2 0.3229325 0.4307616666666667 0.081525 0.04861833333333333
2 0.504155 0.3655216666666667 0.1192325 0.09005500000000001
2 0.4259375 0.42148 0.11419750000000001 0.06593166666666667
2 0.46544 0.46769999999999995 0.1139825 0.081525
2 0.35287999999999997 0.4639683333333333 0.1041175 0.09045
2 0.5739249999999999 0.43039499999999997 0.092015 0.06544333333333334
2 0.7863025 0.3765566666666667 0.104265 0.06194666666666667
2 0.594985 0.4901566666666667 0.0990325 0.076105
2 0.6908725 0.47969666666666666 0.12608750000000002 0.08093666666666667
2 0.6921799999999999 0.5275366666666667 0.08716750000000001 0.05839166666666667
2 0.8042999999999999 0.49578999999999995 0.0616025 0.06630166666666666
2 0.920355 0.5154033333333333 0.0695775 0.05484000000000001
2 0.117465 0.5357983333333334 0.094065 0.05174666666666667
2 0.240885 0.53791 0.1001225 0.06836333333333333
2 0.46631 0.695675 0.054515 0.03798833333333333
2 0.22069249999999999 0.8649166666666667 0.0613575 0.042958333333333334
2 0.4971375 0.9782983333333334 0.0349825 0.03275
2 0.8839349999999999 0.9647683333333332 0.09328 0.06566333333333334
2 0.6671699999999999 0.8781566666666666 0.045925 0.027015
2 0.6740825 0.9087316666666667 0.0356125 0.02088
2 0.6778125 0.9342616666666667 0.021132500000000002 0.017815
2 0.706885 0.9490366666666668 0.037015 0.015186666666666668
2 0.7560275000000001 0.9676916666666666 0.03494 0.03055333333333333
2 0.6353574999999999 0.9941266666666667 0.048125 0.011746666666666667
2 0.5800700000000001 0.9959549999999999 0.025315 0.00809
2 0.08028 0.985905 0.0350525 0.024560000000000002
2 0.15685 0.9079283333333333 0.0346 0.02366
2 0.15750999999999998 0.9325033333333334 0.0299025 0.014956666666666665
2 0.8537675 0.8733299999999999 0.0834125 0.049545
2 0.949865 0.8664483333333333 0.05619 0.03150666666666666
2 0.94723 0.8112283333333333 0.0860275 0.07893166666666666
2 0.851245 0.7389533333333334 0.0761725 0.039703333333333334
2 0.6791275000000001 0.7790383333333333 0.041315 0.026255
2 0.6496175 0.6968183333333333 0.037152500000000005 0.025646666666666665