2 0.7169816468253968 0.36366402116402113 0.048206845238095236 0.08027777777777778
2 0.8230431547619048 0.901305114638448 0.04207589285714286 0.0738447971781305
2 0.8153373015873016 0.8282848324514991 0.034933035714285715 0.0542063492063492
2 0.3922172619047619 0.6364902998236331 0.028638392857142855 0.05568342151675485
2 0.40773809523809523 0.7135846560846562 0.021651785714285714 0.05113756613756614
2 0.42859375 0.7565388007054673 0.02757688492063492 0.048134920634920635
2 0.5024875992063492 0.903042328042328 0.02761904761904762 0.05968253968253969
2 0.6618452380952381 0.9224823633156967 0.03218005952380952 0.06622574955908289
2 0.6808209325396826 0.9201455026455025 0.019305555555555555 0.06003086419753087
2 0.6387301587301588 0.32150793650793646 0.02728670634920635 0.05770282186948854
2 0.6120461309523809 0.3368077601410935 0.04005704365079365 0.06184303350970017
2 0.5673958333333333 0.3462257495590829 0.030119047619047618 0.048346560846560846
2 0.5491666666666666 0.31195767195767193 0.035 0.04741181657848324
2 0.5354861111111111 0.26846560846560846 0.030786210317460316 0.051556437389770726
2 0.5762276785714285 0.1853615520282187 0.03951884920634921 0.07347442680776013
2 0.5529637896825397 0.2667504409171076 0.022026289682539682 0.05134038800705467
2 0.5254241071428571 0.2418915343915344 0.02681299603174603 0.05145061728395062
2 0.48393849206349204 0.18673280423280422 0.023249007936507936 0.04657407407407407
2 0.5986755952380952 0.1376763668430335 0.04734126984126984 0.08788800705467373
2 0.6146180555555555 0.18833774250440916 0.034620535714285715 0.06895061728395062
2 0.9770213293650793 0.10365961199294532 0.035143849206349206 0.057795414462081134
2 0.9743377976190477 0.5524162257495592 0.035141369047619046 0.03572310405643739
2 0.846857638888889 0.704104938271605 0.03467509920634921 0.05596119929453263
2 0.5436011904761905 0.735568783068783 0.021760912698412696 0.034135802469135806
2 0.4970089285714286 0.512336860670194 0.030307539682539682 0.045414462081128745
2 0.3769072420634921 0.5888183421516755 0.03555059523809524 0.05970458553791887
2 0.3748412698412698 0.4278924162257496 0.028058035714285712 0.04031305114638448
2 0.27436507936507937 0.5546957671957672 0.02884424603174603 0.044060846560846564
2 0.27289682539682536 0.695462962962963 0.029945436507936508 0.04943562610229277
2 0.21623263888888888 0.523562610229277 0.02891865079365079 0.048734567901234566
2 0.2082093253968254 0.5666534391534391 0.029680059523809525 0.044060846560846564
2 0.18758184523809524 0.4948412698412698 0.028774801587301585 0.04270282186948853
2 0.20772321428571427 0.34135802469135806 0.028038194444444445 0.04297619047619047
2 0.222765376984127 0.2865299823633157 0.021805555555555557 0.026565255731922397
2 0.2331125992063492 0.3298897707231041 0.024345238095238093 0.03439153439153439
2 0.3301959325396825 0.4997486772486773 0.015124007936507936 0.03197530864197531
2 0.2927901785714286 0.09167548500881834 0.022926587301587302 0.04220458553791887
2 0.2767286706349206 0.1044047619047619 0.01951388888888889 0.032213403880070546
2 0.3507068452380952 0.019779541446208113 0.01913938492063492 0.03521604938271605
2 0.4541468253968254 0.02821869488536155 0.018678075396825398 0.02445326278659612
2 0.48492559523809525 0.018858024691358027 0.014047619047619048 0.027707231040564377
2 0.5333581349206349 0.10008818342151675 0.02080109126984127 0.02261463844797178
2 0.5325198412698412 0.1546384479717813 0.02390625 0.030604056437389768
2 0.37024057539682537 0.27438712522045855 0.016339285714285712 0.031216931216931216
2 0.4078621031746032 0.25406966490299826 0.015426587301587302 0.03382716049382716
2 0.7928968253968254 0.2916490299823633 0.029069940476190475 0.029656084656084658
2 0.8340401785714285 0.1980246913580247 0.029228670634920635 0.05635802469135802
2 0.16194444444444445 0.2698456790123457 0.02374503968253968 0.03594797178130511
2 0.16405009920634922 0.34312169312169316 0.009990079365079365 0.017389770723104055
2 0.10228670634920635 0.39080246913580247 0.021259920634920635 0.025947971781305115
2 0.12805803571428573 0.3959038800705467 0.01537450396825397 0.019638447971781305
2 0.02644593253968254 0.2974603174603175 0.013033234126984126 0.018849206349206348
2 0.03660962301587302 0.26556878306878307 0.011852678571428571 0.016080246913580246
2 0.00538938492063492 0.2534215167548501 0.01077876984126984 0.018791887125220456
2 0.0471453373015873 0.07266754850088183 0.014263392857142856 0.018271604938271603