2 0.9097483333333333 0.23006000000000001 0.07173500000000001 0.108195
2 0.9478383333333333 0.02275 0.08789833333333333 0.0455
2 0.58226 0.07768000000000001 0.023571666666666668 0.030844999999999997
2 0.37139833333333333 0.33539749999999996 0.041354999999999996 0.05674
2 0.96354 0.15617250000000002 0.061955 0.096885
2 0.4583083333333333 0.6734825 0.03318 0.031607500000000004
2 0.5065500000000001 0.6698 0.024708333333333332 0.0294575
2 0.3998933333333334 0.6527575000000001 0.022503333333333334 0.042495
2 0.9915283333333333 0.3392725 0.016941666666666667 0.07189
2 0.5350816666666667 0.6843025 0.018446666666666667 0.022942499999999998
2 0.4207483333333333 0.6520499999999999 0.020796666666666668 0.02918
2 0.5647483333333333 0.14232499999999998 0.02558 0.02022
2 0.5348316666666666 0.6495325000000001 0.017273333333333335 0.0199175
0 0.5868033333333333 0.694385 0.019286666666666667 0.03279
0 0.6093683333333333 0.715145 0.014123333333333333 0.02632
0 0.57595 0.7594624999999999 0.013943333333333334 0.023045000000000003
0 0.5997016666666667 0.2696925 0.02054 0.02036
0 0.58804 0.248745 0.014745 0.019552499999999997
0 0.4817666666666667 0.25582499999999997 0.009328333333333333 0.01243
0 0.5313416666666667 0.27303 0.010871666666666667 0.0179
0 0.5387283333333334 0.14156 0.014863333333333334 0.01714
0 0.6127966666666667 0.2341925 0.008075 0.0176875
0 0.6404883333333333 0.23095249999999998 0.00898 0.0129075
0 0.7932683333333332 0.31695 0.01207 0.02062
0 0.3912583333333334 0.2383525 0.009908333333333333 0.009835
0 0.44542 0.2576275 0.01041 0.01774
0 0.3617666666666666 0.5083625 0.011078333333333332 0.0178325
0 0.3979216666666667 0.506755 0.011318333333333333 0.020577500000000002
0 0.4176916666666667 0.6266825 0.01680833333333333 0.01017
0 0.43130666666666667 0.6343099999999999 0.007718333333333334 0.011805
0 0.46401833333333337 0.6130825 0.010151666666666666 0.015317500000000001
0 0.481145 0.6139325 0.010923333333333335 0.013615
0 0.46776 0.6527625 0.007986666666666666 0.0180675
0 0.33151166666666665 0.592015 0.011858333333333334 0.0208525
0 0.32482333333333335 0.64881 0.012101666666666667 0.016120000000000002
0 0.32738 0.6655475 0.017403333333333333 0.0159475
0 0.27014166666666667 0.51742 0.013905 0.01916
0 0.2784083333333333 0.5016825 0.00975 0.0125125
0 0.8336849999999999 0.8626900000000001 0.0101 0.023657499999999998
0 0.7539516666666667 0.9126299999999999 0.012878333333333332 0.0166025