1 0.32223666666666667 0.3318175 0.02868 0.0376175
1 0.42623333333333335 0.21753999999999998 0.03109166666666667 0.044215000000000004
1 0.5229600000000001 0.01848 0.028763333333333335 0.036962499999999995
1 0.45497333333333334 0.211005 0.02554 0.03885
1 0.7750466666666667 0.5538500000000001 0.03472833333333333 0.0400175
1 0.19821333333333332 0.6599725 0.032823333333333336 0.049210000000000004
1 0.3447716666666667 0.5058374999999999 0.03371 0.045582500000000005
1 0.8379983333333333 0.10517 0.03203166666666667 0.0420575
1 0.6687983333333333 0.11331999999999999 0.030785 0.0351025
1 0.9372233333333334 0.6367174999999999 0.041685 0.046810000000000004
1 0.5175716666666667 0.0647775 0.026225 0.0338
1 0.9860266666666666 0.23306749999999998 0.02794666666666667 0.037145000000000004
1 0.22816833333333333 0.0612925 0.025981666666666663 0.0385225
1 0.9746733333333333 0.6345075 0.031661666666666664 0.044789999999999996
1 0.5392183333333334 0.568535 0.026199999999999998 0.03573
1 0.23313499999999998 0.1904475 0.02822 0.0352675
1 0.34697333333333336 0.1943775 0.017391666666666666 0.02853
1 0.35108500000000004 0.21121 0.024458333333333332 0.026395
1 0.2593783333333333 0.40431 0.023125 0.03048
1 0.23417166666666667 0.4584075 0.017796666666666665 0.0355
1 0.5280166666666667 0.319575 0.028614999999999998 0.0413525
1 0.552395 0.307055 0.02477 0.040592500000000004
1 0.14866333333333334 0.354305 0.02960166666666667 0.038785
1 0.12817666666666666 0.40741750000000004 0.026221666666666667 0.032945
1 0.08851333333333335 0.45573250000000004 0.016303333333333333 0.0247425
1 0.048168333333333334 0.3481125 0.014658333333333334 0.0256775
1 0.021814999999999998 0.23348 0.016900000000000002 0.02271
1 0.21133166666666667 0.21337 0.027485 0.040417499999999995
1 0.03652166666666667 0.056104999999999995 0.018618333333333334 0.027555
1 0.08388 0.055475000000000003 0.01779 0.0232925
1 0.05868166666666666 0.5992725 0.024855 0.02949
1 0.215405 0.6181749999999999 0.02828 0.041237499999999996
1 0.251165 0.5753775000000001 0.022296666666666666 0.036825000000000004
1 0.34123333333333333 0.6491549999999999 0.024040000000000002 0.0350475
1 0.3717033333333333 0.690055 0.02017 0.03166
1 0.41559500000000005 0.707725 0.02443333333333333 0.039939999999999996
1 0.48971000000000003 0.630595 0.018321666666666667 0.027995000000000003
1 0.5061133333333333 0.555725 0.019728333333333334 0.0315925
1 0.46383166666666664 0.7046325 0.024026666666666665 0.029745
1 0.9828833333333333 0.18098 0.03423333333333333 0.0520475
1 0.7084250000000001 0.19798500000000002 0.029016666666666666 0.041135
1 0.7259083333333333 0.28241750000000004 0.023386666666666667 0.032317500000000006
1 0.7530916666666667 0.2524325 0.018526666666666667 0.031239999999999997
1 0.7975283333333334 0.16916 0.030868333333333334 0.039387500000000006
1 0.231795 0.7248525 0.022935000000000004 0.029965
1 0.18771833333333332 0.8139325000000001 0.026426666666666668 0.0396625
1 0.054481666666666664 0.778505 0.02362 0.03208
1 0.35647166666666663 0.0740725 0.01865 0.032369999999999996
1 0.7030683333333333 0.0361275 0.020478333333333334 0.032012500000000006