1 0.039385 0.900325 0.0693 0.07598999999999999
1 0.6146683333333334 0.5137925 0.045419999999999995 0.06795
1 0.5610299999999999 0.3960625 0.05411166666666667 0.0794175
1 0.80239 0.96302 0.05328666666666667 0.07056749999999999
1 0.82909 0.6024925 0.04054166666666666 0.07341750000000001
1 0.6526183333333333 0.9012625000000001 0.054125 0.0774575
1 0.15373666666666666 0.658175 0.024746666666666663 0.0334275
1 0.18505833333333332 0.6621275000000001 0.023328333333333333 0.05034
1 0.20325666666666667 0.6101925 0.015501666666666667 0.046005000000000004
1 0.8243216666666667 0.3364875 0.042458333333333334 0.0782425
1 0.08254333333333333 0.89888 0.029074999999999997 0.055057499999999995