2 0.5246913580246914 0.22941468253968253 0.49382716049382713 0.30009920634920634
2 0.6279761904761905 0.5632514880952382 0.1542416225749559 0.07161210317460318
2 0.029378306878306875 0.7112946428571428 0.04896384479717813 0.017901785714285717
2 0.04651675485008818 0.8469444444444445 0.04406966490299824 0.02478918650793651
2 0.10037918871252205 0.8896354166666667 0.04406966490299824 0.016525297619047617
2 0.12241181657848324 0.9481646825396826 0.05875661375661375 0.026165674603174604
2 0.645163139329806 0.9205629960317461 0.03214285714285715 0.02169642857142857
2 0.6649074074074074 0.9179811507936508 0.025714285714285714 0.017564484126984126
2 0.3053615520282187 0.9236631944444444 0.026631393298059965 0.015498511904761906
2 0.365515873015873 0.8978323412698412 0.025714285714285714 0.015498511904761906
2 0.3150044091710758 0.8828521825396825 0.025714285714285714 0.016530257936507937
2 0.28377865961199294 0.9094568452380952 0.022041446208112877 0.010848214285714286
2 0.23280864197530865 0.832485119047619 0.03214285714285715 0.017048611111111108
2 0.3907716049382716 0.8678720238095239 0.022958553791887125 0.017564484126984126
2 0.31362874779541444 0.6806076388888889 0.022958553791887125 0.014980158730158729
2 0.5175088183421517 0.652452876984127 0.06704144620811288 0.02892857142857143