2 0.535625 0.671875 0.010416666666666666 0.0125
2 0.5358333333333334 0.59875 0.009166666666666667 0.0125
2 0.5439583333333333 0.61625 0.014583333333333334 0.015
2 0.5027083333333333 0.596875 0.009583333333333333 0.01125
2 0.48770833333333335 0.576875 0.00875 0.01375
2 0.5410416666666666 0.4675 0.010416666666666666 0.01125
2 0.6641666666666667 0.47875 0.0075 0.015
2 0.5647916666666667 0.335 0.007083333333333333 0.0125
2 0.40479166666666666 0.4415625 0.010416666666666666 0.013125
2 0.3539583333333333 0.493125 0.00875 0.01125
2 0.32895833333333335 0.505625 0.00625 0.01125
2 0.583125 0.6946875 0.007083333333333333 0.009375
2 0.6125 0.7053125 0.0075 0.010625
2 0.6139583333333334 0.67375 0.007083333333333333 0.00875
2 0.6320833333333333 0.5528125 0.0075 0.011875
2 0.6147916666666666 0.3759375 0.010416666666666666 0.013125
2 0.6435416666666667 0.360625 0.007916666666666667 0.01375
2 0.6660416666666666 0.376875 0.007083333333333333 0.0125
2 0.6679166666666667 0.4115625 0.008333333333333333 0.008125
2 0.5016666666666667 0.6303125 0.008333333333333333 0.009375
2 0.4789583333333333 0.350625 0.007083333333333333 0.0075
2 0.43555499999999997 0.6672925000000001 0.008333333333333333 0.01125
2 0.5354166666666667 0.6714574999999999 0.009721666666666667 0.01125
2 0.5304166666666666 0.6597925 0.008055 0.01125
2 0.5122216666666667 0.4722925 0.009445 0.0120825
2 0.9497216666666667 0.4116675 0.01 0.01
2 0.99375 0.4560425 0.009721666666666667 0.0145825
2 0.8952783333333334 0.6808325 0.01 0.0158325
2 0.9451383333333333 0.6658324999999999 0.010833333333333334 0.01
2 0.9523616666666667 0.6595825 0.0125 0.013332499999999999
2 0.9383333333333334 0.59875 0.007778333333333333 0.015
2 0.9034716666666667 0.5785425000000001 0.011945 0.0120825
2 0.8470833333333333 0.6060425 0.011945 0.0154175
2 0.6351183333333333 0.5773225 0.007381666666666667 0.011072499999999999
2 0.6389283333333333 0.588215 0.007381666666666667 0.010715
2 0.6610716666666666 0.575715 0.006428333333333334 0.005
2 0.8585716666666667 0.51 0.008095 0.0085725
2 0.8553566666666668 0.49678500000000003 0.009761666666666667 0.014285
2 0.8433333333333334 0.6553574999999999 0.009048333333333334 0.0085725
2 0.8470233333333334 0.6739275 0.00881 0.010715
2 0.8484516666666667 0.6928574999999999 0.00881 0.0114275
2 0.944405 0.6764275 0.01119 0.0121425
2 0.7304766666666667 0.50375 0.00619 0.0075
2 0.7672616666666666 0.5291075 0.0026183333333333336 0.0075
2 0.7000933333333333 0.5375 0.003888333333333333 0.0077775
2 0.6839816666666667 0.52389 0.006481666666666667 0.00889
2 0.7222216666666667 0.48666750000000003 0.004073333333333333 0.0072225
2 0.7192600000000001 0.4927775 0.004815 0.005555
2 0.7037033333333333 0.479305 0.003703333333333333 0.006945000000000001
2 0.7090733333333332 0.5959725 0.004815 0.008055
2 0.5937033333333332 0.6445825 0.009260000000000001 0.0108325
2 0.5837966666666667 0.6225 0.008333333333333333 0.0122225
2 0.5767599999999999 0.64139 0.009073333333333333 0.0122225
2 0.57176 0.67361 0.010185 0.0116675
2 0.5497216666666667 0.5475 0.009073333333333333 0.0116675
2 0.5398149999999999 0.5181950000000001 0.008148333333333334 0.0102775
2 0.5584266666666666 0.521805 0.010926666666666668 0.011945