1 0.24473000000000003 0.3946475 0.03874166666666667 0.056195
1 0.37178666666666665 0.214885 0.041319999999999996 0.0607975
2 0.32189833333333334 0.7982400000000001 0.02449 0.03288
1 0.9881966666666667 0.1367475 0.023606666666666665 0.04689
1 0.30861833333333333 0.15638 0.03173 0.0441775
1 0.4403516666666667 0.298375 0.03487166666666666 0.048715
2 0.9071033333333333 0.90795 0.026483333333333334 0.04382
2 0.8618866666666666 0.86176 0.02940833333333333 0.0351775
2 0.900755 0.8217300000000001 0.01956 0.022969999999999997
1 0.5468933333333333 0.4881025 0.027815 0.0451275
1 0.6773233333333334 0.6145025000000001 0.02759666666666667 0.0595375