0 0.045 0.3925 0.08833333333333333 0.0975
0 0.06 0.329375 0.045 0.04625
0 0.09458333333333334 0.35375 0.035833333333333335 0.04
0 0.06458333333333334 0.459375 0.05416666666666667 0.05375
0 0.2475 0.243125 0.06833333333333333 0.06875
0 0.195 0.254375 0.03333333333333333 0.07625
0 0.3175 0.054375 0.065 0.10875
0 0.32958333333333334 0.125625 0.0625 0.05875
0 0.51625 0.479375 0.1575 0.19125
0 0.43166666666666664 0.429375 0.04666666666666667 0.08875
0 0.40208333333333335 0.52375 0.04583333333333333 0.0475
0 0.43166666666666664 0.51 0.03333333333333333 0.0475
0 0.5645833333333333 0.32875 0.0375 0.0675
0 0.6175 0.281875 0.055 0.12125
0 0.6191666666666666 0.506875 0.051666666666666666 0.17875
0 0.22291666666666668 0.52875 0.035833333333333335 0.0525
0 0.14208333333333334 0.351875 0.034166666666666665 0.05375
0 0.17083333333333334 0.29875 0.023333333333333334 0.05