2 0.15401289682539682 0.6545282186948854 0.0945610119047619 0.1505467372134039
2 0.22052579365079364 0.6964153439153439 0.05349950396825397 0.09616402116402116
2 0.15175595238095238 0.8590828924162258 0.056976686507936504 0.08346560846560847
2 0.3373834325396825 0.9380467372134038 0.06612847222222222 0.1179320987654321
2 0.45216517857142857 0.7095767195767195 0.05759672619047619 0.10190917107583775
2 0.511547619047619 0.6014858906525573 0.06062003968253968 0.11500881834215167
2 0.49452132936507937 0.9246825396825397 0.04806299603174603 0.09121252204585538
2 0.6160292658730159 0.6119753086419754 0.03810267857142857 0.05661816578483245
2 0.661235119047619 0.6576014109347443 0.0583234126984127 0.06670194003527337
2 0.7448338293650794 0.2204320987654321 0.08572420634920634 0.12891975308641976
2 0.3039632936507936 0.5484435626102292 0.05196924603174603 0.07947089947089947
2 0.7884647817460317 0.3892504409171076 0.03905753968253968 0.06384479717813052
2 0.19046875000000002 0.03623015873015873 0.06826388888888889 0.07246031746031746