1 0.19895333333333334 0.7677999999999999 0.03988833333333334 0.063155
1 0.10389999999999999 0.20794749999999998 0.043215 0.0621175
1 0.5400783333333333 0.3853825 0.03849166666666667 0.051145
2 0.41597 0.783655 0.032314999999999997 0.04118
1 0.03978 0.17727500000000002 0.04330833333333334 0.057030000000000004
1 0.7762583333333334 0.1039725 0.03455833333333333 0.039275
1 0.24442833333333333 0.940845 0.04551 0.04598
1 0.15819333333333332 0.784355 0.037676666666666664 0.0467725
1 0.9203916666666667 0.04536 0.04453666666666667 0.058355
1 0.07791833333333333 0.2009675 0.021743333333333333 0.045770000000000005
1 0.20541500000000001 0.2249325 0.046955000000000004 0.0648325
1 0.35259999999999997 0.1208275 0.03289 0.056835000000000004
1 0.7795216666666667 0.0585625 0.040141666666666666 0.0572325
1 0.9092 0.12242 0.02655 0.037087499999999995
1 0.9830616666666666 0.117395 0.03387833333333334 0.0539225
1 0.9683533333333333 0.2258675 0.025113333333333335 0.03632
1 0.8859383333333334 0.19255 0.024454999999999998 0.047409999999999994
1 0.8350766666666667 0.41008999999999995 0.02541833333333333 0.0400275
1 0.40453833333333333 0.9155475 0.032916666666666664 0.056375
1 0.29189833333333337 0.4150625 0.027748333333333333 0.0519075