1 0.40684333333333333 0.058005 0.031069999999999997 0.050775
1 0.5105383333333333 0.3488 0.026738333333333336 0.0404525
1 0.107485 0.1574075 0.042561666666666664 0.054832500000000006
1 0.33834166666666665 0.3629925 0.02876 0.0505975
1 0.23826166666666665 0.1498825 0.03222166666666667 0.0529975
1 0.08180666666666667 0.11297499999999999 0.04604666666666666 0.06056
1 0.076515 0.3032325 0.042921666666666664 0.053185
1 0.21627 0.32425 0.039035 0.054740000000000004
1 0.13753833333333335 0.3913725 0.03788333333333334 0.056075
1 0.008711666666666668 0.2487025 0.017423333333333336 0.0503625
1 0.12753333333333333 0.4563525 0.029813333333333334 0.0410225
1 0.4870783333333333 0.1072425 0.025516666666666667 0.0415675
1 0.6532816666666666 0.34794749999999997 0.024616666666666665 0.032732500000000005
1 0.522745 0.3988675 0.02315333333333333 0.039275
1 0.311495 0.41068 0.028095 0.0387975
1 0.43091999999999997 0.0300325 0.03069 0.0473375
1 0.06306166666666667 0.6352599999999999 0.0276 0.037277500000000005
1 0.447465 0.1050575 0.022118333333333334 0.038237499999999994
2 0.51854 0.6196 0.020034999999999997 0.030197500000000002
1 0.5179433333333333 0.6739550000000001 0.025671666666666666 0.029845
1 0.48707333333333336 0.5900925 0.026888333333333337 0.038692500000000005
1 0.53459 0.6394075 0.021036666666666665 0.0362375
1 0.6061566666666667 0.36195 0.020915 0.0339375
1 0.35705166666666666 0.31761500000000004 0.03377666666666666 0.0351725
1 0.3304166666666667 0.62875 0.019166666666666665 0.035
1 0.39818 0.5000675 0.019778333333333335 0.030449999999999998
1 0.5531633333333333 0.22720500000000002 0.01985 0.02936
1 0.61552 0.9817400000000001 0.021353333333333335 0.036520000000000004
1 0.7205 0.5259349999999999 0.021724999999999998 0.0264575
1 0.77148 0.47899 0.014841666666666666 0.019037500000000002
1 0.8157916666666667 0.47640750000000004 0.012261666666666666 0.015165
1 0.8295583333333334 0.4818925 0.013981666666666667 0.015165
1 0.7599716666666666 0.47189 0.010325 0.0171
1 0.7291033333333333 0.3579925 0.018715000000000002 0.02678
1 0.6946866666666667 0.40639 0.018715000000000002 0.0293625
1 0.668875 0.332825 0.016993333333333333 0.027425
1 0.6976983333333333 0.28878 0.014411666666666666 0.0251675
1 0.6738216666666667 0.31411 0.020005 0.0171
1 0.744915 0.37235 0.016778333333333333 0.02194
1 0.7887966666666666 0.4012275 0.015056666666666668 0.022262499999999998
1 0.8105216666666667 0.5056075 0.015056666666666668 0.01807
1 0.6481166666666667 0.77261 0.012046666666666667 0.023555
1 0.6553733333333333 0.1521325 0.019548333333333334 0.026275
1 0.7467683333333333 0.15937 0.014469999999999998 0.025515
1 0.7616200000000001 0.16451 0.017263333333333332 0.0243725
1 0.7118599999999999 0.0950125 0.013201666666666665 0.0224675
1 0.7215083333333334 0.0908225 0.012693333333333333 0.0194225
1 0.5245816666666666 0.31533249999999996 0.015033333333333334 0.029645
1 0.35824666666666666 0.220585 0.025371666666666664 0.045105
1 0.16624166666666668 0.2953125 0.029636666666666665 0.0257775