1 0.7053983333333333 0.35542250000000003 0.03657833333333333 0.047872500000000005
1 0.197655 0.5635575 0.061790000000000005 0.071895
1 0.7020783333333334 0.6216375000000001 0.03886333333333333 0.053652500000000006
1 0.49156333333333335 0.799485 0.03415 0.0483875
1 0.4200433333333334 0.019555 0.03175666666666666 0.03911
1 0.7782316666666668 0.16412000000000002 0.027786666666666668 0.037157499999999996
1 0.45203 0.037157499999999996 0.031564999999999996 0.04222
1 0.74585 0.1682375 0.03772666666666667 0.0455475
1 0.6269783333333333 0.300045 0.027881666666666666 0.0425225
1 0.5677683333333333 0.717155 0.031143333333333335 0.04412
1 0.44539 0.114115 0.027319999999999997 0.038560000000000004
1 0.7627916666666666 0.015112500000000001 0.035445 0.030227499999999997
1 0.8410949999999999 0.211555 0.0237 0.036135
1 0.5073366666666667 0.808765 0.014371666666666668 0.030629999999999998
1 0.5342333333333333 0.693955 0.026095 0.032597499999999995
1 0.5680216666666666 0.5386749999999999 0.03258 0.0484925