2 0.6932319223985891 0.02942956349206349 0.09860229276895943 0.05885912698412698
2 0.9708774250440916 0.0871577380952381 0.05824955908289242 0.038484623015873014
2 0.5895987654320988 0.1550719246031746 0.05634479717813051 0.045275297619047625
2 0.7797619047619048 0.45163194444444443 0.14287037037037037 0.07017857142857142
2 0.7173809523809523 0.4052256944444444 0.05835537918871252 0.045275297619047625
2 0.6056966490299823 0.47031001984126986 0.09659171075837743 0.04867311507936508
2 0.38334215167548497 0.3842832341269841 0.09457671957671958 0.04187996031746032
2 0.4034656084656084 0.2444940476190476 0.06640652557319225 0.02490327380952381
2 0.4809347442680776 0.565954861111111 0.1046384479717813 0.05885912698412698
2 0.35818783068783067 0.5121899801587302 0.04427248677248677 0.019243551587301587
2 0.6127425044091711 0.6463219246031745 0.10665343915343915 0.05206845238095238
2 0.7566181657848324 0.6536780753968254 0.07244268077601411 0.050935019841269843
2 0.9377248677248678 0.9094915674603175 0.06439153439153439 0.03961805555555556
2 0.3913888888888889 0.9338268849206349 0.10665343915343915 0.07017857142857142
2 0.382336860670194 0.9748363095238095 0.10866402116402116 0.05032490079365079
2 0.2857451499118166 0.9906845238095239 0.1046384479717813 0.01863343253968254