1 0.5225500000000001 0.45441000000000004 0.031948333333333336 0.04936
1 0.5673166666666667 0.051605 0.02962 0.047682499999999996
1 0.5568033333333333 0.440065 0.03454 0.0432875
1 0.5944766666666667 0.45388249999999997 0.025188333333333333 0.03542
1 0.15104166666666666 0.119495 0.03895833333333333 0.055924999999999996
1 0.5003116666666666 0.4312525 0.025585 0.037090000000000005
1 0.5003650000000001 0.3701525 0.027801666666666666 0.04886
1 0.519655 0.3291325 0.032625 0.0448825
1 0.5100316666666667 0.485925 0.019706666666666667 0.02829
1 0.6254333333333333 0.44623 0.02336 0.033287500000000005
1 0.6211316666666666 0.46842500000000004 0.024601666666666668 0.0249325
1 0.6819583333333333 0.49472000000000005 0.020371666666666666 0.0374375
1 0.6513466666666666 0.64374 0.02385 0.025345
1 0.8335583333333334 0.024585 0.0275 0.041292499999999996
1 0.8191350000000001 0.046435000000000004 0.021858333333333334 0.030137499999999998
1 0.630325 0.2285375 0.02822 0.0367375
1 0.80904 0.27872250000000004 0.019956666666666664 0.02529
1 0.8074516666666667 0.3244525 0.007635 0.012315
1 0.7186483333333333 0.8231124999999999 0.018913333333333334 0.030817499999999998
1 0.44053666666666663 0.739895 0.033780000000000004 0.053744999999999994
1 0.3445066666666667 0.7314125 0.03288666666666667 0.0476
1 0.23903833333333332 0.48612 0.029345 0.047555
1 0.365595 0.4582525 0.023966666666666667 0.0441175
1 0.3511266666666667 0.1726275 0.021155 0.034115
1 0.7054966666666665 0.7159650000000001 0.023563333333333332 0.035915
1 0.6162433333333334 0.7454 0.019865 0.027885
1 0.5807666666666667 0.601165 0.018789999999999998 0.035465