2 0.058090277777777775 0.2034567901234568 0.013901289682539682 0.020299823633156966
2 0.14125496031746032 0.10901234567901234 0.016383928571428574 0.043249559082892415
2 0.07124751984126984 0.3791093474426808 0.02730902777777778 0.05384479717813051
2 0.3790823412698413 0.7313007054673721 0.025322420634920635 0.05384479717813051
2 0.35599454365079364 0.9254894179894181 0.055607638888888894 0.08738536155202822
2 0.3996875 0.9678174603174604 0.02581845238095238 0.06436067019400353
2 0.07894345238095238 0.9814991181657848 0.0635515873015873 0.036997354497354494
2 0.2159796626984127 0.8972442680776014 0.0635515873015873 0.11033509700176367
2 0.623859126984127 0.72423721340388 0.06802083333333334 0.1156305114638448
2 0.5292757936507937 0.45546296296296296 0.06951140873015872 0.08650352733686067
2 0.20753968253968252 0.36498677248677247 0.06255952380952381 0.127989417989418
2 0.14795882936507937 0.3817592592592593 0.0327703373015873 0.1015079365079365
2 0.6931225198412698 0.7167328042328042 0.033762400793650796 0.05649029982363316
2 0.9644816468253968 0.30761463844797177 0.07103670634920635 0.127989417989418
2 0.7554340277777778 0.2630379188712522 0.07199404761904761 0.12887125220458553
2 0.6442162698412699 0.26833333333333337 0.040218253968253966 0.0900352733686067
2 0.44040178571428573 0.12843033509700175 0.028797123015873016 0.052076719576719575