1 0.39401833333333336 0.6804075 0.031516666666666665 0.05231
1 0.7658666666666666 0.7605425 0.054441666666666666 0.07941
1 0.619815 0.34267000000000003 0.04070166666666667 0.05611
1 0.5675733333333334 0.7956175 0.048356666666666666 0.0677775
1 0.36510333333333334 0.6662725 0.03342666666666667 0.058675
1 0.7354733333333333 0.2179 0.047810000000000005 0.0754425
1 0.48560833333333336 0.8328099999999999 0.041238333333333335 0.06571250000000001
1 0.9613083333333334 0.8099850000000001 0.04099166666666666 0.0535325
1 0.6625133333333333 0.151055 0.04396833333333333 0.073035
1 0.256245 0.7538625 0.031898333333333334 0.0613725
1 0.19463166666666665 0.892015 0.035186666666666665 0.053585
1 0.14160333333333333 0.9381174999999999 0.03132666666666667 0.04458
1 0.8493583333333333 0.6356575 0.04865333333333333 0.07313
1 0.20328666666666667 0.4049625 0.026681666666666666 0.040835
1 0.25856666666666667 0.42391500000000004 0.028775000000000002 0.042382500000000004
1 0.23426 0.9121725 0.028476666666666667 0.046572499999999996
1 0.24672166666666664 0.45910500000000004 0.02830833333333333 0.0375225
1 0.24659166666666665 0.547875 0.0273 0.04099
1 0.43451 0.5380675 0.03174166666666667 0.050855
1 0.28634 0.58502 0.025143333333333337 0.0342525
1 0.9297366666666667 0.869185 0.03552166666666667 0.04981
1 0.2652233333333333 0.51069 0.029998333333333335 0.046479999999999994
1 0.8465166666666667 0.7322375 0.04433 0.07204250000000001
1 0.982015 0.689075 0.03345166666666667 0.0523025
1 0.8754666666666667 0.791735 0.04665833333333333 0.060770000000000005
1 0.6530883333333334 0.438585 0.04292833333333333 0.060774999999999996
1 0.4686933333333333 0.3700675 0.030253333333333333 0.047284999999999994
1 0.6283216666666667 0.118135 0.04732666666666666 0.06769
1 0.2524416666666667 0.8786849999999999 0.04125 0.047935000000000005
1 0.18769166666666667 0.8283725 0.03122666666666667 0.057685
1 0.24722 0.3344675 0.026819999999999997 0.037462499999999996
1 0.7875599999999999 0.41852249999999996 0.036463333333333334 0.056182499999999996
1 0.8126266666666667 0.31576499999999996 0.03666333333333333 0.0443025
1 0.7041183333333333 0.4009 0.03155 0.050165
1 0.43959666666666664 0.28011 0.023728333333333334 0.0350975
1 0.42795666666666665 0.28752249999999996 0.022866666666666664 0.043815
1 0.45567 0.28868 0.020151666666666665 0.035815
1 0.489205 0.490255 0.02095 0.0310275
1 0.46809666666666666 0.5032625 0.032503333333333335 0.05048
1 0.405515 0.50482 0.026751666666666667 0.038585
1 0.3793066666666667 0.5192825 0.0206 0.0318775
1 0.309425 0.37888 0.017878333333333333 0.03543
1 0.33343 0.37071 0.018541666666666668 0.030747499999999997
1 0.181665 0.4248175 0.030468333333333333 0.04225
1 0.300345 0.7102200000000001 0.025396666666666665 0.033467500000000004
1 0.3469333333333333 0.6783275 0.020721666666666666 0.03921
1 0.2840766666666667 0.8441425 0.018611666666666665 0.029645
1 0.01737 0.6952174999999999 0.01094 0.0144075
1 0.016475 0.7040525 0.013441666666666668 0.013407500000000001
1 0.019651666666666665 0.7143849999999999 0.009925 0.0115425
1 0.044725 0.6775525 0.011573333333333333 0.0132
1 0.06720166666666666 0.6827325 0.010606666666666667 0.0145475
1 0.10899 0.65008 0.008625 0.0121075
1 0.12152333333333333 0.6617424999999999 0.009808333333333334 0.011835
1 0.127055 0.6742025 0.01057 0.014225
1 0.06296833333333333 0.8256825 0.010291666666666666 0.016545
1 0.05739333333333334 0.8183925000000001 0.007725 0.011619999999999998
1 0.016283333333333334 0.916025 0.010481666666666667 0.0156875
1 0.029810000000000003 0.5542225 0.010928333333333332 0.0156775
1 0.03574833333333333 0.4810575 0.00993 0.0116175
1 0.12891166666666667 0.5415575 0.012566666666666667 0.020079999999999997
1 0.11533 0.5585875 0.011585000000000002 0.01475
1 0.172835 0.5279425 0.009858333333333334 0.0139725
1 0.01598166666666667 0.48722000000000004 0.009021666666666667 0.011710000000000002
1 0.009988333333333333 0.4968675 0.007765 0.0129825
1 0.031593333333333334 0.492575 0.010201666666666666 0.01341
1 0.018855 0.461415 0.009188333333333333 0.012244999999999999
1 0.012891666666666666 0.4637425 0.005978333333333333 0.0139725
1 0.36241666666666666 0.7924275000000001 0.035125 0.047515
1 0.38977833333333334 0.931845 0.04196833333333334 0.066415
1 0.5501583333333333 0.8488025 0.026786666666666667 0.061079999999999995
1 0.22441833333333333 0.5267275 0.027698333333333332 0.0353425
1 0.29264666666666667 0.49716000000000005 0.008226666666666667 0.011762499999999999
1 0.29360166666666665 0.50313 0.009356666666666666 0.0110625
1 0.07692 0.4087 0.012073333333333333 0.01828
1 0.13952166666666665 0.3556475 0.009591666666666667 0.013134999999999999