0 0.3477525 0.6358900000000001 0.00922 0.0035566666666666667
0 0.35385 0.633425 0.00404 0.0025916666666666666
0 0.357545 0.6350266666666666 0.0045725 0.0031499999999999996
0 0.36284 0.6347466666666667 0.0055625 0.004318333333333334
0 0.36246 0.6390399999999999 0.006934999999999999 0.003861666666666667
0 0.3565175 0.638785 0.0048 0.0033533333333333336
0 0.35220999999999997 0.6377433333333333 0.0042675000000000005 0.0031999999999999997
0 0.3487425 0.6398016666666667 0.00663 0.0033533333333333336
0 0.35202 0.64257 0.0058674999999999995 0.003606666666666667
0 0.3572025 0.6435616666666667 0.0035825 0.0020316666666666664
0 0.3613175 0.6426216666666666 0.00419 0.002693333333333333
0 0.36817500000000003 0.6415283333333334 0.0061725 0.0039633333333333335
0 0.367605 0.6462283333333333 0.0065525 0.003911666666666667
0 0.357965 0.6448566666666666 0.00404 0.0019816666666666667
0 0.318125 0.5318883333333333 0.0125025 0.008451666666666666
0 0.32897750000000003 0.527025 0.006425 0.0038200000000000005
0 0.3369675 0.525115 0.003995 0.0020833333333333333
0 0.3671825 0.5456066666666667 0.0053825 0.003705
0 0.37777499999999997 0.5505266666666666 0.0071200000000000005 0.0033566666666666667
0 0.37899 0.5474583333333334 0.0053825 0.0032416666666666666
0 0.3722175 0.5491366666666667 0.00434 0.0028933333333333333
0 0.36501 0.5482683333333334 0.0041675 0.0018516666666666666
0 0.38637 0.571885 0.0059050000000000005 0.0034733333333333335
0 0.3664875 0.5509883333333333 0.005730000000000001 0.0033566666666666667
0 0.26698500000000003 0.5457799999999999 0.005730000000000001 0.0033566666666666667
0 0.2278275 0.601 0.0072925 0.004051666666666666
0 0.2287825 0.6051099999999999 0.005035 0.0023150000000000002
0 0.22157749999999998 0.600885 0.004515 0.0024316666666666666
0 0.0316225 0.6265866666666666 0.00787 0.004955
0 0.053265 0.60332 0.0056825 0.0036916666666666664
0 0.02951 0.6327083333333333 0.016175000000000002 0.008258333333333333
0 0.05137 0.6323683333333333 0.0050999999999999995 0.00272
0 0.095785 0.7506316666666667 0.011245 0.007636666666666667
0 0.09836249999999999 0.7444616666666667 0.006860000000000001 0.0035233333333333336
0 0.1036175 0.74941 0.0052225 0.003395
0 0.16164250000000002 0.7211200000000001 0.005615 0.003933333333333334
0 0.1213275 0.711865 0.006815000000000001 0.003931666666666667
0 0.046990000000000004 0.6038233333333334 0.0047325 0.004895
0 0.045495 0.6081133333333333 0.004634999999999999 0.0024866666666666665
0 0.24916 0.45633833333333335 0.0060149999999999995 0.005616666666666667
0 0.1307975 0.276265 0.0133225 0.008241666666666668
0 0.12178499999999999 0.27297166666666667 0.0039725 0.003003333333333333
0 0.106965 0.259525 0.005849999999999999 0.004445
0 0.0929175 0.2224783333333333 0.0081125 0.006299999999999999
0 0.1839075 0.2520866666666667 0.0061975 0.0028699999999999997
0 0.18802750000000001 0.24540333333333333 0.0118375 0.004923333333333333
0 0.19605250000000002 0.24702500000000002 0.00421 0.0039766666666666665
0 0.18834 0.24921 0.004655 0.00425
0 0.113905 0.27819166666666667 0.007007500000000001 0.003615
0 0.1945575 0.2920083333333333 0.0061025 0.005033333333333333
0 0.19197999999999998 0.2944816666666667 0.0045475 0.005055
0 0.201065 0.28224 0.0069725 0.004001666666666667
0 0.1838825 0.28458666666666665 0.0068625 0.0044533333333333334
0 0.1769675 0.2971333333333333 0.0065274999999999994 0.004295
0 0.11952 0.2908833333333333 0.004645 0.0031683333333333338
0 0.10542499999999999 0.1888166666666667 0.0050774999999999995 0.0029716666666666663
0 0.035615 0.14194666666666667 0.005115000000000001 0.003685
0 0.043085 0.14088499999999998 0.0055975 0.00272
0 0.220775 0.11979166666666667 0.0076500000000000005 0.004288333333333333
0 0.193715 0.12300499999999999 0.004705 0.0030050000000000003
0 0.44303 0.6415583333333333 0.012375 0.0071916666666666665
0 0.42182749999999997 0.6520066666666666 0.01196 0.008531666666666667
0 0.44272 0.6535850000000001 0.0068175 0.005101666666666667
0 0.43356 0.6425883333333333 0.008257500000000001 0.003485
0 0.4316575 0.647255 0.011242499999999999 0.006231666666666667
0 0.4616325 0.64156 0.00852 0.00884
0 0.48685 0.5730299999999999 0.004612499999999999 0.0037233333333333333
0 0.5320625 0.58353 0.00642 0.004138333333333333
0 0.555015 0.587065 0.010335 0.007501666666666666
0 0.58157 0.56924 0.0078675 0.006640000000000001
0 0.57241 0.570115 0.0056025 0.0032433333333333333
0 0.5664125 0.5394566666666666 0.0130625 0.004710000000000001
0 0.55167 0.537485 0.0079675 0.00591
0 0.5587975000000001 0.5365066666666667 0.0034049999999999996 0.003748333333333333
0 0.5672375 0.5454100000000001 0.0062875 0.006645
0 0.6144175000000001 0.5891566666666667 0.0105775 0.007775
0 0.70959 0.41540499999999997 0.009175 0.0075966666666666665
0 0.7068375 0.4207166666666667 0.0038624999999999996 0.003155
0 0.6627525000000001 0.41617666666666664 0.0035724999999999997 0.0020599999999999998
0 0.6645375 0.41913833333333333 0.0028975 0.0018033333333333334
0 0.6614475 0.42110333333333333 0.00309 0.00264
0 0.668545 0.4186233333333333 0.0031875 0.0018033333333333334
0 0.6683049999999999 0.42119999999999996 0.002705 0.0018033333333333334
0 0.6665175000000001 0.4353966666666667 0.0035724999999999997 0.0023816666666666665
2 0.7412675000000001 0.41772166666666666 0.019217500000000002 0.013391666666666666
2 0.759085 0.39798833333333333 0.011009999999999999 0.005215
2 0.7294375 0.40066 0.0086925 0.00528
2 0.7206 0.40040333333333333 0.00454 0.002575
2 0.572585 0.43958166666666665 0.0296 0.017048333333333335
2 0.45609500000000003 0.49764166666666665 0.0157075 0.0075183333333333335
2 0.20934999999999998 0.47208666666666665 0.0430075 0.026035000000000003
2 0.2704 0.43385833333333335 0.03757 0.025375
2 0.161895 0.418205 0.02521 0.009886666666666667
2 0.36382749999999997 0.21371666666666667 0.0306475 0.02274
2 0.5217675 0.17202833333333334 0.02521 0.019773333333333334
2 0.185375 0.262985 0.0346025 0.022410000000000003
2 0.31118250000000003 0.3491633333333333 0.03411 0.014171666666666667
2 0.2941275 0.385085 0.0128525 0.007579999999999999
2 0.31958499999999995 0.4051883333333334 0.0133475 0.012853333333333335
2 0.458 0.30928666666666665 0.0133475 0.007579999999999999
2 0.258535 0.31670166666666666 0.0128525 0.009886666666666667
2 0.2802875 0.32345833333333335 0.0128525 0.006920000000000001
0 0.314045 0.39044999999999996 0.009474999999999999 0.004511666666666666
0 0.5889475 0.3594666666666667 0.014212500000000001 0.009325
0 0.6045125 0.38556166666666664 0.011054999999999999 0.009776666666666666
0 0.6283150000000001 0.3929316666666667 0.012635 0.008271666666666667
0 0.6151175 0.40233166666666664 0.007445 0.0051133333333333334
0 0.5775525 0.3435233333333333 0.01128 0.00752
0 0.6095900000000001 0.35833833333333337 0.0085725 0.0055650000000000005
2 0.7831950000000001 0.31727833333333333 0.020079999999999997 0.013085000000000001
2 0.978795 0.3128416666666667 0.03181 0.01865
2 0.9667250000000001 0.35901500000000003 0.0157925 0.008121666666666666
2 0.87919 0.34758500000000003 0.020305 0.012633333333333333
2 0.9076150000000001 0.35984333333333335 0.0063175 0.006166666666666667
2 0.9430375 0.38631333333333334 0.027524999999999997 0.016093333333333334
2 0.9948674999999999 0.3730783333333333 0.010262499999999999 0.008873333333333334
2 0.8670075 0.3992483333333333 0.01128 0.009475
2 0.7801475 0.5104733333333333 0.020755 0.015341666666666667
2 0.79628 0.5105483333333334 0.0173725 0.013988333333333335
2 0.815005 0.5081416666666666 0.0178225 0.013686666666666668
2 0.8332775 0.55033 0.02459 0.015641666666666665
2 0.8094775 0.5870283333333334 0.023012499999999998 0.014438333333333333
2 0.8130875 0.5945483333333333 0.026170000000000002 0.010228333333333332
2 0.755105 0.5972566666666667 0.01489 0.011130000000000001
2 0.7816150000000001 0.6559133333333333 0.022335 0.015943333333333334
2 0.7760874999999999 0.659675 0.020305 0.013235
2 0.6769325 0.6441833333333333 0.01692 0.01143
2 0.6587725 0.6499733333333334 0.009474999999999999 0.006166666666666667
2 0.973195 0.660905 0.0291225 0.019615
2 0.86451 0.581945 0.0177125 0.011008333333333334
2 0.9378675 0.5477866666666666 0.0204675 0.011090000000000001
2 0.88406 0.5456683333333334 0.016595 0.009965
2 0.9393724999999999 0.61488 0.01691 0.010318333333333332
2 0.7493500000000001 0.5085466666666667 0.0157625 0.009363333333333333
2 0.7709874999999999 0.46765666666666666 0.0154775 0.010126666666666666
2 0.7727075 0.49431166666666665 0.01433 0.009171666666666667
0 0.5383525 0.4999 0.0060225 0.0024716666666666667
0 0.5371950000000001 0.50268 0.0046325 0.00278
0 0.54403 0.500595 0.0044025 0.0020083333333333333
0 0.55202 0.5029116666666666 0.00556 0.005713333333333333
0 0.5289725 0.54623 0.004865 0.0033983333333333335
0 0.511135 0.5866133333333333 0.0067175 0.004478333333333333
0 0.482525 0.580205 0.0032425 0.0024716666666666667
0 0.47743 0.5848383333333333 0.0037075 0.0021616666666666668
0 0.42936250000000004 0.5701666666666667 0.0034750000000000002 0.0021616666666666668
0 0.455655 0.5633716666666667 0.0037075 0.0024716666666666667
0 0.4278575 0.5859183333333333 0.00278 0.0021616666666666668
0 0.40589 0.6226649999999999 0.0039975 0.002606666666666667
0 0.40085000000000004 0.613425 0.00278 0.0018533333333333331
0 0.3542725 0.6180016666666667 0.0069524999999999995 0.002201666666666667
0 0.37964749999999997 0.6169016666666667 0.002955 0.0018533333333333331
0 0.390075 0.6150183333333333 0.0026075 0.0020283333333333334
2 0.0311175 0.7288433333333334 0.0413075 0.025701666666666668
2 0.299615 0.7119533333333333 0.033045000000000005 0.02203
2 0.028364999999999998 0.84946 0.0567275 0.035616666666666665
2 0.0090875 0.7596866666666666 0.018175 0.03745166666666667
2 0.3695625 0.9234466666666667 0.02974 0.0235
2 0.5665625 0.6877983333333333 0.01592 0.010796666666666666
2 0.52127 0.6700466666666667 0.0208625 0.009333333333333334