2 0.6524603174603174 0.020657242063492065 0.18361992945326278 0.04131448412698413
2 0.3341887125220459 0.10053075396825396 0.12975749559082894 0.05783978174603175
2 0.4872045855379189 0.21139136904761907 0.07834215167548501 0.05921626984126984
2 0.2044312169312169 0.3435962301587302 0.1444488536155203 0.07298859126984128
2 0.059982363315696646 0.29470982142857144 0.07100088183421517 0.030297619047619045
2 0.8519929453262787 0.38078124999999996 0.07344797178130512 0.02892113095238095
2 0.9609391534391534 0.38973214285714286 0.07589506172839507 0.02478918650793651
2 0.43433862433862436 0.6637425595238096 0.025828924162257495 0.013764880952380952
2 0.4536860670194004 0.6583829365079364 0.02207231040564374 0.014094742063492063
2 0.398505291005291 0.7536830357142857 0.021477072310405645 0.008053075396825397
2 0.4721781305114639 0.7712996031746032 0.02207231040564374 0.010401785714285714
2 0.11455026455026456 0.8466195436507937 0.03576719576719577 0.01740079365079365
2 0.267283950617284 0.909422123015873 0.033831569664903 0.021205357142857144