1 0.23069833333333334 0.28122250000000004 0.04489666666666667 0.0642275
1 0.46816499999999994 0.546145 0.04906 0.07177249999999999
1 0.16215 0.704135 0.04724333333333333 0.07514749999999999
1 0.3680866666666667 0.43982 0.051649999999999995 0.061755000000000004
1 0.11802333333333333 0.77596 0.038156666666666665 0.055085
1 0.349535 0.5634775 0.045755 0.055485
1 0.8125066666666667 0.6570375 0.03284 0.044205
1 0.39864499999999997 0.5687575 0.037603333333333336 0.0520775
1 0.023979999999999998 0.62488 0.03938333333333333 0.0590625
1 0.02404833333333333 0.66588 0.042485 0.04692
1 0.79898 0.26371 0.027915000000000002 0.0436225
1 0.9547483333333333 0.3875875 0.015678333333333332 0.022789999999999998
1 0.9938133333333333 0.4203975 0.012373333333333332 0.023657499999999998
1 0.9377833333333333 0.38616 0.016088333333333333 0.0236175
1 0.886375 0.5960525 0.022723333333333335 0.0418575
1 0.9597749999999999 0.1141375 0.022755 0.0296575