1 0.7937333333333333 0.659415 0.04897833333333333 0.06837
1 0.702385 0.4742525 0.04651333333333333 0.05987
1 0.13134666666666667 0.3463625 0.03645166666666667 0.053462499999999996
1 0.8806416666666668 0.74215 0.03385666666666667 0.044365
1 0.5699033333333333 0.7036224999999999 0.043561666666666665 0.0592275
1 0.46326 0.368025 0.042631666666666665 0.053137500000000004
1 0.595835 0.5589175000000001 0.04296 0.06487000000000001
1 0.36387333333333327 0.699385 0.05080666666666666 0.0709525
1 0.7876533333333333 0.7228125 0.041545 0.055805
1 0.8368566666666667 0.6828225 0.041785 0.05289
1 0.2954733333333333 0.15181999999999998 0.030806666666666666 0.0428925
1 0.13626833333333332 0.834745 0.04101833333333334 0.062002499999999995
1 0.7134349999999999 0.801135 0.03799166666666667 0.0536125
1 0.9870983333333334 0.82555 0.025805 0.0585475
1 0.5288466666666667 0.3264625 0.04455666666666666 0.063455
1 0.30341833333333335 0.1984025 0.023895 0.0338575
1 0.7798033333333333 0.496365 0.045165000000000004 0.0676
1 0.8936916666666666 0.6483225 0.02412 0.043125
1 0.9693033333333333 0.857625 0.029391666666666667 0.042335
1 0.94076 0.8736 0.03560666666666666 0.045267499999999995
1 0.9909316666666667 0.521695 0.018135000000000002 0.0246225
1 0.63809 0.54153 0.028125 0.048465
1 0.9236016666666667 0.5200075000000001 0.018558333333333333 0.031190000000000002
1 0.5702233333333333 0.225375 0.024001666666666664 0.041284999999999995
1 0.20329999999999998 0.036899999999999995 0.018145 0.0290025
1 0.33402166666666666 0.1338725 0.01842833333333333 0.0358525