2 0.24375 0.725625 0.0125 0.01625
2 0.292 0.724 0.009333333333333334 0.011
2 0.30433333333333334 0.69125 0.012 0.0155
2 0.2515 0.63825 0.009666666666666667 0.0125
2 0.253 0.69725 0.010666666666666666 0.0125
2 0.37 0.63775 0.008 0.0145
2 0.3945 0.60425 0.007666666666666666 0.0115
2 0.3943333333333333 0.56475 0.011333333333333334 0.0135
2 0.4088333333333333 0.53 0.008333333333333333 0.014
2 0.3888333333333333 0.52525 0.007666666666666666 0.0085
2 0.3923333333333333 0.5055 0.008666666666666666 0.016
2 0.36383333333333334 0.5015 0.010333333333333333 0.014
2 0.3486666666666667 0.5405 0.012 0.011
2 0.3963333333333333 0.453 0.008666666666666666 0.012
2 0.404 0.468 0.008666666666666666 0.013
2 0.401 0.49875 0.006666666666666667 0.0105
2 0.4256666666666667 0.5245 0.010666666666666666 0.01
2 0.4706666666666667 0.5505 0.014 0.019
2 0.47833333333333333 0.552 0.013333333333333334 0.015
2 0.457 0.55325 0.008666666666666666 0.0145
2 0.4688333333333333 0.57575 0.013666666666666667 0.0155
2 0.49633333333333335 0.57375 0.010666666666666666 0.0125
2 0.5093333333333333 0.5655 0.006666666666666667 0.013
2 0.5178333333333334 0.54225 0.010333333333333333 0.0145
2 0.5426666666666666 0.4985 0.012666666666666666 0.016
2 0.5466666666666666 0.465 0.009333333333333334 0.012
2 0.5743333333333334 0.5065 0.009333333333333334 0.01
2 0.577 0.518 0.011333333333333334 0.011
2 0.577 0.52875 0.010666666666666666 0.0085
2 0.5653333333333334 0.527 0.007333333333333333 0.014
2 0.5575 0.53475 0.009 0.0145
2 0.536 0.5275 0.010666666666666666 0.01
2 0.5371666666666667 0.54975 0.007666666666666666 0.0125
2 0.5463333333333333 0.55775 0.011333333333333334 0.0095
2 0.5596666666666666 0.55475 0.010666666666666666 0.0155
2 0.566 0.55725 0.010666666666666666 0.0145
2 0.5718333333333333 0.5735 0.011 0.012
2 0.5681666666666667 0.60075 0.009 0.0145
2 0.5531666666666667 0.59 0.010333333333333333 0.01
2 0.5411666666666667 0.6065 0.010333333333333333 0.018
2 0.5141666666666667 0.61825 0.007666666666666666 0.0135
2 0.5105 0.637 0.009666666666666667 0.013
2 0.5001666666666666 0.60475 0.015 0.0205
2 0.507 0.68425 0.01 0.0115
2 0.496 0.686 0.008 0.014
2 0.4513333333333333 0.6825 0.006666666666666667 0.012
2 0.4365 0.6585 0.007666666666666666 0.012
2 0.4176666666666667 0.67275 0.008666666666666666 0.0115
2 0.40066666666666667 0.63425 0.008 0.0095
2 0.3855 0.6335 0.009666666666666667 0.01
2 0.38066666666666665 0.64025 0.007333333333333333 0.0125
2 0.3795 0.628 0.009666666666666667 0.012
2 0.36766666666666664 0.62125 0.010666666666666666 0.0125
2 0.407 0.60625 0.01 0.0145
2 0.43966666666666665 0.61125 0.010666666666666666 0.0135
2 0.44216666666666665 0.58075 0.008333333333333333 0.0125
2 0.4518333333333333 0.582 0.009 0.014
2 0.44516666666666665 0.55725 0.008333333333333333 0.0115
2 0.43216666666666664 0.5615 0.012333333333333333 0.014
2 0.41583333333333333 0.57375 0.010333333333333333 0.0105
2 0.43716666666666665 0.53 0.008333333333333333 0.012
2 0.48483333333333334 0.48 0.008333333333333333 0.01
2 0.49266666666666664 0.464 0.008666666666666666 0.018
2 0.49433333333333335 0.48075 0.012 0.0135
2 0.421 0.439 0.009333333333333334 0.013
2 0.4226666666666667 0.45175 0.010666666666666666 0.0125
2 0.4605 0.44 0.009 0.012
2 0.2961666666666667 0.44875 0.007666666666666666 0.0085
2 0.29333333333333333 0.4375 0.008 0.01
2 0.30666666666666664 0.42725 0.007333333333333333 0.0085
2 0.30816666666666664 0.43925 0.007 0.0105
2 0.31283333333333335 0.41575 0.008333333333333333 0.0115
2 0.2495 0.62325 0.012333333333333333 0.0105
2 0.26033333333333336 0.6085 0.007333333333333333 0.016
2 0.25233333333333335 0.5875 0.01 0.011
2 0.27016666666666667 0.607 0.014333333333333333 0.014
2 0.2851666666666667 0.5795 0.011 0.018
2 0.333 0.562 0.008 0.011
2 0.31566666666666665 0.5305 0.013333333333333334 0.011
2 0.3195 0.5155 0.011666666666666667 0.014
2 0.3155 0.4965 0.011 0.013
2 0.3546666666666667 0.5135 0.008666666666666666 0.01
2 0.361 0.53125 0.009333333333333334 0.0125
2 0.36983333333333335 0.5565 0.007 0.009
2 0.3785 0.5485 0.012333333333333333 0.015
2 0.3606666666666667 0.6115 0.008 0.011
2 0.33416666666666667 0.58625 0.007 0.0095
2 0.3418333333333333 0.663 0.009 0.011
2 0.4083333333333333 0.66125 0.007333333333333333 0.0115
2 0.4125 0.65025 0.008333333333333333 0.0095
2 0.4211666666666667 0.66175 0.009 0.0125
2 0.43133333333333335 0.63875 0.008 0.0135
2 0.44066666666666665 0.66575 0.009333333333333334 0.0105
2 0.44666666666666666 0.644 0.006 0.015
2 0.4141666666666667 0.62075 0.009666666666666667 0.0095
2 0.416 0.6325 0.007333333333333333 0.012
2 0.43383333333333335 0.60775 0.008333333333333333 0.0105
2 0.427 0.5935 0.012 0.014
2 0.36983333333333335 0.71 0.009666666666666667 0.013
2 0.38516666666666666 0.71325 0.011666666666666667 0.0125
2 0.4216666666666667 0.71575 0.012 0.0145
2 0.4315 0.709 0.008333333333333333 0.009
2 0.4385 0.72775 0.011 0.0125
2 0.43183333333333335 0.7505 0.009666666666666667 0.015
2 0.48783333333333334 0.75625 0.010333333333333333 0.0105
2 0.506 0.74525 0.008 0.0115
2 0.5043333333333333 0.763 0.012666666666666666 0.013
2 0.487 0.7275 0.01 0.012
2 0.49283333333333335 0.729 0.010333333333333333 0.013
2 0.5045 0.70875 0.007666666666666666 0.0105
2 0.5121666666666667 0.71725 0.007 0.0155
2 0.5486666666666666 0.73775 0.008 0.0115
2 0.5358333333333334 0.72775 0.008333333333333333 0.0125
2 0.5973333333333334 0.72675 0.009333333333333334 0.0125
2 0.5753333333333334 0.716 0.009333333333333334 0.01
2 0.5628333333333333 0.78275 0.012333333333333333 0.0105
2 0.555 0.80375 0.012 0.0155
2 0.5443333333333333 0.815 0.009333333333333334 0.016
2 0.5296666666666666 0.82275 0.012666666666666666 0.0205
2 0.49566666666666664 0.81425 0.011333333333333334 0.0135
2 0.5 0.79775 0.010666666666666666 0.0125
2 0.487 0.797 0.011333333333333334 0.015
2 0.31983333333333336 0.776 0.011 0.01
2 0.3401666666666667 0.73625 0.009666666666666667 0.0155
2 0.3835 0.78075 0.008333333333333333 0.0145
2 0.37216666666666665 0.777 0.009666666666666667 0.011
2 0.37516666666666665 0.7585 0.010333333333333333 0.011
2 0.37333333333333335 0.749 0.009333333333333334 0.011
2 0.36916666666666664 0.75525 0.007666666666666666 0.0095
2 0.3765 0.73725 0.007 0.0105
2 0.35983333333333334 0.74125 0.014333333333333333 0.0155
2 0.364 0.72125 0.008666666666666666 0.0115
2 0.4105 0.76 0.009 0.011
2 0.41483333333333333 0.7655 0.011 0.012
2 0.421 0.76 0.011333333333333334 0.017
2 0.43133333333333335 0.76075 0.008666666666666666 0.0135
2 0.4155 0.74925 0.01633333333333333 0.0155
2 0.41383333333333333 0.7265 0.008333333333333333 0.013
2 0.4658333333333333 0.693 0.009 0.014
2 0.4543333333333333 0.713 0.009333333333333334 0.013
2 0.44516666666666665 0.70225 0.007 0.0075
2 0.447 0.712 0.008666666666666666 0.013
2 0.4513333333333333 0.75425 0.008 0.0085
2 0.4786666666666667 0.7445 0.009333333333333334 0.011
2 0.5181666666666667 0.65875 0.009 0.0105
2 0.5228333333333334 0.643 0.010333333333333333 0.011
2 0.5301666666666667 0.669 0.011 0.01
2 0.5215 0.67775 0.010333333333333333 0.0105
2 0.5131666666666667 0.66825 0.011666666666666667 0.0115
2 0.3328333333333333 0.532 0.006333333333333333 0.011
2 0.3418333333333333 0.53075 0.008333333333333333 0.0115
2 0.3388333333333333 0.55025 0.012333333333333333 0.0115
2 0.3885 0.43775 0.009666666666666667 0.0125
2 0.36733333333333335 0.46525 0.009333333333333334 0.0085
2 0.3541666666666667 0.47 0.009666666666666667 0.01
2 0.36833333333333335 0.43225 0.008666666666666666 0.0115
2 0.523545 0.42275 0.011666666666666667 0.0155
2 0.60859 0.64075 0.011666666666666667 0.0115
2 0.6067566666666666 0.63075 0.008 0.0085
2 0.5927566666666667 0.641 0.008666666666666666 0.01
2 0.5917566666666667 0.655 0.005333333333333333 0.012
2 0.5982566666666667 0.65675 0.011666666666666667 0.0115
2 0.60809 0.67025 0.01 0.0095
2 0.51509 0.76625 0.008666666666666666 0.0125
2 0.5169233333333333 0.802 0.009 0.012
2 0.37942333333333333 0.3225 0.006 0.007
2 0.38709 0.32075 0.009333333333333334 0.0085
2 0.39075666666666664 0.331 0.013333333333333334 0.008
2 0.40575666666666665 0.34775 0.009333333333333334 0.0095
2 0.38875666666666664 0.36 0.006666666666666667 0.008
2 0.37459 0.35625 0.007 0.0135
2 0.3707566666666667 0.3645 0.006 0.014
2 0.36158999999999997 0.36875 0.009 0.0175
2 0.33459 0.37375 0.009666666666666667 0.0115
2 0.32759 0.41525 0.007 0.0105
2 0.32275666666666664 0.4235 0.006666666666666667 0.011
2 0.32909 0.4505 0.009333333333333334 0.013
2 0.32509 0.46125 0.007333333333333333 0.0095
2 0.33475666666666665 0.46 0.006 0.008
2 0.42858999999999997 0.2775 0.009 0.015
2 0.43459 0.28875 0.010333333333333333 0.0125
2 0.44009 0.275 0.01 0.012
2 0.45042333333333334 0.25425 0.009333333333333334 0.0155
2 0.45759 0.2815 0.008333333333333333 0.011
2 0.44892333333333334 0.2745 0.011 0.011
2 0.46375666666666665 0.3225 0.008666666666666666 0.012
2 0.45325666666666664 0.3205 0.011 0.013
2 0.45525666666666664 0.35475 0.008333333333333333 0.0105
2 0.43592333333333333 0.359 0.008333333333333333 0.014
2 0.44459 0.36325 0.010333333333333333 0.0115
2 0.43709 0.3475 0.01 0.013
2 0.4307566666666667 0.35825 0.009333333333333334 0.0105
2 0.41775666666666667 0.357 0.006 0.012
2 0.4267566666666667 0.36925 0.007333333333333333 0.0105
2 0.4327566666666667 0.37025 0.008666666666666666 0.0125
2 0.5312566666666667 0.29175 0.009666666666666667 0.0145
2 0.5609233333333333 0.28825 0.007666666666666666 0.0125
2 0.5324233333333334 0.3175 0.012666666666666666 0.011
2 0.5824233333333333 0.30525 0.008 0.0125
2 0.59109 0.31525 0.01 0.0155
2 0.5939233333333334 0.3015 0.009666666666666667 0.009
2 0.5799233333333333 0.36475 0.014333333333333333 0.0195
2 0.5822566666666666 0.34975 0.012333333333333333 0.0065
2 0.5014233333333333 0.36675 0.008666666666666666 0.0105
2 0.49409 0.3655 0.010666666666666666 0.011
2 0.4987566666666667 0.3815 0.008666666666666666 0.01
2 0.4804233333333333 0.387 0.010666666666666666 0.01
2 0.48608999999999997 0.38325 0.009333333333333334 0.0145
2 0.47475666666666666 0.38475 0.007333333333333333 0.0125
2 0.4879233333333333 0.405 0.012333333333333333 0.011
2 0.4769233333333333 0.40125 0.008333333333333333 0.0105
2 0.4839233333333333 0.44225 0.008333333333333333 0.0135
2 0.45809 0.5193675 0.009333333333333334 0.0115
2 0.44592333333333334 0.5188674999999999 0.008333333333333333 0.0135
2 0.44925666666666664 0.5253675 0.009 0.0145
2 0.41059 0.3331175 0.010333333333333333 0.013
2 0.39859 0.2878675 0.007 0.0115
2 0.40325666666666665 0.2968675 0.011666666666666667 0.0095
2 0.4059233333333333 0.2871175 0.009 0.011
2 0.30108999999999997 0.4076175 0.006666666666666667 0.013
2 0.32592333333333334 0.3881175 0.011 0.007
2 0.3742566666666667 0.3953675 0.007 0.0095
2 0.37109 0.4188675 0.010666666666666666 0.0095
2 0.3787566666666667 0.4113675 0.012 0.0085
2 0.3637566666666667 0.4103675 0.008666666666666666 0.0105
2 0.3584233333333333 0.3966175 0.011333333333333334 0.011
2 0.35025666666666666 0.4006175 0.007666666666666666 0.01
2 0.35225666666666666 0.4088675 0.006333333333333333 0.0125
2 0.41709 0.3033675 0.011333333333333334 0.0165
2 0.42225666666666667 0.3106175 0.013666666666666667 0.013
2 0.4244233333333333 0.3246175 0.008 0.011
2 0.47775666666666666 0.3376175 0.008666666666666666 0.015
2 0.47225666666666666 0.3376175 0.010333333333333333 0.015
2 0.4982566666666667 0.3318675 0.011 0.0135
2 0.5062566666666667 0.3481175 0.015666666666666666 0.014
2 0.5067566666666666 0.32586750000000003 0.015333333333333332 0.0165
2 0.46575666666666665 0.5943674999999999 0.009333333333333334 0.0115
2 0.46175666666666665 0.6291175 0.011333333333333334 0.016
2 0.34909 0.5688675 0.013333333333333334 0.0095
2 0.34750333333333333 0.80475 0.009333333333333334 0.0125
2 0.3378366666666667 0.8135 0.012666666666666666 0.018
2 0.3265033333333333 0.82575 0.014666666666666666 0.0155
2 0.3340033333333333 0.78625 0.012333333333333333 0.0125
2 0.34800333333333333 0.772 0.010333333333333333 0.016
2 0.34217 0.7685 0.008666666666666666 0.015
2 0.2903366666666667 0.80725 0.017 0.0145
2 0.28250333333333333 0.80025 0.008 0.0115
2 0.31033666666666665 0.76025 0.010333333333333333 0.0125
2 0.28567 0.77275 0.015 0.0125
2 0.29567 0.7445 0.011666666666666667 0.013
2 0.60167 0.5995 0.009666666666666667 0.014
2 0.5875033333333334 0.61075 0.011333333333333334 0.0155
2 0.60267 0.5705 0.009 0.015
2 0.5940033333333333 0.55175 0.008333333333333333 0.0105
2 0.5568366666666666 0.635 0.008 0.011
2 0.5313366666666667 0.60325 0.009666666666666667 0.0155
2 0.52017 0.58125 0.011333333333333334 0.0135
2 0.49017 0.60575 0.01 0.0115
2 0.4758366666666667 0.57825 0.009333333333333334 0.0175
2 0.4733366666666667 0.48575 0.011666666666666667 0.0115
2 0.30900333333333335 0.663 0.008333333333333333 0.013
2 0.32717 0.619 0.012 0.011
2 0.3825033333333333 0.67275 0.01 0.0145
2 0.31500333333333336 0.79075 0.010333333333333333 0.0135
2 0.3230033333333333 0.79775 0.008333333333333333 0.0155
2 0.2738366666666667 0.76025 0.009333333333333334 0.0145
2 0.2735033333333333 0.74725 0.012 0.0115
2 0.6688366666666666 0.64625 0.009333333333333334 0.0125
2 0.67567 0.6575 0.009 0.011
2 0.6685033333333333 0.66625 0.007333333333333333 0.0085
2 0.54938 0.40475 0.009 0.0155
2 0.5300466666666667 0.4365 0.009 0.012
2 0.5345466666666667 0.46525 0.008 0.0105
2 0.5162133333333334 0.44725 0.01 0.0145
2 0.5095466666666667 0.447 0.008 0.014
2 0.62488 0.4585 0.008 0.014
2 0.63138 0.35675 0.009 0.0115
2 0.7040466666666666 0.3685 0.009666666666666667 0.012
2 0.7017133333333333 0.38225 0.011666666666666667 0.0135
2 0.6972133333333332 0.399 0.010666666666666666 0.012
2 0.7055466666666667 0.44125 0.01 0.0145
2 0.71138 0.47725 0.009 0.0135
2 0.74788 0.505 0.010666666666666666 0.012
2 0.7385466666666666 0.38575 0.01 0.0115
2 0.7295466666666667 0.37575 0.009333333333333334 0.0125
2 0.7422133333333333 0.35225 0.004 0.0105
2 0.7510466666666666 0.3755 0.009666666666666667 0.01
2 0.7520466666666666 0.48175 0.008333333333333333 0.0135
2 0.73788 0.457 0.013333333333333334 0.016
2 0.7295466666666667 0.4715 0.01 0.01
2 0.7187133333333333 0.5075 0.011 0.015
2 0.71188 0.50625 0.008666666666666666 0.0135
2 0.6970466666666666 0.5025 0.012333333333333333 0.017
2 0.6860466666666666 0.48025 0.010333333333333333 0.0135
2 0.6817133333333334 0.505 0.009 0.012
2 0.66788 0.533 0.01 0.012
2 0.6500466666666667 0.47525 0.011666666666666667 0.0195
2 0.6525466666666667 0.39525 0.007333333333333333 0.0075
2 0.63788 0.4255 0.007333333333333333 0.013
2 0.66388 0.59325 0.008 0.0085
2 0.6723800000000001 0.56 0.009 0.012
2 0.68438 0.59725 0.011 0.0095
2 0.7167133333333333 0.60225 0.007 0.0095
2 0.7177133333333333 0.53 0.009 0.017
2 0.6980466666666666 0.53775 0.013666666666666667 0.0135
2 0.7242133333333333 0.566 0.007333333333333333 0.01
2 0.7327133333333333 0.57975 0.009666666666666667 0.0105
2 0.7282133333333333 0.5885 0.010666666666666666 0.009
2 0.7500466666666666 0.5355 0.007 0.013
2 0.70188 0.634 0.008 0.011
2 0.6970466666666666 0.602 0.009 0.012
2 0.6952133333333332 0.60975 0.008666666666666666 0.0095
2 0.6938799999999999 0.62125 0.006666666666666667 0.0085
2 0.6838799999999999 0.621 0.01 0.008
2 0.6727133333333334 0.62175 0.006333333333333333 0.0145
2 0.6597133333333334 0.63075 0.010333333333333333 0.0135
2 0.6450466666666667 0.62525 0.007 0.0085
2 0.6352133333333334 0.5935 0.009333333333333334 0.012
2 0.6190466666666667 0.59 0.010333333333333333 0.01
2 0.6147133333333333 0.60375 0.009 0.0105
2 0.6247133333333333 0.5005 0.007 0.012
2 0.6497133333333334 0.56975 0.009666666666666667 0.0125
2 0.68188 0.39025 0.01 0.0145
2 0.64088 0.36925 0.007333333333333333 0.0085
2 0.6423800000000001 0.3865 0.005666666666666667 0.007
2 0.6160466666666667 0.40025 0.012333333333333333 0.0115
2 0.7328533333333334 0.41925 0.011666666666666667 0.0165
2 0.6963533333333333 0.42125 0.009333333333333334 0.0155
2 0.6961866666666666 0.43525 0.010333333333333333 0.0135
2 0.6590199999999999 0.4055 0.010666666666666666 0.015
2 0.74852 0.392 0.013666666666666667 0.016
2 0.73302 0.38725 0.011333333333333334 0.0135
2 0.67052 0.4815 0.010333333333333333 0.015
2 0.6631866666666667 0.50325 0.008333333333333333 0.0145
2 0.6548533333333333 0.524 0.007 0.009
2 0.6558533333333333 0.53375 0.009 0.0115
2 0.5300199999999999 0.332 0.014666666666666666 0.013
2 0.5453533333333334 0.323 0.010666666666666666 0.018
2 0.5571866666666666 0.3225 0.007 0.016
2 0.56652 0.29525 0.0003333333333333333 0.0005
2 0.542795 0.6465 0.008666666666666666 0.012
2 0.5484616666666666 0.6545 0.013333333333333334 0.01
2 0.19083333333333333 0.53225 0.013 0.0125
2 0.191 0.4975 0.016666666666666666 0.017
2 0.20366666666666666 0.54525 0.006 0.0135
2 0.18683333333333332 0.61875 0.009666666666666667 0.0135
2 0.21666666666666667 0.67425 0.006666666666666667 0.0125
2 0.21333333333333335 0.68125 0.008666666666666666 0.0105
2 0.20966666666666667 0.69225 0.01 0.0145
2 0.21233333333333335 0.713 0.009333333333333334 0.015
2 0.212 0.72575 0.011333333333333334 0.0125
2 0.2505 0.7545 0.011 0.015
2 0.244 0.74225 0.013333333333333334 0.0145
2 0.21716666666666667 0.77375 0.008333333333333333 0.0115
2 0.147 0.6845 0.012 0.012
2 0.14733333333333334 0.6955 0.008666666666666666 0.012
2 0.142 0.7045 0.008666666666666666 0.014
2 0.16333333333333333 0.742 0.008666666666666666 0.01
2 0.168 0.70125 0.006 0.0085
2 0.17783333333333334 0.681 0.011 0.01
2 0.16366666666666665 0.69525 0.008666666666666666 0.0095
2 0.183 0.71975 0.004666666666666667 0.0055
2 0.1845 0.70875 0.008333333333333333 0.0085
2 0.20133333333333334 0.6735 0.012666666666666666 0.013
2 0.18566666666666667 0.68875 0.006 0.0105
2 0.18766666666666668 0.54875 0.015333333333333332 0.0165
2 0.21083333333333334 0.5465 0.007666666666666666 0.02
2 0.194 0.5755 0.011333333333333334 0.016
2 0.19266666666666668 0.59525 0.009333333333333334 0.0085
2 0.166 0.6065 0.009333333333333334 0.014
2 0.2275 0.58475 0.007666666666666666 0.0075
2 0.23483333333333334 0.586 0.007 0.014
2 0.31783333333333336 0.59375 0.010333333333333333 0.0125
2 0.251 0.5485 0.014666666666666666 0.016
2 0.5311666666666667 0.4885 0.011 0.011
2 0.5308333333333334 0.50175 0.013 0.0155
2 0.5211666666666667 0.4935 0.009 0.012
2 0.32416666666666666 0.667 0.007 0.01
2 0.304 0.61275 0.008666666666666666 0.0145
2 0.2856666666666667 0.4845 0.006666666666666667 0.007
2 0.278 0.4115 0.008 0.009
2 0.2035 0.4335 0.005666666666666667 0.01
2 0.21316666666666667 0.461 0.007 0.01
2 0.20283333333333334 0.473 0.007666666666666666 0.009
2 0.27416666666666667 0.42325 0.007 0.0085
2 0.5468333333333333 0.3755 0.012333333333333333 0.014
2 0.5225 0.381 0.009666666666666667 0.012
2 0.6081666666666666 0.3885 0.011666666666666667 0.01
2 0.6228333333333333 0.477 0.010333333333333333 0.013
2 0.589 0.57625 0.01 0.0165
2 0.6435 0.66675 0.009 0.0095
2 0.645 0.65775 0.008 0.0095
2 0.6315 0.6885 0.007666666666666666 0.006
2 0.6655 0.692 0.007666666666666666 0.012
2 0.7265 0.544 0.007666666666666666 0.011
2 0.732 0.5575 0.010666666666666666 0.01
2 0.7081666666666667 0.591 0.007 0.009
2 0.6251666666666666 0.61725 0.009666666666666667 0.0095
2 0.6565 0.6125 0.008333333333333333 0.009
2 0.6595 0.60325 0.011 0.0115
2 0.502 0.62325 0.010666666666666666 0.0125
2 0.4871666666666667 0.64625 0.011 0.0165
2 0.4945 0.669 0.010333333333333333 0.012
2 0.4801666666666667 0.68975 0.005666666666666667 0.0085
2 0.4686666666666667 0.667 0.007333333333333333 0.005
2 0.4583333333333333 0.65425 0.008 0.0135
2 0.45116666666666666 0.74 0.007666666666666666 0.012
2 0.4598333333333333 0.748 0.012333333333333333 0.008
2 0.5443333333333333 0.74925 0.014666666666666666 0.0165
2 0.5198333333333334 0.559 0.009 0.015
2 0.5483333333333333 0.5285 0.007333333333333333 0.015
2 0.3761583333333333 0.34125 0.008 0.0105
2 0.2155 0.64175 0.007666666666666666 0.0095
2 0.18816666666666668 0.6395 0.011666666666666667 0.01
2 0.42816666666666664 0.51025 0.009 0.0165
2 0.4325 0.4875 0.008333333333333333 0.012
2 0.4435 0.48875 0.011666666666666667 0.0135
2 0.3825 0.49075 0.009666666666666667 0.0115
2 0.3928333333333333 0.40397500000000003 0.007 0.0121775
2 0.3958333333333333 0.417815 0.007 0.0105
2 0.4191666666666667 0.403315 0.009666666666666667 0.0085
2 0.283 0.400315 0.006 0.0085
2 0.1135 0.5120650000000001 0.007 0.009
2 0.118 0.504565 0.008666666666666666 0.006
2 0.020666666666666667 0.5353150000000001 0.010666666666666666 0.0115
2 0.083 0.510565 0.014666666666666666 0.015
2 0.1715 0.621815 0.009666666666666667 0.0125
2 0.16283333333333333 0.672815 0.009 0.0125
2 0.6901666666666667 0.56825 0.009 0.0105
2 0.7148333333333333 0.5525 0.009 0.01
2 0.7068333333333333 0.515 0.009666666666666667 0.012
2 0.7096666666666667 0.52725 0.008666666666666666 0.0105
2 0.676 0.575 0.008 0.01
2 0.6776666666666666 0.6365 0.009333333333333334 0.014
2 0.6505 0.675 0.010333333333333333 0.013
2 0.5755 0.7035 0.010333333333333333 0.01
2 0.553 0.669 0.008666666666666666 0.012
2 0.5645 0.7085 0.009 0.012
2 0.4538333333333333 0.606 0.011 0.013
2 0.4603333333333333 0.4825 0.008666666666666666 0.008
2 0.39066666666666666 0.5535 0.009333333333333334 0.013
2 0.3725 0.534 0.007666666666666666 0.007
2 0.22416666666666665 0.713 0.008333333333333333 0.01
2 0.22716666666666666 0.67625 0.006333333333333333 0.0115
2 0.22933333333333333 0.76575 0.006 0.0095
2 0.2055 0.74825 0.012333333333333333 0.0125
2 0.21883333333333332 0.757 0.011 0.009
2 0.20916666666666667 0.771 0.009666666666666667 0.011
2 0.17816666666666667 0.58875 0.009 0.0105
2 0.2335 0.6135 0.011666666666666667 0.01
2 0.2225 0.6355 0.007666666666666666 0.012
2 0.23566666666666666 0.65125 0.006666666666666667 0.0115
2 0.2838333333333333 0.689 0.009 0.012
2 0.26 0.69775 0.011333333333333334 0.0095
2 0.25816666666666666 0.6815 0.011 0.009
2 0.24683333333333332 0.68925 0.009666666666666667 0.0165
2 0.2808333333333333 0.63 0.013666666666666667 0.016
2 0.2698333333333333 0.6435 0.009666666666666667 0.012
2 0.3423333333333333 0.6175 0.008666666666666666 0.013
2 0.30133333333333334 0.56175 0.006666666666666667 0.0095
2 0.301 0.47125 0.007333333333333333 0.0095
2 0.30266666666666664 0.48925 0.01 0.0105
2 0.2985 0.50975 0.007666666666666666 0.0085
2 0.3443333333333333 0.46575 0.006666666666666667 0.0095
2 0.23166666666666666 0.49775 0.009333333333333334 0.0095
2 0.255 0.5045 0.009333333333333334 0.011
2 0.43683333333333335 0.30125 0.009666666666666667 0.0145
2 0.3988333333333333 0.31825 0.009666666666666667 0.0135
2 0.32316666666666666 0.3695 0.008333333333333333 0.011
2 0.31833333333333336 0.3805 0.008666666666666666 0.01
2 0.626775 0.39075 0.01 0.0175
2 0.6051083333333334 0.44475 0.008666666666666666 0.0075
2 0.561775 0.50875 0.010666666666666666 0.0155
2 0.554275 0.48075 0.011666666666666667 0.0115
2 0.5234416666666667 0.53075 0.008666666666666666 0.0105
2 0.4149416666666667 0.55025 0.012333333333333333 0.0125
2 0.42610833333333337 0.53875 0.012666666666666666 0.0165
2 0.464775 0.30225 0.008 0.0105
2 0.7198333333333333 0.39375 0.012333333333333333 0.0125
2 0.5793333333333334 0.395 0.008666666666666666 0.012
2 0.6418333333333334 0.3235 0.006333333333333333 0.008
2 0.6511666666666667 0.3265 0.005 0.007
2 0.6418333333333334 0.5485 0.007666666666666666 0.009
2 0.6866666666666666 0.55675 0.008666666666666666 0.0075
2 0.7276666666666667 0.52675 0.011333333333333334 0.0115
2 0.7426666666666667 0.49525 0.007333333333333333 0.0095
2 0.6318333333333334 0.455 0.007666666666666666 0.009
2 0.6083333333333333 0.41375 0.008 0.0125
2 0.5456666666666666 0.404 0.010666666666666666 0.013
2 0.5515 0.4325 0.009 0.011
2 0.6463333333333333 0.3245 0.005333333333333333 0.009