1 0.4138266666666667 0.5394950000000001 0.04330833333333334 0.0666225
1 0.462065 0.6055825 0.042583333333333334 0.05956
1 0.30587000000000003 0.7778825 0.03460833333333333 0.0480025
1 0.5531016666666667 0.8908075 0.038615 0.055085
1 0.566035 0.803885 0.044671666666666665 0.050805
1 0.5722416666666666 0.6937225 0.03838166666666667 0.054332500000000006
1 0.5983516666666667 0.06561249999999999 0.030021666666666665 0.0427275
1 0.16410666666666665 0.92515 0.04077 0.0543575
1 0.41796000000000005 0.31973 0.022395 0.030719999999999997
1 0.9024516666666667 0.5191775 0.025214999999999998 0.02596
1 0.08535666666666666 0.6046174999999999 0.03421 0.0545925
1 0.9263866666666666 0.7806075 0.02292333333333333 0.027517499999999997
1 0.4716883333333334 0.14751 0.02889833333333333 0.041465
1 0.18504833333333331 0.701465 0.034335 0.039265
1 0.30500166666666667 0.26506 0.024288333333333332 0.039085
1 0.54317 0.1821425 0.021878333333333336 0.034735
1 0.5374516666666667 0.1274775 0.025638333333333336 0.039395000000000006
1 0.8634616666666668 0.6161625000000001 0.022865 0.0345675
1 0.5959216666666667 0.809745 0.028401666666666665 0.043672499999999996
1 0.5606666666666666 0.37115499999999996 0.026473333333333335 0.0575
1 0.7383783333333334 0.6044025000000001 0.019591666666666667 0.0243475