2 0.14306833333333333 0.6071224999999999 0.07626166666666667 0.0853775
2 0.07135333333333334 0.118615 0.043173333333333334 0.0406425
2 0.072705 0.1594875 0.036868333333333336 0.0465075
2 0.12674333333333335 0.10223499999999999 0.07288666666666667 0.092325
2 0.094775 0.01537 0.05410333333333334 0.0307375
2 0.19204333333333334 0.02888 0.059365 0.05776
2 0.18112166666666668 0.043609999999999996 0.06679833333333333 0.055325000000000006
2 0.234605 0.03057 0.058179999999999996 0.061137500000000004
2 0.24845333333333333 0.1108475 0.055255 0.072395
2 0.25329 0.456955 0.04674666666666667 0.0721575
2 0.395485 0.49951999999999996 0.03614 0.0491975
2 0.26184666666666667 0.688875 0.04584333333333333 0.059725
2 0.352815 0.355265 0.029616666666666666 0.03767
2 0.4271216666666667 0.341245 0.03410833333333334 0.033275
2 0.3933466666666667 0.41658249999999997 0.02961 0.04208
2 0.4425483333333333 0.4250275 0.027366666666666664 0.038704999999999996
2 0.5478116666666667 0.81438 0.050300000000000004 0.07091
2 0.5713416666666667 0.68989 0.041063333333333334 0.06851
2 0.6111966666666666 0.6289125 0.05321666666666667 0.085045
2 0.8890566666666667 0.54192 0.04146166666666667 0.056305
2 0.9757450000000001 0.5338125 0.048201666666666663 0.08062749999999999
2 0.9122483333333333 0.4253675 0.04731166666666667 0.05965
2 0.86485 0.36084 0.03583666666666667 0.045442500000000004
2 0.8463866666666666 0.336685 0.02593166666666667 0.0342875
2 0.8350150000000001 0.403915 0.03246333333333333 0.0403875
2 0.7142116666666667 0.416075 0.027305000000000003 0.024175000000000002
2 0.991585 0.23854499999999998 0.016828333333333334 0.044055
2 0.9910233333333334 0.19598 0.017955000000000002 0.039987499999999995
2 0.9779983333333333 0.16135 0.03469166666666667 0.041667499999999996
2 0.9675283333333333 0.100375 0.03401833333333334 0.058205
2 0.9859549999999999 0.08855249999999999 0.028088333333333333 0.08184749999999999
2 0.8967116666666667 0.1860125 0.03875833333333333 0.0437025
2 0.8872583333333334 0.21996000000000002 0.034194999999999996 0.026895
2 0.8987383333333334 0.11794 0.020293333333333333 0.03929
2 0.87746 0.1486825 0.025026666666666666 0.039975000000000004
2 0.7869416666666667 0.3260425 0.02414 0.0366475
2 0.645535 0.2429375 0.029568333333333332 0.046082500000000005
2 0.650265 0.19412000000000001 0.025513333333333336 0.0328925
2 0.6811116666666667 0.170305 0.028661666666666665 0.0561975
2 0.42228 0.055442500000000006 0.049195 0.06967749999999999
2 0.3771333333333334 0.14598 0.033215 0.0480825
2 0.093195 0.2888825 0.04632166666666667 0.043395
2 0.49692333333333333 0.11135500000000001 0.047606666666666665 0.0767875
2 0.5269866666666667 0.1108475 0.04314166666666667 0.0588825
2 0.40516833333333335 0.29428750000000004 0.014971666666666666 0.02718
2 0.4994 0.4721575 0.03905 0.068785
2 0.5457883333333333 0.43110000000000004 0.048323333333333336 0.0707525
2 0.5851933333333333 0.5052625 0.03707166666666667 0.040417499999999995
2 0.5889083333333333 0.430765 0.031893333333333336 0.037645000000000005
2 0.56324 0.36641500000000005 0.04720166666666666 0.053212499999999996
2 0.5223666666666666 0.36539499999999997 0.048953333333333335 0.0501625
2 0.5153866666666667 0.32350999999999996 0.04850333333333333 0.0552275
2 0.5212416666666666 0.2748625 0.03319166666666667 0.052512500000000004
2 0.5609883333333333 0.3192875 0.04269666666666667 0.050159999999999996
2 0.661635 0.83009 0.036995 0.058415
2 0.7438216666666667 0.8809325 0.05274333333333333 0.0621475
2 0.7423583333333332 0.223345 0.034055 0.060942500000000004
2 0.7698316666666666 0.22368000000000002 0.037103333333333335 0.041347499999999995
2 0.8167800000000001 0.267255 0.05354833333333334 0.040395
2 0.8293900000000001 0.23398500000000003 0.037338333333333334 0.0450675
2 0.8074316666666667 0.2157425 0.04260166666666667 0.06263