2 0.08816166666666667 0.26097250000000005 0.05098833333333334 0.06848749999999999
2 0.20995 0.1856975 0.032231666666666665 0.0615925
2 0.21359166666666665 0.33077999999999996 0.033271666666666665 0.061322499999999995
2 0.17206 0.34233749999999996 0.031405 0.053204999999999995
2 0.26813666666666663 0.33687 0.025768333333333334 0.0516425
2 0.33069333333333334 0.492575 0.05719333333333334 0.0851075
2 0.40886666666666666 0.48226749999999996 0.040735 0.0582425
2 0.42677 0.42589 0.05155666666666666 0.0735325
2 0.42677 0.36123500000000003 0.04323 0.0628925
2 0.45009 0.47242 0.051705 0.06451000000000001
2 0.5067116666666667 0.69513 0.05320833333333334 0.07486
2 0.43364 0.7782125 0.03615 0.04115
2 0.42625 0.879255 0.05259833333333333 0.0589825
2 0.38815333333333335 0.8783175 0.030536666666666667 0.0508625
2 0.14562 0.76978 0.049313333333333334 0.055515
2 0.028935000000000002 0.8361525000000001 0.03455166666666667 0.0477275
2 0.16612666666666667 0.50819 0.03827666666666667 0.053877499999999995
2 0.11075 0.5202175 0.03578666666666667 0.0748075
2 0.015198333333333333 0.5605025 0.030396666666666666 0.038247500000000004
2 0.03632833333333333 0.6029800000000001 0.032508333333333334 0.040735
2 0.05454166666666667 0.52943 0.022656666666666665 0.033895
2 0.19725 0.456185 0.018676666666666668 0.040432499999999996
2 0.25314833333333336 0.47242 0.021511666666666665 0.0395225
2 0.23420166666666667 0.46352499999999996 0.019711666666666666 0.03325
2 0.22139833333333336 0.450875 0.017006666666666666 0.0360575
2 0.5499083333333333 0.29376749999999996 0.04110166666666667 0.0653725
2 0.5546966666666666 0.4844525 0.03818666666666667 0.056369999999999996
2 0.581865 0.8230325000000001 0.023818333333333334 0.0464725
2 0.8173183333333333 0.6871649999999999 0.024194999999999998 0.055805
2 0.78547 0.6731075 0.027013333333333337 0.04643
2 0.7478933333333333 0.7138625 0.03346 0.0500725
2 0.7627766666666667 0.650775 0.02659166666666667 0.036115
2 0.7463316666666666 0.590955 0.038665000000000005 0.0366775
2 0.723325 0.6123575 0.02566833333333333 0.0404775
2 0.7447683333333333 0.6204725 0.02275 0.0432275
2 0.9778933333333333 0.26835000000000003 0.013853333333333334 0.0179
2 0.9926183333333334 0.160355 0.00546 0.0166325
2 0.970325 0.1809675 0.01188 0.020835
2 0.988835 0.1385075 0.007765 0.0149
2 0.8628049999999999 0.2165125 0.018973333333333335 0.032695
2 0.8772833333333333 0.17306749999999999 0.015021666666666666 0.0247825
2 0.7477983333333333 0.122835 0.02919333333333333 0.050195000000000004
2 0.7005816666666667 0.1246875 0.029041666666666667 0.0464925
2 0.6833033333333333 0.1 0.031836666666666666 0.03661
2 0.7084766666666666 0.040265 0.032819999999999995 0.055354999999999994
2 0.6253066666666667 0.1182675 0.029378333333333336 0.043527500000000004
2 0.62868 0.158005 0.027896666666666667 0.039895
2 0.6614233333333334 0.15134 0.021796666666666666 0.0384175
2 0.6501516666666667 0.21380000000000002 0.023121666666666665 0.042075
2 0.677465 0.21182499999999999 0.027558333333333334 0.038125
2 0.7853966666666666 0.4864175 0.028891666666666666 0.0346625
2 0.7765933333333334 0.45223250000000004 0.021814999999999998 0.037655
2 0.7502666666666667 0.449635 0.030838333333333332 0.0440525
2 0.7300300000000001 0.4107625 0.033145 0.0435675
2 0.7861333333333334 0.3824925 0.030173333333333333 0.040122500000000005
2 0.8081833333333334 0.3797775 0.017871666666666668 0.0307425