1 0.7973883333333334 0.35738 0.053301666666666664 0.0664075
1 0.783695 0.03693 0.04606166666666667 0.05927
1 0.6007133333333333 0.1068025 0.05974666666666667 0.0782525
1 0.42535999999999996 0.3833975 0.051978333333333335 0.070815
1 0.9807816666666666 0.1115 0.037498333333333335 0.058495
1 0.5137666666666667 0.4783675 0.04310166666666667 0.05539
1 0.413875 0.6780275 0.03774 0.051525
1 0.50234 0.13269 0.04627833333333334 0.0801275
1 0.6626033333333333 0.016864999999999998 0.048966666666666665 0.0337275
1 0.5341883333333334 0.41205 0.041313333333333334 0.060475
1 0.18512666666666666 0.30901 0.05159166666666667 0.06502
1 0.46391666666666664 0.37571 0.030406666666666665 0.0702525
1 0.052135 0.1666925 0.03231666666666667 0.037865
1 0.44555333333333336 0.9394199999999999 0.017636666666666665 0.0316625
1 0.3312466666666667 0.07142 0.039215 0.05815
1 0.67222 0.6213474999999999 0.020923333333333335 0.036425
1 0.645705 0.62334 0.020393333333333333 0.026574999999999998
1 0.6391883333333334 0.643805 0.020133333333333333 0.0249325
1 0.5716616666666666 0.6250725 0.023430000000000003 0.028975
1 0.4371733333333333 0.7635 0.020915 0.02826
1 0.6022316666666666 0.4478025 0.03148666666666666 0.0459225
1 0.7289783333333333 0.39585000000000004 0.029410000000000002 0.0338075
1 0.3086683333333333 0.5834874999999999 0.026306666666666666 0.0358475