1 0.274215 0.4109975 0.04067833333333333 0.0664025
1 0.47211333333333333 0.5259149999999999 0.038290000000000005 0.055
1 0.659805 0.07946500000000001 0.04885333333333333 0.07254250000000001
1 0.29572166666666666 0.5646775 0.04706333333333333 0.058725
1 0.6409600000000001 0.46592500000000003 0.04641166666666667 0.0628225
1 0.7424983333333333 0.0881875 0.04094833333333333 0.048345
1 0.6747233333333333 0.5169675 0.04353 0.0609925
1 0.27038999999999996 0.76855 0.04165666666666667 0.0589175
1 0.5052366666666667 0.9039025 0.03141833333333333 0.046182499999999994
1 0.7646583333333333 0.6064875 0.043096666666666665 0.055564999999999996
1 0.5165866666666666 0.6736975 0.038053333333333335 0.0562525
1 0.2814416666666667 0.6153474999999999 0.038496666666666665 0.0573875
1 0.89191 0.2169925 0.029655 0.0373025
1 0.5643133333333333 0.5237999999999999 0.036996666666666664 0.0449725
1 0.56089 0.37373500000000004 0.03584333333333333 0.0407075
1 0.371795 0.4561275 0.03562166666666666 0.04535
1 0.02940833333333333 0.9735075000000001 0.029930000000000002 0.0402725
1 0.532 0.6155900000000001 0.036735 0.056325
1 0.571935 0.557315 0.03655833333333333 0.0488225
1 0.88647 0.7252075 0.028983333333333333 0.03445
1 0.47828166666666666 0.87217 0.033355 0.050165
1 0.528075 0.3555725 0.02344 0.037785
1 0.6355066666666667 0.8999025 0.026484999999999998 0.04863
1 0.6646733333333333 0.9106224999999999 0.035046666666666663 0.0527725
1 0.24820333333333333 0.62054 0.025146666666666664 0.035875
1 0.17392 0.5595924999999999 0.026673333333333334 0.048060000000000005
1 0.15068166666666666 0.8084450000000001 0.022791666666666665 0.0404575
1 0.043805 0.8333625 0.022631666666666665 0.03336
1 0.058986666666666666 0.06796250000000001 0.029275000000000002 0.0337425
1 0.6939733333333333 0.194685 0.028816666666666668 0.041792499999999996
1 0.7840666666666666 0.4273925 0.027378333333333334 0.0352225
1 0.9359333333333334 0.989405 0.019391666666666665 0.0211875
1 0.22674666666666668 0.313865 0.03677333333333333 0.0438675
1 0.17566166666666666 0.3581725 0.021183333333333332 0.043840000000000004
1 0.09499666666666667 0.051025 0.029314999999999997 0.04084
1 0.9443616666666667 0.29272750000000003 0.025123333333333334 0.039685000000000005
1 0.9754983333333332 0.79112 0.021411666666666666 0.033185
1 0.9907266666666666 0.7911725000000001 0.018546666666666666 0.030747499999999997
1 0.9380166666666667 0.8572225 0.020435 0.025607500000000002
1 0.9202066666666666 0.8832424999999999 0.021505 0.0291125
1 0.88805 0.8394400000000001 0.026685000000000004 0.034097499999999996
1 0.7244400000000001 0.7908175 0.018006666666666667 0.038512500000000005