1 0.14715666666666669 0.5533475 0.033495 0.0531725
1 0.239675 0.409715 0.03440666666666667 0.044715000000000005
1 0.096605 0.664885 0.036561666666666666 0.0431875
1 0.200105 0.652775 0.031785 0.049505
1 0.39274333333333333 0.760495 0.03262166666666667 0.0465625
1 0.5722483333333332 0.344 0.02159166666666667 0.031555
1 0.06218833333333333 0.5860725 0.03141666666666667 0.04181
1 0.14242166666666667 0.7676124999999999 0.03375333333333334 0.045282499999999996
1 0.2402716666666667 0.7308225 0.028185 0.04548
1 0.24499500000000002 0.6259075000000001 0.03803666666666666 0.04965
1 0.48716499999999996 0.17067 0.021813333333333334 0.0269925
1 0.5327916666666667 0.3095075 0.023245 0.02757
1 0.9175300000000001 0.6879500000000001 0.027768333333333336 0.03302
1 0.11873833333333332 0.754135 0.019081666666666667 0.0403875
1 0.12689 0.7892100000000001 0.017285 0.03279
1 0.14125333333333334 0.7932525 0.02709166666666667 0.026065
1 0.263555 0.8624575 0.012539999999999999 0.026260000000000002
1 0.36016833333333337 0.7711425000000001 0.02559166666666667 0.0423125
1 0.1655 0.7927525000000001 0.024981666666666666 0.02961
1 0.28851166666666667 0.77776 0.02304833333333333 0.03173
1 0.26460500000000003 0.805245 0.01651 0.0334425
1 0.04279 0.292575 0.01401 0.0173775
1 0.007043333333333333 0.31538 0.014085 0.024237500000000002
1 0.006508333333333333 0.33196499999999995 0.013016666666666666 0.016032499999999998
1 0.9526683333333333 0.6862625 0.024621666666666663 0.0319575
1 0.7814716666666667 0.24691 0.021755 0.031735
1 0.845 0.1989575 0.020075 0.036635
1 0.621385 0.420495 0.019785 0.03277
1 0.5231899999999999 0.366825 0.01448 0.021375
1 0.23029166666666667 0.649215 0.030605 0.0438725