2 0.50625 0.03875 0.03916666666666667 0.065
2 0.2357766666666667 0.05878 0.028978333333333335 0.032600000000000004
2 0.3078933333333333 0.05137 0.023051666666666668 0.0335875
2 0.31448000000000004 0.01383 0.027001666666666667 0.02766
2 0.3395066666666667 0.0780425 0.03622333333333334 0.049395
2 0.38297333333333333 0.1694225 0.045443333333333336 0.0740925
2 0.39614499999999997 0.28994749999999997 0.04149166666666666 0.054335
2 0.213715 0.353665 0.032271666666666664 0.045442500000000004
2 0.1847366666666667 0.1353425 0.030953333333333333 0.0434675
2 0.23874166666666669 0.16695500000000002 0.030953333333333333 0.045442500000000004
2 0.25685166666666664 0.4139275 0.03688166666666667 0.06125
2 0.3227116666666667 0.40059 0.04215 0.058285
2 0.29077 0.466285 0.032271666666666664 0.035565
2 0.24203333333333335 0.4835725 0.028319999999999998 0.0345775
2 0.04511333333333333 0.869345 0.034905 0.06520000000000001
2 0.09780166666666666 0.97172 0.037540000000000004 0.0565625
2 0.36848333333333333 0.9796225 0.04280833333333334 0.040755
2 0.086935 0.780435 0.03688166666666667 0.05137
2 0.12480333333333334 0.7300525 0.05071166666666666 0.0671775
2 0.06915333333333333 0.8224199999999999 0.03688166666666667 0.050382500000000004
2 0.3793516666666667 0.658925 0.031613333333333334 0.049395
2 0.6101883333333333 0.68214 0.028319999999999998 0.04248
2 0.6925133333333333 0.685105 0.032271666666666664 0.0484075
2 0.771545 0.71227 0.028319999999999998 0.03754
2 0.8100716666666667 0.8318049999999999 0.026343333333333333 0.039515
2 0.63785 0.6480575 0.032271666666666664 0.0553225
2 0.6134816666666666 0.5137050000000001 0.030953333333333333 0.047420000000000004
2 0.57232 0.4939475 0.02371 0.047420000000000004
2 0.5601349999999999 0.48061000000000004 0.020416666666666666 0.038527500000000006
2 0.53939 0.4815975 0.030295000000000002 0.0484075
2 0.5077766666666667 0.4776475 0.031613333333333334 0.044455
2 0.532145 0.52803 0.010538333333333334 0.0266725
2 0.5163383333333333 0.5314875 0.01844 0.0414925
2 0.46925 0.532475 0.038856666666666664 0.049395
2 0.43335500000000005 0.5379075 0.03688166666666667 0.050382500000000004
2 0.44619833333333336 0.5853275 0.030953333333333333 0.0484075
2 0.4211716666666667 0.6070599999999999 0.029636666666666665 0.044455
2 0.349055 0.56211 0.027661666666666668 0.039515
2 0.3793516666666667 0.55569 0.03688166666666667 0.050382500000000004
2 0.37013 0.5309925 0.025026666666666666 0.0345775
2 0.29867333333333335 0.501355 0.030953333333333333 0.04248
2 0.6009683333333333 0.3151375 0.024368333333333336 0.0414925
2 0.687245 0.16893 0.03358833333333333 0.047420000000000004
2 0.69877 0.12151 0.027661666666666668 0.045442500000000004
2 0.7267600000000001 0.19511 0.029636666666666665 0.04643
2 0.7488233333333333 0.2943925 0.027661666666666668 0.03754
2 0.9916416666666668 0.34922000000000003 0.016716666666666668 0.038527500000000006
2 0.9681350000000001 0.38033999999999996 0.027661666666666668 0.047420000000000004
2 0.9909833333333333 0.41491500000000003 0.018035 0.045442500000000004
2 0.74092 0.56211 0.038198333333333334 0.049395
2 0.9042516666666667 0.8298300000000001 0.035563333333333336 0.05137
2 0.9068866666666666 0.876755 0.031613333333333334 0.04643
2 0.9477183333333334 0.6707799999999999 0.04873666666666667 0.06125