1 0.6025316666666667 0.82669 0.03561333333333334 0.0525475
1 0.47558333333333336 0.636725 0.02971666666666667 0.048515
1 0.8936683333333334 0.3385725 0.02769 0.033575
1 0.7465316666666666 0.0890725 0.040168333333333334 0.053045
1 0.7346033333333333 0.026 0.037691666666666665 0.052
1 0.5743966666666667 0.8537925000000001 0.03065333333333333 0.042575
1 0.44084666666666666 0.4059475 0.03110166666666667 0.0493
1 0.4479066666666667 0.797205 0.020863333333333334 0.044495
1 0.458115 0.853105 0.020578333333333334 0.0393825
1 0.3894433333333333 0.962215 0.02572 0.056667499999999996
1 0.9231416666666667 0.52989 0.017003333333333332 0.0236725
1 0.9085833333333333 0.49069999999999997 0.018185 0.0230775
1 0.8197283333333333 0.57143 0.01994 0.0219725
1 0.9230766666666667 0.476815 0.017455000000000002 0.0267725
1 0.9663099999999999 0.0769375 0.022834999999999998 0.0305975
1 0.9478616666666667 0.0762775 0.018596666666666668 0.0222775
1 0.14933166666666667 0.5993425 0.02284166666666667 0.0342125
1 0.6536866666666666 0.1409575 0.024276666666666665 0.037642499999999995