1 0.6880850000000001 0.456015 0.054705000000000004 0.086075
1 0.7828383333333333 0.712635 0.033968333333333336 0.0509875
1 0.9392633333333333 0.8248574999999999 0.055125 0.07103
1 0.49182499999999996 0.73263 0.03653833333333333 0.05656
1 0.7516266666666667 0.6785675 0.04308 0.051840000000000004
1 0.49914333333333333 0.60899 0.041036666666666666 0.06422
1 0.6322466666666666 0.5562725000000001 0.05029333333333333 0.0605775
1 0.5506816666666667 0.7630750000000001 0.041265 0.0569475
1 0.607795 0.5777975 0.03697666666666667 0.045649999999999996
1 0.8903816666666666 0.16544999999999999 0.07665666666666666 0.0985075
1 0.21197833333333332 0.06007 0.029516666666666667 0.042165
1 0.9815833333333334 0.7559125 0.036833333333333336 0.050795
1 0.2901316666666667 0.2959925 0.03302833333333333 0.0496975
1 0.44644500000000004 0.7213474999999999 0.021626666666666666 0.035015
1 0.534605 0.6426225 0.03329833333333333 0.045505000000000004
1 0.503785 0.6412825 0.029613333333333335 0.0329475
1 0.7492316666666667 0.3561075 0.03666333333333333 0.051385
1 0.9645466666666667 0.592525 0.056764999999999996 0.0618825
1 0.6238333333333334 0.6862999999999999 0.031926666666666666 0.041972499999999996
1 0.8403099999999999 0.23998750000000002 0.045386666666666665 0.06809