1 0.3185216666666667 0.257025 0.08235 0.12568000000000001
1 0.266575 0.604465 0.05581666666666666 0.0820675
1 0.40219166666666667 0.26688249999999997 0.052965000000000005 0.0946325
1 0.5890933333333334 0.505165 0.03020666666666667 0.07648
1 0.21960500000000002 0.24697249999999998 0.073015 0.11146500000000001
1 0.23981666666666668 0.4025275 0.06704333333333333 0.093935
1 0.31726 0.6040975 0.054566666666666666 0.07822
1 0.27246333333333334 0.52098 0.06974333333333332 0.08319499999999999
1 0.48866499999999996 0.85263 0.04507333333333333 0.064205
1 0.376075 0.3163725 0.045393333333333334 0.06859
1 0.6794916666666666 0.7175925 0.05204 0.0764025
1 0.362965 0.6036699999999999 0.051845 0.0763625
1 0.126335 0.51439 0.05009333333333334 0.061987499999999994
1 0.7889716666666666 0.57263 0.06174666666666667 0.0734775
1 0.6201533333333333 0.5029375 0.053788333333333334 0.07779000000000001
1 0.09461166666666666 0.5788099999999999 0.03846166666666667 0.0514525
1 0.014356666666666667 0.5624199999999999 0.028713333333333334 0.051175
1 0.43740666666666667 0.286295 0.04135 0.05292
1 0.08486833333333332 0.47704250000000004 0.03204333333333333 0.04979
1 0.23671666666666666 0.5099575 0.02982 0.057845