1 0.4061283333333333 0.8970525 0.041291666666666664 0.0574625
1 0.37206833333333333 0.2376725 0.04576666666666667 0.065035
1 0.7865066666666667 0.6053975 0.02731 0.0360625
1 0.5278033333333334 0.13933 0.037075 0.0425475
1 0.46298666666666666 0.8074 0.03759166666666667 0.047165
1 0.40764666666666666 0.21568500000000002 0.03812666666666666 0.046384999999999996
1 0.8201900000000001 0.6107425 0.021385 0.0291125
1 0.132585 0.60487 0.04170833333333333 0.05845
1 0.5073433333333334 0.98586 0.030126666666666666 0.0282775
1 0.6623966666666666 0.26748500000000003 0.029285000000000002 0.03052
1 0.5106033333333333 0.7072324999999999 0.030151666666666667 0.0433075
1 0.4934 0.7355750000000001 0.023495 0.042275
1 0.4373866666666667 0.90166 0.031281666666666666 0.048545000000000005
1 0.46790166666666666 0.9014249999999999 0.020341666666666668 0.03886
1 0.5098083333333333 0.9530875 0.028651666666666666 0.04387
1 0.60806 0.844125 0.021015 0.03384
1 0.009135 0.7124325 0.01827 0.0642075
1 0.048988333333333335 0.02476 0.05020666666666667 0.049522500000000004
1 0.90547 0.3053775 0.02015 0.026234999999999998