2 0.17842592592592593 0.1789781746031746 0.04006613756613757 0.023583829365079367
2 0.15047619047619046 0.1784548611111111 0.025158730158730158 0.018343253968253967
2 0.16305114638447973 0.20072916666666668 0.039131393298059966 0.020964781746031745
2 0.1905379188712522 0.21147321428571428 0.03633597883597883 0.01939236111111111
2 0.16910934744268077 0.22562251984126985 0.03261022927689594 0.01939236111111111
2 0.25436067019400355 0.18500496031746033 0.037270723104056436 0.019915674603174602
2 0.3233112874779541 0.25078125 0.06708553791887126 0.031969246031746036
2 0.7821869488536155 0.11320436507936509 0.043791887125220454 0.023060515873015875
2 0.7416534391534392 0.2326984126984127 0.04658730158730159 0.027251984126984125
2 0.6130776014109348 0.20308779761904763 0.0186331569664903 0.01939236111111111
2 0.6568694885361552 0.16980654761904762 0.024223985890652555 0.008385416666666668
2 0.6158730158730159 0.38809275793650794 0.08758377425044091 0.0455952380952381
2 0.25762345679012344 0.35507440476190477 0.028884479717813053 0.018343253968253967
2 0.20637566137566138 0.3715848214285714 0.03447530864197531 0.02620535714285714
2 0.3195811287477954 0.4218973214285714 0.05403880070546737 0.036686507936507934
2 0.2739285714285714 0.4310689484126984 0.05031305114638448 0.03301835317460317
2 0.24876984126984128 0.4253050595238095 0.035405643738977075 0.03092261904761905
2 0.14302028218694884 0.4719494047619048 0.05310846560846561 0.027777777777777776
2 0.7761287477954144 0.42451884920634925 0.07453703703703704 0.036686507936507934
2 0.9033112874779542 0.4858382936507937 0.05497354497354498 0.02830109126984127
2 0.6438227513227514 0.5437500000000001 0.06149470899470899 0.03930803571428572
2 0.42020723104056434 0.5164980158730159 0.07453703703703704 0.04140376984126984
2 0.4998721340388007 0.5128298611111111 0.06801587301587302 0.03930803571428572
2 0.5981701940035273 0.5665476190476191 0.020498236331569667 0.02830109126984127
2 0.49381393298059967 0.609000496031746 0.02236331569664903 0.023060515873015875
2 0.4560802469135803 0.6338938492063493 0.03074514991181658 0.01939236111111111
2 0.4150837742504409 0.7339980158730158 0.07360670194003527 0.04245287698412698
2 0.4588756613756614 0.7161780753968254 0.06242504409171076 0.0403546626984127
2 0.38619929453262786 0.7261359126984127 0.058699294532627865 0.03930803571428572
2 0.43930776014109346 0.7546999007936508 0.06988095238095239 0.03563740079365079
2 0.3011728395061728 0.7314781746031747 0.0421031746031746 0.024312996031746033
2 0.3076278659611993 0.7076364087301588 0.03705026455026455 0.023998015873015876
2 0.27029982363315697 0.7178993055555556 0.04322310405643739 0.023683035714285712
2 0.23829805996472664 0.7005332341269842 0.03649029982363316 0.020525793650793652
2 0.27731481481481485 0.7002157738095238 0.019087301587301587 0.013578869047619048
2 0.3727469135802469 0.7679489087301588 0.03929453262786596 0.027787698412698413
2 0.4111992945326279 0.7677901785714286 0.038734567901234564 0.023050595238095238
2 0.11957231040564374 0.7900520833333333 0.03705026455026455 0.021473214285714286
2 0.2242636684303351 0.7780530753968254 0.027508818342151676 0.014526289682539682
2 0.26299823633156966 0.8251041666666667 0.037610229276895946 0.022103174603174604
2 0.29275132275132276 0.8175248015873017 0.03312169312169312 0.02273561507936508
2 0.28938271604938276 0.7999999999999999 0.03087301587301587 0.016103670634920637
2 0.04148148148148148 0.7488368055555555 0.02635361552028219 0.013725198412698413
2 0.02415784832451499 0.8062053571428571 0.047336860670194006 0.02580357142857143
2 0.41528659611992946 0.9198487103174603 0.04001763668430335 0.02525297619047619