2 0.5912874779541446 0.3262996031746032 0.0376278659611993 0.020662202380952382
2 0.4443606701940035 0.3711507936507937 0.03225308641975309 0.020662202380952382
2 0.21232804232804234 0.45606398809523807 0.05196208112874779 0.028221726190476193
2 0.5899426807760141 0.43061507936507937 0.03314814814814815 0.015622519841269842
2 0.6163756613756614 0.4870560515873016 0.03941798941798942 0.021669146825396828
2 0.7377689594356261 0.46765625 0.04389770723104056 0.019149305555555555
2 0.6826675485008818 0.5515625000000001 0.053752204585537915 0.029732142857142856
2 0.5756084656084656 0.5258606150793651 0.027773368606701942 0.015622519841269842
2 0.33372134038800705 0.535436507936508 0.031358024691358025 0.013606150793650794
2 0.44167548500881837 0.6442857142857144 0.034043209876543204 0.026708829365079366
2 0.7001410934744269 0.567688492063492 0.036732804232804235 0.021669146825396828
2 0.6472839506172839 0.563655753968254 0.02597883597883598 0.015622519841269842
2 0.2096384479717813 0.641765873015873 0.041212522045855376 0.03678819444444445
2 0.9751763668430334 0.7541443452380953 0.034938271604938266 0.022676091269841273
2 0.38971340388007053 0.9880654761904762 0.0662962962962963 0.023869047619047616
2 0.3368562610229277 0.937326388888889 0.0376278659611993 0.030235615079365077
2 0.17335537918871252 0.9408531746031746 0.045692239858906525 0.017132936507936507
2 0.11646384479717813 0.9159102182539682 0.0430026455026455 0.018645833333333334
2 0.34223104056437387 0.979749503968254 0.0376278659611993 0.040500992063492065