1 0.60324 0.613195 0.030396666666666666 0.0587475
1 0.18675166666666668 0.475065 0.03593166666666667 0.05139
1 0.08732500000000001 0.0217725 0.03816666666666667 0.0435425
1 0.3130133333333333 0.38864 0.03334 0.0496325
1 0.7153266666666667 0.69459 0.04121166666666667 0.0589025
1 0.6445666666666667 0.47814999999999996 0.03856333333333333 0.0532025
1 0.9550833333333333 0.16878 0.03691833333333333 0.0612175
1 0.6489499999999999 0.652775 0.037135 0.03921
1 0.49409333333333333 0.7886425 0.036449999999999996 0.061425
1 0.7186183333333334 0.75394 0.026353333333333333 0.0447675
1 0.7447916666666666 0.7312649999999999 0.03474666666666666 0.0470875
1 0.7461683333333333 0.7936375 0.029385 0.048085
1 0.16750833333333331 0.7794675 0.030505 0.048237499999999996
1 0.19474833333333333 0.815395 0.026125 0.030232500000000002
1 0.019893333333333332 0.63878 0.035473333333333336 0.045094999999999996
1 0.047885 0.1140475 0.03261833333333333 0.044795
1 0.4268883333333333 0.35667000000000004 0.020338333333333333 0.0240975
1 0.5946433333333333 0.55652 0.02142833333333333 0.0376825
1 0.9425683333333333 0.5461475 0.036833333333333336 0.0309875