1 0.7114166666666667 0.22476249999999998 0.035214999999999996 0.0529825
1 0.175975 0.539865 0.04788333333333333 0.0568775
1 0.385265 0.8131499999999999 0.03768833333333333 0.0537325
1 0.27521999999999996 0.609645 0.040258333333333333 0.047805
1 0.5251549999999999 0.5670375 0.033181666666666665 0.0368825
1 0.535875 0.462145 0.03304666666666667 0.05077
1 0.7608033333333333 0.124265 0.036234999999999996 0.0491175
1 0.07315666666666666 0.6502175 0.03274666666666667 0.0486475
1 0.38792666666666664 0.44955 0.03237 0.0414075
1 0.48511666666666664 0.5549175000000001 0.02685 0.03861
1 0.5813483333333334 0.6667725 0.028733333333333333 0.029945
2 0.4426083333333333 0.9698325 0.021256666666666667 0.0325825
1 0.34580333333333335 0.5434349999999999 0.032556666666666664 0.045462499999999996
1 0.510105 0.25753250000000005 0.02808666666666667 0.043715000000000004
1 0.47314833333333334 0.2920625 0.027241666666666664 0.026607500000000003
1 0.42331 0.300615 0.030198333333333334 0.0418125
1 0.484285 0.46414 0.032556666666666664 0.04273
1 0.237735 0.89646 0.022746666666666665 0.05063
1 0.21278833333333333 0.6390675 0.029996666666666665 0.044995
1 0.4177983333333333 0.9775025 0.028189999999999996 0.0449925
1 0.41061833333333336 0.9601925 0.026595 0.0374975