1 0.8554816666666667 0.2447275 0.040735 0.06314
1 0.5386483333333333 0.354125 0.06593 0.09032
1 0.8983733333333332 0.695705 0.02925 0.0404675
1 0.292815 0.5225825 0.046031666666666665 0.06450499999999999
1 0.95367 0.0463425 0.047085 0.071115
1 0.8948533333333333 0.084075 0.05073333333333333 0.056717500000000004
1 0.35283833333333336 0.5676100000000001 0.043818333333333334 0.048335
1 0.5959716666666667 0.53722 0.04756833333333334 0.060665
1 0.8952633333333333 0.2292175 0.044305 0.0483775
2 0.023215 0.9827775000000001 0.029535000000000002 0.0344425
1 0.504045 0.6699275 0.024833333333333332 0.03818
1 0.47375 0.674375 0.020833333333333332 0.02625
1 0.53625 0.656875 0.0225 0.03125
1 0.3229166666666667 0.49875 0.0325 0.035
1 0.32916666666666666 0.5275 0.035 0.0375
1 0.755 0.85125 0.023333333333333334 0.0325
1 0.7733333333333333 0.848125 0.03 0.02625
1 0.051666666666666666 0.175 0.05 0.0425
1 0.25333333333333335 0.495 0.035 0.055