1 0.5513366666666667 0.47440750000000004 0.04672333333333333 0.069595
1 0.74091 0.35152 0.05513 0.06958
1 0.958075 0.29225249999999997 0.049196666666666666 0.06647750000000001
1 0.521545 0.41747500000000004 0.038635 0.0576625
1 0.6272083333333334 0.7877424999999999 0.03509666666666667 0.054005000000000004
1 0.4149933333333333 0.8388275 0.038266666666666664 0.05061
1 0.6143316666666666 0.9493275 0.037228333333333335 0.0514425
1 0.17429 0.160895 0.035245 0.049865
1 0.3290016666666667 0.8149550000000001 0.04046666666666667 0.072135
1 0.58682 0.3730675 0.04502166666666667 0.05852
1 0.12775166666666665 0.0950675 0.03422666666666667 0.055314999999999996
1 0.5894 0.70409 0.03843833333333333 0.045329999999999995
1 0.9084066666666666 0.305865 0.043603333333333334 0.044102499999999996
1 0.984435 0.2391175 0.03113 0.052227499999999996
1 0.43015499999999995 0.5784 0.028171666666666668 0.0455625
1 0.14980666666666667 0.02729 0.03648 0.0545775
1 0.19842166666666666 0.7942975 0.03385666666666667 0.0454875
1 0.8755866666666667 0.21861750000000002 0.03963666666666667 0.055990000000000005