1 0.3700916666666667 0.3059225 0.03927 0.0574075
1 0.47027833333333335 0.49491 0.026584999999999998 0.047604999999999995
1 0.24632500000000002 0.9623125 0.03803666666666666 0.05102
1 0.34873000000000004 0.4468775 0.033786666666666666 0.04102
1 0.25349 0.2956125 0.03754333333333333 0.054475
1 0.23135166666666665 0.35121749999999996 0.04246833333333334 0.055615000000000005
1 0.5508683333333333 0.5676074999999999 0.025698333333333333 0.0331775
1 0.29234499999999997 0.31134500000000004 0.03410833333333334 0.05027
1 0.48042833333333335 0.15218 0.028589999999999997 0.045142499999999995
1 0.413365 0.3347725 0.03331833333333333 0.05022
1 0.27362166666666665 0.405325 0.03684333333333333 0.054447499999999996
1 0.011053333333333332 0.635345 0.022108333333333334 0.052887500000000004
1 0.5016833333333334 0.46761 0.01987833333333333 0.0391625
1 0.5725683333333333 0.5723175 0.021763333333333336 0.031815
1 0.60065 0.52806 0.020703333333333334 0.0343425
1 0.716315 0.4910575 0.019666666666666666 0.031435
1 0.7083316666666666 0.5125025000000001 0.021618333333333333 0.030107500000000002
1 0.5505366666666667 0.2985475 0.01932 0.026175
1 0.5674833333333333 0.38932 0.021421666666666665 0.0299775
1 0.47851166666666667 0.2923225 0.020354999999999998 0.031935
1 0.49357666666666666 0.300135 0.019848333333333332 0.03542
1 0.5360483333333333 0.7208375 0.024786666666666665 0.032552500000000005
1 0.554865 0.6871025 0.018260000000000002 0.026715
1 0.7728583333333333 0.9655075000000001 0.030865 0.043195
1 0.7187316666666668 0.96274 0.02493 0.0337825
1 0.4394533333333333 0.9433175 0.02705 0.0437425
1 0.5499683333333333 0.97184 0.025531666666666668 0.0344875
1 0.4966783333333334 0.521065 0.015844999999999998 0.025435
2 0.4597166666666667 0.28848250000000003 0.021065 0.03359
1 0.6008033333333334 0.2503975 0.019666666666666666 0.0255125