2 0.9079166666666667 0.404375 0.034166666666666665 0.04375
2 0.9308333333333333 0.705 0.03 0.0475
2 0.845 0.553125 0.03666666666666667 0.04375
2 0.8470833333333333 0.62375 0.0375 0.06
2 0.7216666666666667 0.520625 0.02666666666666667 0.03875
2 0.6795833333333333 0.4975 0.025833333333333333 0.04
2 0.6420833333333333 0.428125 0.029166666666666667 0.05375
2 0.6708333333333333 0.414375 0.04 0.04125
2 0.5883333333333334 0.381875 0.021666666666666667 0.03125
2 0.5266666666666666 0.66875 0.028333333333333332 0.035
2 0.4845833333333333 0.57375 0.024166666666666666 0.0375
2 0.4533333333333333 0.724375 0.028333333333333332 0.03625
2 0.5295833333333333 0.793125 0.024166666666666666 0.02875
2 0.6558333333333334 0.788125 0.021666666666666667 0.02625
2 0.5304166666666666 0.935625 0.029166666666666667 0.03375
2 0.50625 0.939375 0.025833333333333333 0.04125
2 0.4325 0.916875 0.025 0.03875
2 0.3754166666666667 0.82125 0.020833333333333332 0.03
2 0.8858333333333334 0.856875 0.035 0.03375
2 0.73125 0.815625 0.024166666666666666 0.03625
2 0.27166666666666667 0.2925 0.03666666666666667 0.035
2 0.3616666666666667 0.459375 0.03333333333333333 0.04125
2 0.24375 0.43125 0.035833333333333335 0.0325
2 0.3279166666666667 0.546875 0.0375 0.04125
2 0.22416666666666665 0.865625 0.03 0.03875
2 0.21625 0.815 0.0275 0.03
2 0.21708333333333332 0.76375 0.019166666666666665 0.0275
2 0.25083333333333335 0.755625 0.02666666666666667 0.02625
2 0.2125 0.668125 0.03 0.03125
2 0.8845833333333334 0.160625 0.035833333333333335 0.05625
2 0.765 0.134375 0.03833333333333333 0.05625
2 0.7533333333333333 0.106875 0.03333333333333333 0.04125
2 0.7329166666666667 0.133125 0.030833333333333334 0.05625
2 0.7325 0.166875 0.035 0.03375
2 0.8370833333333333 0.045 0.03916666666666667 0.0525
2 0.9833333333333333 0.01625 0.03333333333333333 0.0325
2 0.9816666666666667 0.11375 0.03666666666666667 0.06
2 0.91 0.181875 0.03666666666666667 0.04125
2 0.755 0.375 0.035 0.0475
2 0.7975 0.3975 0.03666666666666667 0.0475
2 0.805 0.3175 0.025 0.0325
2 0.7916666666666666 0.27375 0.04 0.0475
2 0.8770833333333333 0.245 0.024166666666666666 0.0475
2 0.6470833333333333 0.69625 0.034166666666666665 0.06
2 0.5008333333333334 0.478125 0.03333333333333333 0.04125
2 0.4558333333333333 0.453125 0.03333333333333333 0.04375