2 0.299021164021164 0.0528844246031746 0.06361992945326278 0.029424603174603176
2 0.4976587301587302 0.36542410714285717 0.07069223985890653 0.054873511904761904
2 0.6234876543209876 0.3387847222222222 0.07351851851851852 0.03181051587301587
2 0.1979320987654321 0.3940550595238095 0.07917107583774251 0.026242559523809526
2 0.11239858906525572 0.3666170634920635 0.024034391534391533 0.030220734126984127
2 0.01484567901234568 0.40081349206349204 0.02969135802469136 0.017495039682539685
2 0.11946649029982363 0.4278521825396825 0.06079365079365079 0.03658234126984127
2 0.2255026455026455 0.48948660714285713 0.06361992945326278 0.029424603174603176
2 0.15693121693121695 0.5236830357142856 0.09048500881834215 0.04374007936507937
2 0.6786287477954145 0.5499255952380953 0.05655202821869488 0.02306299603174603
2 0.42838183421516757 0.5602653769841269 0.031102292768959438 0.01670138888888889
2 0.30820987654320986 0.6938690476190476 0.10745149911816577 0.0596453373015873
2 0.18732804232804234 0.7511284722222222 0.06079365079365079 0.029424603174603176
2 0.6849911816578483 0.7443700396825397 0.0721031746031746 0.04453373015873016
2 0.3322442680776014 0.8648511904761904 0.08482804232804232 0.05328373015873016
2 0.24600088183421515 0.8668402777777777 0.05655202821869488 0.027038690476190477
2 0.21489858906525572 0.8549107142857143 0.048068783068783066 0.028628472222222225
2 0.25024250440917106 0.8314508928571428 0.062208994708994714 0.01988095238095238
2 0.3124514991181658 0.9376190476190476 0.07634479717813052 0.052487599206349204