1 0.22921 0.1467 0.05029 0.0699375
1 0.7782266666666666 0.599765 0.039599999999999996 0.05601
1 0.03069166666666667 0.5359625 0.059145 0.06773749999999999
1 0.7999816666666667 0.87173 0.03466833333333333 0.046215000000000006
1 0.9398616666666667 0.9688775000000001 0.05214833333333333 0.062244999999999995
1 0.46569999999999995 0.10069249999999999 0.033896666666666665 0.05869
1 0.8990366666666667 0.3011225 0.03514333333333334 0.056597499999999995
1 0.11661333333333332 0.9715 0.026805000000000002 0.04672
1 0.078055 0.5124275 0.03274166666666666 0.0523475
1 0.23387333333333332 0.6178724999999999 0.03802 0.062265
1 0.10315333333333333 0.48792250000000004 0.03435833333333333 0.03272
1 0.016166666666666666 0.22554249999999998 0.023358333333333335 0.046237499999999994
1 0.41215666666666667 0.46428250000000004 0.03181333333333333 0.058305
1 0.5189616666666667 0.42907249999999997 0.027606666666666665 0.041952500000000004
1 0.46852 0.8743225 0.047385000000000004 0.08037000000000001
1 0.6454966666666667 0.84203 0.04448666666666667 0.069845
1 0.3641366666666667 0.79216 0.03072666666666667 0.05106
1 0.7335183333333333 0.5331825 0.04205833333333333 0.07282
1 0.7566166666666666 0.546545 0.03507166666666667 0.0554375
1 0.359115 0.07403749999999999 0.02139 0.050635
1 0.3853066666666667 0.07640999999999999 0.040025 0.038642499999999996