1 0.14705500000000002 0.1126675 0.055308333333333334 0.07278749999999999
1 0.6905683333333333 0.20288 0.06010666666666666 0.08634
1 0.48847 0.3060975 0.062163333333333334 0.08469
1 0.8443916666666668 0.8667849999999999 0.04848333333333333 0.0684
1 0.5104333333333333 0.857275 0.02965833333333333 0.0538825
1 0.33157333333333333 0.0535375 0.044408333333333334 0.059359999999999996
1 0.042315 0.5219550000000001 0.045123333333333335 0.0469675
1 0.7609383333333334 0.9237525000000001 0.032255 0.048995
1 0.10698 0.75703 0.0402 0.0509925
1 0.09765 0.5935975 0.042491666666666664 0.061274999999999996
1 0.5762233333333333 0.1843425 0.050828333333333336 0.055325000000000006
1 0.543725 0.7776425 0.02711 0.0486475
1 0.3580716666666666 0.0145575 0.037033333333333335 0.029115
1 0.5582216666666666 0.6217024999999999 0.03663 0.053785
1 0.778085 0.745385 0.046110000000000005 0.04009
1 0.5373066666666667 0.749565 0.025163333333333333 0.037425
1 0.92566 0.21076750000000002 0.034745 0.048784999999999995
1 0.29750166666666666 0.07396 0.028551666666666666 0.0450725
1 0.6558333333333334 0.115 0.05 0.07
1 0.5820649999999999 0.5744125 0.03279666666666667 0.0374825
1 0.741575 0.742995 0.038115 0.04664
1 0.8696416666666668 0.1330925 0.031733333333333336 0.06511750000000001