1 0.5414066666666667 0.5713725 0.032323333333333336 0.062424999999999994
1 0.49709666666666663 0.9669125000000001 0.04677166666666666 0.0661725
1 0.19041166666666667 0.4658925 0.03408 0.051275
1 0.5141549999999999 0.4045275 0.032536666666666665 0.049097499999999995
1 0.5651783333333333 0.6971849999999999 0.027661666666666668 0.039045
1 0.6591666666666667 0.565625 0.025 0.03875
1 0.6208333333333333 0.685625 0.023333333333333334 0.03875
1 0.6366666666666667 0.695625 0.021666666666666667 0.03625
1 0.1625 0.61625 0.028333333333333332 0.04
1 0.481875 0.589005 0.032236666666666663 0.0400175
1 0.37905333333333335 0.41101 0.02501 0.041685
1 0.5680066666666667 0.35302249999999996 0.023675 0.03431
1 0.5864666666666667 0.3292475 0.026885 0.0313
1 0.5371083333333333 0.3713825 0.032503333333333335 0.04093
1 0.49035999999999996 0.35814 0.020063333333333332 0.0337075
1 0.4504333333333333 0.394555 0.023675 0.033104999999999996
1 0.5541766666666667 0.38877999999999996 0.024331666666666668 0.037887500000000005