1 0.8033933333333333 0.28074 0.04328833333333334 0.058645
1 0.5202233333333334 0.464285 0.034021666666666665 0.0456675
1 0.42954166666666665 0.439505 0.029973333333333334 0.04102
1 0.542535 0.173875 0.033383333333333334 0.044664999999999996
1 0.714235 0.9848674999999999 0.04639166666666667 0.030265
1 0.48777833333333337 0.3605 0.03263666666666667 0.0435975
1 0.336065 0.9106974999999999 0.029661666666666666 0.0457575
1 0.43434500000000004 0.48657 0.024316666666666667 0.035415
1 0.6569133333333333 0.25711 0.020856666666666666 0.044957500000000004
1 0.67579 0.26349 0.025386666666666665 0.038735
1 0.27152166666666666 0.446545 0.022156666666666665 0.040552500000000005
1 0.15805166666666665 0.36066000000000004 0.020671666666666668 0.032534999999999994
1 0.4600783333333333 0.6838225 0.03300666666666666 0.055895