2 0.4297616666666667 0.62875 0.011905 0.011785
2 0.4735716666666666 0.5746425000000001 0.008571666666666667 0.010715
2 0.5125 0.5692849999999999 0.007856666666666666 0.0114275
2 0.44392833333333337 0.535535 0.010238333333333334 0.0103575
2 0.37464333333333333 0.52 0.006428333333333334 0.0078575
2 0.35785666666666666 0.5344650000000001 0.009048333333333334 0.0075
2 0.3541666666666667 0.5692849999999999 0.006905 0.010715
2 0.3659516666666667 0.5789275 0.007618333333333334 0.0064275
2 0.39131000000000005 0.56875 0.006428333333333334 0.0060725
2 0.3904766666666667 0.5566074999999999 0.008095 0.0089275
2 0.38119 0.660535 0.009048333333333334 0.011072499999999999
2 0.356785 0.6733925000000001 0.006428333333333334 0.0096425
2 0.36273833333333333 0.6701775 0.007381666666666667 0.0089275
2 0.43607166666666664 0.6889275 0.007856666666666666 0.009285
2 0.4951183333333333 0.68625 0.008333333333333333 0.0060725
2 0.4720233333333333 0.6664275000000001 0.005951666666666667 0.0078575
2 0.4885716666666666 0.6464275 0.004761666666666667 0.010715
2 0.48118999999999995 0.6471425000000001 0.0052383333333333336 0.0071425
2 0.46511833333333336 0.5678574999999999 0.005951666666666667 0.0064275
2 0.3889283333333334 0.5939275 0.007381666666666667 0.0078575
2 0.40904833333333335 0.578215 0.004285 0.005