1 0.43631166666666665 0.58636 0.04960833333333333 0.073445
1 0.7394366666666666 0.2194625 0.052408333333333335 0.078655
1 0.3637616666666667 0.4920175 0.04534833333333333 0.06756749999999999
1 0.22579 0.4026825 0.026641666666666664 0.044685
1 0.5418183333333333 0.2496825 0.04401833333333333 0.061535
1 0.141455 0.430015 0.029503333333333336 0.04328
1 0.230395 0.25164 0.036635 0.053435
1 0.20611333333333334 0.039612499999999995 0.029135 0.046917499999999994
1 0.45798333333333335 0.28193250000000003 0.037845 0.061262500000000004
1 0.9215533333333333 0.27994 0.03974333333333333 0.05457
1 0.36635666666666666 0.1701575 0.02892 0.050445000000000004
1 0.18440666666666666 0.38395 0.031223333333333336 0.0427725
1 0.33632833333333334 0.15286750000000002 0.032573333333333336 0.055055
1 0.2521966666666667 0.07327750000000001 0.02828 0.037965000000000006
1 0.24832833333333335 0.814535 0.034561666666666664 0.051065
1 0.83354 0.09273 0.047795 0.07177249999999999
1 0.6706866666666667 0.4821375 0.03959166666666667 0.06723
1 0.839565 0.2480375 0.04461833333333333 0.05342
1 0.6833283333333334 0.9160325 0.031213333333333333 0.0469
1 0.38733166666666663 0.45608499999999996 0.031599999999999996 0.0441625
1 0.6830966666666667 0.984895 0.040968333333333336 0.0302125
1 0.4062616666666667 0.018595 0.04027333333333333 0.0371925
1 0.7025883333333333 0.4668775 0.03462 0.05914
1 0.16494333333333333 0.32500999999999997 0.030058333333333333 0.043215
1 0.6490633333333333 0.7506575 0.038851666666666666 0.058155
1 0.9685233333333334 0.16316 0.041069999999999995 0.0507075
1 0.8906266666666667 0.3325425 0.031349999999999996 0.038895000000000006
1 0.9780233333333334 0.6804625 0.036471666666666666 0.046395000000000006
1 0.6397233333333333 0.45781 0.029786666666666666 0.052094999999999995
1 0.8206866666666667 0.1839075 0.039058333333333334 0.0687025
1 0.46352666666666664 0.7101075 0.05160833333333333 0.0640675
2 0.85761 0.58935 0.030423333333333333 0.040917499999999996
1 0.55716 0.97557 0.035166666666666666 0.04886
1 0.32075166666666666 0.17416 0.025796666666666666 0.038585
1 0.23625666666666667 0.376665 0.03478166666666667 0.044425
1 0.27208666666666664 0.36828500000000003 0.0177 0.026477499999999998
1 0.1792683333333333 0.01923 0.030963333333333332 0.038457500000000006
1 0.22172333333333333 0.01202 0.029801666666666667 0.02404
1 0.32473833333333335 0.8031849999999999 0.040795000000000005 0.0737125
1 0.21352833333333335 0.7074900000000001 0.021106666666666666 0.031215
1 0.5375566666666667 0.7470175 0.022641666666666664 0.0356675
1 0.36791666666666667 0.390755 0.03466 0.0491975
1 0.521675 0.5131725 0.04086 0.06419
1 0.5351683333333334 0.47114249999999996 0.04821333333333333 0.07488
1 0.533235 0.2570575 0.03403166666666667 0.05489