1 0.7706033333333333 0.19934000000000002 0.02846 0.04618
1 0.1618666666666667 0.177165 0.03450166666666667 0.04907
1 0.5365316666666666 0.688685 0.031186666666666668 0.038447499999999996
1 0.39926 0.19776 0.033525 0.0533725
1 0.2989266666666667 0.5715225 0.030944999999999997 0.0358275
1 0.5648783333333334 0.77765 0.025398333333333332 0.0430075
1 0.14180833333333334 0.5715549999999999 0.028948333333333333 0.03477
1 0.5324266666666666 0.4961825 0.028925000000000003 0.0417525
1 0.4163016666666667 0.2395025 0.03197666666666667 0.0437325
1 0.9865799999999999 0.392015 0.026838333333333332 0.0421775
1 0.3604316666666667 0.245695 0.029926666666666667 0.0382825
1 0.7376983333333332 0.01614 0.027418333333333333 0.03228
1 0.4130433333333334 0.95498 0.027995 0.037020000000000004
1 0.033916666666666664 0.8348825000000001 0.02208 0.0330775
1 0.08859833333333333 0.97629 0.020095 0.03239
1 0.02190333333333333 0.93138 0.029555 0.0392675
1 0.045581666666666666 0.9303325 0.02345166666666667 0.027657499999999998
1 0.17436000000000001 0.6017250000000001 0.02333666666666667 0.02866
1 0.279175 0.445855 0.019583333333333335 0.02861
1 0.055514999999999995 0.32299500000000003 0.02922166666666667 0.043315
1 0.212055 0.04278 0.025995 0.038895000000000006
1 0.16308833333333334 0.0483525 0.026225 0.025867499999999998
1 0.006493333333333334 0.2205625 0.012986666666666667 0.0483275
1 0.5064949999999999 0.37912 0.02771 0.047182499999999995
1 0.9506716666666666 0.6357725000000001 0.017188333333333333 0.03032
1 0.9242533333333334 0.21425999999999998 0.021571666666666666 0.032717500000000004
1 0.5636033333333333 0.074835 0.032865 0.0514625
1 0.5968716666666667 0.131715 0.024693333333333334 0.0396875
1 0.7059616666666667 0.023125 0.032935 0.038825000000000005
1 0.12610666666666667 0.216855 0.016348333333333333 0.037689999999999994
1 0.7889183333333334 0.1791825 0.024430000000000004 0.031745
1 0.83659 0.625445 0.02013166666666667 0.026877500000000002