0 0.2988266666666667 0.70336 0.05418833333333333 0.08365500000000001
0 0.409775 0.70692 0.041135 0.06823
0 0.24483666666666667 0.544355 0.02215 0.027885
0 0.286565 0.56779 0.01938166666666667 0.0272925
0 0.24463833333333332 0.6897150000000001 0.013843333333333334 0.02314
0 0.263625 0.7164125 0.016216666666666667 0.0219525
0 0.38920666666666665 0.35301499999999997 0.03955333333333333 0.0581425
0 0.4143233333333333 0.2376175 0.027291666666666665 0.04331
0 0.28003833333333333 0.2215975 0.034806666666666666 0.052805
0 0.46099666666666667 0.1263725 0.020963333333333334 0.0284775
0 0.46159 0.1504025 0.018195 0.02314
0 0.0975 0.2242675 0.026501666666666666 0.047465
0 0.21456166666666665 0.030455 0.053776666666666674 0.06091
0 0.54875 0.37945999999999996 0.050485 0.047740000000000005
0 0.3956483333333333 0.48976 0.034021666666666665 0.027985
0 0.42144 0.8873274999999999 0.032925 0.046095
0 0.568505 0.7144725 0.021949999999999997 0.0230475
0 0.6508166666666667 0.55314 0.024145 0.0493875
0 0.58826 0.502105 0.032925 0.055972499999999994
0 0.5410666666666667 0.4905825 0.02634 0.02634
0 0.5366766666666667 0.528445 0.032925 0.0362175
0 0.5125316666666667 0.520215 0.019755 0.0296325
0 0.480705 0.5589025000000001 0.03073 0.034570000000000004
0 0.021328333333333335 0.6522125 0.02803333333333333 0.030165
0 0.04265833333333333 0.69609 0.019501666666666667 0.026510000000000002
0 0.018891666666666664 0.6869500000000001 0.010969999999999999 0.0173675
0 0.045705 0.47213499999999997 0.03168833333333333 0.050275
0 0.03229833333333333 0.26143500000000003 0.029251666666666665 0.0329075
0 0.20171166666666665 0.9771775 0.039001666666666664 0.0438775
0 0.27484 0.8624575 0.035345 0.0429625
0 0.3031783333333333 0.840975 0.022548333333333333 0.045704999999999996
0 0.3936733333333333 0.8601725 0.025595 0.0329075
0 0.2888566666666667 0.1426 0.019501666666666667 0.025595
0 0.4210966666666667 0.467565 0.025595 0.03565
0 0.42323 0.49544499999999997 0.017673333333333336 0.014625
0 0.3580233333333333 0.271945 0.01036 0.021025
0 0.3531483333333333 0.22030000000000002 0.022548333333333333 0.0182825
0 0.07678499999999999 0.33182 0.015844999999999998 0.016454999999999997
0 0.52622 0.32542000000000004 0.018891666666666664 0.0329075
0 0.5118983333333333 0.4524825 0.013406666666666666 0.0292525
0 0.51464 0.55029 0.023766666666666665 0.023767499999999997
0 0.47868666666666665 0.75185 0.017673333333333336 0.02468
0 0.4881316666666667 0.77836 0.017063333333333333 0.0338225
0 0.6301216666666667 0.5822849999999999 0.017063333333333333 0.025595
0 0.4140883333333334 0.28976999999999997 0.02011 0.0292525
0 0.4253633333333333 0.32725 0.021938333333333334 0.0219375
0 0.5198200000000001 0.41546 0.014625 0.022852499999999998
0 0.46223166666666665 0.4159175 0.015235 0.0274225
0 0.45949 0.5831975 0.018281666666666665 0.034735
0 0.38758 0.1663675 0.025595 0.03108
0 0.3629 0.19379 0.028641666666666666 0.0292525
0 0.32389833333333334 0.2097875 0.021328333333333335 0.026510000000000002
0 0.15082666666666666 0.1343725 0.018891666666666664 0.025595
0 0.13894333333333334 0.028795 0.025595 0.028337499999999998
0 0.5164683333333333 0.35969999999999996 0.026205 0.0338225
0 0.4579666666666667 0.3656425 0.015235 0.016454999999999997