1 0.46175 0.6410625 0.02899 0.045255000000000004
1 0.834595 0.79925 0.045976666666666666 0.0611825
1 0.82269 0.2580175 0.028676666666666666 0.04208
1 0.9675633333333333 0.29138749999999997 0.024911666666666665 0.028995
1 0.7281133333333334 0.9235549999999999 0.04356 0.0583225
1 0.3309316666666667 0.64525 0.027415000000000002 0.040409999999999995
1 0.6281716666666667 0.6013075 0.03385833333333334 0.054552500000000004
1 0.7146766666666667 0.7002625 0.03133333333333333 0.044020000000000004
1 0.443405 0.9225249999999999 0.020635 0.0425225
1 0.4055666666666667 0.9390125 0.025945 0.0311475
1 0.303975 0.9710225 0.02158 0.027682500000000002
1 0.34655166666666665 0.8119850000000001 0.014823333333333332 0.0289
1 0.61544 0.9658275 0.0285 0.04821
1 0.8444133333333332 0.72253 0.038733333333333335 0.0454825
1 0.9833633333333334 0.5499974999999999 0.03327333333333333 0.0729675
1 0.23654166666666668 0.2202975 0.01914 0.027829999999999997
1 0.39050500000000005 0.7147074999999999 0.02069666666666667 0.028462499999999998
1 0.48093833333333336 0.43534249999999997 0.03426 0.0398975
1 0.02125 0.792825 0.012798333333333335 0.0172175
1 0.006625 0.796015 0.011813333333333332 0.017365
1 0.01475 0.8610099999999999 0.014346666666666666 0.0151675
1 0.02933 0.8909400000000001 0.009006666666666666 0.0126775
1 0.09635166666666667 0.9369475 0.013773333333333334 0.0180275
1 0.12684666666666666 0.8283524999999999 0.009301666666666666 0.015502499999999999
1 0.19727833333333333 0.4074575 0.014013333333333333 0.0206925
1 0.17504166666666668 0.53939 0.008366666666666666 0.0109
1 0.223245 0.74675 0.009563333333333333 0.01314
1 0.08804833333333333 0.565335 0.008838333333333333 0.0133225
1 0.20147166666666666 0.381975 0.014419999999999999 0.023985
1 0.005673333333333333 0.5036975 0.010038333333333333 0.01132