2 0.4481878306878307 0.03805803571428571 0.053743386243386246 0.02861111111111111
2 0.5787081128747795 0.09177331349206348 0.05950176366843033 0.03778769841269842
2 0.3795679012345679 0.0985218253968254 0.05470458553791887 0.027532242063492064
2 0.41220017636684303 0.13846974206349205 0.04318783068783069 0.02537202380952381
2 0.34453703703703703 0.21971478174603173 0.05566137566137566 0.03346974206349206
2 0.20153880070546737 0.24589781746031747 0.040308641975308646 0.01781498015873016
2 0.05470458553791887 0.21998511904761905 0.0134347442680776 0.009176587301587302
2 0.28167548500881834 0.2928645833333333 0.05470458553791887 0.01889384920634921
2 0.33206349206349206 0.3306522817460318 0.05950176366843033 0.027532242063492064
2 0.6751587301587302 0.42458581349206354 0.0508641975308642 0.02969246031746032
2 0.6079805996472664 0.3986731150793651 0.04702821869488536 0.026453373015873013
2 0.8061640211640212 0.40757936507936504 0.04606701940035274 0.028072916666666666
2 0.5024118165784832 0.4553546626984127 0.04702821869488536 0.019975198412698413
2 0.4870546737213404 0.4580555555555556 0.039347442680776015 0.024293154761904762
2 0.5158465608465609 0.4826165674603175 0.04702821869488536 0.02699156746031746
2 0.663641975308642 0.49665426587301587 0.0508641975308642 0.024833829365079364
2 0.6986728395061728 0.48369791666666667 0.047985008818342154 0.022673611111111113
2 0.9112522045855378 0.4529265873015873 0.04126984126984127 0.022673611111111113
2 0.41123897707231044 0.4907142857142857 0.05278659611992945 0.024833829365079364
2 0.4275529100529101 0.5128497023809524 0.04702821869488536 0.020513392857142855
2 0.4582627865961199 0.5276934523809523 0.04702821869488536 0.02321428571428571
2 0.5225661375661376 0.5641344246031746 0.04318783068783069 0.020513392857142855
2 0.31910493827160497 0.4944940476190476 0.04318783068783069 0.024833829365079364
2 0.28023809523809523 0.4934151785714286 0.044149029982363315 0.024833829365079364
2 0.2538447971781305 0.5141989087301587 0.039347442680776015 0.02105406746031746
2 0.26920194003527337 0.5050198412698412 0.04702821869488536 0.02321428571428571
2 0.4347530864197531 0.6075917658730159 0.04222663139329806 0.022132936507936508
2 0.4539462081128748 0.5970634920634921 0.03839065255731922 0.025912698412698415
2 0.41363756613756614 0.5957142857142858 0.044149029982363315 0.024293154761904762
2 0.424673721340388 0.5757390873015873 0.0374294532627866 0.01889384920634921
2 0.2792768959435626 0.7398511904761904 0.040308641975308646 0.02105406746031746
2 0.07677689594356261 0.7360714285714286 0.03839065255731922 0.02105406746031746
2 0.4741005291005291 0.8551066468253968 0.04606701940035274 0.024833829365079364
2 0.38772486772486775 0.8569965277777778 0.03646825396825396 0.01889384920634921
2 0.34933862433862434 0.8567261904761905 0.040308641975308646 0.018355654761904764
2 0.26200176366843037 0.8623958333333333 0.047985008818342154 0.02861111111111111
2 0.9587566137566138 0.8737326388888889 0.05182539682539683 0.02969246031746032
2 0.6797971781305114 0.7323115079365079 0.04343915343915344 0.026257440476190476
2 0.681741622574956 0.703499503968254 0.051221340388007054 0.027715773809523808
2 0.6480246913580247 0.7135292658730158 0.04473544973544973 0.029541170634920635
2 0.6240388007054674 0.6745064484126985 0.04732804232804233 0.02662202380952381
2 0.9758906525573193 0.6181622023809523 0.048218694885361554 0.023340773809523808
2 0.979889770723104 0.22445188492063492 0.04022045855379189 0.030324900793650793
2 0.9155908289241622 0.2642212301587301 0.019444444444444445 0.012428075396825397
2 0.6774162257495592 0.20630704365079366 0.027398589065255732 0.023861607142857143
2 0.6964153439153439 0.19536954365079365 0.019444444444444445 0.021872519841269842