0 0.1975 0.6675 0.03166666666666667 0.035
0 0.44416666666666665 0.415 0.021666666666666667 0.0375
0 0.5529166666666666 0.365 0.0625 0.085
0 0.5554166666666667 0.438125 0.059166666666666666 0.08375
0 0.5275 0.565625 0.03 0.04125
0 0.5720833333333334 0.58375 0.03916666666666667 0.05
0 0.5866666666666667 0.625 0.02666666666666667 0.035
0 0.5295833333333333 0.625625 0.0175 0.03625
0 0.50125 0.78625 0.034166666666666665 0.035
0 0.5258333333333334 0.79625 0.02666666666666667 0.03
0 0.5195833333333333 0.344375 0.019166666666666665 0.06625
0 0.43916666666666665 0.364375 0.011666666666666667 0.03375
2 0.5879166666666666 0.22625 0.0625 0.0925
2 0.4675 0.205 0.056666666666666664 0.06
2 0.9641666666666666 0.331875 0.035 0.05375
0 0.11291666666666667 0.616875 0.020833333333333332 0.03125