2 0.6985916666666667 0.476365 0.044615 0.0397075
2 0.6421483333333333 0.294755 0.028703333333333334 0.030657499999999997
2 0.02245166666666667 0.7447825 0.0168 0.01905
2 0.13843333333333332 0.27110500000000004 0.019988333333333334 0.021075
2 0.71888 0.6040800000000001 0.032793333333333334 0.032915
2 0.09422333333333334 0.54659 0.013733333333333334 0.01516
2 0.06203333333333333 0.42054250000000004 0.013795 0.0168225
2 0.164045 0.5539400000000001 0.013145 0.0131225
2 0.14698666666666665 0.4310375 0.014571666666666669 0.0160625
2 0.8792266666666666 0.5441975 0.03447833333333333 0.0431275
0 0.45384833333333335 0.3201025 0.024111666666666663 0.04397
0 0.45038000000000006 0.49532 0.02953333333333333 0.0318825
0 0.5541716666666667 0.3800575 0.027018333333333335 0.0444125
0 0.5830516666666666 0.030872499999999997 0.022983333333333335 0.042245
0 0.6167933333333334 0.0413275 0.01906333333333333 0.028142499999999997
0 0.9546633333333333 0.25609 0.020568333333333334 0.020989999999999998
0 0.44235833333333335 0.5331075 0.032715 0.031245000000000002
0 0.4830366666666666 0.63495 0.017946666666666666 0.03307
0 0.4731933333333333 0.36282749999999997 0.020231666666666665 0.0243725
0 0.9685633333333333 0.1246075 0.02227833333333333 0.0216775