1 0.15047333333333335 0.63298 0.045568333333333336 0.06793
1 0.19856166666666664 0.5833674999999999 0.05784333333333334 0.0705175
1 0.6597916666666667 0.1021175 0.05631666666666666 0.0866175
1 0.8530599999999999 0.6927075 0.03274166666666666 0.04259
1 0.7883 0.7312575 0.02819666666666667 0.047195
1 0.294145 0.8097125 0.03793833333333333 0.05794
1 0.022586666666666668 0.10325 0.045173333333333336 0.053447499999999995
1 0.33029166666666665 0.552345 0.04695333333333334 0.0632225
1 0.97884 0.3033175 0.038081666666666666 0.05275
1 0.2953883333333333 0.4790325 0.04092833333333333 0.066345
1 0.4958516666666667 0.6188374999999999 0.038678333333333335 0.0571825
1 0.83445 0.6076125 0.03172833333333334 0.0455075
1 0.6037216666666666 0.49984249999999997 0.029893333333333334 0.0491875
1 0.260975 0.5868925 0.048350000000000004 0.07779000000000001
1 0.216555 0.3822025 0.042916666666666665 0.06099
1 0.6231633333333333 0.13875 0.040555 0.068705
1 0.23048666666666667 0.2771725 0.04446666666666667 0.0588725
1 0.533675 0.6031074999999999 0.031053333333333332 0.046817500000000005
1 0.7623866666666667 0.7261875 0.024013333333333334 0.0387125
1 0.5035366666666666 0.79471 0.027680000000000003 0.039240000000000004
1 0.5601833333333334 0.622835 0.031871666666666666 0.0438225