1 0.747705 0.8047675000000001 0.05147666666666667 0.06695999999999999
1 0.2508416666666667 0.369165 0.03503833333333333 0.053855
1 0.5485333333333333 0.0258325 0.04047 0.0516675
1 0.68486 0.5356150000000001 0.04347333333333333 0.054945
1 0.19124666666666668 0.0594425 0.04010333333333333 0.052719999999999996
1 0.31614333333333333 0.98329 0.038245 0.0334225
2 0.7448716666666666 0.19517250000000003 0.026638333333333337 0.0388525
1 0.47560833333333336 0.41352 0.03875166666666666 0.049705
1 0.09547666666666667 0.565385 0.03522 0.036445
1 0.1308 0.90846 0.031180000000000003 0.0443925
1 0.07795166666666667 0.8775425 0.03435166666666667 0.0459775
1 0.8293299999999999 0.4364075 0.023655000000000002 0.0504425