2 0.270445 0.2943375 0.013166666666666667 0.0270525
2 0.270445 0.36110000000000003 0.01879166666666667 0.023445
2 0.24984166666666666 0.37829250000000003 0.018373333333333332 0.0177425
2 0.25061500000000003 0.3598375 0.010075 0.012475
2 0.15033 0.419615 0.008906666666666667 0.0117325
2 0.15114166666666667 0.4438575 0.0072833333333333335 0.009045
2 0.147 0.45336000000000004 0.007121666666666666 0.008555
2 0.13112333333333334 0.45415 0.0037933333333333335 0.008919999999999999
2 0.12974166666666667 0.483325 0.005905 0.0100075
2 0.10732666666666667 0.44611 0.0065583333333333335 0.00746
2 0.119225 0.43490249999999997 0.0068 0.009412499999999999
2 0.35402 0.2667975 0.013421666666666667 0.019212499999999997
2 0.371035 0.25839249999999997 0.015773333333333334 0.0292025
2 0.38492333333333334 0.33738999999999997 0.015933333333333334 0.0251575
2 0.3888216666666666 0.37825749999999997 0.017233333333333333 0.0252675
2 0.3932466666666667 0.400185 0.012278333333333334 0.02526
2 0.3112183333333333 0.43589 0.010666666666666666 0.0174775
2 0.33128 0.45848500000000003 0.016673333333333335 0.0249
2 0.28441666666666665 0.4629325 0.02529 0.0228275
2 0.19288666666666665 0.46884 0.016046666666666667 0.0188075
2 0.190085 0.4837025 0.014505 0.0144175
2 0.21197333333333332 0.5426 0.010358333333333332 0.0164675
2 0.10379333333333333 0.512025 0.005178333333333333 0.00649
2 0.10403666666666667 0.5054474999999999 0.0072900000000000005 0.0079525
2 0.09603666666666667 0.50228 0.005098333333333333 0.0064925
2 0.09197666666666666 0.5043500000000001 0.006723333333333334 0.0081975
2 0.07634166666666667 0.5109275 0.005508333333333333 0.0067325
2 0.06286 0.5021575 0.004536666666666666 0.008685
2 0.061885 0.4383275 0.005835 0.007730000000000001
2 0.08921499999999999 0.4444175 0.007698333333333333 0.010164999999999999
2 0.08044333333333334 0.4514825 0.006401666666666666 0.009675000000000001
2 0.08588499999999999 0.4682325 0.005913333333333333 0.01028
2 0.07207833333333334 0.46598 0.004291666666666667 0.0069900000000000006
2 0.06866666666666667 0.45861 0.003966666666666667 0.00809
2 0.08016 0.464335 0.00502 0.0073575
2 0.08442333333333334 0.4531875 0.006238333333333334 0.008212500000000001
2 0.09067666666666666 0.46409 0.004125 0.00687
2 0.11516333333333334 0.58414 0.008425 0.00939
2 0.2756466666666667 0.75363 0.020743333333333332 0.03404
2 0.26427500000000004 0.8008350000000001 0.020746666666666667 0.027325
2 0.2275666666666667 0.76703 0.012305 0.0218525
2 0.23800166666666667 0.7822575 0.01937 0.0255025
2 0.3239283333333333 0.7797000000000001 0.019030000000000002 0.0276975
2 0.35109500000000005 0.64497 0.023818333333333334 0.0360225
2 0.3464666666666667 0.5682275 0.022681666666666666 0.0287375
2 0.38882 0.8555275 0.023729999999999998 0.0416825
2 0.3885766666666667 0.8991375 0.028116666666666665 0.0363075
2 0.2399916666666667 0.8208724999999999 0.01604 0.027197500000000003
2 0.2566016666666667 0.821605 0.015955 0.023785
2 0.49759666666666663 0.0101125 0.028478333333333335 0.020225
2 0.5346716666666667 0.125465 0.017345 0.026512499999999998
2 0.6151983333333333 0.188505 0.020011666666666667 0.031975
2 0.6246999999999999 0.17224250000000002 0.011401666666666666 0.0177275
2 0.599725 0.23181000000000002 0.028866666666666665 0.0320825
2 0.5234633333333334 0.29552 0.024168333333333333 0.03523
2 0.4325433333333334 0.29345 0.020205 0.018907499999999997
2 0.43201500000000004 0.26859750000000004 0.016711666666666666 0.0228125
2 0.53459 0.355445 0.025303333333333334 0.0356875
2 0.50247 0.4203525 0.025228333333333335 0.03839
2 0.4850083333333334 0.43960000000000005 0.017921666666666666 0.0232775
2 0.49642 0.6266649999999999 0.017188333333333333 0.033522500000000004
2 0.5212716666666667 0.6463975000000001 0.024656666666666667 0.038877499999999995
2 0.5032416666666666 0.6500525 0.017836666666666667 0.026695
2 0.5847816666666666 0.608635 0.02172166666666667 0.041325
2 0.6393183333333333 0.6275775 0.021145 0.031695
2 0.6785066666666667 0.618015 0.010986666666666667 0.02841
2 0.693205 0.6314774999999999 0.025765 0.029745
2 0.67611 0.6749025000000001 0.028123333333333334 0.032534999999999994
2 0.6729833333333334 0.638115 0.019433333333333334 0.027184999999999997
2 0.6304666666666667 0.546205 0.031055000000000003 0.0395175
2 0.609065 0.5272625000000001 0.02642833333333333 0.03453
2 0.60529 0.4838975 0.022936666666666668 0.030645
2 0.61597 0.45898500000000003 0.022366666666666663 0.0356475
2 0.5866899999999999 0.463555 0.023103333333333333 0.036255
2 0.6151983333333333 0.3007125 0.02326 0.0297775
2 0.38888833333333334 0.9534199999999999 0.02630333333333333 0.034005
2 0.40107166666666666 0.9241849999999999 0.02142833333333333 0.0340125
2 0.43729333333333337 0.9321649999999999 0.019148333333333333 0.02195
2 0.45158833333333337 0.967125 0.024993333333333336 0.0358275
2 0.49317 0.9609725 0.026935 0.039362499999999995
2 0.5654533333333333 0.8805149999999999 0.025298333333333332 0.03561
2 0.5894116666666667 0.81723 0.022858333333333335 0.0394075
2 0.5460816666666666 0.8118099999999999 0.026358333333333334 0.0346575
2 0.5566 0.783975 0.025463333333333334 0.0386875
2 0.53057 0.773925 0.029446666666666666 0.044172499999999996
2 0.602325 0.7322649999999999 0.027566666666666666 0.0436975
2 0.6107716666666667 0.7097899999999999 0.01847 0.03408
2 0.6265266666666667 0.749015 0.017491666666666666 0.0296825
2 0.6583233333333334 0.7229450000000001 0.023415000000000002 0.0408975
2 0.715175 0.8474400000000001 0.023406666666666666 0.041347499999999995
2 0.7350316666666666 0.86748 0.029818333333333332 0.0314725
2 0.7272749999999999 0.880575 0.02649 0.034515000000000004
2 0.7664216666666667 0.72587 0.02356 0.037
2 0.8281366666666666 0.7259249999999999 0.025155 0.0298025
2 0.8392633333333334 0.8308075 0.02629 0.0324475
2 0.8829566666666666 0.8532225 0.025958333333333333 0.033415
2 0.934205 0.8227675000000001 0.026111666666666665 0.0358625
2 0.9244183333333333 0.84092 0.023594999999999998 0.025867499999999998
2 0.9742033333333334 0.8474974999999999 0.02732333333333333 0.039020000000000006
2 0.9737566666666667 0.8875125 0.028866666666666665 0.0349875
2 0.9621033333333333 0.909135 0.027488333333333333 0.030717500000000002
2 0.948215 0.7737375 0.02083 0.04136
2 0.9677466666666666 0.7757474999999999 0.026593333333333333 0.034415
2 0.7725033333333334 0.671705 0.022728333333333333 0.0346675
2 0.8015383333333332 0.6254774999999999 0.029626666666666666 0.04333
2 0.98334 0.6123225 0.02204333333333333 0.03164
2 0.8886833333333334 0.7604474999999999 0.02360166666666667 0.03062
2 0.8372316666666667 0.29858749999999995 0.0336 0.0438
2 0.831995 0.2526625 0.027185 0.04211
2 0.8734149999999999 0.273555 0.02555333333333333 0.0363775
2 0.9042766666666666 0.27239749999999996 0.019051666666666668 0.0377175
2 0.9854516666666667 0.184325 0.026265 0.0297075
2 0.7370733333333332 0.22677250000000002 0.034453333333333336 0.0411275