2 0.022736666666666665 0.17578 0.045475 0.0657325
2 0.21369666666666667 0.21501499999999998 0.05705166666666667 0.0741775
2 0.16928333333333334 0.1892625 0.023813333333333332 0.031445
2 0.32336166666666666 0.1977675 0.029338333333333334 0.0480875
2 0.18395833333333333 0.348925 0.055084999999999995 0.059535
2 0.14892833333333333 0.441145 0.049080000000000006 0.0627475
2 0.04989999999999999 0.5278275 0.02933 0.039354999999999994
2 0.08554833333333332 0.46772250000000004 0.03834 0.047939999999999997
2 0.10525 0.6461825 0.028191666666666667 0.01795
2 0.08441333333333334 0.628225 0.023753333333333335 0.0360925
2 0.08135833333333332 0.6520275 0.023313333333333332 0.0260125
2 0.25207 0.583155 0.02271666666666667 0.0386875
2 0.27648833333333334 0.5636575 0.03782166666666667 0.032025
2 0.20523666666666668 0.58735 0.04013166666666666 0.039915
2 0.2148566666666667 0.5864075000000001 0.025728333333333336 0.0336425
2 0.19173666666666667 0.54434 0.024833333333333332 0.0416625
2 0.28936833333333334 0.5184525 0.031398333333333334 0.03816
2 0.367775 0.4350575 0.031696666666666665 0.049097499999999995
2 0.39175333333333334 0.3836775 0.02845666666666667 0.0494625
2 0.41733833333333337 0.43826499999999996 0.012336666666666666 0.0182125
2 0.49623 0.48317 0.026770000000000002 0.04439
2 0.458025 0.50581 0.014719999999999999 0.0304275
2 0.43393333333333334 0.529325 0.014446666666666668 0.0256675
2 0.5064483333333334 0.5221475 0.02593166666666667 0.031245000000000002
2 0.43216 0.5769974999999999 0.022381666666666664 0.015897500000000002
2 0.42180166666666663 0.56048 0.011025000000000002 0.0234775
2 0.48080833333333334 0.6313099999999999 0.026015 0.025755
2 0.55242 0.573345 0.016275 0.0294625
2 0.55103 0.6483949999999999 0.028121666666666666 0.0479075
2 0.5400966666666667 0.6603300000000001 0.017958333333333333 0.021315
2 0.5259216666666667 0.656325 0.020326666666666666 0.02208
2 0.564655 0.673545 0.014841666666666666 0.02686
2 0.5343883333333334 0.765105 0.022728333333333333 0.0355825
2 0.648445 0.737015 0.01987 0.0205975
2 0.6221766666666667 0.7056675 0.024135 0.024050000000000002
2 0.6263416666666667 0.72112 0.01434 0.015085000000000001
2 0.8392016666666666 0.6413949999999999 0.014965000000000001 0.022940000000000002
2 0.9142766666666666 0.871645 0.02615333333333333 0.033635
2 0.5065116666666667 0.0484775 0.05506333333333333 0.08336750000000001
2 0.60397 0.085545 0.023978333333333334 0.033365
2 0.7540733333333333 0.103505 0.03534166666666667 0.04572
2 0.6695683333333333 0.07881 0.03613333333333334 0.05342
2 0.6539866666666667 0.12420250000000001 0.014636666666666666 0.021875
2 0.713275 0.0304675 0.029336666666666667 0.034205
2 0.3622283333333333 0.284065 0.013041666666666667 0.01811
2 0.41208500000000003 0.0871075 0.014258333333333333 0.01927