1 0.5247766666666667 0.26770499999999997 0.049815 0.0762125
1 0.46176 0.2864175 0.041501666666666666 0.060532499999999996
1 0.44853666666666664 0.37188499999999997 0.04956833333333334 0.0795775
1 0.6406283333333334 0.554615 0.04408833333333333 0.066805
1 0.970625 0.0349425 0.054355 0.06988249999999999
1 0.854865 0.4087725 0.043943333333333334 0.0686575
1 0.51514 0.7022025 0.034701666666666665 0.04931
1 0.81243 0.5970325000000001 0.037765 0.0452925
1 0.19867333333333334 0.9467325 0.03377333333333333 0.0509475
1 0.789055 0.30201 0.04631166666666667 0.06573999999999999
1 0.5707650000000001 0.2059675 0.043761666666666664 0.05485
2 0.6618416666666667 0.2985725 0.037079999999999995 0.0355575
1 0.8425666666666666 0.85814 0.04389333333333333 0.0589075
1 0.54024 0.7034175 0.02413 0.0610575
1 0.45116333333333336 0.055380000000000006 0.036618333333333336 0.047645
1 0.3362266666666667 0.4717 0.02422166666666667 0.034895
1 0.39497000000000004 0.5965925 0.030656666666666665 0.045915
1 0.23561500000000002 0.502125 0.021968333333333333 0.0291125
1 0.13429333333333332 0.9396950000000001 0.04328333333333333 0.054697499999999996
1 0.17119 0.93837 0.029156666666666668 0.0451075
1 0.4161583333333333 0.7664125 0.03491833333333333 0.052675
1 0.4223966666666667 0.872565 0.025753333333333336 0.04406
1 0.06519333333333334 0.6817300000000001 0.011686666666666668 0.016765000000000002
1 0.0233 0.6929325 0.01266 0.015725
1 0.05516666666666667 0.6788175 0.010871666666666667 0.013647500000000002
1 0.2535866666666667 0.7578625 0.023655000000000002 0.050015000000000004
1 0.9121133333333333 0.2819025 0.038266666666666664 0.04654
1 0.9802233333333333 0.333245 0.03955333333333333 0.0536725
1 0.89723 0.062380000000000005 0.03441 0.047885
1 0.5573699999999999 0.102205 0.029363333333333335 0.06128