1 0.3365083333333333 0.1047425 0.04847333333333333 0.072215
1 0.44008166666666665 0.26444249999999997 0.03907166666666667 0.0548975
1 0.42122000000000004 0.1635625 0.04222166666666667 0.062142499999999996
1 0.4302783333333333 0.032292499999999995 0.04004666666666667 0.0645
1 0.34296000000000004 0.16497 0.045748333333333335 0.0544
1 0.37922 0.2334475 0.05208833333333333 0.0576575
1 0.7024699999999999 0.7503525 0.03210166666666667 0.048405000000000004
1 0.6182266666666667 0.95396 0.028238333333333334 0.040744999999999996
1 0.03162 0.0504175 0.053156666666666665 0.053595
1 0.7462683333333333 0.534115 0.020795 0.031127500000000002
1 0.6017 0.9326625000000001 0.019388333333333334 0.0251825
1 0.7182333333333333 0.9817224999999999 0.030181666666666666 0.0365575
1 0.5701016666666667 0.9422125 0.021065 0.0276925
1 0.7339666666666667 0.7448049999999999 0.033105 0.048405000000000004
1 0.9283233333333333 0.8653500000000001 0.020715 0.027735