1 0.20740666666666668 0.5314125000000001 0.035236666666666666 0.062252499999999995
1 0.8907716666666667 0.686025 0.04653 0.069645
1 0.023011666666666666 0.5900675 0.03013 0.03971
1 0.03416333333333333 0.3143575 0.028876666666666665 0.04311
1 0.5168166666666667 0.7339175 0.045728333333333336 0.060615
1 0.2937033333333333 0.3461725 0.03732333333333333 0.065595
1 0.5460616666666667 0.7205375 0.039698333333333335 0.06240999999999999
1 0.6724433333333333 0.4873725 0.033133333333333334 0.055552500000000005
1 0.052090000000000004 0.5929975 0.023219999999999998 0.032575
1 0.010719999999999999 0.6284025000000001 0.021439999999999997 0.027225000000000003
1 0.07687166666666667 0.7161900000000001 0.021501666666666665 0.02915
1 0.4304983333333333 0.5941825000000001 0.03164 0.05811
1 0.24474 0.5379925 0.018523333333333333 0.0326525