2 0.4584466666666666 0.33955250000000003 0.04797 0.055722499999999994
2 0.5695749999999999 0.26069749999999997 0.026818333333333333 0.037207500000000004
2 0.172605 0.3731975 0.016343333333333335 0.01576
2 0.159185 0.19545500000000002 0.01993 0.0253875
2 0.147535 0.1477 0.022491666666666663 0.0257175
2 0.313095 0.5227350000000001 0.03261833333333333 0.045567500000000004
2 0.32283333333333336 0.56169 0.034618333333333334 0.0408225
2 0.2965966666666667 0.584915 0.029281666666666668 0.035445
2 0.07418333333333334 0.79283 0.04510666666666666 0.0554675
2 0.24309166666666665 0.9810249999999999 0.05110166666666667 0.0379525
2 0.30184 0.9711124999999999 0.03096666666666667 0.0548825
2 0.420285 0.9605349999999999 0.03596166666666667 0.0440925
2 0.40566 0.9464199999999999 0.02911 0.0463375
2 0.42561 0.9253899999999999 0.017703333333333335 0.032229999999999995
2 0.48514333333333337 0.893285 0.024905 0.046237499999999994
2 0.6249466666666667 0.77761 0.026736666666666666 0.044829999999999995
2 0.4620766666666667 0.5506025 0.04762333333333334 0.0511
2 0.56836 0.5183475 0.04873 0.061892499999999996
2 0.5763699999999999 0.5927425 0.021965 0.0426075
2 0.65511 0.5535075 0.024218333333333335 0.06403
2 0.65841 0.4560125 0.01762 0.0217025
2 0.756705 0.5154500000000001 0.029446666666666666 0.0397425
2 0.720655 0.49378500000000003 0.02396166666666667 0.0237425
2 0.7104933333333333 0.4682125 0.019611666666666666 0.0255175
2 0.8214216666666666 0.542135 0.02627833333333333 0.0365725
2 0.8160383333333333 0.64934 0.032481666666666666 0.038947499999999996
2 0.7403000000000001 0.6776375 0.03183 0.03712
2 0.8172966666666667 0.7567425 0.02996666666666667 0.0454925
2 0.7866616666666667 0.031075 0.03342833333333333 0.04635499999999999