1 0.4548716666666667 0.9603775000000001 0.04733166666666667 0.0595975
1 0.413505 0.4544225 0.045491666666666666 0.0466175
1 0.34693833333333335 0.11357500000000001 0.03368333333333333 0.04707
1 0.6470783333333333 0.05198 0.04003 0.053535
1 0.9700033333333334 0.6167474999999999 0.057629999999999994 0.0788225
1 0.33222 0.8331775 0.035451666666666666 0.05239
1 0.608735 0.43209 0.038623333333333336 0.0602325
1 0.010248333333333333 0.4553725 0.015586666666666665 0.0203125
1 0.046691666666666666 0.4660225 0.008225 0.0108
1 0.01938166666666667 0.4287125 0.018283333333333335 0.0234375
1 0.41301 0.19477250000000002 0.030448333333333334 0.037994999999999994
1 0.3930416666666667 0.2743725 0.017156666666666667 0.0398225