1 0.8273966666666667 0.2514125 0.044346666666666666 0.062875
1 0.5378083333333333 0.32633999999999996 0.03408833333333333 0.0424
1 0.9170083333333333 0.6378275 0.04092166666666667 0.04684749999999999
1 0.29827333333333333 0.4780375 0.02854333333333333 0.03978
1 0.5546883333333333 0.90454 0.044315 0.059215000000000004
1 0.3716133333333333 0.9825375000000001 0.032319999999999995 0.034925
1 0.9283266666666666 0.35954250000000004 0.034923333333333334 0.04247
1 0.9291883333333334 0.5152675 0.033215 0.0360775
1 0.10015333333333333 0.6128775000000001 0.027841666666666667 0.02988
1 0.5280583333333333 0.693365 0.011815 0.0461575
1 0.17921499999999999 0.9306475000000001 0.032143333333333336 0.03639
1 0.8269383333333333 0.1874025 0.024864999999999998 0.045485
1 0.7726583333333333 0.099615 0.02062 0.033659999999999995
1 0.245625 0.9885225000000001 0.02547166666666667 0.0229575