2 0.082475 0.1279075 0.02004 0.0322825
2 0.083845 0.1561675 0.018328333333333332 0.0221875
2 0.05755333333333333 0.21922 0.012333333333333333 0.0160425
2 0.14088499999999998 0.2657075 0.021753333333333336 0.028855
2 0.091725 0.28754 0.0077083333333333335 0.0201075
2 0.12367 0.3886475 0.019185 0.020372499999999998
2 0.17462833333333333 0.40996499999999997 0.023466666666666667 0.032174999999999995
2 0.12692499999999998 0.4366875 0.017471666666666667 0.0284575
2 0.11339333333333333 0.451455 0.017813333333333334 0.018965
2 0.085045 0.45672 0.02004 0.0223075
2 0.049159999999999995 0.6361125 0.020896666666666668 0.024255
2 0.058923333333333335 0.6867125 0.01987 0.0248
2 0.05661000000000001 0.7423125 0.015586666666666665 0.020112500000000002
2 0.05361333333333333 0.7578575 0.014045 0.015085000000000001
2 0.015416666666666667 0.7044275 0.014388333333333333 0.013715
2 0.26584 0.7537425 0.017813333333333334 0.02293
2 0.2829683333333333 0.7549075000000001 0.013703333333333333 0.022535
2 0.27329 0.7084075000000001 0.019355 0.02938
2 0.25641833333333336 0.6335375 0.017471666666666667 0.019925000000000002
2 0.26918 0.6520375 0.017643333333333334 0.0232375
2 0.21839166666666665 0.5722849999999999 0.00925 0.027039999999999998
2 0.26241333333333333 0.45894 0.021925000000000004 0.0224925
2 0.24494166666666667 0.36056 0.010961666666666666 0.015072499999999999
2 0.32818833333333336 0.48581 0.02124 0.029705
2 0.35251166666666667 0.5192100000000001 0.024665000000000003 0.029905
2 0.36647166666666664 0.57802 0.016615 0.02605
2 0.3460016666666667 0.7156375 0.015758333333333333 0.0284225
2 0.5923149999999999 0.287605 0.00788 0.015612500000000001
2 0.5513766666666667 0.36042 0.014388333333333333 0.027122499999999997
2 0.5416133333333333 0.55416 0.017471666666666667 0.0292025
2 0.42077 0.5175575 0.0173 0.0253725
2 0.5268816666666667 0.579075 0.01473 0.023535
2 0.5382733333333333 0.61658 0.014901666666666665 0.0186125
2 0.5243133333333333 0.6283925 0.013703333333333333 0.011175000000000001
2 0.5443533333333334 0.6938925 0.016101666666666667 0.02123
2 0.56251 0.49856 0.01473 0.0249575
2 0.49031166666666665 0.7485025000000001 0.020726666666666668 0.0278675
2 0.5587416666666666 0.725775 0.012674999999999999 0.0147825
2 0.5751850000000001 0.7455499999999999 0.01473 0.0173375
2 0.5876033333333334 0.74774 0.008735 0.0137425
2 0.6019066666666667 0.7560875 0.011989999999999999 0.017085
2 0.6199766666666667 0.6708075 0.014901666666666665 0.0189275
2 0.6307683333333334 0.6417825 0.01593 0.01946
2 0.650895 0.6254725 0.011989999999999999 0.022295000000000002
2 0.676245 0.6694025 0.013359999999999999 0.022425
2 0.6526083333333333 0.659255 0.007193333333333333 0.0134275
2 0.6074733333333333 0.7250025000000001 0.010448333333333334 0.016325
2 0.657575 0.5568200000000001 0.017128333333333332 0.0237325
2 0.6811266666666667 0.5888424999999999 0.016958333333333332 0.0247575