1 0.14349166666666668 0.5568925 0.03133166666666667 0.05003
1 0.21482 0.5140075000000001 0.031158333333333333 0.046502499999999995
1 0.4873633333333333 0.7282075 0.029198333333333333 0.0415475
1 0.7375783333333333 0.257905 0.036546666666666665 0.049765000000000004
1 0.09584666666666668 0.6487350000000001 0.04095166666666667 0.053005000000000004
1 0.11311166666666667 0.1830975 0.026621666666666665 0.0343375
1 0.16000166666666665 0.69647 0.03313833333333333 0.04708
1 0.17961000000000002 0.6006174999999999 0.032358333333333336 0.04408
1 0.95655 0.7611875 0.03338 0.049112499999999996
1 0.8004349999999999 0.7756075 0.043846666666666666 0.055549999999999995
1 0.7253266666666667 0.5211725 0.036545 0.0481375
1 0.25975333333333334 0.8962100000000001 0.04175333333333334 0.0427725
1 0.9231183333333334 0.7424299999999999 0.036625 0.0488375
1 0.026334999999999997 0.7843600000000001 0.031093333333333334 0.040857500000000005
1 0.6718316666666666 0.2710625 0.036873333333333334 0.0438725
1 0.22855333333333333 0.161365 0.022158333333333332 0.033895
1 0.710495 0.7808275 0.03676666666666666 0.0539625
1 0.7758066666666666 0.5871025 0.03345166666666667 0.0446225
1 0.07123833333333333 0.2290075 0.025326666666666667 0.0365975
1 0.5888833333333333 0.7107175 0.036713333333333334 0.048284999999999995
1 0.8238983333333334 0.8838725 0.03639833333333333 0.0469375
1 0.26338833333333334 0.13284 0.019908333333333333 0.03454
1 0.549755 0.28948250000000003 0.029371666666666664 0.0314375
1 0.2548083333333333 0.16614250000000003 0.019511666666666667 0.030989999999999997
1 0.24419166666666667 0.21391749999999998 0.020086666666666666 0.0284075
1 0.11850833333333333 0.22597 0.021233333333333333 0.03185
1 0.16183833333333333 0.29440750000000004 0.022955 0.0344325
1 0.16843666666666668 0.282785 0.021233333333333333 0.0284075
1 0.17934166666666665 0.28708999999999996 0.01893833333333333 0.03013
1 0.6447683333333334 0.2595425 0.024676666666666666 0.035295
1 0.7965633333333334 0.8793475 0.03558166666666667 0.043902500000000004