2 0.9320833333333334 0.048125 0.0625 0.07375
2 0.9591666666666666 0.08875 0.058333333333333334 0.0725
2 0.8730783333333334 0.3158575 0.04852833333333333 0.053685000000000004
2 0.9123133333333333 0.25601999999999997 0.060366666666666666 0.0644975
2 0.6832866666666667 0.1010775 0.03727166666666667 0.054454999999999996
2 0.683475 0.1570225 0.04009 0.0529875
2 0.608795 0.133565 0.030806666666666666 0.047244999999999995
2 0.6233266666666667 0.15410749999999998 0.030824999999999998 0.0338275
2 0.6167566666666666 0.09288500000000001 0.03101 0.035295
2 0.7648116666666667 0.22894499999999998 0.028188333333333333 0.0408875
2 0.81691 0.41804250000000004 0.030586666666666668 0.0581575
2 0.18083333333333335 0.65375 0.02666666666666667 0.045
2 0.17958333333333334 0.51125 0.029166666666666667 0.0525
2 0.21 0.48875 0.023333333333333334 0.0525
2 0.1925 0.375625 0.045 0.06375
2 0.22791666666666666 0.23625 0.029166666666666667 0.0375
2 0.36875 0.20625 0.030833333333333334 0.0425
2 0.25666666666666665 0.1625 0.02666666666666667 0.0375
2 0.28458333333333335 0.1725 0.030833333333333334 0.0325
2 0.3120833333333333 0.13125 0.035833333333333335 0.045
2 0.33708333333333335 0.15875 0.0375 0.035
2 0.2654166666666667 0.453125 0.0325 0.05125
2 0.22375 0.615 0.024166666666666666 0.0425
2 0.25125 0.66375 0.0275 0.0375
2 0.24666666666666667 0.6325 0.035 0.04
2 0.27208333333333334 0.701875 0.030833333333333334 0.04875
2 0.3308333333333333 0.656875 0.023333333333333334 0.04375
2 0.39708333333333334 0.60875 0.0375 0.045
2 0.36041666666666666 0.668125 0.0275 0.04625
2 0.4425 0.72 0.04666666666666667 0.055
2 0.495 0.725 0.03 0.0575
2 0.515 0.765 0.025 0.03
2 0.5104166666666666 0.80625 0.0275 0.05
2 0.57125 0.695625 0.034166666666666665 0.07625
2 0.5045833333333334 0.48875 0.03916666666666667 0.055
2 0.4825 0.46125 0.04666666666666667 0.06
2 0.43125 0.484375 0.04083333333333333 0.05875
2 0.35125 0.3825 0.0375 0.0475
2 0.35541666666666666 0.305625 0.03916666666666667 0.05125
2 0.39625 0.2875 0.030833333333333334 0.045
2 0.38083333333333336 0.421875 0.03666666666666667 0.05125
2 0.2991666666666667 0.461875 0.028333333333333332 0.03875
2 0.30541666666666667 0.5425 0.0275 0.0425
2 0.3416666666666667 0.519375 0.028333333333333332 0.04125
2 0.37625 0.5275 0.030833333333333334 0.04
2 0.6804166666666667 0.728125 0.0375 0.05625
2 0.6675 0.345625 0.03166666666666667 0.04625
2 0.7095833333333333 0.315 0.029166666666666667 0.055
2 0.7316666666666667 0.279375 0.023333333333333334 0.04125
2 0.565 0.4175 0.041666666666666664 0.0625
2 0.4666666666666667 0.13875 0.028333333333333332 0.0425
2 0.5133333333333333 0.07375 0.02666666666666667 0.045
2 0.46625 0.35 0.0525 0.0775