2 0.4374426807760141 0.3010565476190476 0.03798941798941799 0.021999007936507938
2 0.46677248677248684 0.2936706349206349 0.02514109347442681 0.017911706349206347
2 0.49610229276895945 0.3257266865079365 0.034638447971781304 0.021684027777777778
2 0.42068342151675486 0.3349950396825397 0.034638447971781304 0.018226686507936508
2 0.474594356261023 0.38794890873015875 0.03631393298059965 0.019799107142857143
2 0.3343694885361552 0.3723933531746032 0.028492063492063496 0.015084325396825396
2 0.32989858906525577 0.38291914682539685 0.02402116402116402 0.009114583333333334
2 0.3653747795414462 0.3915625 0.01675925925925926 0.01005704365079365
2 0.46900793650793654 0.4189012896825397 0.012848324514991181 0.01005704365079365
2 0.5407980599647266 0.4470287698412699 0.040224867724867726 0.019169146825396825
2 0.6706922398589066 0.38056299603174604 0.028492063492063496 0.014456845238095237
2 0.840246913580247 0.26240327380952383 0.02681657848324515 0.019484126984126986
2 0.33017636684303353 0.44357142857142856 0.03575396825396825 0.018541666666666668
2 0.3064329805996473 0.4555133928571429 0.034078483245149914 0.018541666666666668
2 0.26872134038800705 0.3848065476190476 0.020110229276895944 0.011626984126984128
2 0.2424647266313933 0.4030332341269841 0.0257010582010582 0.009742063492063493
2 0.2142504409171076 0.40523313492063495 0.01955467372134039 0.009742063492063493
2 0.17402557319223985 0.36799355158730157 0.021790123456790125 0.011941964285714285
2 0.2460978835978836 0.37914930555555554 0.012848324514991181 0.007857142857142858
2 0.16816137566137565 0.4066468253968254 0.013408289241622575 0.005657242063492063
2 0.10475308641975309 0.4632118055555556 0.02514109347442681 0.01382688492063492
2 0.1452557319223986 0.4713839285714285 0.02234567901234568 0.010684523809523809
2 0.1849206349206349 0.4605406746031746 0.0257010582010582 0.008484623015873017
2 0.11704144620811287 0.4723933531746032 0.030410052910052908 0.016044146825396826
2 0.13554673721340388 0.512108134920635 0.03064373897707231 0.014585813492063492
2 0.047147266313932984 0.5259647817460318 0.022632275132275132 0.00808779761904762
2 0.2597795414462081 0.5172792658730159 0.03394620811287478 0.01564732142857143
2 0.279347442680776 0.5038864087301588 0.028761022927689596 0.01750248015873016
2 0.2979717813051146 0.4849900793650794 0.03441798941798942 0.017105654761904763
2 0.2980908289241623 0.5334573412698413 0.02757936507936508 0.014320436507936508
2 0.31294091710758376 0.530406746031746 0.016265432098765433 0.010873015873015875
2 0.2809964726631393 0.5511582341269842 0.02734567901234568 0.016044146825396826
2 0.3051587301587302 0.5591815476190476 0.024281305114638448 0.011403769841269841
2 0.2839462081128748 0.583844246031746 0.028522927689594354 0.01511656746031746
2 0.39224867724867724 0.6246924603174604 0.028853615520282185 0.014067460317460317
2 0.12503968253968253 0.648172123015873 0.016926807760141094 0.009955357142857143
2 0.1392768959435626 0.6745758928571428 0.014620811287477952 0.006059027777777778
2 0.2874029982363316 0.7220808531746031 0.020776014109347443 0.01103670634920635
2 0.3024074074074074 0.8364583333333333 0.026164021164021164 0.013417658730158731
2 0.1660185185185185 0.8681622023809523 0.021931216931216933 0.012336309523809524
2 0.15043650793650792 0.952889384920635 0.02693121693121693 0.016448412698412698
2 0.3224162257495591 0.9876264880952381 0.03231922398589065 0.019694940476190477
2 0.5403395061728395 0.7297420634920635 0.029514991181657846 0.016247519841269844
2 0.5102777777777777 0.7513070436507936 0.016313932980599646 0.009407242063492064
2 0.6824118165784833 0.7290525793650794 0.03589506172839506 0.019960317460317463
2 0.7066798941798942 0.7094345238095239 0.04119929453262786 0.02019097222222222
2 0.7317680776014109 0.749702380952381 0.026922398589065255 0.025009920634920635
2 0.8341490299823633 0.706795634920635 0.037526455026455026 0.019960317460317463
2 0.7340123456790123 0.8210590277777778 0.03630070546737214 0.021339285714285717
2 0.8474074074074074 0.825188492063492 0.02814373897707231 0.015830853174603175
2 0.8883994708994709 0.7749404761904761 0.036710758377425046 0.021339285714285717
2 0.9424470899470898 0.6841964285714285 0.03793650793650794 0.02019097222222222
2 0.9707936507936509 0.6714608134920634 0.026922398589065255 0.010783730158730158
2 0.7070899470899471 0.5981547619047619 0.04527777777777778 0.021567460317460315
2 0.6320370370370371 0.602859623015873 0.03793650793650794 0.017666170634920635
2 0.5879850088183421 0.6397991071428571 0.03630070546737214 0.02179811507936508
2 0.5274118165784832 0.6345213293650793 0.029369488536155203 0.01170138888888889
2 0.8255820105820106 0.5043129960317461 0.04160493827160494 0.02110863095238095
2 0.9098148148148149 0.4957093253968254 0.03875220458553792 0.01904265873015873