1 0.6512583333333334 0.2048125 0.04698833333333333 0.0687925
1 0.722585 0.5203450000000001 0.03875166666666666 0.0524825
1 0.8663799999999999 0.8757575000000001 0.027866666666666665 0.0433025
1 0.07499833333333333 0.26883749999999995 0.030808333333333333 0.0515725
1 0.36302999999999996 0.509825 0.035486666666666666 0.051295
1 0.7603333333333333 0.3087975 0.04356833333333334 0.05579
1 0.746485 0.4286975 0.048501666666666665 0.055674999999999995
1 0.4729416666666667 0.39909249999999996 0.035631666666666666 0.050409999999999996
1 0.07641833333333334 0.9008025000000001 0.02946 0.0439825
1 0.36252833333333334 0.31248750000000003 0.029295 0.0438075
1 0.5968800000000001 0.1376875 0.036333333333333336 0.06420999999999999
1 0.2596583333333333 0.20396 0.030225 0.054252499999999995
1 0.779645 0.436105 0.03127833333333333 0.0563125