1 0.3652183333333333 0.16501249999999998 0.033209999999999996 0.0558525
1 0.4436733333333333 0.0799975 0.04366833333333333 0.07303
1 0.13335833333333333 0.1096275 0.04218333333333333 0.0606675
1 0.5448583333333333 0.537775 0.043254999999999995 0.06653
1 0.2883016666666667 0.15246500000000002 0.04381 0.05669
1 0.7348083333333334 0.30822000000000005 0.05372333333333333 0.08398749999999999
1 0.5082666666666666 0.032417499999999995 0.04607166666666667 0.0648375
1 0.8174233333333333 0.84068 0.05813666666666666 0.07731
1 0.9502216666666666 0.03641 0.07256 0.0728175
1 0.66513 0.2577625 0.04065166666666667 0.058275
1 0.5846549999999999 0.09873 0.03615666666666666 0.0578
1 0.3647183333333333 0.626925 0.042361666666666666 0.0627
1 0.209625 0.6836125 0.03864 0.054509999999999996
1 0.8098383333333333 0.9641649999999999 0.05562 0.06341
1 0.8983150000000001 0.1354275 0.066975 0.08705750000000001
1 0.36064166666666664 0.7500249999999999 0.03231166666666667 0.047482500000000004
1 0.6210583333333333 0.23072 0.039165 0.062182499999999995
1 0.8634266666666668 0.04819 0.04584833333333333 0.074015
1 0.43125 0.603125 0.0325 0.05375
1 0.43833333333333335 0.795 0.03166666666666667 0.05
1 0.5058333333333334 0.710625 0.035 0.05375
1 0.5045833333333334 0.525625 0.035833333333333335 0.05375
1 0.4645 0.5339075 0.031145 0.0507225
1 0.41311166666666665 0.43747 0.02892 0.036705
1 0.294095 0.36139 0.020466666666666668 0.0300325
1 0.26562 0.315005 0.025805 0.030699999999999998
1 0.20266333333333333 0.2365875 0.020911666666666665 0.0273625
1 0.03848666666666666 0.0850925 0.014681666666666668 0.019355
1 0.04849666666666667 0.21156 0.015126666666666667 0.020022500000000002
1 0.027363333333333333 0.0353725 0.012013333333333332 0.0146825
1 0.05338999999999999 0.1117875 0.009788333333333333 0.015349999999999999
1 0.16706833333333332 0.6980850000000001 0.023581666666666667 0.0413775
1 0.236255 0.6660499999999999 0.032925 0.0373725
1 0.794855 0.242595 0.05650499999999999 0.07541500000000001
1 0.5036533333333334 0.2486 0.037373333333333335 0.0513875
1 0.8318266666666667 0.905395 0.05684833333333333 0.0802575