0 0.19873833333333335 0.0062475 0.010643333333333333 0.0124925
0 0.13858499999999999 0.059345 0.019896666666666667 0.0242925
0 0.128405 0.0447675 0.009716666666666667 0.01041
0 0.04233833333333333 0.1068875 0.007866666666666668 0.0138825
0 0.267915 0.150615 0.01203 0.0124925
0 0.37758 0.0572625 0.01018 0.02707
0 0.3599966666666667 0.09023 0.017583333333333333 0.018045000000000002
0 0.3653183333333333 0.07981999999999999 0.008791666666666666 0.009717499999999999
0 0.49418500000000004 0.1006425 0.028688333333333333 0.047197499999999996
0 0.49441666666666667 0.0787775 0.011568333333333333 0.015965
0 0.37411 0.1509625 0.007866666666666668 0.0173525
0 0.48469999999999996 0.2276575 0.008791666666666666 0.0166575
0 0.4925666666666667 0.27451 0.01527 0.0131875
0 0.492335 0.28873750000000004 0.012956666666666667 0.0124925
0 0.46665333333333336 0.2786725 0.009716666666666667 0.0131875
0 0.46318333333333334 0.2706925 0.008328333333333333 0.0124925
0 0.45139 0.4133325 0.013128333333333332 0.019225000000000003
0 0.4542033333333333 0.3959825 0.011253333333333332 0.0154725
0 0.47561666666666663 0.4152075 0.015316666666666668 0.01735
0 0.4637383333333333 0.4138 0.00969 0.0182875
0 0.48015 0.4048925 0.01563 0.0164125
0 0.47686666666666666 0.43326 0.012816666666666667 0.013130000000000001
0 0.5098466666666667 0.4848375 0.013128333333333332 0.02157
0 0.41106499999999996 0.2965775 0.010628333333333333 0.014535
0 0.4057516666666667 0.2668025 0.011253333333333332 0.015005000000000001
0 0.41309666666666667 0.28110250000000003 0.007815 0.0098475
0 0.32635166666666665 0.305485 0.013755 0.01266
0 0.3161916666666667 0.3680825 0.00969 0.015942500000000002
0 0.42200666666666664 0.43466750000000004 0.013755 0.015942500000000002
0 0.4382616666666667 0.4360725 0.015005000000000001 0.019692499999999998
0 0.49578 0.494685 0.010628333333333333 0.01688
0 0.6320716666666666 0.4466225 0.010003333333333335 0.01735
0 0.6351983333333333 0.4696 0.01563 0.02954
0 0.29946833333333334 0.5300874999999999 0.015005000000000001 0.0248525
0 0.31166 0.5286799999999999 0.012503333333333333 0.0220375
0 0.38902666666666663 0.5153175 0.007815 0.009377499999999999
0 0.448265 0.5441549999999999 0.010003333333333335 0.0164125
0 0.4256016666666667 0.615425 0.024694999999999998 0.0220375
0 0.402 0.3111125 0.007501666666666666 0.010785
0 0.46014333333333335 0.29892 0.011253333333333332 0.019225000000000003
0 0.486245 0.3516725 0.011566666666666668 0.0140675
0 0.5040633333333333 0.3390125 0.00844 0.018754999999999997
0 0.623475 0.48061750000000003 0.009065 0.0121925
0 0.6176916666666666 0.45905 0.008753333333333333 0.018754999999999997
0 0.3715216666666667 0.3092375 0.012191666666666668 0.010785
0 0.306345 0.360815 0.008128333333333335 0.00891
0 0.2932166666666667 0.433025 0.01563 0.019225000000000003
0 0.31212833333333334 0.4724125 0.01719333333333333 0.0286025
0 0.29868666666666666 0.4663175 0.00594 0.00891
0 0.374805 0.5157849999999999 0.006876666666666666 0.009377499999999999
0 0.364645 0.513675 0.00844 0.00891
0 0.35776833333333335 0.524225 0.012191666666666668 0.0178175
0 0.3060333333333333 0.59409 0.010628333333333333 0.0243825
0 0.41591 0.5464975 0.00719 0.0098475
0 0.422475 0.45647000000000004 0.014691666666666667 0.0220375
0 0.42185 0.5024225 0.011566666666666668 0.014535
0 0.4268516666666667 0.4916375 0.010941666666666667 0.0117225
0 0.431385 0.5106275 0.011253333333333332 0.0206325
0 0.4354483333333333 0.573225 0.02000666666666667 0.02954
0 0.4129416666666667 0.6266799999999999 0.015005000000000001 0.019225000000000003
2 0.36573833333333333 0.6531725 0.01563 0.0243825
2 0.376055 0.6316025 0.016255 0.0225075
2 0.45858 0.9223175 0.009378333333333334 0.027195
2 0.4015316666666667 0.44615499999999997 0.00594 0.0098475
2 0.26586333333333334 0.2682075 0.015316666666666668 0.02532
2 0.11770666666666667 0.9729525 0.027046666666666667 0.038317500000000004
0 0.11883333333333333 0.9738925 0.010768333333333333 0.022165
0 0.08564999999999999 0.982345 0.01703 0.0240425
0 0.09078333333333334 0.932945 0.006761666666666667 0.0123975
0 0.09804666666666666 0.9583025000000001 0.009766666666666667 0.014275
0 0.10055166666666666 0.995305 0.00576 0.0071375
0 0.021411666666666666 0.941585 0.009766666666666667 0.013147500000000001
0 0.032181666666666664 0.8536825 0.007763333333333333 0.0093925
0 0.021788333333333333 0.8320825 0.013023333333333333 0.013522500000000002
0 0.011895000000000001 0.844855 0.010268333333333332 0.011269999999999999
0 0.04407666666666666 0.8841100000000001 0.00551 0.00864
0 0.09203666666666667 0.65064 0.007763333333333333 0.0127725
0 0.21938333333333332 0.5976725 0.009516666666666666 0.0187825
0 0.223015 0.58039 0.010268333333333332 0.01728
0 0.19283833333333333 0.4859125 0.012021666666666667 0.010895
0 0.055848333333333326 0.6001124999999999 0.012021666666666667 0.016905
0 0.06524 0.6359874999999999 0.010268333333333332 0.011269999999999999
0 0.08627666666666667 0.6142000000000001 0.015778333333333335 0.013522500000000002
0 0.02279 0.572315 0.00551 0.0071375
0 0.02216333333333333 0.5223525 0.010268333333333332 0.0161525
0 0.034811666666666664 0.5150275000000001 0.005008333333333333 0.00601
0 0.13436 0.5054474999999999 0.011770000000000001 0.0093925
0 0.119835 0.31254750000000003 0.009266666666666666 0.020285
0 0.162535 0.2960175 0.010018333333333334 0.0187825
0 0.21738 0.3132975 0.00551 0.009015
0 0.04695666666666667 0.19027000000000002 0.014776666666666665 0.02066
0 0.07012333333333333 0.18952000000000002 0.009015 0.013147500000000001
0 0.02304 0.1525175 0.010018333333333334 0.01202
0 0.026170000000000002 0.17299 0.0072633333333333334 0.00789
0 0.10230333333333334 0.180315 0.01728 0.0157775
0 0.08627666666666667 0.181255 0.014275000000000001 0.013900000000000001
0 0.18970666666666666 0.010705 0.007763333333333333 0.013900000000000001
0 0.17881333333333335 0.0077 0.01102 0.0154025
0 0.16328666666666666 0.02686 0.0065116666666666665 0.0101425
0 0.27573333333333333 0.15289250000000001 0.01102 0.013522500000000002
0 0.550365 0.554175 0.009143333333333333 0.0130625
0 0.5002933333333334 0.579485 0.009143333333333333 0.012735
0 0.5626666666666666 0.5982625 0.008926666666666668 0.016980000000000002
0 0.5916216666666667 0.55891 0.018505 0.02188
0 0.6398433333333333 0.5545025 0.014803333333333332 0.0215525
0 0.6575866666666667 0.574585 0.016328333333333334 0.018615
0 0.6689083333333333 0.586995 0.010668333333333333 0.0192675
0 0.6622683333333333 0.4922925 0.009143333333333333 0.01796
0 0.6883933333333333 0.49866000000000005 0.012626666666666668 0.0215525
0 0.6756566666666667 0.5100899999999999 0.008055 0.013715
0 0.541875 0.566095 0.008708333333333334 0.0107775
0 0.5484066666666667 0.5838925 0.013933333333333332 0.009797499999999999
0 0.5628833333333334 0.62063 0.008055 0.01143
0 0.5965199999999999 0.6474099999999999 0.008708333333333334 0.014042500000000001
0 0.6372316666666666 0.6782699999999999 0.008273333333333334 0.0143675
0 0.669235 0.7117425 0.008708333333333334 0.01339
0 0.6766366666666667 0.7089650000000001 0.009578333333333333 0.012410000000000001
0 0.6954683333333334 0.7025975 0.015893333333333332 0.0362475
0 0.7177833333333333 0.6802275 0.008273333333333334 0.0130625
0 0.7300833333333333 0.713375 0.011538333333333334 0.014695
0 0.7343283333333334 0.7326425000000001 0.018723333333333335 0.0277575
0 0.7439083333333333 0.6959025 0.007836666666666667 0.0235125
0 0.6105616666666667 0.7749325 0.015893333333333332 0.017635
0 0.5866133333333333 0.791585 0.005443333333333333 0.0111025
0 0.592275 0.80073 0.006313333333333334 0.01045
0 0.5992416666666667 0.7956675 0.00762 0.0088175
0 0.50345 0.8038325 0.009361666666666667 0.01143
0 0.5131383333333334 0.817875 0.013933333333333332 0.02188
0 0.6191616666666666 0.9596024999999999 0.0065316666666666665 0.01143
0 0.62874 0.96548 0.006095 0.0107775
0 0.63832 0.96842 0.008273333333333334 0.009470000000000001
0 0.622645 0.9150275 0.0052250000000000005 0.015675
0 0.6284133333333334 0.91176 0.009796666666666667 0.015022500000000001
0 0.52903 0.9600925 0.01132 0.012410000000000001
0 0.5173833333333334 0.950785 0.00849 0.014042500000000001
0 0.5202133333333334 0.9914425 0.0071849999999999995 0.015022500000000001
0 0.5090016666666667 0.9452324999999999 0.0065316666666666665 0.0107775
0 0.43443666666666664 0.89723 0.01241 0.0225325
0 0.41026999999999997 0.909965 0.006748333333333334 0.014695
0 0.32264333333333334 0.98576 0.01524 0.0284775
0 0.317745 0.8472649999999999 0.015021666666666666 0.029065
0 0.28574166666666667 0.78228 0.011538333333333334 0.01143
0 0.36749166666666666 0.7074974999999999 0.013498333333333333 0.016655
0 0.32286166666666666 0.6764724999999999 0.011756666666666667 0.0153475
0 0.35508166666666663 0.6851275 0.009143333333333333 0.022205
0 0.34408666666666665 0.6885549999999999 0.0058783333333333335 0.0107775
0 0.33407333333333333 0.6883925000000001 0.005443333333333333 0.0091425
0 0.35344833333333336 0.7094550000000001 0.005006666666666666 0.00751
0 0.34876833333333335 0.7159875 0.007836666666666667 0.00751
0 0.204645 0.60561 0.007836666666666667 0.01143
0 0.467875 0.45411250000000003 0.011008333333333334 0.0213475
0 0.45109333333333335 0.4521 0.009666666666666667 0.0213475
0 0.481435 0.4976125 0.012351666666666667 0.02054
0 0.4433066666666667 0.50184 0.01074 0.0145
0 0.46868 0.5290275 0.010471666666666666 0.014902499999999999
0 0.43256666666666665 0.53084 0.011815 0.0120825
0 0.4476016666666667 0.53084 0.011276666666666666 0.0120825
0 0.457 0.5544025 0.009130000000000001 0.018125
0 0.453375 0.5884349999999999 0.009398333333333333 0.010472500000000001
0 0.401285 0.5445325 0.005638333333333333 0.0096675
0 0.3955116666666667 0.5765525 0.008591666666666666 0.0140975
0 0.383295 0.5610475 0.00725 0.0096675
0 0.37335999999999997 0.5517825000000001 0.004028333333333333 0.0048325
0 0.5149983333333333 0.3014675 0.006981666666666666 0.0092625
0 0.5160716666666666 0.31194 0.00537 0.0092625
0 0.52641 0.32241000000000003 0.0077866666666666666 0.0092625
0 0.49338333333333334 0.33248 0.0077866666666666666 0.012485
0 0.44236666666666663 0.3451675 0.00725 0.0193325
0 0.4187383333333333 0.36490249999999996 0.00725 0.0112775
0 0.4037016666666667 0.4037675 0.011545 0.0213475
0 0.35228166666666666 0.425115 0.02148 0.01893
0 0.6813383333333334 0.19554 0.021748333333333335 0.03504
0 0.6636166666666666 0.247095 0.022286666666666666 0.0318175
0 0.6912733333333334 0.248705 0.011008333333333334 0.01168
0 0.6948983333333334 0.24004499999999998 0.0075183333333333335 0.0112775
0 0.7100683333333333 0.2869675 0.029805 0.03343
0 0.7346366666666666 0.2148725 0.02631333333333333 0.026985
0 0.7213466666666667 0.2474975 0.023896666666666667 0.02618
0 0.7073833333333334 0.260185 0.021748333333333335 0.02497
0 0.7875333333333333 0.326035 0.01611 0.02618
0 0.7724966666666666 0.326035 0.011276666666666666 0.010875
0 0.7374566666666666 0.37759 0.01262 0.02054
0 0.7436316666666667 0.35261750000000003 0.013156666666666665 0.0229575
0 0.6777133333333334 0.37074250000000003 0.01611 0.01329
0 0.6091099999999999 0.307105 0.0077866666666666666 0.012485
0 0.62267 0.3401325 0.012351666666666667 0.014902499999999999
0 0.5995783333333333 0.3409375 0.00537 0.0084575
0 0.5989066666666667 0.360875 0.009935 0.0120825
0 0.6644033333333333 0.72742 0.012851666666666666 0.02451
0 0.674135 0.737885 0.009179999999999999 0.0134925
0 0.6525633333333334 0.7243925 0.011198333333333333 0.015144999999999999
0 0.6225466666666667 0.7296225 0.011015 0.0123925
0 0.6326433333333333 0.6950625 0.011381666666666668 0.018725000000000002
0 0.8029666666666667 0.56824 0.011906666666666666 0.01912
0 0.7914816666666667 0.586835 0.009385000000000001 0.010925
0 0.79071 0.5723374999999999 0.003921666666666667 0.007985
0 0.8352533333333334 0.5746475000000001 0.0053233333333333336 0.008405
0 0.8375816666666667 0.3004675 0.018395 0.02013
0 0.8080283333333333 0.28689749999999997 0.009348333333333333 0.01063
0 0.7879750000000001 0.2992225 0.0051266666666666665 0.010405
0 0.8200916666666667 0.24969249999999998 0.007236666666666667 0.0113075
0 0.8360733333333332 0.25478 0.006333333333333333 0.013345000000000001
0 0.841305 0.6491549999999999 0.006549999999999999 0.00835
0 0.8588266666666666 0.699505 0.006221666666666666 0.009824999999999999
0 0.8719250000000001 0.7019624999999999 0.006221666666666666 0.00786
0 0.9022183333333335 0.669785 0.007205 0.009332499999999999
0 0.9431533333333334 0.6405575 0.017683333333333332 0.0206325
0 0.9141716666666666 0.6263125 0.012116666666666668 0.017685
0 0.9089316666666667 0.6398225 0.008186666666666667 0.01228
0 0.6157033333333333 0.014182499999999999 0.012433333333333333 0.0136
0 0.6248983333333333 0.0089375 0.009066666666666666 0.0139875
0 0.6184233333333333 0.00369 0.006475 0.0073825
0 0.5492633333333333 0.010490000000000001 0.006993333333333333 0.014765
0 0.527635 0.0262275 0.009843333333333334 0.0128225
0 0.5307433333333333 0.0380775 0.00777 0.010102499999999999
0 0.5572933333333334 0.0328325 0.011138333333333333 0.0089375
0 0.60055 0.015735 0.009066666666666666 0.0112675
0 0.612465 0.027392499999999997 0.008548333333333333 0.0112675
0 0.6412166666666667 0.0217575 0.01839 0.030305
0 0.6273583333333334 0.02273 0.011396666666666666 0.017485
0 0.6839566666666667 0.037105 0.01942666666666667 0.036135
0 0.6875833333333333 0.0114625 0.005958333333333334 0.010490000000000001
0 0.676315 0.013792500000000001 0.00518 0.0089375
0 0.7130966666666666 0.17698 0.020203333333333334 0.0260325
0 0.7092116666666667 0.19524 0.01606 0.019037500000000002
0 0.6413466666666666 0.33317 0.013986666666666666 0.0151525
0 0.5134066666666667 0.17096250000000002 0.008846666666666666 0.0154825
0 0.5200416666666666 0.14353749999999998 0.007961666666666667 0.0128275
0 0.5315416666666667 0.158135 0.006783333333333334 0.008405
0 0.5874233333333333 0.19662000000000002 0.013565 0.01725
0 0.5454016666666667 0.1225275 0.014450000000000001 0.023885
0 0.5602933333333334 0.1404425 0.007666666666666666 0.0119425
0 0.39028833333333335 0.14110499999999998 0.007961666666666667 0.0185775
0 0.40326500000000004 0.28928750000000003 0.007961666666666667 0.01504
0 0.4228866666666667 0.057 0.01027 0.0215675
0 0.28808666666666666 0.00674 0.023108333333333335 0.01348
0 0.3371283333333333 0.00828 0.030298333333333333 0.01656
0 0.27909999999999996 0.0803025 0.011811666666666668 0.026574999999999998
0 0.28231 0.0244575 0.011555 0.019642499999999997
0 0.893845 0.018875 0.02176 0.03146