1 0.44226 0.411175 0.03693166666666667 0.0560275
1 0.5736233333333333 0.6365775 0.03648833333333334 0.054005000000000004
1 0.025339999999999998 0.6193775 0.05067833333333333 0.0814825
1 0.4498083333333333 0.81296 0.03646166666666667 0.0558675
1 0.5079583333333333 0.91549 0.028646666666666668 0.0480625
1 0.7658916666666667 0.4253825 0.032218333333333335 0.04439
1 0.573265 0.3422275 0.03423333333333333 0.045814999999999995
1 0.448295 0.6215824999999999 0.03815833333333333 0.048595
1 0.4540783333333333 0.2035 0.032834999999999996 0.0583125
1 0.2946816666666667 0.19269999999999998 0.027841666666666667 0.06562
1 0.6633616666666666 0.44861 0.026593333333333333 0.0409625