1 0.34448666666666666 0.452265 0.05107166666666667 0.07325
1 0.6646266666666667 0.29054 0.03002833333333333 0.041522500000000004
1 0.2680416666666667 0.21817250000000002 0.050875 0.073185
1 0.9473916666666667 0.3493025 0.033235 0.035925
1 0.750495 0.21421500000000002 0.030035000000000003 0.03655
1 0.22690166666666667 0.35785 0.03937 0.055357500000000004
1 0.15627666666666667 0.837565 0.04958166666666667 0.07783499999999999
1 0.6506716666666666 0.70716 0.029348333333333334 0.039885
1 0.5781999999999999 0.478235 0.023113333333333333 0.0351225
1 0.10500999999999999 0.6853524999999999 0.05615166666666667 0.06670000000000001
1 0.14856333333333333 0.5177200000000001 0.047185000000000005 0.06663
1 0.5951933333333334 0.5825425 0.020166666666666666 0.029585
1 0.7355666666666666 0.441245 0.023375 0.0347025
1 0.8886933333333333 0.1914175 0.018891666666666664 0.0260875