1 0.07173 0.582955 0.04327166666666667 0.0529525
1 0.6363333333333333 0.84776 0.03601833333333333 0.052585
1 0.072355 0.2838225 0.043958333333333335 0.05231
1 0.29159666666666667 0.5625475 0.030513333333333337 0.04599
1 0.30721333333333334 0.4109975 0.04109 0.0486375
1 0.27256833333333336 0.19822 0.03796666666666667 0.0527375
1 0.3339283333333333 0.6836525 0.027291666666666665 0.046415
1 0.5792216666666666 0.899495 0.02838 0.04306
1 0.6439966666666667 0.5789475 0.028991666666666666 0.035745
1 0.07267833333333333 0.1862125 0.04020833333333333 0.046865000000000004
1 0.2708083333333333 0.7012775 0.027141666666666665 0.035315
1 0.28714666666666666 0.68152 0.022076666666666668 0.0266125
1 0.21075833333333333 0.6623025 0.023021666666666666 0.0326425
1 0.09008666666666666 0.5615175 0.030141666666666667 0.040185000000000005
1 0.06142333333333334 0.639505 0.022756666666666665 0.028112500000000002
1 0.10055666666666667 0.6716975 0.018375 0.0235975
1 0.24309666666666666 0.31767 0.02666333333333333 0.0322575
1 0.4101883333333334 0.317495 0.034078333333333335 0.0585725
1 0.517895 0.2190425 0.022103333333333332 0.0539775
1 0.6103516666666667 0.5662875 0.033183333333333336 0.048042499999999995
1 0.66343 0.4878675 0.030933333333333334 0.0419875
1 0.5664516666666667 0.6919474999999999 0.02685166666666667 0.0421475
1 0.7205183333333333 0.8002999999999999 0.023561666666666668 0.039082500000000006
1 0.8351700000000001 0.7928925 0.024883333333333334 0.0400325
1 0.7340266666666666 0.37919749999999997 0.040723333333333334 0.054275
1 0.8552733333333334 0.34675 0.015813333333333332 0.029785
1 0.898845 0.16341999999999998 0.01663833333333333 0.029732500000000002
1 0.384535 0.5145325000000001 0.023803333333333333 0.037805
1 0.018520000000000002 0.4406425 0.03704166666666667 0.0421075
1 0.38939 0.78419 0.023606666666666665 0.0325275