2 0.08924000000000001 0.17979750000000003 0.04412666666666667 0.045442500000000004
2 0.13303666666666666 0.1323775 0.044785 0.0553225
2 0.02371 0.3689775 0.035563333333333336 0.060262500000000004
2 0.063555 0.34773750000000003 0.034905 0.0414925
2 0.07112833333333334 0.38478500000000004 0.03293 0.030625
2 0.05631 0.46529750000000003 0.025685000000000003 0.0434675
2 0.09022833333333334 0.4766575 0.028978333333333335 0.0405025
2 0.046101666666666666 0.658925 0.030295000000000002 0.035565
2 0.030295000000000002 0.7068375 0.026343333333333333 0.038527500000000006
2 0.10438666666666667 0.776485 0.028319999999999998 0.0335875
2 0.18309 0.363545 0.03293 0.0434675
2 0.19230999999999998 0.40306000000000003 0.03424666666666667 0.047420000000000004
2 0.23380166666666666 0.44554000000000005 0.030295000000000002 0.045442500000000004
2 0.24335166666666666 0.2010375 0.040175 0.0523575
2 0.3154666666666667 0.37935 0.026343333333333333 0.0572975
2 0.3651916666666667 0.3877475 0.029636666666666665 0.0484075
2 0.24927833333333335 0.60311 0.034905 0.04643
2 0.22227666666666668 0.66337 0.024368333333333336 0.04248
2 0.1916516666666667 0.586315 0.04215 0.038527500000000006
2 0.18737 0.6441074999999999 0.037540000000000004 0.03754
2 0.19395666666666667 0.6772 0.03622333333333334 0.04248
2 0.09088666666666667 0.8975 0.028978333333333335 0.038527500000000006
2 0.12645 0.8402025 0.025026666666666666 0.032600000000000004
2 0.19329833333333332 0.8303250000000001 0.028319999999999998 0.0365525
2 0.41162166666666666 0.85848 0.026343333333333333 0.0335875
2 0.40931666666666666 0.827855 0.024368333333333336 0.035565
2 0.4188666666666666 0.7769775 0.022391666666666667 0.038527500000000006
2 0.40569500000000003 0.58335 0.031613333333333334 0.044455
2 0.47319999999999995 0.6218775000000001 0.03622333333333334 0.0523575
2 0.46365166666666663 0.661395 0.026343333333333333 0.032600000000000004
2 0.527865 0.6836224999999999 0.032271666666666664 0.039515
2 0.4883483333333334 0.663865 0.03358833333333333 0.0316125
2 0.44586833333333337 0.7394375 0.03293 0.04643
2 0.44389333333333336 0.7661100000000001 0.030295000000000002 0.030625
2 0.471555 0.7369675 0.021075 0.03754
2 0.52951 0.747835 0.03293 0.0434675
2 0.5999800000000001 0.70585 0.027661666666666668 0.0405025
2 0.60525 0.5428474999999999 0.038198333333333334 0.058285
2 0.5031666666666667 0.53198 0.031613333333333334 0.050382500000000004
2 0.602615 0.73351 0.027661666666666668 0.0345775
2 0.62336 0.7088125 0.028319999999999998 0.038527500000000006
2 0.6664983333333333 0.71968 0.02371 0.0345775
2 0.6921833333333334 0.6534924999999999 0.021075 0.0345775
2 0.6059083333333333 0.7898200000000001 0.021075 0.02865
2 0.5841733333333333 0.867865 0.019758333333333333 0.0345775
2 0.6602416666666666 0.9296074999999999 0.027001666666666667 0.0335875
2 0.72248 0.5408725 0.03293 0.0405025
2 0.822915 0.4766575 0.021733333333333334 0.038527500000000006
2 0.846295 0.48061000000000004 0.025026666666666666 0.0345775
2 0.7834 0.8732975000000001 0.020416666666666666 0.0316125
2 0.850905 0.76858 0.01844 0.03754
2 0.93784 0.67967 0.019758333333333333 0.0316125
2 0.8713216666666667 0.737955 0.017123333333333334 0.0296375
2 0.9790016666666667 0.949365 0.030953333333333333 0.0434675
2 0.6523383333333334 0.4094825 0.028319999999999998 0.0365525
2 0.5644166666666667 0.08841750000000001 0.04873666666666667 0.068165
2 0.51568 0.213385 0.04083333333333333 0.053345
2 0.57232 0.2499375 0.04215 0.05137
2 0.626325 0.032600000000000004 0.038198333333333334 0.0434675
2 0.612165 0.1348475 0.025685000000000003 0.038527500000000006
2 0.4682616666666667 0.0740925 0.028978333333333335 0.03754
2 0.6171033333333333 0.30674 0.02371 0.038527500000000006
2 0.5502566666666666 0.28698250000000003 0.025685000000000003 0.030625
2 0.5831866666666666 0.29538 0.025685000000000003 0.025685
2 0.67045 0.29291 0.03293 0.044455
2 0.7280766666666667 0.1817725 0.030953333333333333 0.0335875
2 0.7837283333333334 0.16893 0.03424666666666667 0.0335875
2 0.7682516666666667 0.2692 0.020416666666666666 0.032600000000000004
2 0.7521166666666667 0.2756225 0.017123333333333334 0.025685
2 0.7619950000000001 0.36453250000000004 0.022391666666666667 0.02766
2 0.8011816666666667 0.3457625 0.023051666666666668 0.03754
2 0.82028 0.3269925 0.025685000000000003 0.0316125
2 0.9065566666666667 0.3131625 0.029636666666666665 0.035565
2 0.9111666666666667 0.4139275 0.011196666666666667 0.0197575
2 0.9648416666666667 0.3220525 0.013171666666666667 0.0158075
2 0.9625366666666667 0.3788575 0.012513333333333333 0.01877
2 0.9161066666666667 0.1985675 0.019758333333333333 0.023710000000000002
2 0.8393799999999999 0.18522999999999998 0.025685000000000003 0.032600000000000004