1 0.30906833333333333 0.461565 0.05120333333333334 0.07014749999999999
1 0.7087666666666668 0.5560825 0.03852333333333333 0.0574675
1 0.20639166666666664 0.47281 0.03675833333333334 0.046134999999999995
1 0.7937783333333334 0.73976 0.027321666666666668 0.0429
1 0.8766649999999999 0.823095 0.027103333333333333 0.03644
1 0.7533700000000001 0.0906775 0.034045 0.04653
1 0.5946483333333333 0.541735 0.036965 0.053075000000000004
1 0.6319133333333333 0.5527175 0.03626833333333333 0.047002499999999996
1 0.5683900000000001 0.22435249999999998 0.02685 0.036835
1 0.5742916666666666 0.5871625 0.03586166666666667 0.046835
1 0.596005 0.1273225 0.031698333333333335 0.0507975
1 0.5201866666666667 0.041174999999999996 0.028756666666666666 0.0414225
1 0.789215 0.3868275 0.02225 0.032415
1 0.35888166666666665 0.9254249999999999 0.04057666666666667 0.053564999999999995
1 0.742505 0.5820725 0.037079999999999995 0.04684749999999999
1 0.6071583333333334 0.6365449999999999 0.030731666666666664 0.045197499999999995
1 0.6803833333333333 0.69004 0.03691333333333333 0.0409325
1 0.37474166666666664 0.41873 0.04340666666666666 0.068805
1 0.25905666666666666 0.4081975 0.03307666666666667 0.043429999999999996
1 0.775815 0.74814 0.022063333333333334 0.030752500000000002
1 0.7987566666666667 0.7662975 0.02421 0.0237225
1 0.9028233333333333 0.8320475 0.02421 0.0333875
1 0.9357233333333334 0.7866525 0.018158333333333335 0.036315
1 0.8776166666666666 0.9556174999999999 0.018921666666666666 0.0317775
1 0.8501583333333333 0.9894550000000001 0.03517 0.02109
1 0.8278016666666668 0.7144425 0.02063 0.035797499999999996
1 0.8765433333333333 0.6229750000000001 0.025078333333333334 0.030035
1 0.9116333333333334 0.4729575 0.022045000000000002 0.022449999999999998
1 0.400315 0.9406925 0.03172 0.0550325
1 0.383465 0.1324775 0.024829999999999998 0.0364
1 0.20907666666666666 0.42275999999999997 0.034078333333333335 0.040064999999999996
1 0.15819 0.4213775 0.019801666666666665 0.0276325