1 0.30478666666666665 0.70505 0.028026666666666665 0.033537500000000005
1 0.3616716666666667 0.7649125 0.025748333333333335 0.037447499999999995
1 0.48495666666666665 0.216995 0.02964 0.040915
1 0.13665333333333332 0.9190175 0.033285 0.0441575
1 0.381755 0.7870425 0.02275 0.0351025
1 0.46588 0.21677000000000002 0.019943333333333334 0.0316525
1 0.6571416666666666 0.3011125 0.018511666666666666 0.027149999999999997
1 0.6610566666666667 0.40343 0.01718333333333333 0.025775
1 0.5304433333333333 0.3622925 0.019093333333333334 0.026817499999999998
1 0.6344133333333334 0.5168175 0.014580000000000001 0.0302025
1 0.5953333333333334 0.70624 0.023513333333333334 0.036545