2 0.8278395061728395 0.047001488095238096 0.06374779541446209 0.03391865079365079
2 0.6004188712522046 0.01744295634920635 0.053408289241622574 0.027135416666666665
2 0.44622134038800704 0.09254960317460319 0.06891534391534392 0.03198164682539682
2 0.6409082892416226 0.38376984126984126 0.0723589065255732 0.03294890873015873
2 0.7167151675485008 0.39249007936507935 0.06546737213403879 0.03294890873015873
2 0.10768077601410934 0.4283482142857143 0.09131393298059964 0.04070188492063492
2 0.15333333333333332 0.5330133928571429 0.08614197530864198 0.048454861111111115
2 0.03187389770723104 0.5775917658730159 0.06374779541446209 0.04070188492063492
2 0.3230379188712522 0.6473685515873016 0.07408289241622576 0.042641369047619046
2 0.36007936507936505 0.8145411706349206 0.062023809523809516 0.026165674603174604
2 0.1455820105820106 0.8586359126984127 0.06029982363315696 0.03294890873015873
2 0.03187389770723104 0.9628149801587302 0.06374779541446209 0.0591170634920635
2 0.7115432098765432 0.8659027777777778 0.03445767195767196 0.016475694444444446