0 0.8933333333333333 0.270625 0.023333333333333334 0.04375
0 0.9154166666666667 0.27125 0.0225 0.025
0 0.9045833333333333 0.289375 0.029166666666666667 0.02625
0 0.93375 0.219375 0.015833333333333335 0.01625
0 0.98375 0.22625 0.019166666666666665 0.035
0 0.9516666666666667 0.250625 0.011666666666666667 0.02375
0 0.96875 0.240625 0.014166666666666666 0.01625
0 0.5366666666666666 0.368125 0.035 0.02125
0 0.5429166666666667 0.388125 0.015833333333333335 0.02125
0 0.54625 0.3475 0.010833333333333334 0.015
0 0.5058333333333334 0.568125 0.018333333333333333 0.01875
0 0.51 0.5925 0.015 0.03
0 0.5141666666666667 0.618125 0.011666666666666667 0.02125
0 0.5291666666666667 0.525625 0.018333333333333333 0.02125
0 0.5729166666666666 0.5125 0.014166666666666666 0.025
0 0.58875 0.505625 0.019166666666666665 0.02625
0 0.2529166666666667 0.705 0.0175 0.0375
0 0.27208333333333334 0.679375 0.0175 0.01375
0 0.41333333333333333 0.62375 0.011666666666666667 0.03
0 0.43041666666666667 0.58375 0.014166666666666666 0.04
0 0.5158333333333334 0.460625 0.011666666666666667 0.02625
0 0.5204166666666666 0.3925 0.010833333333333334 0.0175
0 0.57875 0.4225 0.015833333333333335 0.025
0 0.6529166666666667 0.44375 0.009166666666666667 0.0275
0 0.6320833333333333 0.43625 0.0125 0.015
0 0.55625 0.288125 0.0125 0.02125
0 0.37666666666666665 0.155 0.013333333333333334 0.035
0 0.3883333333333333 0.15 0.016666666666666666 0.02
0 0.029583333333333333 0.125 0.019166666666666665 0.0275
0 0.05708333333333333 0.11375 0.0175 0.03
0 0.05291666666666667 0.1425 0.020833333333333332 0.035
0 0.5995833333333334 0.011875 0.0175 0.02375
0 0.6220833333333333 0.0125 0.0225 0.025
0 0.5533333333333333 0.104375 0.011666666666666667 0.02375
0 0.5779166666666666 0.2325 0.010833333333333334 0.0175
0 0.4303416666666667 0.25361 0.016185 0.0329475
0 0.4296183333333333 0.2145925 0.012428333333333333 0.0286125
0 0.4369883333333333 0.23757 0.009826666666666668 0.016475
0 0.4593866666666667 0.472105 0.010114999999999999 0.01474
0 0.44146833333333335 0.4656 0.015318333333333333 0.0242775
0 0.46834666666666663 0.45563 0.0072250000000000005 0.013005000000000001
0 0.44826 0.4515125 0.00867 0.013439999999999999
0 0.41907 0.6084475 0.012138333333333333 0.0151725
0 0.20188666666666666 0.5605025 0.015206666666666665 0.022345
0 0.21895666666666666 0.5986775 0.012724999999999998 0.0204825
0 0.234785 0.5814525 0.011483333333333335 0.01676
0 0.24518166666666666 0.57377 0.011173333333333334 0.02188
0 0.24719833333333335 0.5954175 0.014586666666666666 0.01676
0 0.2589916666666667 0.5591075 0.015206666666666665 0.02514
0 0.269545 0.5141825 0.010241666666666666 0.017225
0 0.24657833333333334 0.5418825 0.007758333333333333 0.0102425
0 0.32152833333333336 0.6028675 0.006828333333333333 0.0111725
0 0.335185 0.6024025000000001 0.006206666666666667 0.0074475
0 0.874035 0.3061625 0.012055 0.01959
0 0.8065566666666667 0.26597750000000003 0.007031666666666666 0.020595
0 0.8130883333333333 0.26346749999999997 0.012055 0.0115525
0 0.7966783333333333 0.26120499999999996 0.008706666666666666 0.014065
0 0.7973483333333333 0.2765275 0.011386666666666665 0.0105475
0 0.8430599999999999 0.2941075 0.009041666666666667 0.0105475
0 0.8534400000000001 0.30490750000000005 0.01306 0.018082499999999998
0 0.84959 0.2787875 0.0060283333333333335 0.012055
0 0.8457383333333334 0.2097175 0.007031666666666666 0.0145675
0 0.849925 0.22403499999999998 0.010046666666666667 0.01105
0 0.8398783333333334 0.43827249999999995 0.012055 0.016577500000000002
0 0.364125 0.18514750000000002 0.010286666666666666 0.01543
2 0.19414833333333334 0.3706825 0.03240166666666667 0.0439725
2 0.18232 0.42507 0.027258333333333336 0.040115000000000005
2 0.316295 0.4316275 0.030858333333333335 0.047057499999999995
2 0.369525 0.217935 0.028286666666666665 0.045515
2 0.5996750000000001 0.1801325 0.026743333333333334 0.0408875
2 0.6847916666666667 0.287365 0.034458333333333334 0.0516875
2 0.6863333333333334 0.3363525 0.036515 0.0462875
2 0.7179633333333333 0.455155 0.02983 0.04783
2 0.6143316666666666 0.550045 0.028286666666666665 0.0354875
2 0.816195 0.67579 0.04423 0.0648025
2 0.7472783333333334 0.7517775 0.04628666666666667 0.0779175
2 0.295465 0.8177375 0.043715000000000004 0.066345
2 0.334295 0.8412675000000001 0.039086666666666665 0.05786
2 0.595045 0.74985 0.03394333333333333 0.054002499999999995
2 0.14066166666666668 0.58553 0.04063 0.050915
2 0.366625 0.08791750000000001 0.027015 0.036902500000000005
2 0.3909866666666667 0.0416075 0.016883333333333334 0.03401
2 0.09909833333333334 0.9831074999999999 0.044423333333333336 0.0337825