1 0.563565 0.327805 0.042605 0.068175
1 0.82914 0.5545325 0.029363333333333335 0.040744999999999996
1 0.700735 0.7594675 0.02967833333333333 0.04245
1 0.5735183333333334 0.9721150000000001 0.0285 0.045527500000000005
1 0.7406400000000001 0.7622325 0.027506666666666665 0.036995
1 0.32459166666666667 0.8422474999999999 0.035438333333333336 0.052155
1 0.6078566666666666 0.5403475 0.03521833333333333 0.0430575
1 0.381595 0.6665774999999999 0.04001166666666667 0.06783
1 0.3423833333333334 0.69584 0.04949833333333333 0.06854
1 0.3592033333333333 0.8223025 0.034863333333333336 0.05091
1 0.6198766666666667 0.8924099999999999 0.026998333333333336 0.03364
1 0.26084999999999997 0.73477 0.035195 0.051055
1 0.29977 0.7935675 0.023308333333333334 0.034055
1 0.6419783333333333 0.8837275 0.021103333333333335 0.036245
1 0.32990833333333336 0.3938925 0.024303333333333333 0.0271375
1 0.030236666666666665 0.013304999999999999 0.037948333333333334 0.026607500000000003
1 0.9559933333333334 0.48219249999999997 0.009028333333333334 0.01217
1 0.9953933333333332 0.39876249999999996 0.009213333333333334 0.0117425