1 0.8368066666666667 0.8153575 0.047275 0.07465999999999999
1 0.03721166666666667 0.640915 0.05055833333333334 0.069985
1 0.37608166666666665 0.765435 0.04319166666666666 0.0643025
1 0.6225733333333333 0.2792125 0.042005 0.060995
1 0.9288666666666666 0.4474525 0.04547166666666667 0.0495325
1 0.48198 0.7075349999999999 0.04316333333333334 0.0605575
1 0.25012666666666666 0.8591375 0.04536333333333333 0.061994999999999995
1 0.9295183333333332 0.4974325 0.04572166666666667 0.044725
2 0.5585966666666666 0.7806325000000001 0.04098333333333334 0.0637525
2 0.26925333333333334 0.52559 0.05300666666666667 0.0605
1 0.233725 0.485505 0.04934833333333333 0.0669125
1 0.46334 0.3037125 0.044498333333333334 0.06349
1 0.5179316666666667 0.556415 0.037248333333333335 0.0574225
1 0.4409766666666667 0.17004249999999999 0.039518333333333336 0.0552125
1 0.5686566666666667 0.41417000000000004 0.04659833333333333 0.05368
1 0.8301883333333333 0.5141625000000001 0.03906333333333333 0.046024999999999996
1 0.46916499999999994 0.0480725 0.027768333333333336 0.045895000000000005
1 0.9058333333333334 0.9572 0.04813166666666667 0.06622750000000001
1 0.48116499999999995 0.055987499999999996 0.015445 0.0391625
1 0.37763 0.4700875 0.04827333333333333 0.07593000000000001