2 0.5975 0.506875 0.04833333333333333 0.07125
2 0.5358333333333334 0.60625 0.05333333333333334 0.05
2 0.80875 0.680625 0.05583333333333333 0.07625
2 0.8375 0.663125 0.03666666666666667 0.07875
2 0.9833333333333333 0.48125 0.03333333333333333 0.0825
2 0.66875 0.5025 0.0425 0.0625
2 0.6316666666666667 0.523125 0.05 0.07875
2 0.22833333333333333 0.49125 0.021666666666666667 0.035
2 0.24666666666666667 0.4825 0.028333333333333332 0.0275
2 0.23958333333333334 0.505625 0.0225 0.02375
2 0.28625 0.258125 0.0275 0.03625
2 0.3070833333333333 0.25 0.025833333333333333 0.0425
2 0.2783333333333333 0.29625 0.02 0.03
2 0.29625 0.369375 0.0325 0.03375
2 0.40291666666666665 0.351875 0.0375 0.04875
2 0.43 0.336875 0.02666666666666667 0.05125
2 0.44916666666666666 0.230625 0.035 0.03875
2 0.3308333333333333 0.07625 0.03 0.035
2 0.34041666666666665 0.024375 0.04416666666666667 0.04625
2 0.3458333333333333 0.049375 0.043333333333333335 0.03875
2 0.4083333333333333 0.01625 0.03666666666666667 0.0325
2 0.7470833333333333 0.6025 0.05416666666666667 0.0675
2 0.9120833333333334 0.47625 0.010833333333333334 0.005