1 0.22788166666666665 0.50083 0.02617833333333333 0.0488925
1 0.15700166666666668 0.5448324999999999 0.03249 0.044649999999999995
1 0.7598383333333333 0.2430825 0.036695 0.052945
1 0.28716 0.8849125 0.04251 0.044405
1 0.040196666666666665 0.7771625 0.03215166666666667 0.04218
1 0.11349833333333334 0.6380875 0.041578333333333335 0.053645000000000005
1 0.74021 0.7595475 0.033993333333333334 0.053785
1 0.6945966666666666 0.25705500000000003 0.03351666666666667 0.0480325
1 0.5148733333333333 0.7122025 0.031204999999999997 0.039917499999999995
1 0.15540166666666666 0.7278 0.03655 0.054674999999999994
1 0.8306733333333334 0.7607075 0.04456 0.051935
1 0.7524283333333333 0.5089175 0.03735 0.0468375
1 0.11895333333333334 0.1676475 0.025813333333333334 0.039945
1 0.6176683333333334 0.69336 0.03377 0.047299999999999995
1 0.64414 0.32500999999999997 0.03169166666666667 0.041897500000000004
1 0.9398700000000001 0.72542 0.032465 0.0444125
1 0.17432166666666668 0.684665 0.033646666666666665 0.046270000000000006
1 0.6553433333333333 0.8669924999999999 0.031939999999999996 0.038340000000000006
1 0.8032250000000001 0.5737899999999999 0.033938333333333334 0.05024
1 0.9718383333333332 0.7444400000000001 0.032815 0.041972499999999996
1 0.35406333333333334 0.9813324999999999 0.03657666666666667 0.037337499999999996
1 0.07540333333333334 0.2076875 0.023828333333333333 0.03324
1 0.8211516666666666 0.86191 0.035449999999999995 0.0383825
1 0.847465 0.8629025 0.02583 0.042140000000000004
1 0.11465 0.8301475 0.022073333333333334 0.035902500000000004
1 0.18440333333333334 0.7387025 0.02565833333333333 0.036605
1 0.237145 0.6239675 0.022273333333333332 0.0252125
1 0.19483166666666668 0.5909800000000001 0.02082166666666667 0.0353075
1 0.010896666666666666 0.925975 0.02179333333333333 0.034835
1 0.11290166666666666 0.9730025000000001 0.02668833333333333 0.0335475
1 0.010700000000000001 0.972305 0.017451666666666664 0.03215
1 0.07178 0.2729225 0.022508333333333335 0.03015
1 0.14850333333333332 0.1912375 0.017791666666666667 0.03175
1 0.16953166666666666 0.27618 0.020496666666666667 0.03364
1 0.17538666666666666 0.2669375 0.016568333333333334 0.0287775
1 0.18683166666666667 0.2704625 0.016755 0.03507
1 0.23900333333333332 0.14271999999999999 0.02222 0.039145000000000006
1 0.247815 0.196405 0.020166666666666666 0.03225
1 0.26184 0.1446025 0.020471666666666666 0.039130000000000005
1 0.272345 0.11618 0.02281333333333333 0.036770000000000004
1 0.6654100000000001 0.2470575 0.02953 0.0420825
1 0.5674333333333333 0.2824375 0.029468333333333332 0.0393525
1 0.35441333333333336 0.5215299999999999 0.022861666666666666 0.028785