0 0.14916666666666667 0.143125 0.065 0.06625
0 0.01125 0.110625 0.0225 0.04375
0 0.03916666666666667 0.140625 0.03833333333333333 0.02375
0 0.029583333333333333 0.114375 0.0125 0.02375
0 0.03462333333333333 0.448405 0.02420833333333333 0.03209
0 0.057705000000000006 0.429405 0.017451666666666664 0.046445
0 0.27163333333333334 0.43827249999999995 0.025333333333333333 0.0287125
0 0.26769166666666666 0.46360500000000004 0.018578333333333332 0.0287125
0 0.330745 0.4268725 0.025333333333333333 0.0228
0 0.374375 0.38295999999999997 0.01688833333333333 0.029555
0 0.38450833333333334 0.42645 0.02702333333333333 0.0253325
0 0.448405 0.41885 0.030963333333333332 0.042222499999999996
0 0.43208 0.4488275 0.016326666666666666 0.048135
0 0.35044833333333336 0.49865 0.033215 0.063335
0 0.3825383333333333 0.571275 0.05235666666666666 0.06671250000000001
0 0.36761999999999995 0.61434 0.038281666666666665 0.0650225
0 0.43151666666666666 0.6367200000000001 0.04109666666666667 0.070935
0 0.4185683333333333 0.5522725 0.02195666666666667 0.0574225
0 0.43996166666666664 0.33947000000000005 0.023081666666666667 0.0337775
0 0.41744166666666666 0.2478475 0.016326666666666666 0.024489999999999998
0 0.465295 0.217025 0.026459999999999997 0.0270225
0 0.39914499999999997 0.14482499999999998 0.03152666666666667 0.0498225
0 0.31470000000000004 0.18029 0.018015 0.0194225
0 0.21533666666666668 0.220825 0.012948333333333333 0.0278675
0 0.2995 0.22842500000000002 0.029275000000000002 0.053200000000000004
0 0.2885216666666667 0.7338325 0.02195666666666667 0.054045
0 0.31976666666666664 0.72581 0.023645 0.0228
0 0.305975 0.7853424999999999 0.008445000000000001 0.0270225
2 0.37268666666666667 0.9543175 0.070935 0.091365
0 0.535385 0.5995625 0.046163333333333334 0.070935
0 0.345945 0.8018099999999999 0.023081666666666667 0.029555
0 0.37325 0.7815425 0.021393333333333337 0.0278675
2 0.735395 0.6216375000000001 0.047695 0.0831425
2 0.5552516666666667 0.43505 0.06123 0.067675
2 0.96001 0.2900325 0.040605 0.0560725
2 0.8974916666666667 0.520125 0.03158166666666667 0.0560725
2 0.8475416666666666 0.5375275 0.030936666666666668 0.0502725
2 0.7930799999999999 0.8091925 0.019979999999999998 0.0444725
2 0.9074816666666667 0.6578925 0.03738166666666667 0.0338375
2 0.78599 0.0681575 0.03544833333333333 0.043505
0 0.5581533333333334 0.858015 0.029648333333333332 0.043505
0 0.6593416666666667 0.9005525 0.027069999999999997 0.0415725
0 0.6632083333333333 0.8541475000000001 0.024491666666666665 0.0338375
0 0.612615 0.969195 0.019979999999999998 0.03577
0 0.6232483333333333 0.773905 0.028358333333333333 0.03577
0 0.6132583333333333 0.7236325 0.012246666666666668 0.03577
0 0.6267933333333334 0.73475 0.017401666666666666 0.0367375
0 0.5936016666666667 0.76327 0.021913333333333333 0.0280375
0 0.6023016666666666 0.7526349999999999 0.016113333333333334 0.02417
0 0.7318500000000001 0.7013975 0.017401666666666666 0.03577
0 0.7476416666666668 0.6844775 0.03609333333333333 0.03867
0 0.7866350000000001 0.7028475 0.04189333333333334 0.0560725
0 0.7972683333333332 0.637105 0.016756666666666666 0.0367375
0 0.26489666666666667 0.2059225 0.011601666666666666 0.0232025
0 0.27585333333333334 0.223325 0.015468333333333334 0.032869999999999996
0 0.62486 0.38381 0.019979999999999998 0.025135
0 0.6757766666666667 0.3741425 0.02384666666666667 0.040604999999999995
0 0.69769 0.2334775 0.016113333333333334 0.039637500000000006
0 0.7334616666666668 0.3325725 0.021913333333333333 0.0367375
0 0.7051033333333333 0.9242400000000001 0.019335 0.0290025
0 0.7134816666666667 0.952275 0.01289 0.02707
0 0.8417399999999999 0.9401900000000001 0.023203333333333333 0.02417
0 0.6003683333333334 0.6893125 0.021268333333333334 0.04834
0 0.7508633333333333 0.21027500000000002 0.019335 0.05124
0 0.8733216666666667 0.4389175 0.020625 0.0290025
0 0.079425 0.190765 0.027611666666666666 0.0287475
0 0.10866 0.15738749999999999 0.043205 0.0360575
0 0.108335 0.20879499999999998 0.027611666666666666 0.038494999999999994
0 0.053761666666666666 0.2117175 0.021765 0.034595
0 0.13741 0.09063249999999999 0.03573333333333333 0.0389825
0 0.10687333333333333 0.062369999999999995 0.018841666666666666 0.0350825
0 0.32809333333333335 0.11134000000000001 0.01949 0.048240000000000005
0 0.011738333333333335 0.85999 0.022943333333333333 0.0368175
0 0.010005 0.8315775 0.020008333333333333 0.02401
0 0.03601666666666667 0.8285750000000001 0.02667833333333333 0.0484225
0 0.011205000000000001 0.7313324999999999 0.022410000000000003 0.01961
0 0.030946666666666667 0.737135 0.019741666666666668 0.033615
0 0.05696 0.8139700000000001 0.010405 0.02321
0 0.30800666666666665 0.74834 0.01680833333333333 0.0184075
0 0.30854 0.7679475 0.01680833333333333 0.02241
0 0.32481333333333334 0.7625449999999999 0.014673333333333335 0.022010000000000002
0 0.34068833333333337 0.7421375 0.013340000000000001 0.0292125
0 0.328415 0.8103674999999999 0.013873333333333333 0.02161
0 0.31921166666666667 0.7925599999999999 0.012005 0.0364175
0 0.28492999999999996 0.8217725 0.014406666666666667 0.0284125
0 0.401485 0.07940000000000001 0.017355 0.0355775
0 0.38196 0.118015 0.02805833333333333 0.0225625
0 0.49375833333333335 0.13754 0.015041666666666667 0.038182499999999994
0 0.4525383333333333 0.20002 0.020536666666666665 0.038182499999999994
0 0.44458500000000006 0.22453499999999998 0.009256666666666667 0.0169225
0 0.43084500000000003 0.2395025 0.011281666666666666 0.0121475