2 0.49969135802469133 0.040637400793650795 0.03268077601410935 0.036768353174603176
2 0.5641975308641974 0.09869047619047619 0.08256613756613757 0.0503125
2 0.9572442680776015 0.2984920634920635 0.04988536155202822 0.018382936507936508
2 0.6932054673721341 0.31591021825396826 0.034400352733686065 0.012579365079365079
2 0.4919532627865961 0.3609002976190476 0.11696649029982362 0.06579365079365079
2 0.35520282186948854 0.3507415674603175 0.08772486772486773 0.0590203373015873
2 0.2605952380952381 0.3609002976190476 0.09116402116402116 0.05611855158730159
2 0.309620811287478 0.4160515873015873 0.07912698412698413 0.032896825396825397
2 0.4962522045855379 0.4470138888888889 0.1290079365079365 0.054184027777777775
2 0.756847442680776 0.5113566468253968 0.07224426807760141 0.028060515873015873
2 0.8849955908289242 0.5316765873015873 0.06708553791887126 0.03967013888888889
2 0.8127513227513227 0.5548983134920634 0.08428571428571428 0.026123511904761903
2 0.3801455026455026 0.8746775793650793 0.1204100529100529 0.058053075396825395