1 0.04927 0.094015 0.029446666666666666 0.0468675
1 0.3275266666666667 0.224365 0.05429333333333333 0.085065
1 0.242865 0.4653225 0.05830333333333333 0.0769775
1 0.3411416666666667 0.458 0.04819 0.0723375
1 0.6099333333333333 0.3644475 0.03410666666666667 0.06523000000000001
1 0.7888166666666666 0.1419075 0.04187333333333333 0.0626525
1 0.6959733333333333 0.4740725 0.03285333333333333 0.0594775
1 0.8408083333333334 0.5885549999999999 0.050855 0.07844499999999999
1 0.76191 0.9004774999999999 0.040578333333333334 0.060655
1 0.4000283333333333 0.70272 0.05348166666666666 0.08014
1 0.3763383333333334 0.59687 0.04024833333333334 0.070075
1 0.26289833333333334 0.650325 0.046705 0.0719825
1 0.29655666666666664 0.7236375 0.04735333333333334 0.0686075
1 0.034881666666666665 0.5632625 0.030670000000000003 0.0353625
1 0.26347333333333334 0.022815000000000002 0.03413666666666666 0.03975
1 0.2988383333333333 0.8167575 0.03181166666666667 0.06148
1 0.8349066666666666 0.140275 0.043935 0.0460475
1 0.80724 0.04131 0.031738333333333334 0.0422325
1 0.6035683333333333 0.5860875 0.03510833333333333 0.0532975