1 0.8300883333333333 0.7732475 0.04038166666666666 0.0516925
1 0.5080633333333333 0.55732 0.03629 0.0598225
1 0.9431566666666666 0.10356 0.03492666666666667 0.0465375
1 0.32100666666666666 0.35244749999999997 0.033308333333333336 0.0442375
1 0.7057083333333334 0.8873525 0.03809 0.055167499999999994
1 0.17339333333333332 0.21761000000000003 0.038481666666666664 0.0513075
1 0.34786 0.4539875 0.033675000000000004 0.041995
1 0.8723466666666666 0.41833 0.039135 0.04864
1 0.8934316666666667 0.664115 0.04158 0.049702500000000004
1 0.5702066666666666 0.907055 0.031926666666666666 0.0483225
1 0.43808833333333336 0.4412525 0.02872166666666667 0.0489575
1 0.285055 0.184135 0.030676666666666668 0.0519475
1 0.15134666666666668 0.461055 0.027046666666666667 0.04468
1 0.7538299999999999 0.28989499999999996 0.03443 0.032560000000000006