1 0.495145 0.0699975 0.06335 0.09201000000000001
1 0.4885233333333333 0.509945 0.05660166666666667 0.0750725
1 0.7090683333333333 0.487435 0.04747166666666666 0.06154
1 0.443765 0.41591 0.061415000000000004 0.080755
1 0.7853666666666667 0.421725 0.04192 0.061432499999999994
1 0.32072 0.6148625 0.05610333333333333 0.0822675
1 0.7311533333333333 0.47310250000000004 0.03321166666666667 0.060039999999999996
1 0.7130416666666667 0.590445 0.024430000000000004 0.034025
1 0.6759483333333334 0.7330399999999999 0.02519333333333333 0.04908
1 0.6407966666666667 0.7499625 0.03296666666666667 0.054814999999999996
1 0.6154083333333333 0.7837725 0.026953333333333333 0.039674999999999995
1 0.7460683333333333 0.6894425 0.013448333333333333 0.014975
1 0.4757733333333333 0.5540775 0.03603833333333333 0.0534175
1 0.49334500000000003 0.6494249999999999 0.03891 0.066105
1 0.4341816666666667 0.50773 0.03344833333333333 0.055630000000000006
2 0.5141083333333334 0.8947025 0.017951666666666664 0.024935