1 0.3981466666666667 0.0350875 0.044754999999999996 0.070175
1 0.17793166666666665 0.1562475 0.04373 0.07194750000000001
1 0.328545 0.068235 0.04767833333333333 0.066635
1 0.7588833333333334 0.43391250000000003 0.031425 0.040525
1 0.5916133333333333 0.4661075 0.03296666666666667 0.0470075
1 0.3438066666666667 0.7948474999999999 0.036401666666666666 0.0530225
1 0.8646483333333334 0.2696325 0.030048333333333333 0.04206
1 0.14733333333333334 0.47046499999999997 0.04051166666666667 0.06392
1 0.53276 0.464475 0.036895000000000004 0.053517499999999996
1 0.011063333333333333 0.35293 0.022126666666666666 0.0463025
1 0.2735 0.0960725 0.04316333333333334 0.057825
1 0.308575 0.811095 0.03191 0.043115
1 0.4785183333333334 0.3738275 0.03614833333333333 0.0533125
1 0.72925 0.41569 0.03823 0.040595
1 0.9071466666666667 0.0453775 0.035131666666666665 0.0448275
1 0.13165166666666667 0.1245525 0.045423333333333336 0.065785
1 0.09729666666666666 0.4558625 0.05520166666666666 0.06874
1 0.602355 0.8660025 0.020623333333333334 0.0308125
1 0.6117983333333333 0.9013424999999999 0.021813333333333334 0.0281
1 0.7417883333333333 0.9290425 0.023415000000000002 0.023462499999999997
1 0.6577733333333333 0.6347 0.01591 0.0288475
1 0.5545683333333333 0.4387425 0.024986666666666664 0.04136
1 0.2545866666666667 0.8215425000000001 0.02014 0.0384075
1 0.2018533333333333 0.84717 0.030263333333333337 0.037005