2 0.07316468253968254 0.18738977072310406 0.042162698412698416 0.05731922398589065
2 0.11470734126984126 0.8134920634920635 0.03844246031746032 0.05291005291005291
2 0.3881448412698413 0.4177689594356261 0.052083333333333336 0.07275132275132275
2 0.3888244047619048 0.33391534391534394 0.04957093253968254 0.07298059964726632
2 0.5538020833333333 0.4303042328042328 0.05421875 0.09225749559082892
2 0.5921428571428572 0.6265255731922399 0.041051587301587304 0.06884920634920635
2 0.6668874007936507 0.6719664902998236 0.03253224206349206 0.06609347442680777
2 0.7253670634920635 0.91913139329806 0.041051587301587304 0.07848765432098766
2 0.7559598214285714 0.9349691358024692 0.03872767857142857 0.060586419753086415
2 0.7110367063492063 0.9535582010582011 0.017041170634920635 0.04268518518518519
2 0.8341914682539683 0.5797089947089947 0.052668650793650795 0.0853747795414462
2 0.8837624007936508 0.536331569664903 0.03253224206349206 0.05094797178130511
2 0.8674950396825396 0.3731613756613757 0.04802331349206349 0.0853747795414462