2 0.6745833333333333 0.635 0.05583333333333333 0.085
2 0.74 0.925625 0.04833333333333333 0.07125
2 0.7458333333333333 0.555625 0.055 0.07875
2 0.6591666666666667 0.539375 0.05 0.07375
2 0.705 0.566875 0.05333333333333334 0.08125
2 0.43041666666666667 0.53375 0.05583333333333333 0.0775
2 0.19791666666666666 0.8775 0.0425 0.0675
2 0.5354166666666667 0.888125 0.0375 0.05875
2 0.5654166666666667 0.880625 0.0425 0.05375
2 0.305 0.369375 0.04666666666666667 0.06125
2 0.37416666666666665 0.02375 0.03666666666666667 0.0475
2 0.2575 0.0125 0.03666666666666667 0.025
2 0.15458333333333332 0.533125 0.0475 0.05125
2 0.5991666666666666 0.298125 0.045 0.06625
2 0.555 0.2875 0.045 0.06
2 0.4658333333333333 0.3825 0.04666666666666667 0.055
2 0.85375 0.031875 0.05416666666666667 0.06375
2 0.30083333333333334 0.521875 0.03833333333333333 0.05125
2 0.5158333333333334 0.69 0.04 0.0725
2 0.635 0.794375 0.03166666666666667 0.05125
2 0.155 0.77125 0.023333333333333334 0.0275
2 0.9433333333333334 0.11 0.045 0.0675
2 0.6675 0.04875 0.02666666666666667 0.045