2 0.25261833333333333 0.7484299999999999 0.042395 0.057885
2 0.3531066666666666 0.6752999999999999 0.051186666666666665 0.06477
2 0.37722833333333333 0.5988675 0.04137333333333333 0.07105500000000001
2 0.41385999999999995 0.7205 0.038564999999999995 0.056075
2 0.408155 0.47498 0.053178333333333334 0.066515
2 0.4626033333333333 0.50426 0.033953333333333335 0.0560125
2 0.4917283333333333 0.43128 0.03815166666666667 0.048182499999999996
2 0.49393333333333334 0.48683499999999996 0.04151833333333334 0.0388975
2 0.3954433333333333 0.290125 0.049778333333333334 0.06616
2 0.44068666666666667 0.3009275 0.04391166666666667 0.068385
2 0.513245 0.14026249999999998 0.06717333333333333 0.09675
2 0.6125333333333333 0.4872925 0.033528333333333334 0.049100000000000005
2 0.667485 0.5222725 0.050754999999999995 0.052102499999999996
2 0.730235 0.442695 0.052725 0.07101
2 0.6393566666666667 0.34884 0.039128333333333334 0.054465000000000006
2 0.8057016666666666 0.4655175 0.04750833333333333 0.056600000000000004
2 0.8939783333333333 0.3221125 0.04389 0.06706999999999999
2 0.9186033333333333 0.316545 0.030978333333333333 0.0611725
2 0.787085 0.24913 0.038303333333333335 0.0592425
2 0.9320116666666666 0.7481325000000001 0.055895 0.08731749999999999
2 0.9576383333333334 0.7328150000000001 0.044998333333333335 0.0746975
2 0.67789 0.9481225 0.042125 0.0578875
2 0.648765 0.8827999999999999 0.037925 0.0563675
2 0.6389566666666666 0.8195800000000001 0.030321666666666667 0.0410325
2 0.7264333333333334 0.8670325 0.041115 0.0518575
2 0.6235433333333333 0.714915 0.027521666666666667 0.0389
2 0.64376 0.6752725 0.03992833333333333 0.0436925
2 0.50614 0.813725 0.042953333333333336 0.062354999999999994
2 0.34950333333333333 0.9108825 0.05999500000000001 0.06748749999999999
2 0.37022166666666667 0.38395 0.03937333333333334 0.0376025