2 0.3638963293650794 0.5866887125220458 0.04487351190476191 0.07311728395061728
2 0.2519122023809524 0.4397971781305115 0.02609871031746032 0.042522045855379186
2 0.5916071428571429 0.8141490299823633 0.03 0.04328042328042328
2 0.5625570436507936 0.9709259259259259 0.037313988095238095 0.05814814814814814
2 0.5066939484126984 0.9328086419753087 0.03025049603174603 0.05536155202821869
2 0.7736904761904762 0.9271516754850089 0.03542162698412698 0.05138888888888889
2 0.8196527777777778 0.6345855379188713 0.03920634920634921 0.06975749559082893
2 0.9890228174603174 0.7585273368606702 0.021956845238095237 0.06056878306878307
2 0.80609375 0.5099603174603174 0.039635416666666666 0.07267195767195767
2 0.6648412698412698 0.6218121693121693 0.030788690476190476 0.04175925925925926
2 0.7080133928571428 0.12351410934744268 0.07621279761904762 0.11015432098765433
2 0.37343005952380953 0.503099647266314 0.0423859126984127 0.0680599647266314
2 0.2681498015873016 0.9430776014109348 0.023335813492063495 0.04130511463844797
2 0.15032242063492063 0.9786375661375663 0.023387896825396826 0.04017195767195767
2 0.047455357142857146 0.7882495590828924 0.018311011904761903 0.027865961199294534