2 0.030416666666666668 0.886875 0.05583333333333333 0.06625
2 0.0675 0.963125 0.025 0.03375
2 0.28791666666666665 0.5475 0.0425 0.06
2 0.43333333333333335 0.700625 0.051666666666666666 0.06875
2 0.3925 0.61875 0.045 0.0525
2 0.08291666666666667 0.489375 0.03916666666666667 0.04875
2 0.16916666666666666 0.265625 0.045 0.06125
2 0.5891666666666666 0.303125 0.035 0.04875
2 0.58375 0.64875 0.0375 0.055
2 0.6225 0.65625 0.03833333333333333 0.05
2 0.8316666666666667 0.415 0.03833333333333333 0.045
2 0.8504166666666667 0.228125 0.0425 0.05625
2 0.78375 0.831875 0.0225 0.04125
2 0.8245833333333333 0.749375 0.0275 0.04125
2 0.6783333333333333 0.010625 0.04666666666666667 0.02125
2 0.17958333333333334 0.10375 0.03916666666666667 0.04
2 0.21458333333333332 0.1925 0.0275 0.0425
2 0.9308333333333333 0.023125 0.03666666666666667 0.04625
2 0.9670833333333333 0.06125 0.029166666666666667 0.04