2 0.3475 0.66875 0.035 0.05
2 0.33958333333333335 0.716875 0.0375 0.05375
2 0.5316666666666666 0.749375 0.03666666666666667 0.04625
2 0.6358333333333334 0.6825 0.03833333333333333 0.0475
2 0.58 0.65875 0.03166666666666667 0.04
2 0.5558333333333333 0.39375 0.028333333333333332 0.0375
2 0.7079166666666666 0.964375 0.029166666666666667 0.03625
2 0.30583333333333335 0.97625 0.04833333333333333 0.0475
2 0.015 0.8 0.03 0.04
2 0.03916666666666667 0.779375 0.045 0.05375
2 0.15625 0.75875 0.0625 0.06
2 0.22041666666666668 0.719375 0.0425 0.05625
2 0.30875 0.63625 0.034166666666666665 0.055
2 0.37916666666666665 0.45125 0.025 0.045
2 0.25916666666666666 0.520625 0.03666666666666667 0.04625
2 0.012083333333333333 0.165 0.019166666666666665 0.0275
2 0.025 0.179375 0.02 0.01625
2 0.47875 0.498125 0.030833333333333334 0.04125
2 0.43125 0.445625 0.05416666666666667 0.05375
2 0.5395833333333333 0.338125 0.019166666666666665 0.02625
2 0.7291666666666666 0.63625 0.028333333333333332 0.035
2 0.70125 0.635625 0.0325 0.04125
2 0.6745833333333333 0.67 0.019166666666666665 0.04
2 0.53875 0.9075 0.0475 0.0475
2 0.5054166666666666 0.913125 0.025833333333333333 0.03375
2 0.3229166666666667 0.896875 0.035833333333333335 0.03875
2 0.3016666666666667 0.933125 0.03 0.04875
2 0.36625 0.758125 0.0175 0.04375
2 0.21083333333333334 0.619375 0.04 0.04375
2 0.0725 0.681875 0.03833333333333333 0.03625
2 0.7254166666666667 0.221875 0.014166666666666666 0.02125
2 0.7583333333333333 0.201875 0.013333333333333334 0.01875