2 0.6983333333333334 0.1275 0.03833333333333333 0.0575
2 0.6816666666666666 0.269375 0.04 0.05125
2 0.6466666666666666 0.31625 0.03833333333333333 0.0475
2 0.665 0.28 0.03833333333333333 0.0525
2 0.12958333333333333 0.88 0.07083333333333333 0.085
2 0.07583333333333334 0.944375 0.05333333333333334 0.07375
2 0.023333333333333334 0.50625 0.04666666666666667 0.1
2 0.30625 0.164375 0.04083333333333333 0.05125
2 0.3595833333333333 0.023125 0.03916666666666667 0.04625
2 0.4075 0.2925 0.03333333333333333 0.035
2 0.4116666666666667 0.37 0.021666666666666667 0.03
2 0.30625 0.573125 0.029166666666666667 0.03375
2 0.3333333333333333 0.515 0.03 0.03
2 0.26375 0.584375 0.020833333333333332 0.03125
2 0.13 0.68 0.06666666666666667 0.0725
2 0.6845833333333333 0.916875 0.025833333333333333 0.03625
2 0.6716666666666666 0.8325 0.016666666666666666 0.03
2 0.6558333333333334 0.756875 0.025 0.03375
2 0.63 0.755 0.016666666666666666 0.03
2 0.6633333333333333 0.9675 0.02 0.0275
2 0.6841666666666667 0.964375 0.02 0.02875
2 0.46208333333333335 0.525 0.024166666666666666 0.025
2 0.4795833333333333 0.535625 0.0275 0.02625
2 0.48125 0.5575 0.025833333333333333 0.0325
2 0.535 0.619375 0.018333333333333333 0.02875
2 0.5283333333333333 0.480625 0.016666666666666666 0.02125
2 0.5283333333333333 0.505 0.016666666666666666 0.02
2 0.5070833333333333 0.52 0.014166666666666666 0.0225
2 0.5004166666666666 0.466875 0.020833333333333332 0.02875
2 0.5545833333333333 0.42375 0.0175 0.03
2 0.6008333333333333 0.5125 0.025 0.025
2 0.5895833333333333 0.488125 0.0225 0.02125
2 0.5766666666666667 0.46 0.018333333333333333 0.0225
2 0.57625 0.4225 0.0175 0.025
2 0.5941666666666666 0.439375 0.023333333333333334 0.02625
2 0.14125 0.130625 0.034166666666666665 0.05875
2 0.3358333333333333 0.560625 0.02666666666666667 0.03125
2 0.27666666666666667 0.46 0.02 0.025