2 0.4838139329805996 0.05153769841269842 0.049162257495590826 0.02765376984126984
2 0.25699294532627864 0.1282167658730159 0.06033509700176367 0.033938492063492066
2 0.5251543209876544 0.12852926587301589 0.0536331569664903 0.02576884920634921
2 0.4564373897707231 0.17063988095238095 0.06369047619047619 0.02074156746031746
2 0.3558774250440917 0.24449156746031744 0.05921957671957672 0.033938492063492066
2 0.14916666666666667 0.24983382936507936 0.06145502645502645 0.03456845238095238
2 0.041900352733686065 0.27591517857142855 0.06815696649029983 0.032683531746031745
2 0.9726410934744267 0.21809275793650795 0.05472222222222222 0.04525297619047619
2 0.9731966490299824 0.2495188492063492 0.053602292768959434 0.033938492063492066
2 0.8475132275132276 0.22186507936507935 0.05921957671957672 0.02765376984126984
2 0.7341005291005291 0.30765625 0.02681657848324515 0.014456845238095237
2 0.5944312169312169 0.3151984126984127 0.0536331569664903 0.03205357142857143
2 0.59331569664903 0.3365674603174603 0.03575396825396825 0.019484126984126986
2 0.3474955908289242 0.32399801587301585 0.05810405643738977 0.03205357142857143
2 0.13464285714285715 0.28722966269841266 0.023465608465608464 0.018854166666666665
2 0.17542328042328043 0.2850297619047619 0.02234567901234568 0.018226686507936508
2 0.11452821869488536 0.28785714285714287 0.018994708994708995 0.012569444444444444
2 0.05195767195767196 0.32336805555555553 0.04357583774250441 0.02451140873015873
2 0.21341269841269842 0.430843253968254 0.05139770723104056 0.029541170634920635
2 0.21173721340388008 0.458812003968254 0.05251763668430335 0.025141369047619048
2 0.07318783068783069 0.3796205357142857 0.012292768959435625 0.008799603174603174
2 0.008937389770723104 0.39973214285714287 0.017879188712522046 0.01005704365079365
2 0.5240388007054674 0.5455481150793651 0.06480599647266314 0.030168650793650793
2 0.9731966490299824 0.5992857142857143 0.053602292768959434 0.0408531746031746
2 0.3743121693121693 0.5527752976190476 0.040224867724867726 0.011941964285714285
2 0.3055952380952381 0.5521453373015873 0.05028218694885362 0.027026289682539683
2 0.06850529100529101 0.4285813492063492 0.022367724867724866 0.010223214285714285
2 0.12931657848324515 0.4987673611111111 0.018174603174603173 0.007470238095238096
2 0.15203703703703703 0.5015203373015873 0.014678130511463845 0.0051116071428571426
2 0.17021164021164023 0.5109573412698413 0.014678130511463845 0.008256448412698413
2 0.15588183421516755 0.524719742063492 0.015379188712522047 0.005897817460317461
2 0.23661816578483244 0.6015873015873016 0.028659611992945325 0.01808779761904762
2 0.4176587301587302 0.6210515873015873 0.04403880070546737 0.023199404761904765
2 0.17475308641975307 0.5838938492063492 0.026560846560846563 0.010223214285714285
2 0.29638007054673726 0.6208556547619047 0.03355379188712522 0.019660218253968253
2 0.3991358024691358 0.6894667658730158 0.05033068783068783 0.034208829365079366
2 0.4389814814814815 0.7116840277777778 0.05033068783068783 0.027524801587301587
2 0.46728835978835975 0.7169915674603174 0.02726190476190476 0.022413194444444444
2 0.602200176366843 0.8231547619047619 0.04264109347442681 0.02398561507936508
2 0.442826278659612 0.762797619047619 0.025864197530864195 0.017301587301587304
2 0.4215035273368607 0.7840302579365079 0.023765432098765433 0.01808779761904762
2 0.2684215167548501 0.7911086309523809 0.040542328042328046 0.02437748015873016