1 0.258905 0.8035975 0.06815833333333333 0.08669249999999999
1 0.3562516666666667 0.44135 0.05784333333333334 0.08419249999999999
1 0.72373 0.83456 0.03834666666666667 0.0601375
1 0.28063 0.454355 0.058125 0.07802500000000001
1 0.7605816666666666 0.8606174999999999 0.04254 0.0502275
1 0.6948183333333333 0.54388 0.030996666666666665 0.04224
1 0.44982 0.4839675 0.05015166666666667 0.07997
1 0.38516 0.62606 0.044283333333333334 0.069605
1 0.186365 0.678705 0.05523 0.06744
1 0.7660816666666667 0.8165825 0.03609 0.055945
1 0.9893016666666667 0.2219925 0.021396666666666665 0.0476725
1 0.8956900000000001 0.013720000000000001 0.02663 0.0274375
1 0.07444833333333334 0.527255 0.03255 0.05054
1 0.8379783333333333 0.2499675 0.019781666666666666 0.045585
1 0.7072316666666667 0.2190725 0.024030000000000003 0.0400475
1 0.6554566666666666 0.1637975 0.027813333333333332 0.030365
1 0.09803833333333334 0.15245 0.025053333333333334 0.0306125
1 0.035318333333333334 0.22312 0.022946666666666667 0.0275
1 0.005706666666666667 0.295065 0.011413333333333334 0.0358075
1 0.9810433333333334 0.80012 0.037913333333333334 0.055130000000000005
1 0.6522433333333333 0.507545 0.029245 0.0445
1 0.487535 0.5803825 0.027953333333333334 0.041972499999999996