2 0.029836666666666668 0.13472 0.030444999999999996 0.0411025
2 0.00883 0.12924000000000002 0.017658333333333335 0.0411025
2 0.3074983333333333 0.026945 0.030444999999999996 0.0429275
2 0.384525 0.039275 0.03349 0.03836
2 0.3775233333333333 0.087225 0.031663333333333335 0.028315
2 0.373565 0.139745 0.018876666666666667 0.0292275
2 0.3918333333333333 0.19135 0.01157 0.021007500000000002
2 0.14766 0.2603075 0.027401666666666664 0.0292275
2 0.14370166666666667 0.6786275 0.04506 0.058455
2 0.33490000000000003 0.5808975000000001 0.03288166666666666 0.0401875
2 0.33946666666666664 0.72521 0.029836666666666668 0.0456675
2 0.37417500000000004 0.74165 0.026183333333333333 0.0438425
2 0.40188 0.7489574999999999 0.03775166666666666 0.052975
2 0.3860483333333333 0.82157 0.02801 0.0484075
2 0.43963166666666664 0.8211124999999999 0.04384166666666667 0.0566275
2 0.47038166666666664 0.89601 0.035925 0.060282499999999996
2 0.44907 0.7074 0.044449999999999996 0.057542499999999996
2 0.521835 0.7215575 0.03775166666666666 0.0621075
2 0.5093516666666666 0.5302074999999999 0.031055000000000003 0.044755
2 0.46185666666666664 0.5895750000000001 0.03957833333333333 0.0429275
2 0.6073866666666667 0.6827375 0.04079666666666667 0.055715
2 0.6487916666666667 0.6795425 0.04323333333333333 0.0657625
2 0.6908066666666667 0.681825 0.035925 0.0520625
2 0.622 0.5206175 0.03957833333333333 0.058455
2 0.7827516666666667 0.601905 0.029836666666666668 0.0438425
2 0.42045166666666667 0.35940750000000005 0.042015000000000004 0.044755
2 0.47494833333333336 0.024204999999999997 0.020703333333333334 0.03014
2 0.61926 0.2548275 0.029228333333333335 0.0493225
2 0.6959816666666667 0.1041225 0.029228333333333335 0.042015000000000004
2 0.5644583333333333 0.3105425 0.04506 0.063935
2 0.569025 0.358495 0.044449999999999996 0.044755
2 0.8354216666666666 0.1214775 0.026791666666666665 0.036535
2 0.99352 0.033795 0.012960000000000001 0.023747499999999998
2 0.97943 0.0470375 0.015223333333333334 0.021007500000000002
2 0.9800383333333332 0.08403000000000001 0.014005 0.020095
2 0.95355 0.0863125 0.008525 0.011872500000000001
2 0.9474616666666668 0.0959025 0.007306666666666667 0.0127875
2 0.981865 0.20368 0.023746666666666666 0.0292275
2 0.953855 0.2685275 0.032271666666666664 0.042015000000000004
2 0.9218866666666666 0.31191250000000004 0.014613333333333334 0.0264875
2 0.9337616666666666 0.3087175 0.01644 0.027399999999999997
2 0.9956516666666666 0.28223000000000004 0.008696666666666667 0.0182675
2 0.9846050000000001 0.22971 0.023138333333333337 0.02466
2 0.8832216666666667 0.471295 0.020093333333333335 0.023747499999999998
2 0.9054466666666667 0.4731225 0.01705 0.020095
2 0.8838299999999999 0.6297625 0.021311666666666666 0.03014
2 0.8445566666666667 0.6932425 0.031663333333333335 0.0511475