2 0.3720833333333333 0.195 0.020833333333333332 0.0225
2 0.43166666666666664 0.25625 0.016666666666666666 0.02
2 0.48083333333333333 0.323125 0.018333333333333333 0.02875
2 0.50375 0.300625 0.019166666666666665 0.02375
2 0.30291666666666667 0.37 0.025833333333333333 0.0275
2 0.32666666666666666 0.573125 0.023333333333333334 0.02625
2 0.20541666666666666 0.66 0.0225 0.0275
2 0.22416666666666665 0.65 0.023333333333333334 0.02
2 0.21333333333333335 0.68625 0.02666666666666667 0.015
2 0.5133333333333333 0.616875 0.028333333333333332 0.03625
2 0.53875 0.653125 0.020833333333333332 0.02375
2 0.5733333333333334 0.63875 0.023333333333333334 0.0275
2 0.565 0.521875 0.018333333333333333 0.02875
2 0.5233333333333333 0.524375 0.015 0.01875
2 0.5766666666666667 0.58125 0.018333333333333333 0.025
2 0.6125 0.5625 0.015 0.0325
2 0.6241666666666666 0.556875 0.023333333333333334 0.02625
2 0.6533333333333333 0.52625 0.018333333333333333 0.0225
2 0.6570833333333334 0.45625 0.014166666666666666 0.02
2 0.6833333333333333 0.465625 0.021666666666666667 0.02375
2 0.69125 0.556875 0.0125 0.01375
2 0.12708333333333333 0.489375 0.020833333333333332 0.02875
2 0.17041666666666666 0.5025 0.0175 0.03
2 0.11875 0.421875 0.014166666666666666 0.02375
2 0.32208333333333333 0.64 0.014166666666666666 0.02
2 0.29583333333333334 0.6575 0.02 0.0275
2 0.28458333333333335 0.638125 0.014166666666666666 0.02125
2 0.5654166666666667 0.44375 0.0225 0.0225
2 0.5891666666666666 0.47625 0.023333333333333334 0.02
2 0.50375 0.455625 0.0175 0.02625
2 0.2529166666666667 0.22875 0.0125 0.015
2 0.42083333333333334 0.676875 0.02 0.02375
2 0.44208333333333333 0.599375 0.014166666666666666 0.02125
2 0.47541666666666665 0.59625 0.0275 0.0275
2 0.4791666666666667 0.68 0.015 0.0275
2 0.6866666666666666 0.335625 0.018333333333333333 0.01875