1 0.5782916666666666 0.6230225 0.058585 0.0929025
1 0.7333833333333334 0.780985 0.06005 0.08528749999999999
2 0.8506666666666667 0.8315775 0.04523333333333333 0.051179999999999996
1 0.9552833333333333 0.9028825 0.026511666666666666 0.039200000000000006
1 0.9497749999999999 0.9441675 0.030521666666666666 0.03593
1 0.7432533333333334 0.62329 0.02943166666666667 0.063345
1 0.6055083333333333 0.313295 0.026246666666666665 0.03965
1 0.5892516666666667 0.35522750000000003 0.02904 0.03563
1 0.566225 0.36915499999999996 0.019073333333333334 0.0436925
1 0.74929 0.24550249999999998 0.016983333333333333 0.0291975
1 0.6843016666666667 0.2467975 0.019315 0.0259675
1 0.524645 0.56375 0.04791666666666667 0.07021250000000001