2 0.34284970238095236 0.35023809523809524 0.023911210317460317 0.036560846560846565
2 0.23289930555555555 0.47083333333333327 0.019796626984126982 0.02992063492063492
2 0.21353918650793652 0.5769973544973546 0.021178075396825397 0.035163139329806
2 0.32561755952380955 0.5533112874779542 0.012358630952380953 0.028527336860670195
2 0.3640550595238095 0.6581305114638448 0.02144345238095238 0.03955467372134038
2 0.3834548611111111 0.6508774250440917 0.019962797619047616 0.0292636684303351
2 0.4209399801587302 0.5390388007054674 0.019680059523809523 0.03392857142857143
2 0.4771106150793651 0.5405820105820106 0.019350198412698413 0.03701499118165785
2 0.5392261904761905 0.5739902998236331 0.017547123015873016 0.025749559082892417
2 0.6119766865079365 0.4649294532627866 0.017916666666666664 0.023209876543209877
2 0.6536061507936508 0.4008553791887125 0.01714781746031746 0.03254409171075838
2 0.674982638888889 0.3863888888888889 0.01693700396825397 0.02907407407407407
2 0.7245114087301587 0.4170943562610229 0.018603670634920636 0.029382716049382716
2 0.6539087301587302 0.6262257495590828 0.013936011904761904 0.02158289241622575
2 0.677046130952381 0.6164638447971782 0.01628720238095238 0.024126984126984125
2 0.4531919642857143 0.6963227513227513 0.021165674603174603 0.03106701940035273
2 0.3420262896825397 0.6898015873015874 0.02034970238095238 0.03330687830687831
2 0.34699156746031745 0.7158024691358025 0.016500496031746033 0.023328924162257493
2 0.36007936507936505 0.6943518518518519 0.01228670634920635 0.02208994708994709
2 0.26456349206349206 0.6068959435626102 0.017244543650793653 0.01857142857142857
2 0.20320684523809524 0.5 0.015793650793650794 0.027142857142857142
2 0.16941468253968256 0.5112610229276896 0.021728670634920635 0.029303350970017635
2 0.2039310515873016 0.28137566137566133 0.023058035714285715 0.028919753086419756
2 0.25157242063492063 0.11799823633156967 0.0189484126984127 0.026997354497354496
2 0.2898561507936508 0.07969135802469136 0.015314980158730158 0.023373015873015872
2 0.30166418650793647 0.22235008818342153 0.016011904761904762 0.023522927689594356
2 0.0823685515873016 0.4443694885361552 0.02141121031746032 0.029611992945326276
2 0.07034226190476191 0.49444444444444446 0.020280257936507937 0.031309523809523815
2 0.029538690476190475 0.4766225749559083 0.01679315476190476 0.02529100529100529
2 0.11750496031746031 0.6242989417989419 0.016257440476190474 0.02621252204585538
2 0.10519841269841271 0.6517239858906525 0.01742559523809524 0.028447971781305113
2 0.16108382936507937 0.7739858906525574 0.01556795634920635 0.023443562610229278
2 0.4347445436507937 0.9068121693121693 0.018645833333333334 0.036172839506172845
2 0.3049131944444445 0.8302336860670194 0.01869047619047619 0.027301587301587302
2 0.3517485119047619 0.9800705467372135 0.018792162698412697 0.031618165784832446
2 0.5172445436507938 0.8632936507936508 0.015595238095238096 0.025524691358024692
2 0.6237276785714285 0.6844091710758378 0.01468501984126984 0.02082010582010582
2 0.6326066468253968 0.7208641975308643 0.01429563492063492 0.017350088183421517
2 0.6499255952380952 0.7648809523809523 0.012651289682539682 0.01881393298059965
2 0.5664806547619048 0.30479276895943563 0.018586309523809522 0.0339373897707231
2 0.591765873015873 0.24037037037037035 0.016639384920634923 0.023910934744268076
2 0.3857217261904762 0.06707231040564374 0.015124007936507936 0.016812169312169313
2 0.7577678571428572 0.048095238095238094 0.012549603174603175 0.016194885361552027
2 0.6752256944444445 0.21664021164021163 0.015994543650793648 0.01845679012345679
2 0.7427926587301588 0.5468386243386244 0.011242559523809523 0.015577601410934743
2 0.736845238095238 0.575462962962963 0.006383928571428571 0.015440917107583775
2 0.06343501984126984 0.17279100529100527 0.014761904761904763 0.025189594356261023
2 0.23397073412698413 0.820515873015873 0.011170634920634921 0.03121252204585538
2 0.2543998015873016 0.8208641975308643 0.01160218253968254 0.018761022927689594
2 0.22404017857142858 0.8361287477954145 0.010535714285714285 0.02354938271604938
2 0.21379464285714286 0.8346031746031747 0.009930555555555555 0.016962081128747794
2 0.14637152777777776 0.78907848324515 0.01759424603174603 0.02018077601410935
2 0.22733878968253968 0.6015828924162258 0.015347222222222222 0.03546296296296297
2 0.3592212301587302 0.7518783068783069 0.01443452380952381 0.02709435626102293
2 0.7488194444444444 0.4167019400352734 0.008955853174603174 0.0223015873015873
2 0.7540376984126984 0.4082363315696649 0.004270833333333333 0.011763668430335097
2 0.8184375 0.4304761904761905 0.008400297619047618 0.012460317460317461
2 0.8127207341269841 0.4377336860670194 0.007482638888888889 0.011397707231040565
2 0.8902331349206349 0.5912654320987655 0.01197172619047619 0.017407407407407406
2 0.9090426587301588 0.509969135802469 0.010530753968253969 0.011684303350970017
2 0.9093700396825397 0.5237610229276897 0.010513392857142857 0.014735449735449737
2 0.9074975198412699 0.47618606701940036 0.01033234126984127 0.016128747795414462
2 0.9396230158730159 0.49334215167548506 0.013829365079365078 0.01571869488536155
2 0.9866914682539683 0.47767636684303344 0.011770833333333333 0.017821869488536157
2 0.8875049603174603 0.41315255731922396 0.010853174603174602 0.014783950617283952
2 0.8464037698412697 0.5589726631393298 0.008209325396825397 0.010687830687830687
2 0.8231547619047619 0.5599118165784833 0.008005952380952381 0.009986772486772487
2 0.8126661706349206 0.549157848324515 0.007279265873015873 0.011622574955908288
2 0.8130431547619048 0.5727689594356261 0.005865575396825397 0.009986772486772487
2 0.9351959325396826 0.31907407407407407 0.010845734126984126 0.014426807760141092
2 0.9421354166666667 0.3696781305114638 0.011299603174603176 0.016027336860670195
2 0.9732713293650793 0.34470458553791883 0.011123511904761905 0.016926807760141094
2 0.9031746031746032 0.2002204585537919 0.011001984126984127 0.01537037037037037
2 0.9163219246031746 0.32180776014109347 0.0075297619047619046 0.013668430335097001
2 0.9707192460317461 0.053214285714285714 0.010104166666666668 0.016031746031746032
2 0.9699900793650794 0.016926807760141094 0.0115625 0.015044091710758377
2 0.9887748015873016 0.12556437389770722 0.010612599206349205 0.01753968253968254
2 0.9170039682539682 0.61331569664903 0.010793650793650795 0.013752204585537919