1 0.2279816666666667 0.5035625 0.026071666666666667 0.0500575
1 0.15759833333333334 0.5457025 0.03252666666666667 0.0469375
1 0.5213683333333333 0.7228825000000001 0.02845666666666667 0.041635
1 0.84395 0.7707875000000001 0.042173333333333334 0.055475000000000003
1 0.11271166666666667 0.64378 0.040641666666666666 0.054832500000000006
1 0.24489 0.19461250000000002 0.021916666666666668 0.031142499999999997
1 0.769805 0.262185 0.029573333333333333 0.046185000000000004
1 0.7530316666666667 0.768985 0.038135 0.0572525
1 0.6311833333333333 0.702605 0.03340666666666667 0.046299999999999994
1 0.814785 0.5882975 0.03448333333333333 0.049342500000000004
1 0.937875 0.7348300000000001 0.03138333333333333 0.044185
1 0.17158666666666667 0.69179 0.03522166666666667 0.052594999999999996
1 0.031371666666666666 0.784435 0.03389 0.0412525
1 0.6490216666666667 0.3330575 0.03029 0.0371125
1 0.07123166666666667 0.2025425 0.030248333333333335 0.0339825
1 0.8528500000000001 0.8726525 0.021096666666666666 0.0389125
1 0.2937033333333333 0.8925675 0.03726666666666666 0.04628
1 0.15016166666666667 0.7311775 0.032709999999999996 0.046865000000000004
1 0.7081933333333333 0.2705025 0.032483333333333336 0.046695
1 0.3507183333333333 0.5234125000000001 0.023854999999999998 0.030449999999999998
1 0.8319866666666667 0.8710399999999999 0.03313666666666667 0.0419375
1 0.6708816666666667 0.2573625 0.034333333333333334 0.04283
1 0.9671666666666666 0.7513275 0.02865833333333333 0.0414875
1 0.191935 0.5954925 0.019033333333333333 0.0390225
1 0.23296666666666666 0.62995 0.021293333333333334 0.032659999999999995
1 0.16701333333333335 0.27185000000000004 0.01855333333333333 0.032222499999999994
1 0.17182 0.262805 0.016648333333333334 0.0326375
1 0.18458833333333333 0.26685250000000005 0.01705 0.027135000000000003
1 0.11569333333333333 0.1610925 0.027801666666666666 0.0402425
1 0.12110333333333334 0.20637250000000001 0.0197 0.0333125
1 0.239155 0.1403725 0.022973333333333335 0.0395275
1 0.262375 0.14541749999999998 0.024375 0.039235
1 0.274 0.11342 0.023555000000000003 0.0374525
1 0.10971333333333333 0.8381000000000001 0.02736 0.036777500000000005
1 0.103165 0.9848250000000001 0.024136666666666664 0.030350000000000002
1 0.005853333333333333 0.941295 0.011705 0.037079999999999995
1 0.361275 0.98575 0.031094999999999998 0.0285
1 0.5758166666666666 0.2894775 0.031905 0.0319075
1 0.17848833333333333 0.7406325 0.022574999999999998 0.0362675