2 0.75737 0.6047425 0.03602333333333333 0.0395925
2 0.31994 0.7558725 0.029938333333333334 0.0378025
2 0.5173433333333334 0.9275325 0.02817 0.039994999999999996
2 0.80716 0.288485 0.030891666666666664 0.03882
2 0.614405 0.30166000000000004 0.027761666666666667 0.028302499999999998
2 0.666315 0.7648975 0.03167166666666667 0.037735
2 0.66537 0.9487899999999999 0.03224666666666667 0.0414075
2 0.60286 0.92801 0.028411666666666665 0.03554
2 0.7968066666666667 0.6842474999999999 0.027911666666666668 0.035125
2 0.03484166666666667 0.2599825 0.025508333333333334 0.0276975
2 0.5702066666666666 0.149375 0.027228333333333334 0.032314999999999997
2 0.31535833333333335 0.5041875 0.026501666666666666 0.032174999999999995
2 0.7168116666666666 0.772615 0.028255 0.025535
2 0.009486666666666668 0.96796 0.018638333333333333 0.033292499999999996
2 0.07966999999999999 0.78191 0.03043833333333333 0.0314
2 0.48991833333333334 0.5178375 0.030406666666666665 0.0395475
2 0.2535216666666667 0.7735675 0.028006666666666666 0.0298825
2 0.8966900000000001 0.47434 0.028016666666666665 0.032795000000000005
2 0.30995833333333334 0.28854250000000004 0.025883333333333335 0.026015
2 0.4067733333333333 0.735275 0.030116666666666663 0.029215
2 0.8385883333333333 0.36493000000000003 0.023863333333333334 0.0314175
2 0.5285833333333333 0.965835 0.03084166666666667 0.034632500000000004
2 0.8375683333333334 0.2492825 0.02676 0.0239025
2 0.8761733333333334 0.885495 0.021406666666666668 0.02256
2 0.23821666666666666 0.4675475 0.027698333333333332 0.027377500000000003
2 0.53187 0.8719450000000001 0.025074999999999997 0.0273475
2 0.6995183333333332 0.0266725 0.024771666666666668 0.0253975
2 0.7741416666666667 0.46733749999999996 0.025576666666666668 0.0325025
2 0.08782666666666668 0.53138 0.019673333333333334 0.0324075
2 0.20964166666666664 0.36047250000000003 0.018135000000000002 0.023247499999999997
2 0.38167666666666666 0.3802875 0.027938333333333332 0.0280025
2 0.4466566666666667 0.6789325 0.024064999999999996 0.022785
2 0.41860833333333336 0.8354400000000001 0.023604999999999998 0.020792500000000002
2 0.027373333333333336 0.990655 0.020758333333333333 0.0186875
2 0.012641666666666666 0.8721975 0.01912166666666667 0.021645
2 0.89233 0.17730500000000002 0.02043666666666667 0.020327500000000002
2 0.021761666666666665 0.3566475 0.02655333333333333 0.0297825
2 0.19693666666666665 0.4395425 0.02671666666666667 0.0245475
2 0.9193266666666666 0.31216000000000005 0.026115 0.022872499999999997
2 0.5100933333333333 0.8903825000000001 0.022646666666666666 0.0214575
2 0.11960166666666668 0.5678300000000001 0.018586666666666665 0.0248225
2 0.09345 0.55012 0.02104 0.0254
2 0.415775 0.6658200000000001 0.017808333333333332 0.0224725
2 0.587955 0.2504125 0.019168333333333336 0.02001
2 0.15641 0.5305175000000001 0.017241666666666666 0.024
2 0.011468333333333334 0.3414125 0.01688 0.024935
2 0.8328116666666666 0.4838225 0.022425 0.020184999999999998
0 0.6586016666666666 0.1788325 0.012336666666666666 0.024885
0 0.5182216666666667 0.15969 0.016396666666666667 0.0224675
0 0.5479716666666666 0.09722499999999999 0.015415 0.024122499999999998
0 0.672215 0.1827425 0.01495 0.0263725
0 0.6551633333333333 0.295345 0.018823333333333334 0.0279425
0 0.6423933333333334 0.3011375 0.012973333333333333 0.0215925
0 0.668845 0.34535750000000004 0.01665 0.020370000000000003
0 0.6046816666666667 0.4005125 0.016316666666666667 0.0251925
0 0.6136766666666666 0.4077325 0.015625 0.0247175
0 0.58476 0.435045 0.015854999999999998 0.023579999999999997
0 0.5726866666666667 0.48682 0.012101666666666667 0.02586
0 0.57912 0.477195 0.015123333333333332 0.0224325
0 0.538125 0.47067000000000003 0.016118333333333332 0.0157125
0 0.4628983333333333 0.46801499999999996 0.011943333333333334 0.0146225
0 0.4660016666666667 0.4827575 0.012090000000000002 0.016022500000000002
0 0.58959 0.51161 0.01356 0.0216375
0 0.6304633333333334 0.5173 0.015133333333333334 0.0224675
0 0.5895366666666666 0.2846825 0.011341666666666667 0.032987499999999996
0 0.6011333333333334 0.2818225 0.010625 0.017775
0 0.5517283333333333 0.226645 0.01449 0.02346
0 0.525735 0.20379499999999998 0.014544999999999999 0.0220625
0 0.545955 0.188625 0.012085 0.018095
0 0.5578733333333333 0.1894775 0.013303333333333332 0.015009999999999999
0 0.5472133333333333 0.1778625 0.014605 0.013452500000000001
0 0.5390466666666667 0.153975 0.012336666666666666 0.0205275
0 0.4783 0.23129 0.016021666666666667 0.0211475
0 0.4872266666666667 0.2263725 0.011133333333333334 0.0161175
0 0.43273666666666666 0.247525 0.014913333333333334 0.01775
0 0.43363 0.2649325 0.012838333333333334 0.01706
0 0.4307916666666667 0.22747499999999998 0.014539999999999999 0.0177325
0 0.4104466666666666 0.1930325 0.011826666666666666 0.01742
0 0.4222633333333333 0.2018575 0.010255 0.017675
0 0.4107983333333333 0.209785 0.011123333333333332 0.0182225
0 0.4123016666666667 0.17036500000000002 0.008503333333333333 0.012167500000000001
0 0.48949166666666666 0.14507499999999998 0.013789999999999998 0.0185525
0 0.4284233333333333 0.32999 0.011913333333333335 0.013895
0 0.4311933333333333 0.3456125 0.010678333333333331 0.02026
0 0.3628966666666667 0.32369749999999997 0.012368333333333332 0.0224075
0 0.2728666666666667 0.27057749999999997 0.017265 0.0216575
0 0.27504 0.2813025 0.018473333333333335 0.0149125
0 0.3490466666666667 0.22593000000000002 0.011391666666666666 0.0167525
0 0.4045583333333333 0.1084175 0.008488333333333334 0.0180225
0 0.2678566666666667 0.2331375 0.012168333333333335 0.017455
0 0.276565 0.24421500000000002 0.01261 0.02379
0 0.420365 0.2849225 0.01408 0.01448
0 0.32556166666666664 0.363585 0.012245 0.0135725
0 0.287675 0.48466750000000003 0.015938333333333332 0.022607500000000003
0 0.38567833333333335 0.511145 0.012923333333333334 0.019655000000000002
0 0.39158833333333337 0.53408 0.013235 0.0209775
0 0.3788433333333333 0.52667 0.01613 0.02117
0 0.2667633333333333 0.38787 0.00928 0.017839999999999998
0 0.27347666666666665 0.3979225 0.010348333333333334 0.017965
0 0.3108416666666667 0.37051 0.013745 0.014765
0 0.28798 0.3503675 0.013736666666666666 0.0166725
0 0.2963233333333333 0.3322675 0.015653333333333335 0.0174
0 0.17912666666666666 0.317815 0.014038333333333333 0.02014
0 0.12261666666666668 0.2683775 0.010023333333333334 0.017257500000000002
0 0.11596833333333333 0.285155 0.017121666666666667 0.019170000000000003
0 0.12751833333333334 0.32019 0.010685 0.0153925
0 0.09902166666666666 0.40823000000000004 0.017686666666666667 0.024802499999999998
0 0.16986166666666666 0.48044749999999997 0.015905000000000002 0.0205
0 0.14387 0.49489249999999996 0.015960000000000002 0.023015
0 0.12961333333333333 0.4939275 0.013468333333333334 0.023197500000000003
0 0.11156999999999999 0.5108425 0.009028333333333334 0.02538
0 0.11775166666666667 0.5096275 0.017286666666666665 0.02452
0 0.13185 0.5168250000000001 0.013705 0.018565
0 0.08519333333333334 0.4538425 0.016053333333333333 0.02425
0 0.08820000000000001 0.4124125 0.010815 0.015235
0 0.2603683333333333 0.1614825 0.013543333333333334 0.0190975
0 0.25862833333333335 0.18067750000000002 0.011325 0.018815000000000002
0 0.4737516666666667 0.59721 0.015648333333333334 0.02633
0 0.5734583333333333 0.5923075 0.016666666666666666 0.021745
0 0.43335999999999997 0.65565 0.014916666666666667 0.023127500000000002
0 0.21126 0.6674800000000001 0.017976666666666665 0.031125
0 0.13306833333333332 0.6115825 0.019960000000000002 0.0263625
0 0.13909666666666667 0.64807 0.014615 0.02102
0 0.24222166666666664 0.6292875 0.015510000000000001 0.0226125