1 0.8370433333333334 0.6492100000000001 0.04376333333333333 0.0601975
1 0.39009333333333335 0.3830025 0.03615666666666666 0.0479075
1 0.34143 0.6495125 0.04338166666666667 0.0653125
1 0.3458733333333333 0.771745 0.04015166666666667 0.055595
1 0.50139 0.7265499999999999 0.04431333333333333 0.055865000000000005
1 0.652525 0.1678625 0.02796 0.038380000000000004
1 0.45463000000000003 0.8431775 0.03895 0.05933
1 0.74198 0.190715 0.029101666666666668 0.038939999999999995
1 0.42635833333333334 0.522965 0.039765 0.0526725
1 0.36147 0.28584750000000003 0.03309166666666667 0.04287
1 0.6594783333333333 0.3871075 0.029261666666666665 0.04263
1 0.26424166666666665 0.6564500000000001 0.034245 0.0505925
1 0.08282666666666666 0.69651 0.017583333333333333 0.0215175
1 0.13457333333333335 0.916925 0.02157 0.0351675
1 0.19533166666666668 0.618775 0.024153333333333332 0.035655
1 0.17328833333333335 0.6380399999999999 0.019935 0.03393
1 0.18938999999999998 0.5730575 0.020703333333333334 0.0224275