1 0.75881 0.413875 0.066595 0.08361
1 0.559965 0.3806725 0.04990166666666667 0.07049
1 0.818325 0.43939249999999996 0.05627333333333333 0.08044
1 0.6277416666666666 0.5080075 0.04998333333333333 0.0724375
1 0.21582666666666667 0.25283500000000003 0.04564833333333333 0.065925
1 0.5706083333333334 0.3205075 0.051199999999999996 0.066745
1 0.5873016666666666 0.1125225 0.05198666666666667 0.075815
1 0.327845 0.3950325 0.039545000000000004 0.050055
1 0.6659066666666666 0.6028049999999999 0.04361166666666667 0.06383
1 0.725195 0.239945 0.06302666666666668 0.10863500000000001
1 0.7636616666666667 0.07437 0.04167333333333333 0.0784825
1 0.8349333333333334 0.390675 0.03614333333333333 0.0542225