1 0.5485266666666666 0.5380575 0.06682 0.098495
1 0.766445 0.360255 0.05332 0.068585
1 0.6212883333333333 0.5341 0.06879833333333334 0.10703499999999999
1 0.8309083333333332 0.331955 0.04368166666666666 0.0400175
1 0.3255883333333333 0.020725 0.037386666666666665 0.04145
1 0.33014 0.129715 0.024383333333333337 0.0438875
1 0.31973666666666667 0.1718975 0.027633333333333336 0.0502275
1 0.8895500000000001 0.9060475 0.038296666666666666 0.049354999999999996
1 0.84469 0.810035 0.02840833333333333 0.048815
1 0.8542383333333334 0.48417 0.042305 0.0591875
1 0.47103666666666666 0.6856025 0.028296666666666668 0.0400125
1 0.861895 0.29135500000000003 0.060173333333333336 0.073005
1 0.557535 0.7029325 0.04252333333333333 0.0521875