2 0.30009920634920634 0.15652557319223986 0.07936507936507936 0.13227513227513227
2 0.2238343253968254 0.2259700176366843 0.07068452380952381 0.09038800705467372
2 0.3317212301587302 0.6415343915343915 0.07564484126984126 0.14109347442680775
2 0.18291170634920634 0.6602733686067019 0.07316468253968254 0.11243386243386243
2 0.6878224206349207 0.7902380952380952 0.01726686507936508 0.02883597883597884
2 0.6870386904761905 0.5255820105820106 0.014650297619047618 0.026044973544973544
2 0.60671875 0.7172134038800706 0.01936011904761905 0.016746031746031745
2 0.6137822420634921 0.27674603174603174 0.014650297619047618 0.02697530864197531
2 0.6213690476190477 0.39116402116402116 0.013080357142857144 0.01767636684303351
2 0.6802356150793651 0.3390696649029982 0.007326388888888888 0.01767636684303351
2 0.5159325396825396 0.31441798941798943 0.014650297619047618 0.020467372134038802
2 0.042988591269841274 0.8987345679012345 0.0859796626984127 0.17783509700176367
2 0.49107142857142855 0 0.006614583333333333 0