2 0.1805406746031746 0.1328130511463845 0.027165178571428573 0.036221340388007055
2 0.30590029761904763 0.19921516754850088 0.02659970238095238 0.04829365079365079
2 0.3191989087301587 0.18513227513227512 0.01584573412698413 0.03823192239858906
2 0.42673115079365076 0.04175485008818342 0.019243551587301587 0.03521604938271605
2 0.42984375 0.14538800705467372 0.02320436507936508 0.04326278659611993
2 0.45163194444444443 0.1287874779541446 0.027165178571428573 0.04427248677248677
2 0.4779489087301587 0.11671075837742503 0.017544642857142856 0.04225749559082893
2 0.42022321428571424 0.2168253968253968 0.02659970238095238 0.0492989417989418
2 0.4536135912698413 0.18563492063492062 0.027730654761904762 0.037226631393298064
2 0.38032242063492067 0.2651190476190476 0.02490327380952381 0.04125220458553792
2 0.15309027777777778 0.3788139329805996 0.018675595238095238 0.03119047619047619
2 0.29373015873015873 0.32196649029982366 0.012450396825396826 0.020123456790123458
2 0.4960615079365079 0.36975749559082893 0.02546875 0.04527777777777778
2 0.4490873015873016 0.30083774250440914 0.014149305555555556 0.028170194003527337
2 0.29967261904761905 0.47238536155202815 0.0220734126984127 0.033201058201058196
2 0.585763888888889 0.4301278659611993 0.03056051587301587 0.0492989417989418
2 0.573313492063492 0.5770238095238095 0.02603422619047619 0.039241622574955906
2 0.7934697420634921 0.021128747795414463 0.014714781746031745 0.040246913580246915
2 0.8857217261904762 0.11369488536155203 0.03961805555555556 0.05634479717813051
2 0.9321304563492063 0.21179453262786596 0.03961805555555556 0.06741181657848323
2 0.8823263888888889 0.2837345679012346 0.03056051587301587 0.05835537918871252
2 0.8373313492063492 0.2087742504409171 0.04018353174603175 0.05131393298059964
2 0.9607093253968254 0.4452204585537919 0.027730654761904762 0.04326278659611993
2 0.9431646825396826 0.891441798941799 0.03339037698412698 0.05030864197530864
2 0.9137351190476191 0.9065343915343915 0.0288640873015873 0.05030864197530864
2 0.7892261904761905 0.9779188712522047 0.0220734126984127 0.04416225749559083
2 0.737157738095238 0.7219091710758377 0.02320436507936508 0.04527777777777778
2 0.6941443452380952 0.7103395061728395 0.0220734126984127 0.04225749559082893
2 0.7207440476190476 0.6288403880070547 0.017544642857142856 0.03823192239858906
2 0.6593377976190475 0.6228042328042328 0.02942956349206349 0.04829365079365079
2 0.5713318452380952 0.6419179894179894 0.02546875 0.04225749559082893
2 0.4476711309523809 0.620789241622575 0.014714781746031745 0.03421075837742504
2 0.2928819444444445 0.748068783068783 0.016413690476190478 0.02716490299823633
2 0.3197643849206349 0.7168783068783069 0.016979166666666667 0.021128747795414463
2 0.4536135912698413 0.9482892416225749 0.0288640873015873 0.04527777777777778
2 0.3214632936507937 0.8803747795414463 0.02263888888888889 0.030185185185185183
2 0.3443849206349206 0.9523148148148147 0.013015873015873015 0.02716490299823633
2 0.46182043650793647 0.8572354497354497 0.02037450396825397 0.02213403880070547
2 0.1845014880952381 0.6595282186948853 0.018110119047619045 0.02716490299823633
2 0.1668625992063492 0.6701146384479717 0.013645833333333334 0.02867283950617284
2 0.11744543650793651 0.6987874779541445 0.010751488095238095 0.016909171075837743
2 0.09366567460317461 0.6230643738977072 0.01695436507936508 0.015440917107583775
2 0.048382936507936514 0.6101984126984127 0.019022817460317462 0.027936507936507936