1 0.5137116666666667 0.8388574999999999 0.033170000000000005 0.0572325
1 0.9312233333333334 0.3831325 0.05386666666666667 0.0626375
1 0.5807233333333334 0.747355 0.04458 0.0658575
1 0.17680833333333332 0.5329925 0.027875 0.040662500000000004
2 0.8710466666666666 0.650785 0.07986833333333333 0.098645
1 0.606565 0.7995950000000001 0.04157333333333333 0.0628025
1 0.5814433333333333 0.15343 0.051386666666666664 0.0893125
1 0.16585166666666668 0.1144275 0.03316333333333333 0.042095
2 0.21979666666666667 0.335835 0.028746666666666663 0.032435000000000005
1 0.06951166666666667 0.172985 0.037781666666666665 0.036515
2 0.40625 0.033125 0.024166666666666666 0.03375
1 0.5166666666666667 0.87375 0.03166666666666667 0.0275
1 0.1943666666666667 0.43315750000000003 0.02920666666666667 0.0444275
1 0.20814666666666667 0.4455 0.02715 0.0431925
1 0.19498333333333334 0.548545 0.02797166666666667 0.034555
1 0.27458 0.5849500000000001 0.019333333333333334 0.0283825
1 0.33649 0.5275650000000001 0.017276666666666666 0.038255000000000004
1 0.38256166666666663 0.6448025000000001 0.024681666666666668 0.0357875
1 0.23858666666666667 0.417425 0.023858333333333336 0.0339375
1 0.18642666666666666 0.087775 0.02828 0.046335
1 0.6325299999999999 0.23188 0.059635 0.0833725
1 0.6817433333333334 0.72864 0.043423333333333335 0.0746875
1 0.347385 0.254895 0.026633333333333335 0.0408175