1 0.38443666666666665 0.8897525000000001 0.035455 0.05223
1 0.4686916666666667 0.5510275 0.046205 0.06603
1 0.32527833333333334 0.5111675 0.04319166666666666 0.0616175
1 0.7294483333333333 0.57939 0.03784 0.049895
1 0.5160666666666667 0.43504000000000004 0.04021666666666667 0.053795
1 0.243475 0.031855 0.028663333333333332 0.037645000000000005
1 0.508945 0.57059 0.034953333333333336 0.046372500000000004
1 0.46147166666666667 0.912435 0.03399 0.051515
1 0.5521516666666666 0.8551625 0.030791666666666665 0.039895
1 0.8977366666666666 0.2053875 0.03581 0.0402175
1 0.04237166666666666 0.17878 0.028013333333333335 0.03841
1 0.4955783333333333 0.56656 0.044065 0.057595
1 0.6466183333333333 0.5754049999999999 0.04247666666666667 0.049645
1 0.22376333333333331 0.5547225 0.027729999999999998 0.040875
1 0.15454833333333332 0.5005525 0.034949999999999995 0.035125
1 0.71929 0.6745175 0.028926666666666666 0.0405225
1 0.2231783333333333 0.7026174999999999 0.027053333333333332 0.041847499999999996