2 0.6323148148148148 0.052038690476190474 0.11163139329805996 0.07827380952380952
2 0.802746913580247 0.06042410714285714 0.1117768959435626 0.07267113095238095
2 0.6633906525573192 0.10635416666666667 0.1059700176366843 0.056748511904761906
2 0.42967813051146386 0.18698660714285714 0.09435626102292768 0.052259424603174606
2 0.431494708994709 0.2298561507936508 0.08492063492063492 0.04491071428571429
2 0.756657848324515 0.1649404761904762 0.08927689594356261 0.06450644841269841
2 0.7679056437389771 0.22046378968253968 0.09290564373897707 0.054707341269841274
2 0.7853262786596119 0.27027281746031745 0.10016313932980599 0.040009920634920634
2 0.4496384479717813 0.3774454365079365 0.12266313932980599 0.0698139880952381
2 0.28234126984126984 0.4003075396825397 0.10161375661375661 0.05756696428571429
2 0.16875220458553794 0.42398561507936505 0.08927689594356261 0.03796875
2 0.8642063492063492 0.4862896825396825 0.12608024691358025 0.06506696428571429
2 0.5578924162257496 0.5838665674603175 0.103994708994709 0.061135912698412696
2 0.650546737213404 0.6073958333333334 0.10477513227513227 0.056297123015873016
2 0.7686155202821869 0.5700124007936508 0.08288359788359788 0.05101934523809524
2 0.8472001763668431 0.6126736111111112 0.09773809523809524 0.053658234126984124
2 0.9136596119929452 0.6379637896825396 0.04925925925925926 0.030347222222222223
2 0.9672222222222222 0.6689707341269842 0.059426807760141094 0.029908234126984127
2 0.2896825396825397 0.6700868055555556 0.0816710758377425 0.04593998015873016
2 0.141331569664903 0.716029265873016 0.07975749559082891 0.04522321428571428
2 0.21230599647266313 0.7847693452380953 0.08122134038800706 0.04568700396825397
2 0.2295238095238095 0.8168650793650793 0.07659611992945327 0.039903273809523805
2 0.15344356261022926 0.8265525793650793 0.05603174603174603 0.04134920634920635
2 0.3819444444444444 0.7853472222222222 0.07093915343915343 0.04626488095238095
2 0.4240961199294533 0.7980704365079365 0.05448853615520282 0.023132440476190477
2 0.5009479717813051 0.8141195436507938 0.02621693121693122 0.030362103174603174
2 0.1644973544973545 0.8937822420634921 0.06271604938271605 0.03469990079365079
2 0.6001587301587302 0.846937003968254 0.044722222222222226 0.02949404761904762
2 0.5664902998236332 0.8473710317460317 0.04215167548500882 0.029203869047619048
2 0.5921913580246914 0.862264384920635 0.034955908289241625 0.020240575396825396
2 0.6310008818342151 0.8683358134920636 0.044722222222222226 0.027180059523809523
2 0.7644003527336861 0.846359126984127 0.044210758377425045 0.02544642857142857
2 0.887773368606702 0.9115649801587301 0.034955908289241625 0.021686507936507934
2 0.9204188712522047 0.8671478174603175 0.031679894179894176 0.013311011904761905
2 0.9286243386243386 0.7770858134920635 0.04503968253968254 0.027266865079365078
2 0.8141181657848325 0.7770858134920635 0.04885361552028219 0.02554811507936508
2 0.7388492063492064 0.7639484126984126 0.026274250440917107 0.023759920634920634
2 0.7564770723104056 0.7325198412698413 0.02427689594356261 0.017398313492063493
2 0.7503218694885362 0.7163368055555556 0.016631393298059963 0.014218749999999999