1 0.4436866666666667 0.667785 0.06815500000000001 0.0944125
1 0.16052666666666665 0.5634075000000001 0.072 0.0787625
1 0.4760916666666667 0.768995 0.045090000000000005 0.07524750000000001
1 0.5728916666666667 0.7993475 0.025593333333333333 0.039975000000000004
1 0.30085666666666666 0.785165 0.04133 0.061009999999999995
1 0.205255 0.847235 0.05361666666666667 0.08445749999999999
1 0.4037716666666667 0.22406 0.054648333333333333 0.08627249999999999
1 0.2682233333333333 0.3907475 0.06472166666666666 0.09098250000000001
1 0.8524200000000001 0.6531224999999999 0.06030666666666666 0.07999500000000001
1 0.9169816666666667 0.6792625 0.03238166666666666 0.06958249999999999
1 0.9817416666666666 0.5417875 0.036515 0.0682
1 0.8733833333333334 0.9381825 0.05537 0.0991725
1 0.164925 0.42219 0.038601666666666666 0.045075000000000004
1 0.5678866666666667 0.4959775 0.05411833333333333 0.0601325