1 0.35151 0.1263575 0.037015 0.045905
1 0.7219133333333333 0.4899975 0.030193333333333332 0.0428075
1 0.46134833333333336 0.4618875 0.03650333333333333 0.051535
1 0.6948083333333334 0.3273825 0.021558333333333332 0.0304275
1 0.105775 0.40639749999999997 0.02892166666666667 0.031032499999999998
1 0.24893166666666666 0.4546025 0.03159166666666667 0.05539
1 0.5089533333333333 0.62859 0.02902833333333333 0.04643
1 0.140465 0.6335824999999999 0.022531666666666665 0.03595
1 0.34813333333333335 0.5027775 0.03615333333333333 0.040815
1 0.6212300000000001 0.1810975 0.017433333333333332 0.0262575
1 0.55505 0.2422875 0.016416666666666666 0.023329999999999997
1 0.3155533333333333 0.10177 0.039211666666666666 0.0580475
1 0.7113299999999999 0.3569125 0.02025666666666667 0.027447500000000003
1 0.6917316666666667 0.350365 0.019731666666666668 0.025905
1 0.6915533333333332 0.4734175 0.015711666666666665 0.0291925
1 0.5674283333333333 0.656295 0.024176666666666666 0.0385225