2 0.06047666666666667 0.37806 0.020898333333333335 0.0303975
2 0.09055666666666667 0.45785000000000003 0.010131666666666667 0.0095
2 0.06997500000000001 0.4782725 0.009498333333333334 0.0123475
2 0.048445 0.4664 0.009498333333333334 0.0132975
2 0.05572666666666667 0.457375 0.010131666666666667 0.0142475
2 0.06997500000000001 0.5385924999999999 0.006966666666666666 0.0114
2 0.20771166666666666 0.5628150000000001 0.008865 0.0123475
2 0.21467666666666665 0.5609149999999999 0.006333333333333333 0.0123475
2 0.20517833333333332 0.50107 0.008865 0.0123475
2 0.198845 0.51057 0.008865 0.016147500000000002
2 0.165915 0.4702 0.012665 0.018997499999999997
2 0.13931833333333332 0.4683 0.012665 0.0114
2 0.10037166666666666 0.4796975 0.009498333333333334 0.0095
2 0.21499333333333334 0.5300425 0.010765 0.0114
2 0.19156333333333336 0.5452400000000001 0.006966666666666666 0.0076
2 0.2216433333333333 0.40798 0.010131666666666667 0.0123475
2 0.24349 0.4041825 0.014565 0.016147500000000002
2 0.28655166666666665 0.4910975 0.008231666666666667 0.0095
2 0.354945 0.4488275 0.0057 0.0066500000000000005
2 0.27452 0.559965 0.006966666666666666 0.01045
2 0.233675 0.5509400000000001 0.0076 0.0151975
2 0.21942666666666666 0.54714 0.006966666666666666 0.0095
2 0.28852666666666665 0.358705 0.010628333333333333 0.0140675
2 0.27586666666666665 0.33995 0.010941666666666667 0.013130000000000001
2 0.300875 0.3200225 0.009065 0.01266
2 0.347295 0.39574750000000003 0.003126666666666667 0.00844
2 0.35651666666666665 0.3964525 0.00719 0.00797
2 0.36495666666666665 0.4067675 0.002813333333333333 0.00422
2 0.37433500000000003 0.4194275 0.004063333333333333 0.0051575
2 0.37965 0.437245 0.0021883333333333334 0.006095
2 0.38324499999999995 0.44826499999999997 0.0025 0.00375
2 0.3824633333333334 0.4424025 0.003438333333333333 0.0032825000000000003
2 0.3491716666666667 0.422945 0.004376666666666667 0.004690000000000001
2 0.34401333333333334 0.41638 0.004063333333333333 0.00375
2 0.34166833333333335 0.4088775 0.003126666666666667 0.004690000000000001
2 0.354955 0.447795 0.00594 0.0065650000000000005
2 0.2561733333333333 0.41684750000000004 0.00719 0.0075025000000000005
2 0.2528916666666666 0.3809775 0.006876666666666666 0.0098475
2 0.25351666666666667 0.3943425 0.009378333333333334 0.0112525
2 0.28774666666666665 0.4128625 0.007815 0.010785
2 0.3157233333333333 0.4006725 0.010003333333333335 0.0182875
2 0.25257833333333335 0.4789775 0.010003333333333335 0.022975000000000002
2 0.2396066666666667 0.4684275 0.00844 0.015942500000000002
2 0.14582666666666666 0.33502499999999996 0.00844 0.0154725
2 0.48124333333333336 0.37675749999999997 0.00594 0.010785
2 0.4631133333333333 0.3877775 0.005313333333333333 0.0075025000000000005
2 0.44889 0.394575 0.005626666666666666 0.0070325
2 0.44670166666666666 0.40629750000000003 0.005001666666666667 0.00891
2 0.44498166666666666 0.43115 0.002813333333333333 0.00422
2 0.45733 0.42364749999999995 0.005001666666666667 0.00797
2 0.47092833333333334 0.40629750000000003 0.009065 0.0135975
2 0.49015333333333333 0.40794 0.005001666666666667 0.0075025000000000005
2 0.476555 0.4323225 0.00594 0.00844
2 0.47092833333333334 0.4466225 0.004688333333333333 0.00797
2 0.4763983333333333 0.4466225 0.004376666666666667 0.0051575
2 0.46655166666666664 0.46022250000000003 0.00594 0.0098475
2 0.46452 0.46913 0.006251666666666667 0.00797
2 0.4624883333333333 0.50969 0.0065650000000000005 0.00844
2 0.4509216666666667 0.526335 0.00844 0.00797
2 0.45139 0.5324325 0.003751666666666667 0.0070325
2 0.54642 0.621755 0.017505 0.0206325
2 0.5390733333333333 0.588465 0.012191666666666668 0.019692499999999998
2 0.5004683333333333 0.52704 0.01938166666666667 0.028135
2 0.4924966666666667 0.543215 0.02094333333333333 0.026727499999999998
2 0.507815 0.5605650000000001 0.020318333333333334 0.0239125
2 0.11581666666666666 0.3134575 0.010315 0.0182875
2 0.09909333333333332 0.31674 0.01563 0.0154725
2 0.05876833333333333 0.488825 0.012503333333333333 0.01735
2 0.07346 0.5378225 0.010628333333333333 0.015005000000000001
2 0.08518333333333333 0.5591575 0.012816666666666667 0.0135975
2 0.06627 0.5659575 0.012503333333333333 0.0178175
2 0.054860000000000006 0.5486074999999999 0.013441666666666668 0.013130000000000001
2 0.06173833333333333 0.5321975 0.011566666666666668 0.0206325
2 0.011566666666666668 0.30197 0.023131666666666665 0.0243825
2 0.01016 0.3305725 0.017818333333333332 0.023445
2 0.78671 0.9828925000000001 0.03775333333333333 0.0342125
2 0.7522733333333333 0.993225 0.041325 0.013550000000000001
2 0.7203866666666666 0.92714 0.06020166666666666 0.08647750000000001
2 0.6938566666666667 0.6910499999999999 0.0551 0.0719375
2 0.9002266666666666 0.6022775 0.09744666666666665 0.1102
2 0.6581433333333333 0.4691175 0.04897833333333333 0.067345
2 0.56988 0.49705 0.13877166666666665 0.20433
2 0.6012566666666667 0.1488475 0.03826333333333334 0.052805