1 0.6148866666666667 0.5670625 0.044153333333333336 0.066065
1 0.28668666666666665 0.57241 0.03596 0.05054
1 0.46875666666666665 0.374 0.04389333333333333 0.07133
1 0.7380016666666667 0.2121275 0.040225 0.0613425
1 0.38908666666666664 0.4387675 0.03959166666666667 0.057390000000000004
1 0.64032 0.5204225 0.04136666666666666 0.060899999999999996
1 0.21681333333333336 0.3660425 0.03289 0.045845
1 0.8472833333333333 0.3344975 0.045836666666666664 0.06844750000000001
1 0.4182366666666667 0.6653975000000001 0.03682333333333333 0.052844999999999996
1 0.3163083333333333 0.6837949999999999 0.031413333333333335 0.0594425
1 0.31300333333333336 0.198265 0.03057666666666667 0.0383575
1 0.4686016666666667 0.6918099999999999 0.03419166666666667 0.0513925
1 0.16905333333333333 0.4089675 0.022948333333333334 0.035675
1 0.21696833333333332 0.4406375 0.023478333333333334 0.0373725
1 0.26217166666666664 0.5643575 0.025576666666666668 0.0500575
1 0.3257833333333333 0.36914749999999996 0.02427333333333333 0.032097499999999994
1 0.28898666666666667 0.21465 0.030245 0.04568
1 0.8852766666666666 0.3157275 0.04033166666666667 0.05817
1 0.32431 0.5846425000000001 0.042449999999999995 0.043340000000000004
1 0.23750833333333332 0.45309750000000004 0.020956666666666665 0.049425
1 0.22716666666666666 0.42534249999999996 0.017938333333333334 0.025595
1 0.6250950000000001 0.0133125 0.027785 0.0266225
1 0.7470233333333334 0.10122249999999999 0.017163333333333333 0.061950000000000005
1 0.915475 0.3392675 0.025701666666666668 0.0374375
1 0.7987516666666667 0.72685 0.05037333333333333 0.0776475