2 0.2225 0.566875 0.06 0.07875
2 0.22416666666666665 0.69125 0.06666666666666667 0.1025
2 0.28041666666666665 0.718125 0.07416666666666667 0.09625
2 0.32958333333333334 0.753125 0.0525 0.07375
2 0.33791666666666664 0.6825 0.05416666666666667 0.075
2 0.41875 0.69375 0.04583333333333333 0.07
2 0.56875 0.795 0.04583333333333333 0.065
2 0.6704166666666667 0.128125 0.034166666666666665 0.04625
2 0.7533333333333333 0.384375 0.03166666666666667 0.04125
2 0.7825 0.38125 0.028333333333333332 0.0375
2 0.8975 0.228125 0.03166666666666667 0.03875
2 0.9795833333333334 0.215625 0.04083333333333333 0.05375
2 0.9104166666666667 0.275625 0.05416666666666667 0.06375
2 0.7504166666666666 0.793125 0.034166666666666665 0.05875
2 0.92125 0.710625 0.0525 0.05875
2 0.9779166666666667 0.725 0.03916666666666667 0.0625
2 0.024583333333333332 0.466875 0.049166666666666664 0.08125