2 0.5090683333333333 0.154715 0.03372166666666667 0.03761
2 0.7794466666666667 0.463165 0.027133333333333336 0.0353075
2 0.6045933333333333 0.6774225 0.02592833333333333 0.039935000000000005
2 0.16334666666666667 0.9453550000000001 0.027243333333333335 0.035527500000000004
2 0.3232 0.0595625 0.022793333333333332 0.031002500000000002
2 0.51864 0.2388225 0.017294999999999998 0.0244125
2 0.5144383333333333 0.93559 0.031439999999999996 0.039917499999999995
2 0.24961000000000003 0.8961125 0.027501666666666664 0.03866
2 0.427265 0.153585 0.032611666666666664 0.0337025
2 0.18680999999999998 0.9309625 0.021746666666666664 0.031885000000000004
2 0.5882566666666666 0.6440625 0.02972666666666667 0.027024999999999997
2 0.26895833333333335 0.0982475 0.019793333333333333 0.02138
2 0.96729 0.38915249999999996 0.020479999999999998 0.0198525
2 0.6352483333333333 0.9745925 0.023535 0.02987
2 0.275645 0.3577375 0.025615 0.02958
2 0.19397166666666665 0.439735 0.019051666666666668 0.02468
2 0.5750483333333333 0.6172575 0.024993333333333336 0.040042499999999995
2 0.29036333333333336 0.7267825 0.022546666666666666 0.0337875
2 0.21790500000000002 0.740845 0.019588333333333333 0.0344375
2 0.24684999999999999 0.65203 0.015198333333333333 0.0257825
2 0.20065666666666668 0.8751224999999999 0.016233333333333336 0.02411
2 0.06243666666666667 0.943805 0.01913166666666667 0.026842500000000002
2 0.029385 0.94468 0.012558333333333333 0.0258475
0 0.6278516666666667 0.28117000000000003 0.013245 0.018965
0 0.3612516666666667 0.28874 0.01064 0.015622500000000001
0 0.59982 0.4527875 0.014261666666666666 0.02166
0 0.57721 0.5827975 0.014446666666666668 0.0180025
0 0.3931233333333333 0.4368675 0.010165 0.012199999999999999
0 0.4133416666666667 0.3653875 0.012979999999999998 0.0151825
0 0.42311 0.37627 0.009168333333333332 0.0116525
0 0.54692 0.3689325 0.013543333333333334 0.019355
0 0.5096083333333333 0.3928775 0.0070283333333333335 0.01276
0 0.664955 0.38178500000000004 0.007666666666666666 0.012955
0 0.8807566666666666 0.60074 0.010105000000000001 0.012414999999999999
0 0.8684933333333333 0.603705 0.010081666666666668 0.0083225
0 0.7199916666666666 0.38024 0.00641 0.0103
0 0.581365 0.4295925 0.013578333333333333 0.02212
0 0.4254533333333333 0.423675 0.015133333333333334 0.0180775
0 0.4254616666666667 0.4397325 0.011436666666666668 0.01789
0 0.22914166666666666 0.5051 0.008666666666666666 0.01607