2 0.3587716666666667 0.026595 0.03600333333333333 0.048625
2 0.421905 0.09921250000000001 0.03448333333333333 0.05238
2 0.48998166666666665 0.1954025 0.038285 0.0530775
2 0.3857733333333333 0.24634999999999999 0.036765 0.045442500000000004
2 0.4092266666666667 0.28480500000000003 0.030425 0.044765
2 0.301595 0.3783375 0.03270833333333333 0.03102
2 0.21450166666666667 0.31522500000000003 0.021298333333333336 0.028017499999999997
2 0.15365 0.3003975 0.024339999999999997 0.025745
2 0.09977166666666666 0.36275 0.01850833333333333 0.027227499999999998
2 0.18014666666666668 0.615255 0.021044999999999998 0.0347775
2 0.24061666666666667 0.6617075 0.03296166666666667 0.03662
2 0.3500233333333333 0.7692899999999999 0.0322 0.046195
2 0.34267 0.8266475000000001 0.03575 0.037685
2 0.154665 0.84077 0.026368333333333334 0.0339825
2 0.07809333333333333 0.938535 0.028396666666666667 0.042395
2 0.09520666666666666 0.9092625000000001 0.021551666666666667 0.024925
2 0.030933333333333334 0.8701025 0.025355 0.0287525
2 0.008366666666666666 0.8866499999999999 0.016735 0.0362725
2 0.011789999999999998 0.8425375 0.022058333333333333 0.030670000000000003
2 0.22984166666666667 0.9046975 0.0322 0.0340525
2 0.040315 0.8024249999999999 0.019776666666666665 0.0257525
2 0.39224000000000003 0.9928975 0.023833333333333335 0.014205
2 0.4984766666666667 0.9001475 0.022311666666666667 0.0298175
2 0.5183800000000001 0.7309475 0.028143333333333336 0.037965000000000006
2 0.40441 0.7290449999999999 0.01774833333333333 0.04329
2 0.618785 0.9219974999999999 0.019016666666666664 0.02986
2 0.505955 0.43675 0.03372166666666667 0.04972
2 0.5372683333333333 0.4776225 0.030933333333333334 0.0470325
2 0.5856966666666666 0.5357949999999999 0.024339999999999997 0.035590000000000004
2 0.5215483333333333 0.1851525 0.02789 0.040445
2 0.690665 0.5106675 0.044116666666666665 0.046947499999999996
2 0.7649549999999999 0.278175 0.03448333333333333 0.03607
2 0.72667 0.0411975 0.040060000000000005 0.059575
2 0.9145483333333333 0.2083 0.032455 0.035515
2 0.7738299999999999 0.4709375 0.033975 0.033665
2 0.8666283333333334 0.55806 0.021805 0.025355
2 0.8805733333333333 0.48671499999999995 0.028396666666666667 0.04468
2 0.48781 0.561575 0.03272 0.04389
2 0.6863316666666667 0.23096250000000002 0.033758333333333335 0.05217
2 0.5778883333333333 0.683625 0.035275 0.050825
2 0.13252166666666668 0.31368 0.024603333333333335 0.026627500000000002
2 0.3277716666666667 0.4407175 0.024116666666666665 0.0285725
2 0.37094999999999995 0.44884500000000005 0.02497 0.03496
2 0.2888566666666667 0.7584249999999999 0.033479999999999996 0.0412275