2 0.663505291005291 0.12759176587301588 0.037742504409171075 0.019955357142857143
2 0.43667548500881836 0.16028521825396824 0.029440035273368605 0.019107142857142857
2 0.5582054673721341 0.18002976190476191 0.035476190476190474 0.020381944444444446
2 0.7382363315696648 0.18682291666666667 0.03623456790123457 0.011889880952380952
2 0.10007936507936507 0.26804563492063493 0.017451499118165785 0.011259920634920635
2 0.006415343915343916 0.34252728174603175 0.012830687830687831 0.017609126984126984
2 0.27431657848324514 0.2794494047619048 0.025149911816578482 0.011547619047619048
2 0.29946649029982364 0.3280927579365079 0.03541446208112874 0.019342757936507936
2 0.3246119929453263 0.35104414682539686 0.039519400352733686 0.020208333333333335
2 0.42417989417989416 0.3005233134920635 0.038492063492063494 0.01732142857142857
2 0.32332892416225745 0.27367559523809526 0.011291887125220458 0.006351686507936508
2 0.34950176366843033 0.2465376984126984 0.022583774250440915 0.016743551587301588
2 0.47498677248677246 0.2543328373015873 0.03541446208112874 0.019630456349206352
2 0.5447839506172839 0.2751190476190476 0.03335978835978836 0.013278769841269841
2 0.5627469135802469 0.2859449404761905 0.037464726631393296 0.01992063492063492
2 0.49294973544973547 0.3060094246031746 0.028227513227513226 0.020786210317460318
2 0.4462477954144621 0.3462797619047619 0.04156966490299824 0.022229662698412696
2 0.9897486772486772 0.1775421626984127 0.020017636684303352 0.006929563492063492
2 0.8747883597883598 0.21752480158730159 0.012830687830687831 0.008948412698412699
2 0.755462962962963 0.30817460317460316 0.021556437389770724 0.004330357142857143
2 0.9448412698412699 0.312358630952381 0.02052910052910053 0.010391865079365079
2 0.9738359788359787 0.32275297619047616 0.03130511463844797 0.015590277777777778
2 0.43392857142857144 0.35999255952380954 0.04362433862433862 0.023095238095238096
2 0.06569223985890653 0.4252356150793651 0.0297663139329806 0.017899305555555557
2 0.06107142857142857 0.43938244047619046 0.023606701940035273 0.008082837301587303
2 0.3479629629629629 0.4017088293650794 0.02873897707231041 0.01703373015873016
2 0.5663403880070547 0.4325967261904762 0.039519400352733686 0.018764880952380953
2 0.6225396825396826 0.38828373015873013 0.042085537918871256 0.020786210317460318
2 0.7498148148148148 0.3773139880952381 0.0297663139329806 0.017899305555555557
2 0.7264638447971781 0.39910962301587305 0.03130511463844797 0.01645585317460317
2 0.749047619047619 0.4203273809523809 0.036437389770723104 0.017899305555555557
2 0.88505291005291 0.40156498015873016 0.02412257495590829 0.015590277777777778
2 0.9135361552028219 0.4907688492063492 0.04824074074074074 0.02367311507936508
2 0.6181746031746032 0.46233134920634916 0.036437389770723104 0.02107390873015873
2 0.9263668430335097 0.5534126984126985 0.024634038800705468 0.013278769841269841
2 0.7598236331569664 0.5320510912698413 0.039519400352733686 0.022517361111111113
2 0.7821516754850089 0.505203373015873 0.02052910052910053 0.013856646825396824
2 0.6040608465608466 0.5030381944444444 0.04105820105820106 0.017609126984126984
2 0.5157892416225749 0.5131423611111111 0.04105820105820106 0.022805059523809526
2 0.40082451499118166 0.536812996031746 0.037980599647266314 0.01992063492063492
2 0.47473104056437393 0.59859375 0.03695326278659612 0.01992063492063492
2 0.5889197530864198 0.5997470238095237 0.020017636684303352 0.014722222222222222
2 0.3361596119929453 0.493655753968254 0.02873897707231041 0.021939484126984127
2 0.2525044091710758 0.5066468253968254 0.03182098765432099 0.007504960317460318
2 0.501931216931217 0.625297619047619 0.04105820105820106 0.020786210317460318
2 0.48781746031746026 0.6561855158730158 0.02720017636684303 0.020786210317460318
2 0.5188668430335097 0.6918377976190475 0.03489858906525573 0.015300099206349206
2 0.5032142857142857 0.6804365079365079 0.03233245149911816 0.016165674603174605
2 0.5604365079365079 0.6838988095238095 0.03592592592592593 0.015590277777777778
2 0.6592328042328043 0.6430505952380953 0.025149911816578482 0.01587797619047619
2 0.6843827160493827 0.6286160714285715 0.029254850088183418 0.014722222222222222
2 0.5812257495590829 0.6395858134920634 0.015908289241622575 0.006639384920634921
2 0.49885361552028223 0.6378546626984127 0.026688712522045854 0.008948412698412699
2 0.9307275132275131 0.6133159722222222 0.03541446208112874 0.017609126984126984