2 0.5101587301587301 0.3672045855379189 0.08595238095238095 0.13732804232804233
2 0.606999007936508 0.3934611992945326 0.09569940476190476 0.1423148148148148
2 0.4784747023809524 0.5413624338624339 0.060610119047619045 0.08294532627865961
2 0.6705679563492064 0.6221957671957672 0.0959250992063492 0.15642416225749559
2 0.8007217261904762 0.6996869488536156 0.08671875 0.13504409171075837
2 0.9572197420634921 0.7586772486772487 0.08556051587301587 0.12662698412698412
2 0.8582217261904762 0.8673015873015872 0.05291170634920635 0.09108024691358024
2 0.8029265873015873 0.7950176366843034 0.07256200396825396 0.0769973544973545
2 0.9472991071428571 0.14688271604938272 0.09879216269841269 0.16111992945326278
2 0.9359449404761905 0.03288800705467372 0.04632192460317461 0.06578042328042329
2 0.6417385912698412 0.9409171075837742 0.049836309523809526 0.08546737213403881
2 0.044228670634920635 0.9527689594356261 0.0585218253968254 0.09446649029982364
2 0.18621775793650794 0.7646208112874779 0.03165426587301587 0.0532716049382716
2 0.943501984126984 0.6074294532627866 0.05977926587301587 0.07104938271604938