2 0.6779166666666666 0.279375 0.07916666666666666 0.09375
2 0.925 0.355 0.03666666666666667 0.065
2 0.5558333333333333 0.434375 0.06166666666666667 0.07375
2 0.4975 0.520625 0.06666666666666667 0.07875
2 0.4429166666666667 0.521875 0.06416666666666666 0.08875
2 0.38708333333333333 0.444375 0.07083333333333333 0.06875
2 0.43583333333333335 0.40375 0.06166666666666667 0.09
2 0.11041666666666666 0.67375 0.07583333333333334 0.065
2 0.24208333333333334 0.643125 0.049166666666666664 0.07375
2 0.23791666666666667 0.7025 0.04416666666666667 0.06
2 0.23291666666666666 0.609375 0.0425 0.05125
2 0.9058333333333334 0.88625 0.04833333333333333 0.0525
2 0.8991666666666667 0.84625 0.05 0.0575
2 0.7908333333333334 0.700625 0.04 0.08875
2 0.4925 0.338125 0.035 0.06125
2 0.9166666666666666 0.9675 0.06166666666666667 0.065
2 0.96875 0.924375 0.0325 0.07125