2 0.488694885361552 0.21953124999999998 0.07745590828924162 0.046887400793650794
2 0.9454144620811287 0.16947916666666668 0.07819664902998236 0.04102678571428571
2 0.6417372134038801 0.3551488095238095 0.08812610229276896 0.055223214285714285
2 0.5759876543209876 0.36050347222222223 0.07126543209876543 0.053531746031746034
2 0.41763227513227513 0.3182291666666666 0.0632010582010582 0.04338789682539682
2 0.5034259259259259 0.3377306547619048 0.07605379188712523 0.042710813492063494
2 0.5605555555555555 0.2990079365079365 0.05803350970017637 0.032229662698412695
2 0.8369753086419753 0.4834375 0.09059082892416226 0.04890625
2 0.571278659611993 0.5465104166666667 0.09271604938271605 0.053524305555555554
2 0.4920017636684303 0.5520337301587303 0.07084215167548501 0.04473214285714286
2 0.6036375661375661 0.5832614087301587 0.07625220458553791 0.026741071428571427
2 0.9324867724867726 0.6879340277777778 0.07197530864197531 0.041230158730158735
2 0.6594753086419753 0.7325744047619047 0.04864197530864197 0.026349206349206348
2 0.1943342151675485 0.6627380952380952 0.04869929453262787 0.03300347222222222
2 0.14702821869488536 0.658623511904762 0.051089065255731925 0.03221478174603174
2 0.17429012345679012 0.7053497023809523 0.052702821869488534 0.028943452380952382
2 0.2385273368606702 0.7312227182539682 0.04369488536155203 0.01603918650793651
2 0.24264109347442678 0.7112127976190477 0.04831128747795414 0.03074652777777778
2 0.42174603174603176 0.6790848214285715 0.067010582010582 0.04089285714285714
2 0.2601807760141094 0.4227876984126984 0.06134920634920634 0.04169394841269842
2 0.336141975308642 0.4137127976190476 0.08656084656084656 0.050823412698412694
2 0.18511463844797177 0.314000496031746 0.039074074074074074 0.022532242063492063
2 0.14823192239858907 0.32408978174603176 0.044673721340388 0.02039186507936508
2 0.14110670194003527 0.34088789682539683 0.03329805996472663 0.015458829365079365
2 0.1388095238095238 0.5389583333333333 0.0434700176366843 0.023539186507936505
2 0.1899162257495591 0.5522594246031746 0.030679012345679012 0.014340277777777778
2 0.6194179894179894 0.47469742063492065 0.041318342151675486 0.024481646825396823
2 0.08852292768959436 0.4531919642857143 0.04604056437389771 0.019955357142857143
2 0.05074074074074074 0.4477380952380952 0.02279100529100529 0.011312003968253968
2 0.06107583774250441 0.46314732142857146 0.028985890652557317 0.013333333333333332
2 0.7251322751322751 0.40369791666666666 0.03138888888888889 0.018311011904761903
2 0.7320855379188712 0.3377380952380952 0.061397707231040564 0.038070436507936505
2 0.9799823633156967 0.35134672619047624 0.040030864197530866 0.043779761904761905
2 0.9163315696649029 0.49669146825396826 0.07170194003527337 0.043258928571428566
2 0.34818342151675485 0.2187673611111111 0.05171516754850088 0.02924107142857143
2 0.5604761904761905 0.2129017857142857 0.06671075837742504 0.03342509920634921
2 0.30158730158730157 0.22375248015873014 0.040868606701940036 0.02503968253968254
2 0.7845149911816578 0.0815749007936508 0.031084656084656083 0.01734375