1 0.7107133333333333 0.26498 0.075265 0.12806
1 0.8813616666666667 0.08152 0.101125 0.1497125
1 0.920465 0.6596175 0.08959500000000001 0.12709
1 0.5084949999999999 0.070435 0.07327833333333333 0.0969175
1 0.920475 0.8565075000000001 0.075215 0.09339499999999999
1 0.415715 0.6069 0.04676666666666667 0.0809325
1 0.5558616666666667 0.6771975 0.05069333333333334 0.07029250000000001
1 0.8506333333333334 0.18753 0.06939833333333333 0.0976075
1 0.5671666666666667 0.51532 0.048780000000000004 0.060505
1 0.8274133333333332 0.24256 0.06724 0.08484
1 0.4708333333333333 0.131875 0.04833333333333333 0.06125