2 0.3373015873015873 0.21458112874779542 0.026455853174603174 0.0470326278659612
2 0.3125 0.41740299823633153 0.028107638888888887 0.04409171075837742
2 0.16589037698412698 0.3547663139329806 0.01836309523809524 0.04353174603174603
2 0.03693204365079365 0.3812477954144621 0.023261408730158733 0.02394179894179894
2 0.06631448412698412 0.2640828924162258 0.017547123015873016 0.02466490299823633
2 0.08549603174603175 0.5005908289241622 0.011019345238095238 0.021763668430335097
2 0.1346701388888889 0.4918871252204585 0.009794146825396826 0.018862433862433862
2 0.31647569444444446 0.4537962962962963 0.020813492063492065 0.028293650793650794
2 0.42380456349206347 0.47810405643738974 0.023261408730158733 0.04643298059964727
2 0.4491046626984127 0.5103880070546737 0.02652529761904762 0.03700176366843034
2 0.46012400793650793 0.4693959435626102 0.02652529761904762 0.04498236331569665
2 0.45257440476190475 0.5785846560846561 0.031830357142857146 0.054413580246913576
2 0.4807316468253968 0.6054276895943562 0.032646329365079364 0.05731481481481482
2 0.4182936507936508 0.7164285714285714 0.0301984126984127 0.04570546737213404
2 0.32892113095238096 0.7915167548500882 0.029382440476190475 0.05078483245149912
2 0.4578794642857143 0.04752204585537919 0.018772321428571426 0.04135361552028219
2 0.44216765873015873 0.11861992945326277 0.01673115079365079 0.038452380952380946
2 0.34973462301587305 0.14147266313932982 0.022036210317460315 0.04062610229276896
2 0.36891617063492066 0.32248236331569663 0.017140376984126984 0.03555114638447972
2 0.5378645833333333 0.8774867724867725 0.023668154761904765 0.03700176366843034
2 0.46073660714285714 0.8832936507936507 0.02611855158730159 0.044254850088183424
2 0.4572668650793651 0.917389770723104 0.023261408730158733 0.03990299823633157
2 0.49073164682539683 0.9253703703703703 0.024893353174603176 0.05005731922398589
2 0.727219742063492 0.7378306878306878 0.01550843253968254 0.049334215167548504
2 0.6676388888888889 0.8836552028218695 0.022036210317460315 0.027570546737213403
2 0.6758010912698412 0.9268209876543211 0.01632440476190476 0.028293650793650794
2 0.9039236111111111 0.9046957671957672 0.021220238095238094 0.037724867724867724
2 0.8682167658730159 0.9750661375661375 0.022445436507936508 0.03047178130511464
2 0.927594246031746 0.5234479717813051 0.018772321428571426 0.028293650793650794
2 0.7553794642857143 0.17194444444444446 0.03754464285714285 0.049334215167548504
2 0.9086160714285714 0.07980599647266313 0.01673115079365079 0.03192239858906526
2 0.747624007936508 0.12152116402116403 0.02611855158730159 0.044254850088183424
2 0.9944196428571429 0.32706349206349206 0.011160714285714286 0.037680776014109345
2 0.731031746031746 0.34868606701940036 0.036135912698412695 0.033972663139329805
2 0.01515625 0.9827998236331569 0.02273561507936508 0.03293650793650794
2 0.12862847222222223 0.780326278659612 0.012209821428571428 0.026199294532627867
2 0.353546626984127 0.9786375661375663 0.027437996031746032 0.04272927689594356
2 0.31011656746031746 0.7823544973544974 0.015476190476190475 0.03950617283950617
2 0.6880729166666667 0.8225881834215168 0.022147817460317458 0.04824074074074074
2 0.5558854166666667 0.8078659611992945 0.02673611111111111 0.03440917107583775
2 0.5662599206349206 0.7443738977072311 0.024742063492063492 0.05569223985890653
2 0.5451116071428571 0.7690255731922399 0.024342757936507937 0.029797178130511463
2 0.6175520833333333 0.08329805996472663 0.033720238095238095 0.05367283950617284
2 0.6039285714285714 0.2549514991181658 0.014704861111111111 0.024047619047619047
2 0.407921626984127 0.08511022927689595 0.016088789682539684 0.023721340388007054