1 0.30182000000000003 0.3370075 0.05232833333333334 0.072925
1 0.28202 0.5816775 0.036865 0.0572125
1 0.8676516666666666 0.5162899999999999 0.028136666666666664 0.038814999999999995
1 0.079535 0.36469 0.057078333333333335 0.0722225
1 0.6017916666666666 0.4342675 0.027276666666666668 0.045527500000000005
1 0.6910433333333333 0.6189349999999999 0.035525 0.0549925
1 0.24645666666666666 0.6065675 0.03949333333333333 0.06328
1 0.6497266666666667 0.66126 0.03265 0.04998
1 0.37915166666666666 0.31013999999999997 0.031498333333333337 0.059245
1 0.2144 0.581175 0.031468333333333334 0.0503525
1 0.08741833333333333 0.603205 0.054386666666666666 0.0734675
1 0.2450716666666667 0.8820800000000001 0.03506 0.062052500000000003
1 0.4017583333333334 0.369195 0.03908 0.05337
1 0.6474033333333333 0.1361075 0.03177 0.048847499999999995
1 0.48117666666666664 0.393975 0.03306833333333333 0.04415
1 0.53687 0.14517 0.03306166666666667 0.0509925
1 0.5941150000000001 0.2615525 0.03359666666666667 0.050375
1 0.06443 0.6567875 0.049870000000000005 0.0657025
1 0.3817516666666667 0.220355 0.04825666666666667 0.06672499999999999
1 0.7068616666666667 0.0496025 0.021959999999999997 0.0347825
1 0.702695 0.134065 0.019906666666666666 0.0337
1 0.5120216666666667 0.29264999999999997 0.028236666666666663 0.0417125
1 0.537535 0.289845 0.021421666666666665 0.0319025
1 0.7558783333333334 0.47136 0.029916666666666668 0.045105
1 0.7854733333333334 0.5332425 0.020075 0.0331325
1 0.8517966666666666 0.6160025 0.022116666666666666 0.036332500000000004
2 0.7455783333333333 0.52652 0.018645000000000002 0.0294925
1 0.61952 0.27182249999999997 0.024006666666666666 0.04624
1 0.6723116666666666 0.268295 0.017641666666666667 0.0293925
1 0.5813433333333333 0.153215 0.027878333333333335 0.048310000000000006
1 0.5786683333333333 0.670885 0.02346166666666667 0.0383575
1 0.5694716666666667 0.701975 0.027458333333333335 0.03477
1 0.5502233333333334 0.74156 0.025345 0.0411775
1 0.6500616666666666 0.74222 0.015123333333333332 0.027094999999999998
1 0.670315 0.7478025 0.018313333333333334 0.0228675
1 0.6763783333333333 0.761595 0.019001666666666667 0.02091
1 0.7540300000000001 0.7107424999999999 0.021555 0.02991
1 0.18660666666666667 0.0102325 0.033348333333333334 0.020465
1 0.5542366666666667 0.026914999999999998 0.029048333333333332 0.04183
1 0.4561033333333333 0.44660500000000003 0.024569999999999998 0.037454999999999995
1 0.146375 0.9047675000000001 0.022258333333333335 0.036095
1 0.070965 0.42977499999999996 0.036513333333333335 0.054262500000000005
1 0.3914333333333333 0.7220599999999999 0.02072 0.028480000000000002