2 0.3190696649029982 0.12453621031746032 0.13581569664902998 0.07534970238095239
2 0.3348853615520282 0.19674603174603175 0.10418871252204585 0.054419642857142854
2 0.4465123456790124 0.1925595238095238 0.1302336860670194 0.07534970238095239
2 0.5525617283950618 0.2150595238095238 0.10418871252204585 0.07220982142857142
2 0.04279100529100529 0.38354910714285717 0.08558201058201058 0.07848958333333333
2 0.06418430335097002 0.45628224206349205 0.12837301587301586 0.06488343253968254
2 0.18139770723104057 0.4709325396825397 0.061397707231040564 0.03139632936507936
2 0.2418606701940035 0.47197916666666667 0.03720899470899471 0.020930059523809524
2 0.4734920634920635 0.4400595238095238 0.06883597883597883 0.04918650793650794
2 0.40372134038800706 0.526922123015873 0.09674603174603175 0.05337301587301587
2 0.6390740740740741 0.5677356150793651 0.1097663139329806 0.047093253968253965
2 0.5274426807760141 0.6640153769841269 0.09116402116402116 0.045
2 0.4 0.6006994047619048 0.07813932980599647 0.043953373015873015
2 0.5748853615520282 0.5792460317460317 0.06697530864197532 0.04290674603174603
2 0.08930335097001764 0.6075024801587301 0.03348765432098766 0.01988343253968254
2 0.7409303350970018 0.6370684523809523 0.022680776014109345 0.010205853174603175
2 0.7239197530864198 0.5958159722222222 0.026463844797178133 0.010205853174603175
2 0.6105114638447973 0.6615228174603175 0.026463844797178133 0.014035218253968255
2 0.576111111111111 0.675344742063492 0.03477954144620811 0.013608630952380952
2 0.8554717813051147 0.5764657738095238 0.03402116402116402 0.010632440476190476
2 0.9722839506172839 0.564985119047619 0.04536155202821869 0.01148313492063492
2 0.8891181657848325 0.4165625 0.03477954144620811 0.015734126984126982
2 0.9129320987654321 0.3157713293650794 0.023439153439153437 0.01828621031746032
2 0.9083994708994709 0.4027405753968254 0.03704585537918871 0.013608630952380952