0 0.5178983333333333 0.4186575 0.02632666666666667 0.036405
0 0.5401116666666667 0.4282225 0.013163333333333334 0.030852499999999998
0 0.5596516666666667 0.4396375 0.02920666666666667 0.029
0 0.5421683333333334 0.45352 0.03044 0.0481275
0 0.5800133333333333 0.4633925 0.020568333333333334 0.013574999999999999
0 0.23467833333333332 0.469255 0.014396666666666665 0.0252975
0 0.24146666666666666 0.4550625 0.013986666666666666 0.015425000000000001
0 0.27252333333333334 0.4458075 0.019333333333333334 0.021595
0 0.3058433333333333 0.5217025 0.01193 0.020362500000000002
0 0.315305 0.5318849999999999 0.008638333333333333 0.01234
0 0.32271 0.5309575 0.006993333333333333 0.0080225
0 0.31592166666666666 0.5028825 0.011518333333333334 0.0172775
0 0.526125 0.24373 0.01234 0.019745000000000002
0 0.5483383333333334 0.223675 0.01563166666666667 0.017895
0 0.5154299999999999 0.47357499999999997 0.02632666666666667 0.038872500000000004
0 0.38009333333333334 0.7142175 0.013986666666666666 0.0129575
0 0.36651833333333333 0.7287175 0.014808333333333333 0.0222125
0 0.3914066666666667 0.7487725000000001 0.00617 0.0117225
2 0.46771333333333337 0.57014 0.010695 0.013574999999999999
2 0.6402766666666666 0.6895375 0.007815 0.010490000000000001
0 0.6063149999999999 0.8486575000000001 0.009828333333333333 0.0129
0 0.6136866666666666 0.854185 0.011056666666666668 0.0110575
0 0.113645 0.6703574999999999 0.020886666666666664 0.0359375
0 0.12808166666666668 0.64732 0.025186666666666666 0.03225
0 0.12439666666666667 0.6966175 0.027643333333333336 0.040545000000000005
0 0.10566 0.7016849999999999 0.009828333333333333 0.0175075
0 0.04914333333333334 0.8131825 0.019658333333333333 0.02488
0 0.05283 0.79383 0.014743333333333332 0.019350000000000003
0 0.06880166666666666 0.8735375000000001 0.014743333333333332 0.038700000000000005
0 0.05712999999999999 0.8864375 0.009828333333333333 0.01843
0 0.049758333333333335 0.9154625 0.020886666666666664 0.0340925
0 0.18429 0.0801675 0.0172 0.020272500000000002
0 0.17016166666666668 0.09214499999999999 0.019658333333333333 0.027642499999999997
0 0.09245166666666667 0.011980000000000001 0.04115833333333333 0.0239575
0 0.136375 0.0138225 0.015971666666666665 0.027642499999999997
0 0.44199 0.39576249999999996 0.014128333333333333 0.0175075
0 0.4616483333333333 0.4045175 0.010443333333333332 0.01843
0 0.394995 0.16816499999999998 0.01842833333333333 0.02488
0 0.40390333333333334 0.16632249999999998 0.022728333333333333 0.0211925
0 0.4075883333333334 0.14605 0.0215 0.019350000000000003
0 0.274285 0.20686500000000002 0.014128333333333333 0.0267225
0 0.286265 0.1792225 0.009828333333333333 0.0175075
0 0.58758 0.898415 0.010443333333333332 0.0239575
0 0.48499166666666665 0.751445 0.012900000000000002 0.019350000000000003
0 0.5200066666666666 0.6035499999999999 0.009215 0.016585000000000003
0 0.5123266666666667 0.624745 0.011056666666666668 0.0147425
0 0.4932283333333333 0.62966 0.0062250000000000005 0.0105825
0 0.5009049999999999 0.6081825 0.006640000000000001 0.008715
0 0.444465 0.36074 0.01577 0.0255225
0 0.4591983333333333 0.36136250000000003 0.008715 0.0168075