1 0.916585 0.12985249999999998 0.06141666666666667 0.0819025
2 0.18471666666666667 0.4295 0.04054833333333333 0.060495
1 0.653125 0.041960000000000004 0.04008166666666667 0.0622275
1 0.8432383333333334 0.32638 0.04958666666666666 0.0729875
1 0.5624683333333333 0.32241000000000003 0.028314999999999996 0.047107500000000004
1 0.837945 0.429455 0.05038666666666666 0.052344999999999996
1 0.12253166666666668 0.15563749999999998 0.033215 0.0464675
2 0.21396666666666667 0.2432125 0.020591666666666668 0.02973
1 0.43791166666666664 0.909575 0.039843333333333335 0.04205
1 0.5654466666666667 0.21051750000000002 0.034425000000000004 0.048275
1 0.33971 0.294465 0.02371166666666667 0.03481