2 0.1175 0.43022000000000005 0.058333333333333334 0.06544
2 0.19222166666666665 0.037845 0.03777833333333333 0.044039999999999996
2 0.3125 0.458125 0.04833333333333333 0.0762525
2 0.35611166666666666 0.4602275 0.034444999999999996 0.0445425
2 0.5008333333333334 0.4693775 0.03166666666666667 0.043755
2 0.258055 0.7671950000000001 0.04611166666666667 0.06439249999999999
2 0.21194500000000002 0.8263425 0.05388833333333333 0.0626875
2 0.3361166666666667 0.01688 0.030516666666666664 0.0337625
2 0.528775 0.28867000000000004 0.017111666666666667 0.0254625
2 0.3045833333333333 0.115625 0.035833333333333335 0.04625
2 0.2816666666666667 0.683125 0.045 0.06625
2 0.18583333333333332 0.613125 0.041666666666666664 0.04625
2 0.49375 0.680625 0.0225 0.02875
2 0.3904166666666667 0.1025 0.0225 0.04