0 0.22974333333333333 0.5261775 0.01792 0.027892499999999997
0 0.3438533333333333 0.514005 0.020286666666666668 0.026879999999999998
0 0.15705 0.5812025 0.011833333333333333 0.008115
0 0.18680333333333332 0.5987 0.005071666666666667 0.0086225
0 0.4466366666666667 0.45897750000000004 0.012171666666666667 0.0243425
0 0.4610066666666667 0.4676 0.014538333333333334 0.031445
0 0.4329433333333333 0.539615 0.010481666666666667 0.0182575
0 0.23211 0.34867000000000004 0.015891666666666665 0.020792500000000002
0 0.22112166666666666 0.368705 0.011495 0.0192725
0 0.22585500000000003 0.38315750000000004 0.01825833333333333 0.016735
0 0.21216166666666667 0.3045475 0.011833333333333333 0.016735
0 0.21993666666666664 0.30429500000000004 0.010481666666666667 0.0111575
0 0.24242166666666667 0.276655 0.010143333333333334 0.020792500000000002
0 0.26896333333333333 0.2581425 0.01251 0.0243425
0 0.26592 0.2700625 0.013186666666666668 0.019780000000000002
0 0.3707316666666666 0.2789375 0.010481666666666667 0.0192725
0 0.35940666666666665 0.3261025 0.010143333333333334 0.014199999999999999
0 0.36329333333333336 0.338275 0.01251 0.0111575
0 0.36802833333333335 0.3268625 0.005748333333333334 0.01065
0 0.3727616666666667 0.319255 0.005748333333333334 0.011664999999999998
0 0.3796916666666667 0.3200175 0.006761666666666667 0.008115
0 0.1606 0.39177999999999996 0.006761666666666667 0.0076075
0 0.16296666666666665 0.402175 0.006086666666666667 0.008115
0 0.16736166666666666 0.4062325 0.004733333333333333 0.0070999999999999995
0 0.15079499999999998 0.4447775 0.006761666666666667 0.0121725
0 0.15840166666666666 0.442495 0.0030433333333333337 0.0086225
0 0.11174333333333333 0.4118125 0.005071666666666667 0.0070999999999999995
0 0.12493000000000001 0.4285475 0.005071666666666667 0.006085
0 0.133045 0.4616375 0.018458333333333334 0.0256675
0 0.13970000000000002 0.474945 0.007208333333333333 0.0097425
0 0.12829166666666666 0.47655000000000003 0.005625 0.00915
0 0.125995 0.448685 0.013229999999999999 0.018775
2 0.172915 0.41943 0.026831666666666667 0.0257125
0 0.21167166666666667 0.3516075 0.011925 0.0130425
0 0.21602 0.49731749999999997 0.010683333333333333 0.0219875
0 0.19477833333333336 0.5064474999999999 0.009938333333333334 0.02534
0 0.19564833333333334 0.530485 0.012669999999999999 0.0219875
0 0.14471666666666666 0.6253275 0.008695 0.010435
0 0.149065 0.6189925 0.0059633333333333335 0.0067075
0 0.07055666666666666 0.6120975 0.012918333333333334 0.0115525
0 0.07142666666666667 0.6016625 0.010683333333333333 0.0130425
0 0.05130333333333333 0.63278 0.013664999999999998 0.0074525
0 0.05279333333333333 0.641165 0.008198333333333334 0.0115525
0 0.03366333333333333 0.7030275 0.011676666666666667 0.014535
0 0.04397333333333333 0.699115 0.00646 0.008945
0 0.04360166666666667 0.707125 0.009191666666666666 0.00857
0 0.008198333333333334 0.5422224999999999 0.005465 0.0081975
0 0.015155000000000002 0.5455774999999999 0.00795 0.016397500000000002
0 0.026458333333333334 0.583215 0.014161666666666666 0.020122499999999998
0 0.02894333333333333 0.5930925 0.007205 0.00857
0 0.028483333333333333 0.4500575 0.00522 0.00817
0 0.025873333333333335 0.4963575 0.004085 0.010212500000000001
0 0.04425666666666667 0.5273375 0.006355 0.00749
0 0.3101383333333333 0.39354500000000003 0.006128333333333334 0.010212500000000001
0 0.3150183333333333 0.3909925 0.004993333333333333 0.005787499999999999
0 0.3334016666666667 0.38809750000000004 0.004993333333333333 0.011574999999999998
0 0.33782666666666666 0.400865 0.017021666666666668 0.016
0 0.38072333333333336 0.47491 0.009304999999999999 0.0136175
0 0.3922966666666667 0.486485 0.010213333333333333 0.01566
0 0.39842500000000003 0.4563575 0.004766666666666667 0.00783
0 0.437235 0.300265 0.007489999999999999 0.01634
0 0.446995 0.315585 0.007489999999999999 0.010895
0 0.4404133333333333 0.314395 0.007489999999999999 0.0132775
0 0.4441566666666667 0.323755 0.004085 0.0054475
0 0.45335 0.3089475 0.007943333333333333 0.00783
0 0.385715 0.3440125 0.008396666666666667 0.01464
0 0.36748000000000003 0.5969650000000001 0.013609999999999999 0.020792500000000002
0 0.3820983333333334 0.6051875 0.011846666666666667 0.0266525
0 0.38071166666666667 0.5890275 0.00857 0.012475
0 0.38764333333333334 0.589215 0.007056666666666667 0.013609999999999999
0 0.3756083333333333 0.601785 0.005166666666666667 0.013422499999999999
0 0.3572716666666667 0.6209724999999999 0.00378 0.0071825000000000005
0 0.33477666666666667 0.6105750000000001 0.003906666666666667 0.0052925
0 0.33887333333333336 0.6097250000000001 0.00378 0.005105
0 0.34926999999999997 0.5331575000000001 0.016448333333333332 0.0123375
0 0.3355033333333333 0.533025 0.008225 0.008315
0 0.19946833333333333 0.757995 0.012416666666666666 0.01957
2 0.15646166666666667 0.7530025 0.03473 0.0546575
0 0.25174 0.8925449999999999 0.007968333333333334 0.013855000000000001
2 0.49485500000000004 0.6112925 0.035888333333333335 0.062204999999999996
2 0.45133166666666663 0.8804425 0.032238333333333334 0.0601
2 0.2903716666666667 0.70014 0.026251666666666666 0.047665
2 0.32307 0.8859675 0.023488333333333333 0.0407575
2 0.5680783333333334 0.63313 0.030856666666666664 0.0614825
0 0.498095 0.3959075 0.024551666666666666 0.0416025
0 0.490365 0.4213125 0.008183333333333334 0.013980000000000001
0 0.4770666666666667 0.39352 0.010230000000000001 0.0190975
0 0.48525 0.40051 0.005228333333333333 0.009890000000000001
0 0.4961616666666666 0.4405775 0.010685 0.01705
0 0.5045733333333333 0.4919 0.02796166666666667 0.032395
0 0.5107116666666667 0.514405 0.02296166666666667 0.0228475
0 0.5311716666666667 0.52566 0.023415000000000002 0.0296675
0 0.5391283333333333 0.48558999999999997 0.013413333333333334 0.032055
0 0.5414016666666667 0.5043475000000001 0.012958333333333334 0.0177325
0 0.5196916666666667 0.528045 0.015005000000000001 0.031032499999999998
0 0.5078699999999999 0.4739975 0.015913333333333335 0.021825
0 0.46103833333333333 0.5069049999999999 0.007730000000000001 0.013980000000000001
0 0.44558 0.5450975 0.004091666666666667 0.005115000000000001
0 0.4546733333333333 0.5270225000000001 0.0036366666666666665 0.005797500000000001
0 0.4376233333333333 0.5520875 0.005456666666666667 0.0068200000000000005
0 0.5184416666666667 0.3844825 0.020688333333333333 0.0228475
0 0.5378783333333333 0.39522500000000005 0.015005000000000001 0.0429675
0 0.5533366666666667 0.435975 0.025006666666666667 0.022165
0 0.55993 0.4083525 0.013640000000000001 0.0160275
0 0.5700466666666667 0.40017 0.02296166666666667 0.0228475
0 0.57141 0.4199475 0.012048333333333335 0.013980000000000001
0 0.560725 0.41773000000000005 0.00932 0.010230000000000001
0 0.5753883333333333 0.4301775 0.024551666666666666 0.013300000000000001
0 0.574935 0.44433 0.007274999999999999 0.0129575
0 0.5373100000000001 0.3573725 0.012503333333333333 0.015005000000000001
0 0.50878 0.3505525 0.019096666666666668 0.021142499999999998
0 0.5246933333333333 0.32924000000000003 0.010003333333333335 0.013300000000000001
0 0.5277616666666667 0.31815750000000004 0.014776666666666665 0.0231875
0 0.5345816666666666 0.3399825 0.016595 0.021142499999999998
0 0.52583 0.3454375 0.007730000000000001 0.021825
0 0.5118483333333333 0.33503750000000004 0.01114 0.020120000000000002
0 0.517645 0.317305 0.005456666666666667 0.011935000000000001
0 0.5079833333333333 0.36283 0.009774999999999999 0.0109125
0 0.52367 0.3672625 0.007501666666666666 0.012275000000000001
0 0.514235 0.3720375 0.0068200000000000005 0.011595000000000001
0 0.6239250000000001 0.37988 0.006593333333333334 0.011595000000000001
0 0.6168783333333333 0.38073250000000003 0.007501666666666666 0.0160275
0 0.5994866666666667 0.39062 0.007274999999999999 0.008525
0 0.634155 0.45438999999999996 0.02159666666666667 0.035805
0 0.61881 0.4552425 0.009548333333333334 0.018415
0 0.6400666666666667 0.49241 0.012958333333333334 0.027962499999999998
0 0.6339283333333333 0.5253175 0.020688333333333333 0.0412625
0 0.5285816666666666 0.7568425 0.018088333333333335 0.0404775
0 0.53733 0.7581775000000001 0.006523333333333333 0.021795000000000002
0 0.4072966666666667 0.7993224999999999 0.014530000000000001 0.0258
0 0.40018 0.77597 0.010378333333333333 0.020905
0 0.41485833333333333 0.78153 0.010674999999999999 0.02135
0 0.4129316666666667 0.75462 0.011565 0.0182375
0 0.4688283333333333 0.81111 0.008303333333333333 0.0146775
0 0.4534083333333333 0.9423275 0.021351666666666668 0.0271325
0 0.4093733333333333 0.9467775 0.010378333333333333 0.013789999999999998
0 0.4835083333333334 0.9403275 0.012158333333333333 0.019572500000000003
0 0.4714983333333333 0.9536699999999999 0.010081666666666668 0.0151225
0 0.46734666666666663 0.9076325000000001 0.01542 0.022685
0 0.6614316666666666 0.9890675 0.02342666666666667 0.021865
0 0.709985 0.331975 0.013938333333333332 0.0361125
0 0.69742 0.3253225 0.008658333333333334 0.0145725
0 0.68834 0.3658675 0.020906666666666667 0.0228075
0 0.68834 0.4179775 0.020906666666666667 0.030727499999999998
0 0.7077683333333333 0.42985500000000004 0.017528333333333333 0.02851
0 0.7230783333333334 0.44965499999999997 0.013093333333333334 0.0148875
0 0.6593033333333334 0.342745 0.009715 0.0114025
0 0.6289983333333333 0.31534500000000004 0.012036666666666666 0.012355
0 0.5374966666666666 0.20445249999999998 0.012335 0.0222025
0 0.60349 0.2116225 0.015418333333333334 0.016190000000000003
0 0.5438183333333333 0.1748475 0.014493333333333332 0.0222025
0 0.5848333333333333 0.035617499999999996 0.016343333333333335 0.023127500000000002
0 0.5538416666666667 0.02174 0.009251666666666667 0.0166525
0 0.56926 0.009715 0.012951666666666665 0.019427499999999997
0 0.7650783333333334 0.11194 0.012335 0.019427499999999997
0 0.8096383333333333 0.1052325 0.024978333333333335 0.032842500000000004
0 0.77803 0.1783175 0.020353333333333334 0.0282175
0 0.7310016666666667 0.7567525 0.020661666666666665 0.024052499999999997
0 0.743645 0.7417174999999999 0.020045 0.02729
0 0.7331616666666667 0.721135 0.013876666666666667 0.0148025
0 0.665935 0.708415 0.013876666666666667 0.020815
0 0.6737983333333333 0.6982375 0.017268333333333333 0.02544
0 0.67349 0.67349 0.013568333333333333 0.0222025
0 0.6924549999999999 0.692455 0.020045 0.0268275
0 0.7060233333333333 0.70217 0.008943333333333333 0.0268275
0 0.685055 0.6795025 0.012026666666666666 0.0166525
0 0.7769499999999999 0.8148025 0.012026666666666666 0.02174
0 0.7766416666666667 0.6721024999999999 0.013876666666666667 0.0166525
0 0.7959149999999999 0.9655975 0.011101666666666666 0.02174
0 0.7348566666666667 0.8888125 0.012335 0.017115
0 0.7795716666666667 0.8453324999999999 0.008635 0.015265
0 0.7875883333333333 0.9327575 0.011718333333333334 0.018965
0 0.7047899999999999 0.8744725 0.011409999999999998 0.017115
0 0.6818166666666666 0.8529650000000001 0.010485 0.0148025
0 0.7003183333333333 0.7287675 0.012951666666666665 0.02544
0 0.7746366666666666 0.55253 0.019736666666666666 0.0319175
0 0.7448783333333334 0.5553049999999999 0.014493333333333332 0.0282175
0 0.7347033333333334 0.551605 0.008326666666666666 0.017115
0 0.7407166666666667 0.540735 0.008018333333333334 0.0120275
0 0.7283816666666667 0.6117374999999999 0.009251666666666667 0.01804
0 0.8063999999999999 0.3670425 0.011718333333333334 0.02359
0 0.7539766666666666 0.19659000000000001 0.019736666666666666 0.031455
0 0.7621483333333334 0.20375749999999998 0.014493333333333332 0.017115
0 0.6642383333333333 0.0906625 0.013568333333333333 0.0268275
0 0.7613766666666667 0.09297499999999999 0.021586666666666667 0.024052499999999997
0 0.6993933333333333 0.0710025 0.008018333333333334 0.01064
0 0.6375649999999999 0.01457 0.0070933333333333334 0.011564999999999999
0 0.6297016666666667 0.0219725 0.006166666666666667 0.011564999999999999
0 0.7549016666666667 0.04348 0.016651666666666665 0.0212775
0 0.8175016666666667 0.073085 0.014185 0.035155
0 0.7692399999999999 0.0085575 0.02806166666666667 0.017115
2 0.903895 0.7930925 0.039265 0.054862499999999995
0 0.946925 0.6793325 0.031735 0.0451825
0 0.8441916666666666 0.6168049999999999 0.013446666666666668 0.0185575
0 0.8511833333333334 0.6353624999999999 0.01775 0.0233975
0 0.86654 0.639815 0.018075 0.024274999999999998
0 0.8690416666666667 0.7594474999999999 0.009948333333333333 0.0144075
0 0.9566849999999999 0.70568 0.011663333333333335 0.021095
2 0.9671466666666667 0.587595 0.04836666666666666 0.049395
0 0.83354 0.5222475 0.016465 0.03293
0 0.9562633333333334 0.9884225 0.013793333333333335 0.02204
0 0.8939516666666667 0.25134 0.025258333333333334 0.030445
0 0.9695 0.2161575 0.014883333333333333 0.015560000000000001
0 0.9546166666666667 0.19451 0.00857 0.0101475
0 0.8959816666666667 0.07848000000000001 0.013981666666666667 0.02165
0 0.92169 0.069685 0.016688333333333333 0.016237500000000002
0 0.9952366666666667 0.13734 0.009526666666666666 0.0202975
0 0.8905333333333333 0.20028 0.013978333333333334 0.0173525