1 0.2776133333333333 0.2843325 0.02529333333333333 0.0320225
1 0.410555 0.17246250000000002 0.025485 0.0333225
1 0.4026633333333333 0.304485 0.02221666666666667 0.031235
1 0.47051 0.36522000000000004 0.02079 0.0262525
1 0.3437033333333333 0.355615 0.020973333333333333 0.0248725
1 0.35297333333333336 0.48114 0.01998166666666667 0.0291675
1 0.4275133333333333 0.6410975 0.018893333333333335 0.027075
1 0.5190066666666666 0.6551425000000001 0.019128333333333334 0.028465
1 0.51331 0.333835 0.021920000000000002 0.033795
1 0.5541066666666666 0.231995 0.020703333333333334 0.021920000000000002
1 0.59125 0.20048249999999998 0.015831666666666667 0.0264875
1 0.42989000000000005 0.1201075 0.015831666666666667 0.0264875
1 0.23321166666666665 0.16623249999999998 0.019485 0.031055
1 0.40157499999999996 0.71151 0.02253 0.03288
1 0.4448083333333333 0.81609 0.021311666666666666 0.03562
1 0.7958433333333333 0.6512275 0.018266666666666667 0.0292275
1 0.8040633333333334 0.5384275000000001 0.02253 0.0319675
1 0.7596133333333334 0.4461775 0.015223333333333334 0.022835
1 0.8830333333333333 0.9068624999999999 0.018590000000000002 0.0302575
1 0.8072883333333333 0.6594575 0.018985 0.027885
1 0.4582283333333333 0.8229125 0.022545000000000003 0.033225000000000005
1 0.2663933333333333 0.5517725 0.020171666666666668 0.032037500000000003
1 0.281225 0.5947875 0.020568333333333334 0.027885
1 0.30298 0.6600499999999999 0.015821666666666668 0.024325
1 0.2062716666666667 0.7431125 0.016216666666666667 0.0255125
1 0.25255 0.793245 0.017008333333333334 0.0272925
1 0.19341666666666665 0.83359 0.015821666666666668 0.02136
1 0.21517166666666665 0.45773250000000004 0.020568333333333334 0.0302575
1 0.110355 0.37852749999999996 0.012656666666666667 0.015425000000000001
1 0.09532333333333334 0.44171499999999997 0.015821666666666668 0.0183925
1 0.2669866666666667 0.166125 0.018195 0.0284775
1 0.5343916666666666 0.26241250000000005 0.015229999999999999 0.0222575
1 0.29008333333333336 0.302105 0.015765 0.0216775
1 0.45930000000000004 0.2561875 0.011561666666666668 0.02286
1 0.4196233333333333 0.4313825 0.021546666666666665 0.02956
1 0.43801666666666667 0.72324 0.014715 0.03232
1 0.8407816666666666 0.9012025 0.015935 0.0267475
1 0.6349166666666667 0.27238 0.016418333333333333 0.023352499999999998