2 0.051666666666666666 0.18875 0.10333333333333333 0.1425
2 0.04041666666666666 0.285625 0.08083333333333333 0.07875
2 0.027083333333333334 0.3875 0.05416666666666667 0.1325
2 0.13833333333333334 0.185 0.105 0.1525
2 0.24375 0.4075 0.0925 0.14
2 0.22125 0.52875 0.08416666666666667 0.105
2 0.13541666666666666 0.796875 0.1375 0.19125
2 0.4741666666666667 0.91 0.06666666666666667 0.0925
2 0.34791666666666665 0.71625 0.08583333333333333 0.1375
2 0.365 0.78375 0.06833333333333333 0.0975
2 0.5966666666666667 0.911875 0.041666666666666664 0.05875
2 0.6179166666666667 0.884375 0.030833333333333334 0.04625
2 0.6454166666666666 0.893125 0.03916666666666667 0.05125
2 0.5454166666666667 0.628125 0.034166666666666665 0.06125
2 0.59375 0.630625 0.0475 0.06375
2 0.57125 0.011875 0.0525 0.02375
2 0.6066666666666667 0.51875 0.058333333333333334 0.08
2 0.6620833333333334 0.638125 0.0425 0.05125
2 0.6566666666666666 0.585625 0.041666666666666664 0.05375
2 0.655 0.521875 0.03833333333333333 0.05875
2 0.7275 0.3925 0.041666666666666664 0.0575
2 0.6866666666666666 0.29125 0.005 0.0075
2 0.7037983333333333 0.14148249999999998 0.05245333333333334 0.0577475
2 0.6874366666666667 0.1811825 0.05630333333333333 0.05486
2 0.72016 0.2515625 0.040905000000000004 0.06424500000000001
2 0.6472533333333333 0.3338525 0.06352166666666667 0.0945625
2 0.65351 0.4493475 0.06256 0.068575
2 0.6963383333333333 0.526225 0.03079833333333333 0.05486
2 0.8366166666666667 0.37933 0.012993333333333332 0.0166025
2 0.8156833333333334 0.3988175 0.014436666666666667 0.02382
2 0.8486483333333333 0.40820249999999997 0.019729999999999998 0.0223775
2 0.8878683333333334 0.444295 0.022136666666666666 0.0281525
2 0.91241 0.480025 0.016361666666666667 0.028875
2 0.922275 0.4374375 0.017805 0.024542500000000002
2 0.9107266666666666 0.3941275 0.017805 0.02743
2 0.9501866666666666 0.326635 0.02454333333333333 0.0281525
2 0.9913350000000001 0.5103424999999999 0.01733 0.028875
2 0.8551449999999999 0.49121499999999996 0.014436666666666667 0.0223775
2 0.87271 0.518645 0.018768333333333335 0.02382
2 0.87295 0.5763925000000001 0.018286666666666666 0.0267075
2 0.8991766666666667 0.58758 0.023579999999999997 0.0259875
2 0.894845 0.6269225 0.021655 0.02382
2 0.9506683333333333 0.58289 0.017805 0.0267075
2 0.9759333333333334 0.5861375000000001 0.020211666666666666 0.031760000000000004
2 0.9446533333333333 0.7485525 0.020211666666666666 0.0259875
2 0.8724683333333334 0.698745 0.017325 0.024542500000000002
2 0.8587533333333334 0.7384475 0.016843333333333335 0.0259875
2 0.8411883333333333 0.7272575 0.0154 0.02382
2 0.8058183333333333 0.65363 0.019729999999999998 0.0223775
2 0.8274733333333334 0.6110399999999999 0.01203 0.0209325
2 0.8087049999999999 0.7662374999999999 0.016843333333333335 0.025265
2 0.8409483333333333 0.76335 0.015880000000000002 0.0209325
2 0.8551449999999999 0.81063 0.018286666666666666 0.024542500000000002