2 0.326358024691358 0.5786309523809524 0.08426807760141093 0.04297123015873015
2 0.3478835978835979 0.6159771825396825 0.05089065255731923 0.02677827380952381
2 0.5071604938271606 0.4866666666666667 0.07824074074074074 0.036445932539682535
2 0.7156040564373898 0.541686507936508 0.023699294532627865 0.014523809523809524
2 0.6788536155202822 0.5501165674603175 0.04328042328042328 0.01299107142857143
2 0.6860008818342151 0.562390873015873 0.027786596119929455 0.015074404761904763
2 0.6802425044091711 0.6190277777777778 0.020630511463844797 0.021577380952380952
2 0.6936375661375662 0.6624156746031746 0.03697971781305115 0.018447420634920633
2 0.695083774250441 0.6929067460317461 0.02443121693121693 0.018387896825396825
2 0.5772795414462081 0.7583407738095238 0.025846560846560847 0.023333333333333334
2 0.6531966490299824 0.7741592261904762 0.04260141093474427 0.019469246031746032
2 0.7571825396825397 0.7796180555555555 0.05373456790123457 0.021959325396825397
2 0.8480379188712521 0.8534970238095239 0.026194885361552026 0.013127480158730158
2 0.77668430335097 0.8192881944444445 0.015855379188712524 0.02269345238095238
2 0.8743342151675485 0.7535838293650793 0.012574955908289241 0.020381944444444446
2 0.8446825396825397 0.400203373015873 0.031102292768959438 0.01615079365079365
2 0.6294797178130512 0.5174652777777778 0.014193121693121692 0.009032738095238095
2 0.2400352733686067 0.28870039682539683 0.06569664902998236 0.03547123015873016
2 0.02215167548500882 0.24377232142857141 0.04430335097001764 0.03964781746031747
2 0.03809964726631393 0.32642113095238096 0.07619488536155203 0.03851438492063492
2 0.5876807760141093 0.2936259920634921 0.06388447971781304 0.03122767857142857
2 0.1356657848324515 0.45788442460317463 0.032367724867724865 0.01503968253968254
2 0.13573633156966491 0.44354910714285717 0.023306878306878307 0.013278769841269841
2 0.2180379188712522 0.3558928571428572 0.04561728395061728 0.01800843253968254
2 0.3468298059964727 0.2943055555555556 0.03865520282186949 0.02265873015873016
2 0.2223015873015873 0.08371031746031746 0.09287918871252204 0.04900793650793651
2 0.9166402116402117 0.11446428571428571 0.040652557319223986 0.02722470238095238
2 0.4291005291005291 0.6133680555555555 0.0496031746031746 0.024645337301587304