2 0.12226166666666667 0.14692 0.06780833333333333 0.06781000000000001
2 0.13013833333333333 0.31901 0.06712333333333334 0.09144
2 0.24418166666666666 0.4248325 0.05274 0.0606175
2 0.36027833333333337 0.2547975 0.057534999999999996 0.11095999999999999
2 0.24863333333333332 0.3041125 0.08630166666666665 0.125345
2 0.29178333333333334 0.24144 0.08493166666666667 0.117125
2 0.414045 0.1063375 0.07602833333333334 0.1078775
2 0.5565133333333333 0.0842475 0.08287833333333333 0.11918000000000001
2 0.8075433333333334 0.10531 0.07808333333333334 0.1078775
2 0.537335 0.30925 0.06369999999999999 0.0986325
2 0.610965 0.3256875 0.065755 0.100685
2 0.146235 0.7366525 0.06369999999999999 0.0842475
2 0.20342666666666664 0.7505225 0.054794999999999996 0.09144
2 0.27603 0.5892200000000001 0.052055 0.089385
2 0.3297983333333333 0.6113075 0.07739833333333333 0.10274
2 0.49486833333333335 0.6626775 0.03630166666666667 0.047259999999999996
2 0.5188416666666666 0.739735 0.03356166666666667 0.047259999999999996
2 0.49247166666666664 0.7977825000000001 0.02739833333333333 0.04007
2 0.4661016666666667 0.8003524999999999 0.029451666666666668 0.0328775
2 0.46062166666666665 0.7613099999999999 0.026713333333333332 0.030822500000000003
2 0.456855 0.7207275 0.02739833333333333 0.042125
2 0.6051433333333334 0.947785 0.04862999999999999 0.0523975
2 0.8517216666666666 0.9684974999999999 0.10068666666666667 0.0630025
2 0.7448716666666666 0.9493250000000001 0.07739833333333333 0.100685
2 0.770215 0.773125 0.04862999999999999 0.09555
2 0.9335716666666667 0.8460700000000001 0.02739833333333333 0.0462325
2 0.8900783333333334 0.8697024999999999 0.022603333333333333 0.027739999999999997
2 0.90412 0.900525 0.02191833333333333 0.029795000000000002
2 0.9702166666666667 0.80292 0.021233333333333333 0.025685
2 0.9732983333333334 0.7381925 0.019178333333333332 0.029795000000000002
2 0.989395 0.71816 0.01575333333333333 0.030822500000000003
2 0.9890466666666666 0.6210675 0.021906666666666665 0.0523975
2 0.9736416666666667 0.5404175 0.029451666666666668 0.0349325
2 0.81131 0.5922999999999999 0.018493333333333334 0.03185
2 0.7914466666666667 0.674495 0.022603333333333333 0.03185
2 0.544185 0.6256925 0.019863333333333334 0.028767499999999998
2 0.5051433333333334 0.4705525 0.059590000000000004 0.08630249999999999
2 0.7654200000000001 0.38476499999999997 0.04178166666666667 0.08322
2 0.7109666666666667 0.34264 0.04657666666666666 0.072945