0 0.11056 0.015467499999999999 0.016905 0.026879999999999998
0 0.13747333333333334 0.1743425 0.006426666666666667 0.009105
0 0.14408 0.18425 0.007498333333333333 0.0107125
0 0.15015 0.176485 0.008213333333333333 0.008035
0 0.15854166666666666 0.18318 0.010711666666666666 0.009640000000000001
0 0.14372333333333334 0.19389250000000002 0.008926666666666668 0.009640000000000001
0 0.13961666666666667 0.0131225 0.02571 0.026245
0 0.30065833333333336 0.2969975 0.023566666666666666 0.0412425
0 0.301015 0.3476125 0.010711666666666666 0.013925
0 0.29655166666666666 0.3610025 0.010355 0.012855
0 0.30244333333333334 0.3660925 0.00857 0.016605
0 0.3513616666666667 0.20889 0.006426666666666667 0.0107125
0 0.33047333333333334 0.1890725 0.003928333333333333 0.009640000000000001
0 0.3783216666666666 0.1973725 0.007498333333333333 0.008035
0 0.3785 0.2415625 0.007141666666666667 0.009640000000000001
0 0.388855 0.248525 0.007855000000000001 0.009640000000000001
0 0.42045666666666665 0.21692250000000002 0.007498333333333333 0.009640000000000001
0 0.22067333333333333 0.1357775 0.007141666666666667 0.017675
0 0.4586633333333333 0.2959275 0.023209999999999998 0.0423125
0 0.4641983333333333 0.3146725 0.007141666666666667 0.0144625
0 0.43384666666666666 0.314405 0.011426666666666667 0.013925
0 0.4459866666666667 0.3170825 0.00857 0.0160675
0 0.46348333333333336 0.2474525 0.00857 0.011782500000000001
0 0.46973333333333334 0.26780750000000003 0.010355 0.0160675
0 0.47259 0.2501325 0.006785 0.012855
0 0.33493666666666666 0.277715 0.01214 0.0144625
0 0.33047333333333334 0.2895 0.012498333333333332 0.012320000000000001
0 0.357075 0.30771 0.009998333333333333 0.0112475
0 0.3524333333333333 0.292445 0.004998333333333333 0.00857
0 0.4031383333333333 0.38242750000000003 0.007855000000000001 0.0160675
0 0.437775 0.4625025 0.00857 0.012320000000000001
0 0.4740183333333334 0.3751975 0.011783333333333333 0.027317499999999998
0 0.5149033333333334 0.3194925 0.011426666666666667 0.015532500000000001
0 0.5188316666666666 0.3366325 0.007141666666666667 0.012320000000000001
0 0.5095466666666667 0.3599325 0.009283333333333334 0.012855
0 0.36582333333333333 0.035617499999999996 0.015354999999999999 0.012320000000000001
0 0.3572533333333333 0.0407075 0.01107 0.0160675
0 0.4427733333333333 0.04151 0.009998333333333333 0.0112475
0 0.4588416666666667 0.045259999999999995 0.007855000000000001 0.012320000000000001
0 0.47009 0.1047125 0.007498333333333333 0.009105
0 0.4724116666666666 0.1119425 0.006426666666666667 0.0074975
0 0.4693766666666667 0.118905 0.00607 0.00857
0 0.5247233333333333 0.083555 0.006785 0.013925
0 0.529365 0.072575 0.01107 0.01339
0 0.35225500000000004 0.0527575 0.008213333333333333 0.012320000000000001
0 0.36653833333333335 0.23326 0.008213333333333333 0.01339
0 0.5944566666666666 0.55853 0.030084999999999997 0.02867
0 0.59658 0.535435 0.019466666666666667 0.020704999999999998
0 0.5516283333333333 0.7555025000000001 0.02867 0.02867
0 0.5608316666666666 0.7844375 0.023006666666666665 0.037695
0 0.582245 0.70825 0.02336 0.029732500000000002
0 0.5751666666666667 0.7690425000000001 0.02336 0.0355725
0 0.5726883333333334 0.84868 0.009203333333333332 0.019645
0 0.5833066666666666 0.8558475 0.006371666666666666 0.0127425
2 0.51057 0.809125 0.037165000000000004 0.0732675
2 0.55977 0.902835 0.039996666666666666 0.066365
2 0.5964033333333334 0.8938075 0.03681 0.05787
0 0.6907300000000001 0.8205399999999999 0.010265 0.013272500000000001
0 0.4645566666666667 0.6482575 0.009556666666666666 0.0244225
0 0.7080733333333332 0.48658999999999997 0.010971666666666666 0.019645
0 0.70011 0.486325 0.008494999999999999 0.013805
0 0.691615 0.495085 0.008494999999999999 0.01221
0 0.7379816666666668 0.4589825 0.009203333333333332 0.01115
0 0.7358583333333333 0.44703750000000003 0.009203333333333332 0.01168
0 0.7139133333333333 0.2290925 0.008494999999999999 0.013272500000000001
0 0.7075433333333334 0.235995 0.0077866666666666666 0.007965
0 0.6020666666666666 0.14627 0.009203333333333332 0.009025
0 0.631975 0.041412500000000005 0.01168 0.0106175
0 0.6291433333333334 0.0509675 0.008848333333333333 0.0106175
0 0.6215333333333333 0.043005 0.00991 0.013805
0 0.7163916666666668 0.0146 0.012741666666666667 0.015397500000000001
0 0.8078866666666666 0.0209725 0.01168 0.023892499999999997
0 0.7250633333333334 0.1016725 0.008140000000000001 0.01115
0 0.7001733333333333 0.1777925 0.005426666666666667 0.009852499999999998
0 0.687535 0.17907749999999997 0.007855000000000001 0.0089975
0 0.70103 0.1859325 0.007711666666666667 0.0085675
0 0.6907483333333333 0.2090675 0.007426666666666667 0.011567500000000001
0 0.69032 0.21977750000000001 0.0062833333333333335 0.0089975
0 0.7210949999999999 0.1971775 0.004713333333333333 0.008355
0 0.7182383333333334 0.21003 0.0052833333333333335 0.011782500000000001
0 0.7321616666666667 0.22406 0.006568333333333333 0.008140000000000001
0 0.697215 0.27676249999999997 0.005633333333333333 0.007305
0 0.6889083333333333 0.27088999999999996 0.003533333333333333 0.006445
0 0.6506216666666667 0.29187 0.005441666666666667 0.0085925
0 0.7286266666666668 0.2963825 0.004105 0.0070175
0 0.797465 0.299675 0.00506 0.0053
0 0.7990866666666667 0.29552249999999997 0.0031499999999999996 0.0035800000000000003
0 0.8041483333333334 0.2857125 0.00506 0.0057275
0 0.7987049999999999 0.2864275 0.0042966666666666665 0.0045825
0 0.8029066666666665 0.291585 0.00487 0.0054425
0 0.8009016666666666 0.30118 0.004678333333333333 0.0060149999999999995
0 0.80429 0.299675 0.0024816666666666667 0.0075899999999999995
0 0.806725 0.303185 0.003915 0.0065875000000000005
0 0.8203783333333334 0.283205 0.004678333333333333 0.007305
0 0.8215716666666667 0.27074750000000003 0.0036283333333333332 0.0070175
0 0.82076 0.27669 0.004486666666666667 0.0063025
0 0.8242933333333333 0.27354 0.0023866666666666667 0.0034375
0 0.8308333333333333 0.285355 0.0038183333333333333 0.005872499999999999
0 0.8359883333333333 0.2884325 0.003436666666666667 0.0045825
0 0.8354633333333333 0.27898 0.0031499999999999996 0.0037225
0 0.8278733333333333 0.2674525 0.0024816666666666667 0.0038675000000000003
0 0.483245 0.6573075 0.00722 0.012185
0 0.5050866666666667 0.677345 0.006498333333333333 0.0116425
0 0.5576183333333333 0.66137 0.007581666666666667 0.008935
0 0.5751283333333334 0.661775 0.010108333333333334 0.015162499999999999
0 0.5859583333333334 0.6550075000000001 0.00722 0.01083
0 0.5684483333333333 0.593 0.0054150000000000005 0.009747500000000001
0 0.5586099999999999 0.5940825 0.007401666666666666 0.0092075
0 0.4552283333333333 0.5334825 0.006726666666666666 0.016935
0 0.46135333333333334 0.505375 0.008408333333333334 0.00973
0 0.4878983333333333 0.5068175 0.006726666666666666 0.0090075
0 0.5080783333333333 0.5392475 0.008648333333333334 0.00973
0 0.5083183333333333 0.546995 0.0043233333333333335 0.0079275
0 0.5013516666666666 0.54141 0.005285 0.0082875
0 0.625705 0.518795 0.007585 0.0166275
0 0.59527 0.43945249999999997 0.008556666666666667 0.0125425
0 0.542375 0.36258749999999995 0.005833333333333334 0.0140025
0 0.91061 0.0156525 0.009806666666666667 0.011692500000000002
0 0.7978366666666667 0.00528 0.011063333333333333 0.01056
0 0.7879050000000001 0.0409225 0.006286666666666666 0.00943
0 0.7945683333333333 0.037340000000000005 0.0050283333333333334 0.01056
0 0.8932616666666666 0.13295249999999997 0.006286666666666666 0.010182499999999999
0 0.8930100000000001 0.141815 0.008298333333333333 0.007542500000000001
0 0.8839566666666666 0.1354025 0.00528 0.00679
0 0.9363833333333333 0.1540725 0.007543333333333333 0.0109375
0 0.9255716666666667 0.1474725 0.004526666666666667 0.007542500000000001
0 0.7796066666666667 0.1040975 0.003268333333333333 0.006035
0 0.7760866666666667 0.063365 0.00528 0.007542500000000001
0 0.8006033333333333 0.0888225 0.0055316666666666665 0.007165
0 0.7994716666666667 0.055067500000000005 0.004776666666666667 0.004525
0 0.86887 0.0588375 0.008799999999999999 0.007542500000000001
0 0.8555433333333333 0.005657499999999999 0.010811666666666667 0.011314999999999999
0 0.9050783333333334 0.0103725 0.00528 0.00792
0 0.9210450000000001 0.0035825 0.0055316666666666665 0.005657499999999999
0 0.9168966666666667 0.0084875 0.006286666666666666 0.007165
0 0.7420816666666666 0.12777750000000002 0.00428 0.006965
0 0.7404416666666666 0.1232025 0.00865 0.008195000000000001
0 0.7676683333333334 0.137545 0.009015 0.0122925
0 0.6617083333333333 0.0588075 0.019693333333333334 0.0238475
0 0.4720233333333333 0.2259775 0.011816666666666668 0.015585000000000002
0 0.5005433333333333 0.25012 0.0077416666666666675 0.0088625
0 0.5192866666666667 0.249355 0.006926666666666667 0.0122225
0 0.52988 0.2308675 0.008963333333333334 0.0094725
0 0.4812916666666667 0.25348 0.005908333333333334 0.0070275