1 0.13181 0.427325 0.046340000000000006 0.06274
1 0.768195 0.4593 0.03587333333333333 0.0504725
1 0.36766499999999996 0.6411625 0.028335 0.047432499999999995
1 0.56031 0.3072975 0.031118333333333335 0.047049999999999995
1 0.06471 0.62486 0.03553833333333333 0.0536
1 0.6047633333333333 0.5736749999999999 0.03204166666666667 0.0372575
1 0.712305 0.335135 0.032905000000000004 0.04768
1 0.39868 0.6468025000000001 0.023598333333333332 0.045259999999999995
1 0.5946466666666667 0.31051999999999996 0.029339999999999998 0.050295
2 0.369965 0.210665 0.028608333333333333 0.0526675
1 0.62431 0.30271 0.03718333333333333 0.0584725
1 0.45403999999999994 0.62054 0.024263333333333335 0.03884749999999999
1 0.3577266666666667 0.7771875 0.021356666666666663 0.039377499999999996
1 0.6907583333333334 0.7678425 0.018241666666666666 0.02336
1 0.14737 0.61887 0.015765 0.036875
1 0.14389666666666667 0.3527425 0.02859666666666667 0.0337675
1 0.2636233333333333 0.4489525 0.028045 0.038795
1 0.5851216666666667 0.0180675 0.029736666666666665 0.036135