1 0.3295133333333333 0.19088 0.06585166666666667 0.08708750000000001
1 0.6885933333333334 0.066425 0.058061666666666664 0.0589225
1 0.6303883333333333 0.46804250000000003 0.05180166666666667 0.0765675
1 0.7866566666666666 0.41945499999999997 0.052794999999999995 0.065705
1 0.6201666666666666 0.672465 0.041685 0.059585
1 0.5781316666666667 0.2335425 0.04675666666666667 0.0635975
1 0.6931649999999999 0.4679475 0.04122 0.06069
1 0.439145 0.897355 0.06267666666666667 0.09116500000000001
1 0.3155 0.648125 0.05850666666666667 0.088835
1 0.8040766666666667 0.46949 0.039898333333333334 0.0594725
1 0.8488783333333334 0.124935 0.03992333333333333 0.0488975
1 0.69672 0.32554 0.04811833333333333 0.0706125
2 0.7065100000000001 0.6254525 0.043925 0.0597425
1 0.6046433333333333 0.0430475 0.050195000000000004 0.0799325
1 0.861315 0.7701174999999999 0.02528333333333333 0.0347675
1 0.7812766666666666 0.8212075 0.030268333333333335 0.038825000000000005
1 0.7392216666666667 0.4462825 0.04369666666666667 0.0552125
1 0.3606833333333333 0.48734 0.03802 0.0412275
1 0.848515 0.9466625000000001 0.02289 0.041722499999999996