1 0.7112133333333333 0.0988275 0.025185000000000003 0.0403325
1 0.624655 0.5113625 0.039275000000000004 0.052844999999999996
1 0.28512666666666664 0.7836749999999999 0.06033666666666666 0.09198
1 0.7242333333333333 0.137335 0.029060000000000002 0.03934
1 0.6616133333333333 0.4841875 0.033585 0.047905
1 0.54398 0.605075 0.031925 0.030717500000000002
1 0.587175 0.5125775 0.02578 0.041042499999999996
1 0.4363433333333333 0.2650075 0.028140000000000002 0.0433725
1 0.4946 0.0762725 0.025981666666666663 0.038877499999999995
1 0.6703666666666667 0.0995 0.025006666666666667 0.0344625
1 0.7041466666666667 0.1361825 0.02146 0.035875
1 0.725055 0.199775 0.019596666666666665 0.0307075
1 0.4528066666666667 0.6902999999999999 0.024653333333333333 0.0361775
1 0.46732333333333337 0.69521 0.018093333333333333 0.032965
1 0.53067 0.6653325 0.028203333333333334 0.030745
1 0.6225916666666667 0.617035 0.032115 0.0332125
1 0.534605 0.8049475 0.019805 0.03864
1 0.43563666666666667 0.9618325 0.030511666666666666 0.0509275
1 0.436135 0.9358099999999999 0.020023333333333334 0.017545
1 0.59761 0.99134 0.019961666666666666 0.01732
1 0.33113333333333334 0.77344 0.03640333333333333 0.032780000000000004