1 0.36092 0.721995 0.05635166666666667 0.0877275
1 0.061573333333333334 0.43344 0.06406333333333333 0.07646750000000001
1 0.34358333333333335 0.239565 0.04717 0.06796250000000001
1 0.8868900000000001 0.8364175 0.03816 0.0501975
1 0.18817166666666665 0.5812174999999999 0.049350000000000005 0.0766575
1 0.14675666666666667 0.9619975 0.05171 0.0666825
1 0.033328333333333335 0.364195 0.061886666666666666 0.086835
1 0.6598483333333334 0.8768925000000001 0.045928333333333335 0.064625
1 0.9676116666666666 0.51613 0.010114999999999999 0.0095725
1 0.80431 0.852775 0.04148333333333334 0.047174999999999995
1 0.30665000000000003 0.66051 0.05034 0.0614725
1 0.018163333333333333 0.60064 0.03632666666666667 0.0759125
1 0.30895833333333333 0.716445 0.04065666666666667 0.062635
1 0.10962333333333334 0.517145 0.05448666666666667 0.0788125
1 0.3914666666666667 0.2549225 0.04475833333333334 0.054487499999999994
1 0.47514333333333336 0.1508475 0.026595 0.038987499999999994
1 0.6645516666666667 0.4486175 0.021405 0.031135000000000003
1 0.6486666666666666 0.299485 0.018701666666666665 0.0285725
1 0.5970633333333334 0.28623750000000003 0.02632 0.035325
1 0.51966 0.429095 0.022511666666666666 0.036365
1 0.7432133333333333 0.45532999999999996 0.008311666666666667 0.0119475
1 0.7532566666666667 0.4535125 0.008311666666666667 0.0124675
1 0.6889750000000001 0.49053250000000004 0.008218333333333334 0.0123275
1 0.6950599999999999 0.49539249999999996 0.0071133333333333335 0.01067
1 0.5493866666666667 0.6366499999999999 0.029826666666666668 0.047965
1 0.79118 0.681755 0.026819999999999997 0.03111
1 0.8532233333333333 0.8850475 0.04362666666666667 0.0622225
1 0.9140716666666667 0.7024975 0.015968333333333334 0.0157975
1 0.8506116666666667 0.5555725 0.009681666666666667 0.014150000000000001
1 0.8569416666666666 0.47234750000000003 0.013405000000000002 0.018245
1 0.9021233333333333 0.4069975 0.011914999999999999 0.014895
1 0.88847 0.3785125 0.012411666666666666 0.0167575
1 0.8385716666666667 0.4338075 0.010426666666666667 0.013404999999999999
1 0.88909 0.8732025 0.030533333333333332 0.040215
1 0.6373433333333334 0.7729925 0.026243333333333334 0.0316975
1 0.52679 0.828995 0.03949166666666667 0.07013249999999999
1 0.57912 0.423165 0.018598333333333335 0.02084