1 0.4270966666666667 0.790275 0.052135 0.07119249999999999
1 0.8511683333333334 0.7832475 0.06279833333333333 0.09255500000000001
1 0.233995 0.0427625 0.04935666666666667 0.072545
1 0.42883 0.863225 0.04776666666666667 0.06646250000000001
1 0.35317833333333337 0.6917325 0.06405666666666666 0.07496
1 0.8023649999999999 0.8039025000000001 0.05701833333333334 0.080045
1 0.9079266666666668 0.8192575000000001 0.05936833333333333 0.07607
1 0.9580850000000001 0.8477475 0.053325 0.070885
2 0.016856666666666666 0.541385 0.021283333333333335 0.026269999999999998
1 0.43765333333333334 0.3845225 0.036333333333333336 0.0520475
1 0.607255 0.30885250000000003 0.034251666666666666 0.0660275
1 0.22962666666666667 0.10123 0.03517 0.0541475
1 0.3251966666666667 0.17301750000000002 0.03564333333333333 0.04247
1 0.061090000000000005 0.27592 0.02142 0.035675
1 0.6357833333333333 0.310955 0.019141666666666664 0.048247500000000006
1 0.20373000000000002 0.562485 0.030033333333333332 0.043805
1 0.899755 0.44211 0.04041666666666666 0.0655525