2 0.21182833333333334 0.0236875 0.034451666666666665 0.047375
2 0.10244833333333334 0.2296975 0.03203 0.0443
2 0.07768166666666666 0.22992500000000002 0.02053 0.0447525
2 0.139235 0.1676225 0.04124166666666666 0.0452175
2 0.247915 0.162225 0.03834333333333333 0.04457
2 0.31642666666666663 0.27177749999999995 0.03431833333333333 0.0516625
2 0.037068333333333335 0.3436825 0.02997666666666667 0.0305275
2 0.2975683333333333 0.8211775 0.027319999999999997 0.0402125
2 0.32168833333333335 0.8353200000000001 0.01367 0.0170725
2 0.264335 0.960735 0.016438333333333333 0.027502500000000003
2 0.27707166666666666 0.985035 0.019969999999999998 0.0278325
2 0.36166166666666666 0.4985575 0.03319 0.036735
2 0.402585 0.677865 0.028176666666666666 0.04322
2 0.4314133333333333 0.7129225 0.02732333333333333 0.0365375
2 0.475435 0.371625 0.030525 0.049495
2 0.470345 0.54263 0.02939 0.045137500000000004
2 0.45322166666666663 0.61207 0.031445 0.038892499999999997
2 0.5183249999999999 0.51332 0.03289833333333333 0.0445125
2 0.545135 0.5950700000000001 0.026088333333333335 0.043095
2 0.49662833333333334 0.8548675 0.03240833333333333 0.06794249999999999
2 0.616165 0.8923625 0.017968333333333333 0.035575
2 0.47101333333333334 0.1278125 0.029516666666666667 0.040987499999999996
2 0.49896 0.15572249999999999 0.026378333333333333 0.0345825
2 0.68679 0.1447525 0.039268333333333336 0.056525
2 0.61588 0.2633725 0.037875 0.04582
2 0.7904833333333333 0.0472975 0.046255 0.061285
2 0.7956333333333334 0.1959325 0.03413833333333333 0.0429775
2 0.8048083333333333 0.36742250000000004 0.03919333333333333 0.0488725
2 0.91725 0.25040250000000003 0.04835166666666667 0.0613
2 0.9926550000000001 0.3654875 0.01469 0.0438
2 0.7384533333333334 0.6403675 0.028550000000000002 0.022997499999999997
2 0.5997266666666667 0.611155 0.016373333333333333 0.0243775
2 0.8419366666666667 0.89649 0.03368666666666667 0.02419
2 0.802385 0.9458875 0.029099999999999997 0.048275
2 0.5364883333333333 0.4020675 0.02554333333333333 0.040494999999999996
2 0.9158333333333334 0.388125 0.018333333333333333 0.02125
2 0.84875 0.321875 0.0575 0.07625