2 0.36488095238095236 0.24152281746031748 0.05345238095238095 0.03202876984126984
2 0.645515873015873 0.2657093253968254 0.0685626102292769 0.03594990079365079
2 0.9391843033509701 0.3779910714285714 0.05860670194003527 0.03408234126984127
2 0.6193342151675485 0.36122767857142857 0.08840388007054674 0.04861111111111111
2 0.6178483245149912 0.3257465277777778 0.07152116402116403 0.030171130952380953
2 0.4306040564373898 0.4383333333333333 0.08840388007054674 0.049727182539682536
2 0.3546164021164021 0.42436507936507933 0.06158730158730159 0.046376488095238096
2 0.2915388007054674 0.42268849206349207 0.08045855379188713 0.046376488095238096
2 0.14005731922398587 0.4478323412698413 0.08343915343915344 0.04414186507936508
2 0.6749603174603175 0.42855654761904766 0.07251322751322752 0.042465277777777775
2 0.8254497354497354 0.4064856150793651 0.07747795414462082 0.04078869047619048
2 0.5368915343915345 0.525218253968254 0.0744973544973545 0.04134672619047619
2 0.44103615520282186 0.5338789682539682 0.07152116402116403 0.04190476190476191
2 0.397826278659612 0.583328373015873 0.08244708994708995 0.04134672619047619
2 0.33375661375661375 0.5609796626984127 0.08542768959435626 0.046934523809523815
2 0.6824118165784833 0.583328373015873 0.06953262786596119 0.039112103174603174
2 0.3253130511463845 0.5243799603174604 0.04668430335097001 0.02737847222222222
2 0.8805820105820106 0.6756944444444445 0.06251322751322752 0.03940724206349206
2 0.5895679012345679 0.7251066468253968 0.04311287477954145 0.04122767857142857
2 0.5383730158730159 0.7414756944444445 0.061437389770723105 0.03395089285714285
2 0.19238977072310404 0.7217708333333333 0.0743694885361552 0.0418328373015873
2 0.1778395061728395 0.701763392857143 0.06682539682539683 0.033345734126984126
2 0.14011904761904762 0.6847891865079365 0.05389329805996473 0.032132936507936506
2 0.06413139329805996 0.6963070436507937 0.07868165784832451 0.03940724206349206
2 0.15520723104056436 0.8178670634920635 0.07544973544973545 0.04244047619047619
2 0.3745414462081129 0.8048313492063491 0.0743694885361552 0.03819444444444445
2 0.04095679012345679 0.9497296626984126 0.03664462081128748 0.03940724206349206
2 0.9763977072310405 0.8299925595238096 0.04720458553791887 0.02910218253968254
2 0.9699294532627867 0.9738045634920636 0.060136684303350965 0.039052579365079367