2 0.44215608465608464 0.26610863095238096 0.05097883597883598 0.022941468253968252
2 0.8058024691358024 0.29937251984126984 0.011556437389770724 0.006118551587301587
2 0.03104056437389771 0.25438988095238096 0.01050705467372134 0.005372023809523809
2 0.015282186948853613 0.25277777777777777 0.006684303350970018 0.003224206349206349
2 0.024118165784832453 0.30663690476190475 0.011940035273368605 0.006716269841269841
2 0.04488977072310406 0.31362103174603173 0.011459435626102292 0.007251984126984127
2 0.057544091710758374 0.29857886904761904 0.010983245149911816 0.006716269841269841
2 0.1695326278659612 0.341155753968254 0.04871252204585538 0.022564484126984127
2 0.30921957671957667 0.35848214285714286 0.06064814814814815 0.02498263888888889
2 0.3939858906525573 0.3343055555555556 0.03820546737213404 0.01746031746031746
2 0.4075970017636684 0.38897073412698413 0.019581128747795412 0.011282242063492064
2 0.5085978835978836 0.422953869047619 0.057305996472663136 0.0303546626984127
2 0.43959435626102294 0.3987772817460317 0.010983245149911816 0.008328373015873015
2 0.033668430335097005 0.38883680555555555 0.02626543209876543 0.012088293650793652
2 0.12559964726631395 0.38507688492063497 0.021966490299823633 0.01316220238095238
2 0.37512345679012343 0.41583333333333333 0.022447089947089945 0.012894345238095238
2 0.5642372134038801 0.46029265873015873 0.04632275132275132 0.02390873015873016
2 0.37583774250440916 0.49051339285714285 0.04966490299823633 0.022026289682539682
2 0.5002425044091711 0.4934672619047619 0.050145502645502646 0.026862599206349206
2 0.5284171075837742 0.5028695436507936 0.05300705467372134 0.02471478174603175
2 0.5513403880070546 0.5073015873015874 0.0233994708994709 0.008328373015873015
2 0.552773368606702 0.4913194444444444 0.028174603174603175 0.012894345238095238
2 0.34145502645502646 0.48876736111111113 0.016238977072310406 0.013700396825396826
2 0.09216931216931216 0.47439484126984127 0.008597883597883597 0.005372023809523809
2 0.040114638447971786 0.516031746031746 0.032473544973544974 0.012356150793650794
2 0.09121252204585538 0.5427604166666666 0.0191005291005291 0.01423611111111111
2 0.2652821869488536 0.5304042658730159 0.01671516754850088 0.009402281746031745
2 0.27985008818342155 0.6772073412698413 0.03343033509700176 0.02471478174603175
2 0.13658289241622573 0.7082341269841269 0.051578483245149916 0.024444444444444446
2 0.1695326278659612 0.6473908730158731 0.03724867724867725 0.008596230158730157
2 0.2581216931216931 0.7320089285714286 0.011940035273368605 0.013968253968253968
2 0.2619400352733686 0.7624975198412698 0.02626543209876543 0.015848214285714285
2 0.2939373897707231 0.7862698412698412 0.018624338624338627 0.022026289682539682
2 0.10673280423280423 0.7638392857142857 0.049188712522045853 0.02713045634920635
2 0.6380202821869488 0.7947321428571429 0.029607583774250445 0.019072420634920637
2 0.5019135802469136 0.7576612103174603 0.03438271604938272 0.017998511904761903
2 0.21275132275132275 0.8931845238095238 0.04727954144620811 0.023102678571428573
2 0.1516269841269841 0.8645758928571428 0.04632275132275132 0.027668650793650794
2 0.34766313932980597 0.9516096230158729 0.022923280423280425 0.02820684523809524
2 0.2552557319223986 0.9631622023809523 0.028174603174603175 0.024444444444444446
2 0.6418386243386244 0.6390625 0.03724867724867725 0.017728174603174603
2 0.6642857142857143 0.6391964285714286 0.020057319223985893 0.012088293650793652
2 0.6647619047619048 0.5749950396825397 0.014325396825396826 0.012088293650793652
2 0.6592680776014109 0.6191840277777778 0.033906525573192244 0.017728174603174603
2 0.5909788359788359 0.6229464285714286 0.020533509700176367 0.014506448412698414
2 0.6177204585537919 0.6565228174603175 0.03294973544973545 0.008596230158730157
2 0.5255511463844798 0.6675372023809525 0.02149029982363316 0.008596230158730157
2 0.4376807760141093 0.6152901785714285 0.019581128747795412 0.007790178571428571
2 0.5854497354497354 0.24095734126984125 0.04075837742504409 0.017671130952380952
2 0.7626984126984127 0.3191666666666667 0.012310405643738977 0.004060019841269842
2 0.8140696649029983 0.35952628968253963 0.012310405643738977 0.005969742063492063
2 0.7663095238095238 0.3302728174603175 0.013584656084656085 0.006686507936507937
2 0.8960097001763668 0.38245039682539683 0.014007936507936507 0.006924603174603175
2 0.9376146384479719 0.39379464285714283 0.018253968253968255 0.010029761904761904
2 0.8253218694885361 0.4149280753968254 0.01783068783068783 0.008836805555555556
2 0.7230070546737213 0.41122767857142856 0.020379188712522044 0.008120039682539684
2 0.7875352733686067 0.5103323412698413 0.04330246913580247 0.01814980158730159
2 0.7533597883597883 0.4934970238095238 0.02419753086419753 0.013134920634920635
2 0.7168474426807759 0.4807217261904762 0.014858906525573194 0.013851686507936509
2 0.7272486772486773 0.49039186507936505 0.028020282186948853 0.008836805555555556
2 0.7391358024691358 0.5220337301587302 0.03820987654320988 0.016240079365079367
2 0.6155952380952381 0.3968998015873016 0.0161331569664903 0.009551091269841269
2 0.7635493827160494 0.4491989087301588 0.015709876543209877 0.0071651785714285715
2 0.9696693121693122 0.5982142857142857 0.04075837742504409 0.019104662698412697
2 0.9594797178130511 0.6146924603174603 0.016979717813051146 0.0057316468253968255
2 0.8304144620811288 0.6382142857142857 0.04330246913580247 0.01695436507936508
2 0.9448324514991182 0.6458556547619048 0.03523809523809524 0.013134920634920635
2 0.9522619047619048 0.81015625 0.02716931216931217 0.024119543650793652
2 0.8953703703703704 0.8028720238095237 0.0483994708994709 0.029134424603174603
2 0.8597089947089946 0.8199479166666667 0.042455908289241624 0.015044642857142857