2 0.16025666666666666 0.6632725 0.014658333333333334 0.0211975
2 0.2590133333333333 0.6376175 0.021013333333333332 0.030359999999999998
2 0.27032833333333334 0.6543925 0.021378333333333336 0.0297225
2 0.275335 0.6268875 0.017868333333333333 0.028405
2 0.329035 0.5107125 0.029713333333333335 0.03598
2 0.31817833333333334 0.59548 0.02230333333333333 0.0319075
2 0.318505 0.6291275000000001 0.025156666666666667 0.027585000000000002
2 0.3016 0.665805 0.02255333333333333 0.0322575
2 0.34106333333333333 0.7395525000000001 0.026461666666666668 0.045020000000000004
2 0.36304 0.7425725 0.015411666666666667 0.025015
2 0.364275 0.6590750000000001 0.032446666666666665 0.0281625
2 0.38540166666666664 0.5886525 0.034515000000000004 0.0377575
2 0.29295166666666667 0.41902 0.018666666666666668 0.032052500000000005
2 0.32533 0.38010000000000005 0.018401666666666667 0.030285
2 0.3145383333333333 0.442525 0.021385 0.0243225
2 0.343275 0.401075 0.023729999999999998 0.04297
2 0.32389833333333334 0.4083825 0.023343333333333334 0.041890000000000004
2 0.3133666666666667 0.4136525 0.020485 0.035255
2 0.38468833333333335 0.3600075 0.026583333333333334 0.0408125
2 0.412775 0.29884750000000004 0.020338333333333333 0.04138
2 0.4229183333333334 0.3289825 0.026994999999999998 0.03294
2 0.43865166666666666 0.30392 0.024136666666666664 0.03592
2 0.3727266666666667 0.22576249999999998 0.028546666666666668 0.034565
2 0.13165 0.550935 0.009461666666666667 0.01439
2 0.14315833333333333 0.570735 0.005233333333333333 0.0064800000000000005
2 0.21909666666666666 0.5841000000000001 0.009406666666666666 0.0129125
2 0.20615833333333333 0.600585 0.0050283333333333334 0.010307499999999999
2 0.197575 0.63102 0.008671666666666666 0.008755
2 0.16435333333333332 0.43359 0.008546666666666668 0.01182
2 0.3582266666666667 0.13774 0.024378333333333335 0.03846
2 0.383585 0.1474925 0.031538333333333335 0.042365
2 0.38508 0.2068925 0.027248333333333336 0.0358475
2 0.37929333333333337 0.184365 0.027116666666666664 0.0341825
2 0.4440466666666667 0.168465 0.029564999999999998 0.039445
2 0.47967666666666664 0.1491525 0.034415 0.0437325
2 0.4878 0.375455 0.03775 0.043797499999999996
2 0.4906 0.4179775 0.033376666666666666 0.04281
2 0.5249266666666667 0.3830575 0.032343333333333335 0.046332500000000006
2 0.46667333333333333 0.48246249999999996 0.029211666666666667 0.045192500000000004
2 0.46186166666666667 0.5210825 0.02583166666666667 0.03361
2 0.4383916666666666 0.49797250000000004 0.029858333333333334 0.046955
2 0.4223966666666667 0.5328849999999999 0.03438 0.0431675
2 0.46680000000000005 0.642115 0.04126333333333333 0.047155
2 0.4879966666666667 0.6936175 0.034238333333333336 0.0409275
2 0.55002 0.5390125 0.04645166666666666 0.06917
2 0.5917633333333333 0.527785 0.039115 0.07227249999999999
2 0.637075 0.1592075 0.03460333333333333 0.04299
2 0.616725 0.3237675 0.026415 0.06196
2 0.5963766666666667 0.338975 0.02863 0.048065
2 0.5835033333333334 0.3096225 0.03149166666666667 0.0512275
2 0.48877666666666664 0.74961 0.030598333333333335 0.055380000000000006
2 0.51654 0.7457975 0.032211666666666666 0.055625
2 0.5459266666666667 0.7380924999999999 0.041058333333333336 0.04958
2 0.5694583333333333 0.6895225 0.04501666666666667 0.060045
2 0.58227 0.7647200000000001 0.039893333333333336 0.0684975
2 0.4122533333333333 0.836975 0.04010166666666667 0.054555
2 0.3873533333333333 0.8950125000000001 0.030615 0.039939999999999996
2 0.508215 0.8793075 0.034365 0.04169
2 0.6047633333333333 0.684415 0.028498333333333334 0.0459275
2 0.6456566666666667 0.66637 0.03616333333333333 0.07421
2 0.7797533333333334 0.12077249999999999 0.02216833333333333 0.0324425
2 0.7484816666666667 0.2000775 0.023343333333333334 0.033049999999999996
2 0.74029 0.25460499999999997 0.019965 0.0348225
2 0.9844849999999999 0.25675 0.014203333333333333 0.0352125
2 0.7451000000000001 0.3855125 0.04258833333333333 0.05866
2 0.8269533333333334 0.4965 0.030743333333333334 0.052414999999999996
2 0.980565 0.651775 0.03887 0.076225
2 0.8513983333333334 0.967755 0.043221666666666665 0.0644875
2 0.8618716666666666 0.8446525 0.06197333333333333 0.09004000000000001
2 0.8934033333333333 0.831885 0.05222666666666667 0.0775375
2 0.9372866666666667 0.850515 0.03598 0.0465225
2 0.795555 0.75062 0.05416166666666667 0.08304500000000001
2 0.7146116666666666 0.657785 0.053498333333333335 0.072645
2 0.6780733333333333 0.6831375000000001 0.04595 0.07171250000000001
2 0.8417983333333333 0.3198025 0.0419 0.05454
2 0.8680516666666668 0.30711 0.025959999999999997 0.031765