2 0.4879316666666667 0.1276925 0.020038333333333335 0.029955
2 0.4642866666666666 0.347385 0.018435 0.0329075
2 0.44996 0.3473875 0.012623333333333332 0.02209
2 0.447455 0.37503 0.016030000000000003 0.026879999999999998
2 0.40838 0.43051249999999996 0.017233333333333333 0.0314375
2 0.28634666666666664 0.49195999999999995 0.016030000000000003 0.022685
2 0.15870333333333334 0.4853375 0.020438333333333333 0.018455
2 0.18705666666666665 0.51223 0.013425 0.016335000000000002
2 0.21480999999999997 0.52485 0.014828333333333334 0.019932500000000002
2 0.26270166666666667 0.5884425 0.014428333333333333 0.026287500000000002
2 0.279935 0.576125 0.012825000000000001 0.012475
2 0.28093666666666667 0.5965575 0.012423333333333335 0.020875
2 0.290055 0.6004700000000001 0.009016666666666668 0.01819
2 0.49634833333333334 0.5508825 0.017633333333333334 0.034125
2 0.3024783333333333 0.7552525000000001 0.01583 0.0172525
2 0.30167666666666665 0.7762875 0.016631666666666666 0.019645
2 0.301075 0.79852 0.020238333333333334 0.0244375
2 0.3370433333333333 0.7555525 0.014026666666666666 0.0322775
2 0.34806499999999996 0.72956 0.019236666666666666 0.032595
2 0.25148000000000004 0.6047125 0.013626666666666667 0.0191525
2 0.254085 0.6227425 0.011621666666666667 0.01193
2 0.42911999999999995 0.7925549999999999 0.011823333333333333 0.019719999999999998
2 0.5320166666666667 0.7787324999999999 0.019236666666666666 0.028142499999999997
2 0.24967666666666666 0.36755 0.014828333333333334 0.020935
2 0.274325 0.35267750000000003 0.013626666666666667 0.014635
2 0.3775216666666667 0.4282475 0.01563 0.016087499999999998
2 0.43603333333333333 0.5794275 0.017233333333333333 0.0299
2 0.39415333333333336 0.514375 0.015228333333333333 0.0242325
2 0.5113766666666667 0.5840850000000001 0.018836666666666665 0.030197500000000002
2 0.5374266666666666 0.5663575 0.022843333333333334 0.0272025
2 0.5377283333333334 0.6990675 0.016231666666666665 0.0185
2 0.761755 0.6648125 0.017033333333333334 0.025732500000000002
2 0.7130633333333334 0.6392725 0.023043333333333332 0.028755
2 0.6793983333333333 0.5821799999999999 0.018234999999999998 0.0299925
2 0.7033433333333334 0.37581749999999997 0.019236666666666666 0.023039999999999998
2 0.7054483333333332 0.39039749999999995 0.018635 0.02174
2 0.6981333333333334 0.4082675 0.023245 0.02302
2 0.70675 0.45319 0.02124 0.0281
2 0.7838983333333334 0.4534875 0.026449999999999998 0.0359125
2 0.703945 0.1314425 0.013224999999999999 0.017615
2 0.7159683333333334 0.13294499999999998 0.01082 0.02062
2 0.6219883333333333 0.26861 0.017633333333333334 0.026842500000000002
2 0.60676 0.2613975 0.016030000000000003 0.019635000000000003
2 0.7935166666666668 0.647625 0.016831666666666665 0.02743
2 0.8072433333333333 0.4183175 0.02625 0.030495
2 0.8203683333333334 0.43425 0.02084 0.0205975
2 0.8431116666666667 0.4462625 0.018635 0.0286725
2 0.2805 0.30175 0.017 0.0185
2 0.3255 0.294 0.015 0.028
2 0.3858333333333333 0.3125 0.019666666666666666 0.024
2 0.6436666666666667 0.1835 0.023333333333333334 0.032
2 0.68 0.342 0.016666666666666666 0.033
2 0.63 0.41325 0.017333333333333333 0.0195
2 0.8525 0.229 0.017666666666666667 0.027
2 0.6795 0.4475 0.006333333333333333 0.016
2 0.6051666666666666 0.586 0.025 0.024
2 0.9718333333333333 0.30175 0.008333333333333333 0.0095
2 0.9911666666666666 0.299 0.007666666666666666 0.011