2 0.19706500000000002 0.5557150000000001 0.033751666666666666 0.05064
2 0.36223333333333335 0.4325625 0.03505833333333333 0.0527725
2 0.04601333333333333 0.29244 0.009545 0.0159675
2 0.035008333333333336 0.34005 0.011993333333333332 0.019482500000000003
2 0.012556666666666667 0.27609750000000005 0.011551666666666667 0.01663
2 0.02745166666666667 0.2419925 0.00577 0.010115
2 0.016335000000000002 0.19980250000000002 0.010216666666666666 0.0091025
2 0.049346666666666664 0.2139775 0.007321666666666666 0.01411
2 0.03773166666666666 0.233155 0.007435 0.0091125
2 0.06918833333333334 0.23574 0.005873333333333334 0.00928
2 0.150215 0.82459 0.027868333333333335 0.0431525
2 0.11592499999999999 0.726615 0.018203333333333332 0.032284999999999994
2 0.13298833333333332 0.7193575 0.022146666666666665 0.0305875
2 0.35656499999999997 0.6469874999999999 0.03483666666666667 0.05144
2 0.18445 0.9790399999999999 0.02964 0.04192
2 0.3273316666666667 0.9623200000000001 0.03195166666666667 0.03349
2 0.37846166666666664 0.9786225 0.02305 0.0427525
2 0.41147333333333336 0.5287000000000001 0.03349333333333333 0.049965
2 0.47494 0.3296675 0.024813333333333333 0.0437375
2 0.546465 0.3972075 0.035583333333333335 0.0621
2 0.5510766666666667 0.51936 0.028135 0.044625
2 0.5800316666666667 0.47225 0.02713 0.032104999999999995
2 0.24586000000000002 0.489625 0.03129833333333333 0.04351
2 0.5895133333333333 0.2471 0.031731666666666665 0.0361
2 0.7009266666666667 0.2549675 0.02418333333333333 0.0391725
2 0.6162616666666667 0.5616599999999999 0.028540000000000003 0.0428475
2 0.5983516666666667 0.57704 0.027698333333333332 0.033805
2 0.5838183333333333 0.5859975 0.02396166666666667 0.031815
2 0.6700516666666667 0.589345 0.039626666666666664 0.029464999999999998
2 0.6621516666666667 0.457795 0.027446666666666668 0.0449875
2 0.8152600000000001 0.9191675 0.02127 0.046832500000000006
2 0.9783799999999999 0.6573325 0.013403333333333333 0.0333675
2 0.8802066666666666 0.7076375 0.029339999999999998 0.039895
2 0.8662766666666667 0.68574 0.01475 0.0214325
2 0.8597033333333334 0.634715 0.022106666666666663 0.0424075
2 0.8478233333333333 0.5447825000000001 0.033325 0.0470875
2 0.7104166666666667 0.850625 0.0275 0.04375