1 0.7880216666666667 0.348695 0.03278833333333333 0.0429675
1 0.12627833333333333 0.70753 0.04723 0.0629775
1 0.6366233333333333 0.33632 0.04956833333333334 0.0578225
1 0.181815 0.69955 0.044991666666666666 0.0632775
1 0.8928733333333333 0.10061750000000001 0.03469166666666667 0.0449925
1 0.27395 0.02409 0.03637666666666667 0.048177500000000005
1 0.8963466666666666 0.6686175 0.027503333333333334 0.037315
1 0.8643616666666667 0.4856575 0.03288666666666667 0.035995
1 0.8216766666666667 0.5431024999999999 0.024006666666666666 0.0361475
1 0.8674750000000001 0.9455399999999999 0.021876666666666666 0.033245
1 0.5578466666666666 0.9005175000000001 0.022296666666666666 0.0319025
1 0.24319000000000002 0.6294924999999999 0.03716333333333333 0.0458475
1 0.8357933333333334 0.32260500000000003 0.013261666666666666 0.0397775
1 0.8539633333333333 0.2724125 0.024079999999999997 0.039240000000000004
1 0.8184983333333333 0.1224225 0.02722166666666667 0.0402975