1 0.31789166666666663 0.93679 0.028145 0.046314999999999995
1 0.53944 0.5646175 0.028583333333333332 0.04566
1 0.14682666666666666 0.312535 0.029616666666666666 0.0411775
1 0.11334833333333334 0.772455 0.03152166666666666 0.040025
1 0.06366333333333334 0.6152775 0.034771666666666666 0.039130000000000005
1 0.032459999999999996 0.7360675 0.03476 0.043625
1 0.08352666666666667 0.667095 0.027598333333333332 0.0427125
1 0.03883333333333333 0.4961025 0.029573333333333333 0.045457500000000005
1 0.41369666666666666 0.5321725 0.026408333333333332 0.039737499999999995
1 0.7608316666666667 0.92595 0.026728333333333333 0.0374975
1 0.320625 0.87226 0.031695 0.041049999999999996
1 0.02465833333333333 0.6143275 0.031405 0.0452375
1 0.009478333333333333 0.975475 0.018956666666666667 0.0490525
1 0.31951999999999997 0.114865 0.027916666666666666 0.03637
1 0.06960166666666667 0.48615499999999995 0.030506666666666665 0.04271
1 0.011961666666666666 0.6541475 0.023925000000000002 0.037277500000000005
1 0.7165716666666667 0.43947 0.028415000000000003 0.038924999999999994
1 0.4178483333333334 0.8975875 0.027765 0.044289999999999996
1 0.3907 0.8714925 0.034758333333333336 0.04476
1 0.6286816666666667 0.6664874999999999 0.028286666666666665 0.040670000000000005
1 0.6520533333333334 0.5052325 0.025715 0.0344675
1 0.34476666666666667 0.1407725 0.02627833333333333 0.032674999999999996
1 0.3896333333333334 0.827245 0.028753333333333336 0.0368775
1 0.8147016666666667 0.78461 0.029313333333333334 0.04906
1 0.8055416666666667 0.723255 0.02504666666666667 0.04403
1 0.43916666666666665 0.7343075 0.028858333333333333 0.03641
1 0.4424133333333333 0.83375 0.02438 0.040015
1 0.37156833333333333 0.22729 0.02026 0.032135
1 0.2207633333333333 0.0910925 0.027891666666666665 0.040494999999999996
1 0.15309333333333333 0.7756775 0.02817 0.0465
1 0.211205 0.5452875 0.021696666666666666 0.03165
1 0.16569 0.5440425 0.030196666666666667 0.0341375
1 0.7580100000000001 0.63201 0.01942 0.0348725
1 0.7573516666666666 0.692345 0.011131666666666668 0.01828
1 0.7672133333333333 0.7021000000000001 0.013155000000000002 0.0210375
1 0.6876716666666666 0.71804 0.022981666666666664 0.0356775
1 0.51005 0.9485800000000001 0.02466 0.02905
1 0.13134666666666667 0.9652925 0.024353333333333334 0.034955