1 0.54393 0.8722825000000001 0.04047666666666667 0.062049999999999994
1 0.4448383333333334 0.39652499999999996 0.030635 0.045605
1 0.47452666666666665 0.31718 0.03251 0.05343
1 0.3505533333333334 0.12492 0.030435000000000004 0.0445575
1 0.6079566666666666 0.42968 0.042050000000000004 0.0584625
1 0.6852683333333333 0.9677325 0.043326666666666666 0.0645375
1 0.49163166666666663 0.9741525 0.03596333333333333 0.051695
1 0.4331433333333334 0.5966024999999999 0.03442166666666667 0.0494275
1 0.9189716666666666 0.12393000000000001 0.03543166666666667 0.0422775
1 0.7420533333333332 0.9237525000000001 0.04814166666666667 0.0530075
1 0.46418833333333337 0.073235 0.04004166666666667 0.07298
1 0.569555 0.09082 0.021656666666666668 0.0474575
1 0.9897833333333333 0.24730000000000002 0.02043333333333333 0.046442500000000005
1 0.81963 0.8336275000000001 0.039724999999999996 0.061877499999999995
1 0.5843366666666666 0.0797475 0.027180000000000003 0.0459925
1 0.6937466666666666 0.3803575 0.040385 0.05651
1 0.6198933333333334 0.01858 0.031498333333333337 0.0371625
1 0.3680216666666667 0.41584249999999995 0.027921666666666668 0.0342575
1 0.31083333333333335 0.68125 0.03 0.0525
1 0.41934 0.9383425 0.01913166666666667 0.03337
1 0.359275 0.8592575 0.014681666666666668 0.0260275
1 0.3686183333333333 0.9493550000000001 0.01913166666666667 0.0246925
1 0.34054 0.7078525 0.031588333333333336 0.0473825
1 0.37444 0.7263425 0.026965 0.0473825
1 0.29032 0.4730525 0.021728333333333336 0.024445
1 0.40590499999999996 0.2915275 0.03199 0.0434575
1 0.9283 0.06066 0.03017833333333333 0.05251
1 0.9898016666666667 0.6582 0.020396666666666667 0.063375
1 0.64643 0.2358475 0.021728333333333336 0.0407425
1 0.8401783333333332 0.186505 0.03017833333333333 0.045267499999999995
1 0.7979266666666668 0.242185 0.03138666666666667 0.0443625