2 0.521468253968254 0.08452628968253968 0.05187830687830688 0.022137896825396828
2 0.28264991181657845 0.1569766865079365 0.08944444444444445 0.05232638888888889
2 0.9427557319223986 0.2309375 0.11448412698412698 0.06943204365079365
2 0.7656569664902998 0.28225694444444444 0.15742504409171076 0.09358382936507936
2 0.8273721340388007 0.29584325396825395 0.09839065255731923 0.07446428571428572
2 0.6905202821869488 0.32351438492063495 0.1359567901234568 0.07345734126984127
2 0.45080687830687827 0.3602430555555556 0.08228835978835979 0.05232638888888889
2 0.3577821869488536 0.40250744047619047 0.08944444444444445 0.05232638888888889
2 0.3076940035273369 0.4170982142857143 0.07155643738977072 0.041257440476190475
2 0.6583201058201058 0.40602926587301585 0.11091269841269842 0.06540674603174604
2 0.7361375661375661 0.42615327380952384 0.1091225749559083 0.05131944444444444
2 0.41324074074074074 0.48300843253968256 0.08228835978835979 0.044275793650793656
2 0.3372089947089947 0.4855233134920635 0.07334656084656084 0.039243551587301584
2 0.15116402116402114 0.647532242063492 0.08765873015873016 0.04729414682539682
2 0.23524250440917108 0.6716815476190475 0.11270282186948855 0.05735615079365079
2 0.9543827160493827 0.7863963293650794 0.09123015873015873 0.07345734126984127