2 0.23498666666666668 0.12243000000000001 0.017308333333333332 0.022260000000000002
2 0.23744500000000002 0.14455 0.017573333333333333 0.019195
2 0.26441333333333333 0.34157499999999996 0.013705 0.017995
2 0.25176333333333334 0.42649000000000004 0.01333 0.0176325
2 0.1616166666666667 0.40026 0.013886666666666665 0.013285
2 0.26697499999999996 0.57537 0.015643333333333332 0.0183625
2 0.307485 0.7179475 0.011011666666666666 0.0124425
2 0.293595 0.674895 0.010546666666666666 0.013815
2 0.2978383333333333 0.661555 0.010136666666666667 0.012465
2 0.33240000000000003 0.617525 0.011251666666666667 0.0255275
2 0.3696266666666667 0.6090275 0.009335 0.0117125
2 0.40389166666666665 0.6745650000000001 0.010775000000000002 0.0183275
2 0.4146233333333333 0.68177 0.010493333333333334 0.016432500000000003
2 0.4121066666666666 0.692025 0.011031666666666667 0.012289999999999999
2 0.17469333333333334 0.7365925 0.014051666666666667 0.0175225
2 0.17741833333333334 0.7658200000000001 0.011811666666666668 0.0139475
2 0.04704833333333334 0.7101175 0.015785 0.015585000000000002
2 0.03784166666666667 0.7016725 0.011378333333333332 0.01085
2 0.05673333333333333 0.7415025000000001 0.01182 0.011550000000000001
2 0.07088833333333333 0.73899 0.011755 0.013685000000000001
2 0.07511333333333334 0.7212375 0.013576666666666666 0.013567500000000001
2 0.08179833333333333 0.6859525 0.013686666666666668 0.01577
2 0.06322 0.336945 0.012065 0.0122225
2 0.04658833333333333 0.40121249999999997 0.012181666666666667 0.01173
2 0.08280333333333333 0.4643125 0.010393333333333333 0.0122775
2 0.45357000000000003 0.35017000000000004 0.013478333333333333 0.020372499999999998
2 0.4540016666666667 0.32583249999999997 0.010493333333333334 0.016954999999999998
2 0.32671666666666666 0.27607 0.01076 0.0146825
2 0.32944 0.4476 0.013 0.013994999999999999
2 0.31060333333333334 0.44930000000000003 0.010631666666666666 0.012580000000000001
2 0.3240883333333333 0.4634075 0.012566666666666667 0.00902
2 0.3272633333333333 0.4913675 0.014465 0.01787
2 0.340145 0.49935 0.013866666666666668 0.0202425
2 0.4420733333333333 0.5369149999999999 0.008873333333333334 0.01632
2 0.521885 0.6313875 0.0078 0.013210000000000001
2 0.47939333333333334 0.6474575 0.007408333333333334 0.0099575
2 0.5273983333333333 0.605465 0.0076883333333333335 0.0130575
2 0.536505 0.6029275000000001 0.006808333333333334 0.0123575
2 0.4816 0.3408025 0.007273333333333333 0.0112675
2 0.5382899999999999 0.5189349999999999 0.007728333333333333 0.013762499999999999
2 0.534785 0.5159325 0.005755000000000001 0.01014
2 0.5400483333333334 0.4644275 0.008063333333333334 0.010122500000000001
2 0.5465283333333334 0.47658249999999996 0.005375 0.006995
2 0.5670366666666666 0.5171924999999999 0.006084999999999999 0.011470000000000001
2 0.569945 0.39258499999999996 0.009251666666666667 0.015155
2 0.5733133333333333 0.364115 0.008295 0.00951
2 0.5359466666666667 0.2979325 0.007281666666666666 0.0099575