1 0.8843383333333333 0.09656 0.02934666666666667 0.04859
1 0.679905 0.565395 0.030658333333333333 0.04304
1 0.7107100000000001 0.43297 0.03278833333333333 0.0370775
1 0.9268233333333332 0.2006825 0.03846666666666667 0.050605
1 0.5231166666666667 0.9012 0.028798333333333332 0.041125
1 0.65727 0.7091275 0.030261666666666666 0.04014
1 0.5648166666666666 0.24074500000000001 0.030248333333333335 0.0412325
1 0.8476783333333333 0.8238475 0.02565833333333333 0.0414325
1 0.522615 0.7827575 0.03165833333333333 0.042085
1 0.3878333333333333 0.7111375000000001 0.029563333333333334 0.039994999999999996
1 0.34950833333333337 0.5059825 0.024901666666666666 0.034545
1 0.9571283333333334 0.3429825 0.026189999999999998 0.0369475
1 0.274065 0.5105325000000001 0.024964999999999998 0.03547
1 0.683275 0.19666999999999998 0.022224999999999998 0.03311
1 0.5788599999999999 0.2580075 0.03083 0.040955
1 0.5299666666666667 0.855315 0.024393333333333336 0.033530000000000004
1 0.6955333333333333 0.9314975 0.02672666666666667 0.036844999999999996
1 0.8885716666666668 0.760435 0.029718333333333333 0.0322025
1 0.7690916666666667 0.44530000000000003 0.02572166666666667 0.036707500000000004
1 0.6838333333333333 0.396895 0.026523333333333333 0.038067500000000004
1 0.47653999999999996 0.7900499999999999 0.030605 0.0447875
1 0.31664333333333333 0.8330700000000001 0.02264833333333333 0.0369875
1 0.39810999999999996 0.870715 0.02677833333333333 0.0444225
1 0.7208883333333334 0.8605725 0.019785 0.02414
1 0.09926833333333333 0.7222975 0.02966833333333333 0.0363275
1 0.10345333333333334 0.3048125 0.024563333333333333 0.027145
1 0.27897 0.2593175 0.026223333333333335 0.0314375
1 0.40503999999999996 0.1523475 0.024275 0.0354975
1 0.6560366666666666 0.211565 0.024541666666666666 0.0290875
1 0.6629849999999999 0.22716 0.026301666666666668 0.0256
1 0.71182 0.58338 0.02541833333333333 0.029769999999999998
1 0.67435 0.7128975000000001 0.02293833333333333 0.030717500000000002
1 0.465625 0.7362225 0.013758333333333332 0.03306
1 0.2527233333333333 0.9459075 0.019208333333333334 0.029295
1 0.271325 0.45546 0.026136666666666666 0.0342325
1 0.44895833333333335 0.5724199999999999 0.020421666666666668 0.027337499999999997
1 0.3931683333333334 0.080145 0.017535 0.023600000000000003
1 0.116375 0.0110075 0.028555 0.022015