2 0.07326666666666667 0.18494249999999998 0.044366666666666665 0.0500525
2 0.034865 0.25713749999999996 0.032343333333333335 0.050075
2 0.134805 0.18966249999999998 0.03232666666666667 0.053942500000000004
2 0.011659999999999998 0.2510275 0.023321666666666668 0.0489625
2 0.02403833333333333 0.418745 0.03475 0.0623375
2 0.13017666666666666 0.40208 0.04898333333333333 0.0290125
2 0.16080666666666668 0.473445 0.030656666666666665 0.055134999999999997
2 0.19801 0.47636 0.031905 0.035975
2 0.20559666666666665 0.36834 0.020431666666666667 0.03014
2 0.17496499999999998 0.2929575 0.027508333333333336 0.0384225
2 0.27351666666666663 0.219235 0.022865 0.03257
2 0.295265 0.2397775 0.020631666666666666 0.0373975
2 0.2750933333333333 0.0859525 0.035063333333333335 0.0436375
2 0.05142833333333333 0.8588300000000001 0.045110000000000004 0.05131
2 0.16747 0.952265 0.04398 0.057722499999999996
2 0.18061333333333335 0.8725750000000001 0.04448666666666667 0.0704725
2 0.275925 0.90631 0.042651666666666664 0.0518775
2 0.23354333333333333 0.8355049999999999 0.042275 0.0601875
2 0.28480833333333333 0.81953 0.03228833333333333 0.052275
2 0.24279833333333334 0.7255375000000001 0.038575 0.0486925
2 0.18357500000000002 0.7005575 0.04596833333333333 0.0679225
2 0.30821666666666664 0.5858775 0.042291666666666665 0.06622499999999999
2 0.382895 0.4642575 0.03802166666666667 0.0561925
2 0.49181 0.64627 0.0393 0.0565225
2 0.47376500000000005 0.50785 0.030975 0.048985
2 0.453685 0.390535 0.04448833333333333 0.061447499999999995
2 0.5254 0.6111449999999999 0.0417 0.0667875
2 0.580645 0.54395 0.039285 0.0656575
2 0.6014666666666667 0.64738 0.012446666666666668 0.025425
2 0.6744766666666667 0.5993425 0.030756666666666665 0.045957500000000005
2 0.7107549999999999 0.589485 0.04476 0.0456775
2 0.46784333333333333 0.907145 0.03393666666666667 0.0590975
2 0.68882 0.871185 0.024276666666666665 0.039927500000000005
2 0.7476733333333333 0.8738225 0.03833166666666667 0.0590875
2 0.7602583333333334 0.817735 0.03388833333333333 0.05796
2 0.78247 0.87215 0.025338333333333334 0.033100000000000004
2 0.8149466666666667 0.9632324999999999 0.034063333333333334 0.038009999999999995
2 0.4800583333333333 0.1855225 0.036155 0.0484375
2 0.5316933333333334 0.0376625 0.032075 0.0553375
2 0.542615 0.0813875 0.03122166666666667 0.054332500000000006
2 0.6157166666666667 0.20523750000000002 0.02243833333333333 0.037892499999999996
2 0.30155499999999996 0.38627999999999996 0.03637 0.0446075
2 0.34467833333333336 0.3624 0.015265 0.030162500000000002
2 0.6503249999999999 0.40002499999999996 0.028725 0.0415575
2 0.6749416666666667 0.4145975 0.029393333333333337 0.0431275
2 0.7380516666666668 0.44417 0.01792833333333333 0.03118
2 0.77747 0.321305 0.027593333333333334 0.0479225
2 0.6307083333333333 0.7565299999999999 0.019103333333333333 0.0355025
2 0.9585 0.9673925 0.02873 0.038
2 0.9887250000000001 0.9378200000000001 0.02255 0.0482675
2 0.9304616666666667 0.8593775 0.03003 0.0496325
2 0.9040883333333333 0.8756225 0.016155000000000003 0.03492
2 0.8757716666666667 0.9251875 0.029855 0.0424325
2 0.9773766666666667 0.7999550000000001 0.029468333333333332 0.04184
2 0.9286116666666667 0.77066 0.018926666666666668 0.036
2 0.9191716666666666 0.73873 0.018558333333333333 0.0443225
2 0.8403316666666666 0.6684775 0.031156666666666666 0.042635
2 0.8445066666666666 0.5816950000000001 0.03210166666666667 0.037585
2 0.8643866666666666 0.6450349999999999 0.029106666666666666 0.04562
2 0.87545 0.6675075 0.028928333333333334 0.0409025
2 0.9464666666666667 0.459775 0.017976666666666665 0.028295
2 0.9626066666666667 0.455685 0.020286666666666668 0.031665
2 0.9601483333333334 0.408945 0.023065 0.02414
2 0.917665 0.4016475 0.015041666666666667 0.027510000000000003
2 0.8942049999999999 0.365495 0.02675 0.0332525
2 0.8345683333333334 0.403015 0.014361666666666667 0.0313375
2 0.8259116666666667 0.24661000000000002 0.02483666666666667 0.0359725
2 0.8452033333333334 0.26809249999999996 0.018878333333333334 0.030085
2 0.8172033333333334 0.282845 0.015025 0.01982
2 0.86305 0.13773249999999998 0.018953333333333332 0.033055
2 0.8896616666666667 0.290385 0.018734999999999998 0.030532499999999997
2 0.8970916666666667 0.3191625 0.020916666666666667 0.03857
2 0.9436333333333333 0.3028125 0.02193166666666667 0.0313375
2 0.94107 0.34057499999999996 0.016803333333333333 0.025095
2 0.9742866666666667 0.3953475 0.019716666666666667 0.0339575
2 0.9814833333333333 0.37394 0.025771666666666665 0.0362925