1 0.9604616666666668 0.5465725 0.07907833333333333 0.1451425
1 0.31609 0.7448925000000001 0.06069666666666667 0.078485
1 0.22390000000000002 0.4603525 0.07431333333333333 0.0723925
1 0.38077 0.5622699999999999 0.06275833333333333 0.07523250000000001
1 0.3438533333333333 0.6953975 0.045831666666666666 0.049597499999999996
1 0.9727066666666666 0.6631475 0.054586666666666665 0.12281
1 0.012425 0.130225 0.02485 0.031075
1 0.5944966666666667 0.7595449999999999 0.027371666666666666 0.0591225
1 0.44094666666666665 0.8531525 0.030108333333333334 0.054195
1 0.6850949999999999 0.425755 0.05529 0.07965000000000001
1 0.08900166666666666 0.15939250000000002 0.015463333333333334 0.023195