2 0.20837301587301585 0.3150024801587301 0.06697530864197532 0.03976686507936508
2 0.019537037037037037 0.4337822420634921 0.039069664902998236 0.04918650793650794
2 0.5590740740740741 0.3668030753968254 0.09860670194003526 0.051279761904761904
2 0.6800044091710759 0.5363392857142857 0.11720899470899471 0.045
2 0.4567460317460318 0.5797693452380953 0.09488536155202822 0.058606150793650794
2 0.29581569664902996 0.5792460317460317 0.08186067019400353 0.045
2 0.27720899470899474 0.4913392857142857 0.06697530864197532 0.026163194444444444
2 0.12186067019400353 0.5776760912698413 0.08 0.03976686507936508
2 0.6707010582010582 0.6106423611111111 0.13209435626102292 0.06802331349206349
2 0.46418871252204585 0.6781423611111111 0.09488536155202822 0.058606150793650794
2 0.57581569664903 0.9465749007936508 0.11720899470899471 0.07220982142857142