2 0.39166666666666666 0.41625 0.035 0.0525
2 0.5858333333333333 0.40375 0.03166666666666667 0.0475
2 0.7104166666666667 0.464375 0.025833333333333333 0.04125
2 0.68625 0.474375 0.034166666666666665 0.05375
2 0.49 0.549375 0.03666666666666667 0.04875
2 0.5025 0.633125 0.03166666666666667 0.04125
2 0.41583333333333333 0.686875 0.03166666666666667 0.04375
2 0.35541666666666666 0.665625 0.034166666666666665 0.04875
2 0.34375 0.65625 0.035833333333333335 0.0475
2 0.05875 0.638125 0.0425 0.05625
2 0.095 0.018125 0.051666666666666666 0.03625
2 0.46791666666666665 0.023125 0.0475 0.04625