1 0.454525 0.4469075 0.03362 0.046365
1 0.8044916666666666 0.17367 0.04411166666666667 0.05174
1 0.6900666666666666 0.82968 0.0351 0.055857500000000004
1 0.66165 0.2841375 0.04309833333333333 0.058159999999999996
1 0.25496166666666664 0.4565475 0.041795 0.06657500000000001
1 0.5751733333333333 0.6637625 0.030886666666666666 0.042507500000000004
1 0.25709 0.904245 0.04380666666666666 0.055737499999999995
1 0.56468 0.5305275 0.02951 0.0506525
1 0.8500583333333334 0.1825875 0.024828333333333334 0.024765000000000002
1 0.7649416666666666 0.8593525 0.025176666666666667 0.03425
1 0.30416166666666666 0.9080925 0.035715 0.0614775
1 0.31850666666666666 0.8813075 0.021078333333333334 0.0289825
1 0.7825066666666667 0.19233250000000002 0.03220166666666667 0.0509375
1 0.7974366666666667 0.489615 0.029275000000000002 0.0412775
1 0.9763033333333333 0.395205 0.02986 0.03513
1 0.9633333333333334 0.61464 0.020841666666666665 0.027094999999999998
1 0.6653 0.6420950000000001 0.028845 0.039384999999999996
1 0.35668833333333333 0.378045 0.03439333333333334 0.0571375
1 0.49795833333333334 0.3677825 0.027736666666666663 0.0454875
1 0.563785 0.37638 0.02403833333333333 0.0360575
1 0.5393783333333333 0.27791750000000004 0.0196 0.032174999999999995
1 0.91707 0.83585 0.022128333333333337 0.0283825