0 0.3675466666666667 0.46370249999999996 0.04648333333333333 0.07589499999999999
0 0.39675333333333335 0.45722250000000003 0.02427 0.034555
0 0.38009333333333334 0.44950999999999997 0.011518333333333334 0.01666
0 0.3463616666666667 0.458765 0.016455 0.015425000000000001
0 0.3778316666666666 0.4852975 0.012751666666666668 0.02283
0 0.39696000000000004 0.49332 0.017276666666666666 0.0252975
0 0.39922166666666664 0.4791275 0.013575 0.0141925
0 0.3463616666666667 0.4988725 0.032084999999999995 0.02283
0 0.48087666666666673 0.4843725 0.008226666666666667 0.0160425
0 0.5524516666666667 0.47172250000000004 0.009049999999999999 0.021595
0 0.5647933333333334 0.4843725 0.013163333333333334 0.0160425
0 0.5540983333333334 0.49116000000000004 0.014808333333333333 0.01481
0 0.5886516666666667 0.475735 0.011518333333333334 0.01481
0 0.6057233333333334 0.44148750000000003 0.013575 0.020362500000000002
0 0.60922 0.47604250000000004 0.013163333333333334 0.021595
0 0.6024316666666667 0.45938249999999997 0.013575 0.019127500000000002
0 0.6254683333333333 0.498565 0.013575 0.0222125
0 0.632255 0.475735 0.011518333333333334 0.0172775
0 0.6376033333333333 0.5102875 0.017276666666666666 0.0444275
0 0.6493266666666667 0.500415 0.011106666666666667 0.018510000000000002
0 0.6803833333333333 0.49918250000000003 0.019745 0.018510000000000002
0 0.6647533333333333 0.49918250000000003 0.009873333333333333 0.01481
0 0.6569366666666666 0.523245 0.01234 0.0160425
0 0.5744600000000001 0.575385 0.01193 0.0265325
0 0.5742533333333333 0.5426825 0.005758333333333333 0.0080225
0 0.5785733333333334 0.5581075 0.00617 0.0080225
0 0.6225883333333334 0.571065 0.007815 0.0129575
0 0.6104533333333333 0.5667475 0.006581666666666667 0.0080225
0 0.4023066666666667 0.7318025 0.011518333333333334 0.0160425
0 0.37268999999999997 0.7746875 0.016455 0.01666
0 0.5724033333333334 0.38719 0.016864999999999998 0.0265325
0 0.5830983333333334 0.4097125 0.014396666666666665 0.013574999999999999
0 0.598935 0.3625075 0.01234 0.019127500000000002
0 0.6114816666666666 0.3760825 0.03414333333333334 0.029
0 0.6464466666666666 0.4220525 0.011106666666666667 0.0172775
0 0.57158 0.406625 0.011106666666666667 0.013574999999999999
0 0.5612966666666667 0.3853375 0.012751666666666668 0.01666
0 0.5540983333333334 0.40817000000000003 0.011518333333333334 0.0129575
0 0.5279766666666666 0.367135 0.013575 0.0160425
0 0.5411400000000001 0.37022000000000005 0.014396666666666665 0.0086375
0 0.533735 0.35417750000000003 0.00617 0.01234
0 0.556155 0.1897375 0.009049999999999999 0.01666
0 0.5658216666666667 0.1891225 0.011106666666666667 0.020362500000000002
0 0.60017 0.227685 0.008226666666666667 0.013574999999999999
0 0.57631 0.16043000000000002 0.013163333333333334 0.019745000000000002
2 0.029026666666666666 0.7837375 0.058054999999999995 0.073535
2 0.2825316666666667 0.6502125 0.033543333333333335 0.0348325
2 0.8940416666666666 0.856305 0.033543333333333335 0.04838
2 0.6658016666666666 0.16802 0.017796666666666665 0.029835
0 0.26197666666666664 0.40552499999999997 0.013085000000000001 0.0180575
0 0.55562 0.1216975 0.005758333333333333 0.0172725
2 0.7377100000000001 0.30167 0.016018333333333332 0.029365
2 0.62959 0.331035 0.020466666666666668 0.0240275
2 0.622915 0.2582875 0.010678333333333331 0.0173525
2 0.6749733333333333 0.036707500000000004 0.020466666666666668 0.030699999999999998