2 0.26097166666666666 0.55175 0.028611666666666664 0.0484975
2 0.27583166666666664 0.4994175 0.017398333333333335 0.0292575
2 0.2849083333333333 0.5198375 0.032075 0.0393525
2 0.3450566666666667 0.370055 0.02567833333333333 0.045270000000000005
2 0.30510333333333334 0.2832875 0.03857 0.0428125
2 0.3471933333333333 0.24057 0.028525000000000002 0.0428
2 0.4004883333333333 0.2904975 0.022895000000000002 0.0412125
2 0.42656 0.3041125 0.02640333333333333 0.03107
2 0.31836166666666665 0.21547 0.020595 0.0353175
2 0.30359166666666665 0.2130675 0.03020666666666667 0.03585
2 0.309375 0.16421 0.032875 0.0395725
2 0.3122233333333333 0.093455 0.03145166666666667 0.042222499999999996
2 0.38349333333333335 0.112145 0.029838333333333335 0.047567500000000006
2 0.47247 0.10467 0.036941666666666664 0.053975
2 0.4063616666666667 0.07876999999999999 0.016843333333333335 0.02887
2 0.4124116666666666 0.681775 0.02894333333333333 0.046932499999999995
2 0.4503183333333333 0.6923225 0.03406 0.0493375
2 0.4625933333333333 0.7628075 0.05100166666666667 0.062174999999999994
2 0.4978316666666666 0.73998 0.04225333333333334 0.05656
2 0.5511266666666667 0.48193 0.030521666666666666 0.045005
2 0.5784433333333333 0.43667500000000004 0.029983333333333334 0.03725
2 0.7361983333333333 0.7729524999999999 0.037608333333333334 0.05043
2 0.9109516666666667 0.8235475 0.024055000000000003 0.0475075
2 0.9778616666666666 0.840635 0.04397500000000001 0.049647500000000004
2 0.9581083333333332 0.8742625 0.029386666666666665 0.0421525
2 0.9810516666666668 0.917935 0.03789666666666667 0.06442
2 0.6152783333333334 0.232565 0.03602833333333333 0.0588275
2 0.6439333333333334 0.2217525 0.031243333333333335 0.0398675
2 0.5154466666666666 0.23790250000000002 0.025011666666666665 0.026789999999999998
2 0.5072616666666667 0.15607 0.022876666666666667 0.025965
2 0.521675 0.2114725 0.02679 0.032655
2 0.850535 0.24366749999999998 0.02958166666666667 0.02764
2 0.8643266666666667 0.2171025 0.02335166666666667 0.03591
2 0.8137 0.3423225 0.01642 0.0247325
2 0.7763283333333334 0.2757075 0.027103333333333333 0.038329999999999996
2 0.9108616666666667 0.2957325 0.032775 0.041005
2 0.9451183333333334 0.164105 0.021203333333333334 0.050045
2 0.9696783333333333 0.17465 0.029339999999999998 0.031092500000000002
2 0.9913883333333333 0.45682999999999996 0.014396666666666665 0.06926500000000001
2 0.9819416666666666 0.619305 0.036116666666666665 0.05013
2 0.9783816666666667 0.68592 0.043236666666666666 0.0472125
2 0.62625 0.10375 0.04083333333333333 0.055