1 0.7240833333333333 0.5255125 0.05868333333333334 0.079935
1 0.3006683333333333 0.4798125 0.033365 0.048182499999999996
1 0.9806883333333334 0.44577249999999996 0.038621666666666665 0.0768725
1 0.8023633333333334 0.979205 0.070265 0.04159
1 0.23526 0.5418324999999999 0.03573666666666667 0.045925
1 0.24839666666666668 0.5788949999999999 0.035824999999999996 0.036414999999999996
1 0.47830833333333334 0.3000125 0.036406666666666664 0.052255
1 0.8847683333333333 0.1562425 0.029301666666666667 0.0324575
1 0.23604833333333333 0.400325 0.03922166666666667 0.04113
1 0.37057666666666667 0.22507249999999998 0.030586666666666668 0.044185
1 0.4053883333333333 0.336335 0.042255 0.05135
1 0.5414800000000001 0.7722525 0.031145 0.0600875
1 0.5347233333333333 0.62791 0.031058333333333334 0.046807499999999995
1 0.46243500000000004 0.5657575 0.03197 0.0484575
1 0.412805 0.8029375 0.016213333333333333 0.02897