1 0.47619666666666666 0.1780025 0.06467666666666667 0.09299500000000001
1 0.55117 0.39037 0.06068 0.09763
1 0.71128 0.928495 0.06788999999999999 0.07895999999999999
1 0.44009833333333337 0.50563 0.060108333333333326 0.0906175
1 0.260475 0.742405 0.04020833333333333 0.06625249999999999
1 0.36841999999999997 0.7988225 0.03587666666666667 0.0593425
1 0.6313383333333333 0.10366750000000001 0.031323333333333335 0.0468525
1 0.3124283333333333 0.2229275 0.041738333333333336 0.06619
1 0.31864499999999996 0.3520875 0.06025 0.071655
1 0.4843316666666666 0.5146075 0.04516666666666667 0.0734375
1 0.9806616666666667 0.34627749999999996 0.038676666666666665 0.0777125
1 0.6465233333333333 0.9322875 0.04883666666666666 0.0757475
1 0.6163266666666667 0.4054975 0.04478666666666667 0.071995
1 0.6058033333333334 0.45374000000000003 0.042325 0.06521500000000001
1 0.6218883333333334 0.78525 0.05186166666666667 0.08122499999999999
1 0.35307333333333335 0.49645 0.02588 0.0429725
1 0.290465 0.5296875 0.025618333333333333 0.0405125
1 0.85595 0.53254 0.06813666666666666 0.0959375