2 0.4138624338624339 0.1868824404761905 0.12888447971781306 0.06444196428571428
2 0.2692283950617284 0.28596478174603174 0.13175044091710758 0.043499503968253965
2 0.5184038800705467 0.5493725198412699 0.13747795414462083 0.06766369047619047
2 0.6515873015873016 0.6371750992063493 0.1059700176366843 0.06927579365079364
2 0.7589902998236332 0.6693973214285714 0.12602292768959436 0.06283234126984127
2 0.44107142857142856 0.6637574404761905 0.10310846560846561 0.0612202380952381
2 0.44537037037037036 0.7112847222222223 0.08878747795414463 0.04994295634920635
2 0.28264991181657845 0.775327380952381 0.11091269841269842 0.05131944444444444
2 0.265652557319224 0.8009871031746032 0.07692239858906526 0.024149305555555556
2 0.17799823633156966 0.7969618055555555 0.10196649029982363 0.05232638888888889
2 0.2012522045855379 0.840734126984127 0.07692239858906526 0.04326884920634921
2 0.24508377425044092 0.8819915674603175 0.05008818342151675 0.0452827380952381
2 0.32379188712522045 0.8759548611111111 0.07513668430335096 0.03723214285714286
2 0.4078747795414462 0.8125595238095238 0.04651234567901234 0.021130952380952382
2 0.9132407407407408 0.845766369047619 0.033990299823633156 0.021130952380952382
2 0.7951719576719577 0.7159573412698412 0.03756613756613757 0.02717013888888889