1 0.2294733333333333 0.4131525 0.033729999999999996 0.048987499999999996
1 0.22920833333333332 0.2932 0.04706333333333333 0.060212499999999995
1 0.11854 0.3486875 0.03746 0.05178
1 0.6620166666666667 0.6053375 0.04622166666666666 0.05879
1 0.8583533333333333 0.6575675 0.05331 0.060899999999999996
1 0.8249549999999999 0.22638999999999998 0.041975 0.0636
1 0.7654583333333334 0.8731925 0.037785 0.050347499999999996
1 0.6947049999999999 0.16450499999999998 0.046053333333333335 0.062945
1 0.21389333333333332 0.87239 0.035576666666666666 0.048225000000000004
1 0.6212916666666667 0.258815 0.041069999999999995 0.061329999999999996
2 0.8890433333333334 0.476025 0.050346666666666665 0.0600575
1 0.6777616666666667 0.55799 0.04475 0.0469075
1 0.073895 0.265335 0.035636666666666664 0.05755
1 0.535975 0.2169 0.03453833333333333 0.049405000000000004
1 0.4177366666666667 0.2549575 0.026398333333333333 0.034025
1 0.5629350000000001 0.6035775 0.03607666666666667 0.053965000000000006
1 0.7561666666666667 0.73694 0.022023333333333332 0.038082500000000005
1 0.8316733333333334 0.8117925 0.027416666666666666 0.043402500000000004
1 0.863915 0.78064 0.031843333333333335 0.0526725
1 0.35978166666666667 0.3354 0.026928333333333332 0.03896500000000001