2 0.13539186507936507 0.058011463844797176 0.014275793650793652 0.02175485008818342
2 0.008043154761904762 0.14784391534391533 0.011103670634920636 0.014501763668430335
2 0.02685267857142857 0.1450220458553792 0.007477678571428571 0.013694885361552028
2 0.12360863095238095 0.1001058201058201 0.007477678571428571 0.010070546737213405
2 0.15012152777777776 0.14039241622574958 0.02107390873015873 0.026988536155202823
2 0.1587326388888889 0.11622134038800705 0.006118551587301587 0.013293650793650793
2 0.1535218253968254 0.0809700176366843 0.006572420634920635 0.011278659611992944
2 0.003172123015873016 0.23304232804232802 0.006344246031746032 0.029409171075837744
2 0.01778769841269841 0.2541931216931217 0.0237921626984127 0.031419753086419755
2 0.04157986111111111 0.25056878306878305 0.02288690476190476 0.03867283950617283
2 0.06797867063492063 0.24653880070546735 0.023566468253968253 0.03947971781305115
2 0.21538194444444445 0.19457231040564374 0.014729662698412698 0.0233641975308642
2 0.210625 0.309783950617284 0.012008928571428571 0.014501763668430335
2 0.23350942460317461 0.3915652557319224 0.013821924603174602 0.020947971781305114
2 0.0027182539682539687 0.4467504409171076 0.005438988095238095 0.026587301587301587
2 0.26206101190476194 0.5760670194003528 0.03829613095238095 0.03544973544973545
2 0.09449156746031746 0.7013492063492064 0.030818452380952384 0.03706349206349206
2 0.3154265873015873 0.7376058201058201 0.023112599206349206 0.03544973544973545
2 0.03931547619047619 0.7833289241622574 0.023340773809523808 0.037464726631393296
2 0.1757266865079365 0.8230070546737213 0.024246031746031748 0.04431216931216931
2 0.1548809523809524 0.8360978835978836 0.021979166666666668 0.026988536155202823
2 0.20994295634920634 0.8296560846560846 0.019714781746031744 0.037464726631393296
2 0.20688492063492062 0.8727601410934744 0.025379464285714286 0.04632716049382716
2 0.2248983134920635 0.8761816578483246 0.019260912698412697 0.03544973544973545
2 0.021867559523809525 0.9215035273368606 0.02288690476190476 0.02860229276895944
2 0.04124007936507937 0.9376146384479719 0.02492559523809524 0.031018518518518515
2 0.0330828373015873 0.977094356261023 0.023566468253968253 0.031825396825396826
2 0.15465277777777778 0.9283509700176367 0.01246279761904762 0.022156084656084655
2 0.25141121031746033 0.9720590828924163 0.026964285714285715 0.047535273368606704
2 0.31712549603174606 0.9789065255731921 0.022433035714285714 0.03947971781305115
2 0.22999751984126984 0.9952954144620811 0.01132936507936508 0.009409171075837743
2 0.34681051587301587 0.9779717813051146 0.026059027777777775 0.044056437389770726
2 0.3034151785714285 0.9416446208112875 0.01586309523809524 0.018932980599647264
2 0.24461309523809524 0.7452601410934744 0.010649801587301586 0.01530864197530864
2 0.4541046626984127 0.7180687830687831 0.005890376984126984 0.012486772486772487
2 0.4300843253968254 0.6753659611992946 0.019486607142857142 0.0334347442680776
2 0.43677083333333333 0.707389770723104 0.007477678571428571 0.00966931216931217
2 0.4163764880952381 0.6999382716049383 0.006572420634920635 0.012486772486772487
2 0.40708581349206346 0.7100088183421517 0.007023809523809524 0.01087742504409171
2 0.38737103174603177 0.5819047619047619 0.024246031746031748 0.03504850088183421
2 0.388844246031746 0.46931216931216935 0.02447172619047619 0.03786596119929453
2 0.4833358134920635 0.5670017636684304 0.013142361111111112 0.025379188712522045
2 0.5140401785714286 0.5589462081128748 0.012008928571428571 0.02134920634920635
2 0.39133680555555556 0.3825 0.019035218253968252 0.023769841269841267
2 0.40210069444444446 0.33717813051146384 0.019714781746031744 0.027394179894179894
2 0.4132043650793651 0.26224867724867723 0.020620039682539684 0.03222663139329806
2 0.47642361111111114 0.3208641975308642 0.019714781746031744 0.0334347442680776
2 0.49217261904761905 0.3055555555555556 0.014501488095238095 0.03021164021164021
2 0.40787946428571425 0.10514109347442681 0.018581349206349206 0.033840388007054675
2 0.5881374007936507 0.10151675485008818 0.008836805555555556 0.011278659611992944
2 0.633797123015873 0.1925573192239859 0.02039434523809524 0.03303350970017637
2 0.5987872023809524 0.2541931216931217 0.018355654761904764 0.03061728395061728
2 0.5552802579365079 0.2427116402116402 0.01880704365079365 0.02134920634920635
2 0.6066046626984127 0.29971340388007056 0.019486607142857142 0.033840388007054675
2 0.603546626984127 0.2749382716049382 0.019714781746031744 0.02860229276895944
2 0.6641617063492063 0.25137566137566136 0.014501488095238095 0.03222663139329806
2 0.6262053571428572 0.23546296296296296 0.02107390873015873 0.029409171075837744
2 0.668921130952381 0.3263007054673721 0.01812748015873016 0.027394179894179894
2 0.6649553571428571 0.3538977072310406 0.016088789682539684 0.024572310405643737
2 0.7012103174603175 0.3551058201058201 0.016994047619047617 0.022962962962962963
2 0.7148065476190476 0.30092151675485007 0.01654265873015873 0.02900352733686067
2 0.7584275793650793 0.27111111111111114 0.012237103174603175 0.01933862433862434
2 0.7248908730158731 0.3796781305114639 0.016768353174603175 0.026988536155202823
2 0.6959995039682539 0.4094885361552028 0.010649801587301586 0.025379188712522045
2 0.6731125992063491 0.485626102292769 0.020166170634920634 0.031018518518518515
2 0.6209945436507937 0.5120149911816578 0.014729662698412698 0.024977954144620812
2 0.5659300595238095 0.5373941798941799 0.005210813492063492 0.020947971781305114
2 0.5879117063492063 0.5720370370370371 0.019714781746031744 0.033840388007054675
2 0.6515848214285714 0.5289329805996472 0.004759424603174603 0.016917989417989415
2 0.5359077380952382 0.6231966490299824 0.01586309523809524 0.016917989417989415
2 0.5252554563492063 0.7047751322751323 0.013142361111111112 0.014902998236331568
2 0.5695560515873015 0.6955070546737214 0.014275793650793652 0.025379188712522045
2 0.5578869047619048 0.7506966490299823 0.019035218253968252 0.03021164021164021
2 0.627452876984127 0.7267283950617284 0.01631448412698413 0.027394179894179894
2 0.6490922619047619 0.7305555555555556 0.014275793650793652 0.027795414462081128
2 0.6999652777777778 0.6999382716049383 0.017673611111111112 0.03021164021164021
2 0.6890873015873016 0.6485758377425044 0.009064980158730158 0.01853174603174603
2 0.7153720238095238 0.7353880070546737 0.016768353174603175 0.02860229276895944
2 0.7209250992063492 0.7984347442680776 0.020166170634920634 0.03061728395061728
2 0.7303298611111111 0.8425440917107584 0.019940476190476192 0.022156084656084655
2 0.7022296626984127 0.8898809523809523 0.009970238095238096 0.02014109347442681
2 0.6177083333333333 0.8369047619047618 0.008157242063492064 0.01087742504409171
2 0.6733382936507937 0.8373104056437389 0.009290674603174603 0.01087742504409171
2 0.6514732142857143 0.9172707231040564 0.01586309523809524 0.027394179894179894
2 0.7390525793650794 0.7202821869488536 0.011103670634920636 0.014501763668430335
2 0.7463045634920634 0.6691225749559082 0.004759424603174603 0.01611552028218695
2 0.770436507936508 0.631657848324515 0.007251984126984127 0.012892416225749558
2 0.8065798611111111 0.6352821869488536 0.006572420634920635 0.01530864197530864
2 0.8814707341269842 0.6375 0.009064980158730158 0.016516754850088185
2 0.8803373015873016 0.6179585537918871 0.009064980158730158 0.01530864197530864
2 0.8738789682539683 0.6292416225749559 0.009290674603174603 0.016917989417989415
2 0.8712723214285714 0.6010405643738977 0.006344246031746032 0.010471781305114638
2 0.8249330357142858 0.5724382716049382 0.008382936507936508 0.013694885361552028
2 0.828219246031746 0.5672045855379189 0.007703373015873016 0.014501763668430335
2 0.8193824404761905 0.5663977072310405 0.008157242063492064 0.013694885361552028
2 0.822328869047619 0.5567283950617284 0.008611111111111111 0.013694885361552028
2 0.84125 0.5484700176366843 0.009290674603174603 0.013293650793650793
2 0.852579365079365 0.5323544973544974 0.008836805555555556 0.012486772486772487
2 0.8318452380952381 0.5214814814814815 0.010424107142857143 0.013293650793650793
2 0.8258407738095238 0.5106040564373897 0.011557539682539683 0.014100529100529101
2 0.829578373015873 0.49509259259259253 0.009970238095238096 0.012892416225749558
2 0.8072594246031746 0.5019400352733686 0.007477678571428571 0.01530864197530864
2 0.8009151785714286 0.4997266313932981 0.009290674603174603 0.014100529100529101
2 0.797514880952381 0.507583774250441 0.009744543650793651 0.013694885361552028
2 0.8111111111111111 0.49267636684303356 0.005210813492063492 0.008055555555555555
2 0.850766369047619 0.4892504409171075 0.009290674603174603 0.013293650793650793
2 0.8492931547619047 0.4739462081128748 0.008157242063492064 0.012486772486772487
2 0.844422123015873 0.4759567901234568 0.00793154761904762 0.014100529100529101
2 0.8373958333333333 0.4592416225749559 0.006572420634920635 0.00966931216931217
2 0.8179092261904761 0.4145238095238095 0.008836805555555556 0.012085537918871252
2 0.8253869047619048 0.36457231040564375 0.008836805555555556 0.012892416225749558
2 0.7907167658730159 0.3716225749559083 0.007477678571428571 0.010070546737213405
2 0.8773908730158729 0.49610229276895945 0.008157242063492064 0.013293650793650793
2 0.8839632936507936 0.49005731922398593 0.006344246031746032 0.01087742504409171
2 0.8802232142857143 0.45722663139329806 0.00793154761904762 0.014501763668430335
2 0.8684399801587303 0.44493827160493826 0.009290674603174603 0.012486772486772487
2 0.8508804563492064 0.42741622574955906 0.006798115079365079 0.008055555555555555
2 0.840796130952381 0.33556878306878307 0.006572420634920635 0.00966931216931217
2 0.8330902777777778 0.3174382716049383 0.006572420634920635 0.00966931216931217
2 0.8641344246031746 0.3117989417989418 0.008382936507936508 0.01611552028218695
2 0.8815823412698413 0.35007054673721344 0.006118551587301587 0.010471781305114638
2 0.9440104166666666 0.267283950617284 0.008611111111111111 0.014902998236331568
2 0.9748288690476191 0.3083774250440917 0.009064980158730158 0.01087742504409171
2 0.9616865079365079 0.3516798941798942 0.006344246031746032 0.008862433862433863
2 0.9318874007936507 0.34624338624338624 0.008382936507936508 0.011684303350970017
2 0.9210119047619048 0.47515432098765437 0.008382936507936508 0.014902998236331568
2 0.8999379960317461 0.44755731922398584 0.007023809523809524 0.01530864197530864
2 0.9545486111111111 0.5798941798941799 0.006572420634920635 0.014902998236331568