1 0.6752766666666666 0.50459 0.07913666666666666 0.12015250000000001
1 0.874985 0.676995 0.02593166666666667 0.039012500000000006
1 0.9834266666666668 0.6661775 0.027751666666666664 0.031705
1 0.60126 0.5009825 0.06619833333333333 0.10305
1 0.8188883333333333 0.76481 0.025163333333333333 0.0464625
1 0.5451083333333333 0.48207 0.04869166666666666 0.07589499999999999
1 0.9890066666666667 0.6549349999999999 0.020835 0.0292025
1 0.8780683333333333 0.4404775 0.027205 0.036555
1 0.8138500000000001 0.40802499999999997 0.024653333333333333 0.0381075
1 0.7926933333333334 0.39286 0.01906666666666667 0.034147500000000004
1 0.9164100000000001 0.8331575 0.019133333333333332 0.028302499999999998
1 0.8862066666666666 0.8623175 0.012761666666666666 0.0269275
1 0.71367 0.7377525 0.06686 0.0762675
1 0.8537316666666667 0.62017 0.022074999999999997 0.0380075
1 0.8467183333333334 0.6998675 0.012208333333333333 0.030789999999999998