1 0.8208249999999999 0.1103825 0.038386666666666666 0.054025
1 0.6895283333333333 0.7267675 0.02709 0.0324375
1 0.305125 0.3424675 0.02977833333333333 0.042382500000000004
1 0.8540366666666667 0.6771725000000001 0.035943333333333334 0.046512500000000005
1 0.4763733333333333 0.11332500000000001 0.03854166666666667 0.052649999999999995
1 0.36041666666666666 0.835305 0.029083333333333333 0.0408825
1 0.630695 0.6373825000000001 0.02466 0.0329375
1 0.05922666666666667 0.262985 0.023704999999999997 0.0277775
2 0.7315883333333333 0.9444975 0.031915 0.03225
1 0.42929333333333336 0.11306999999999999 0.038573333333333334 0.043815
2 0.5603933333333334 0.2727325 0.033593333333333336 0.04178
1 0.3702566666666667 0.5437799999999999 0.04535833333333333 0.05078
1 0.445385 0.554155 0.030983333333333335 0.054197499999999996
1 0.25128666666666666 0.7283624999999999 0.027131666666666665 0.05166
1 0.06727833333333334 0.7477024999999999 0.025208333333333333 0.040119999999999996
1 0.11331833333333333 0.883115 0.02968166666666667 0.04303
1 0.17255166666666666 0.8597275 0.022099999999999998 0.0454275
1 0.5383733333333333 0.373905 0.03342166666666667 0.043085
1 0.24985833333333335 0.5241925 0.02081 0.037495
1 0.173725 0.471495 0.017849999999999998 0.032424999999999995
1 0.77909 0.8227775 0.023496666666666666 0.036545
1 0.5367016666666666 0.6306425 0.026775 0.0364825