2 0.25788833333333333 0.13527250000000002 0.043508333333333336 0.06882250000000001
2 0.23119 0.15247999999999998 0.03441166666666667 0.0533975
2 0.36883666666666665 0.4954075 0.04786000000000001 0.07357
2 0.4006766666666667 0.6194075 0.0443 0.0652625
2 0.36863833333333335 0.8404125 0.03085166666666667 0.05043
2 0.293685 0.84338 0.020963333333333334 0.045685
2 0.28617 0.9154675 0.028873333333333334 0.04865
0 0.33877666666666667 0.2070625 0.012261666666666666 0.02136
0 0.3257233333333333 0.2141825 0.009096666666666666 0.014240000000000001
0 0.32038333333333335 0.22278499999999998 0.00791 0.010085
0 0.33047 0.2242675 0.006723333333333334 0.008305
0 0.3385783333333333 0.17887999999999998 0.005536666666666666 0.0089
0 0.36132166666666665 0.14091 0.006723333333333334 0.010085
0 0.3714083333333333 0.142985 0.006328333333333333 0.0094925
0 0.3896016666666667 0.0237325 0.013448333333333333 0.0201725
0 0.4857166666666667 0.1845175 0.009493333333333333 0.0201725
0 0.49857166666666664 0.18866999999999998 0.008306666666666667 0.01068
0 0.4874966666666667 0.19490000000000002 0.01147 0.0148325
0 0.42698 0.2841925 0.006723333333333334 0.0130525
0 0.4331116666666667 0.2833025 0.00712 0.0089
0 0.4228266666666667 0.290125 0.006328333333333333 0.0071200000000000005
0 0.3909866666666667 0.33017250000000004 0.009096666666666666 0.01246
0 0.19143833333333335 0.4028525 0.008701666666666667 0.0094925
0 0.193615 0.41145499999999996 0.005933333333333334 0.0089
0 0.20330499999999999 0.40849 0.004746666666666666 0.007712500000000001
0 0.21319333333333335 0.40582 0.005536666666666666 0.008305
0 0.22090666666666667 0.40908249999999996 0.009096666666666666 0.0065274999999999994
0 0.193615 0.42747500000000005 0.009096666666666666 0.011272500000000001
0 0.19994333333333333 0.4209475 0.009888333333333332 0.0089
0 0.21912666666666666 0.474345 0.011866666666666668 0.010085
0 0.21813833333333332 0.46426 0.005141666666666667 0.0065274999999999994
0 0.217545 0.4838375 0.008701666666666667 0.0148325
0 0.06526333333333333 0.025215 0.012656666666666667 0.017204999999999998
0 0.044893333333333334 0.09997249999999999 0.01147 0.010085
0 0.008701666666666667 0.1225175 0.00791 0.0148325
0 0.0015816666666666668 0.1245925 0.003165 0.015425000000000001
0 0.10659666666666667 0.2951675 0.007515000000000001 0.01246
0 0.12775833333333333 0.29338749999999997 0.005536666666666666 0.007712500000000001
0 0.13804166666666667 0.2948725 0.006328333333333333 0.01068
0 0.031643333333333336 0.26224000000000003 0.00791 0.0071200000000000005
0 0.03777333333333333 0.279445 0.005933333333333334 0.0059325
0 0.03797166666666667 0.26669 0.004746666666666666 0.0089
0 0.17462833333333333 0.5933025 0.006723333333333334 0.0130525
0 0.260855 0.6538200000000001 0.005933333333333334 0.0130525
0 0.27232666666666666 0.6609400000000001 0.009888333333333332 0.011865
0 0.27707166666666666 0.64403 0.006723333333333334 0.011272500000000001
2 0.6563916666666667 0.6909025000000001 0.03203833333333333 0.05755
2 0.6190133333333333 0.21299500000000002 0.015030000000000002 0.046277500000000006
0 0.525865 0.1640475 0.03362 0.024325
0 0.546235 0.18778 0.016611666666666667 0.01246
0 0.5345666666666666 0.17977 0.01147 0.014240000000000001
0 0.5401033333333333 0.1702775 0.008306666666666667 0.01068
0 0.51914 0.1854075 0.017008333333333334 0.052805
0 0.5632416666666666 0.15514750000000002 0.012656666666666667 0.01602
0 0.55988 0.142095 0.006723333333333334 0.0089
0 0.5610666666666667 0.1323075 0.009096666666666666 0.008305
0 0.5689783333333334 0.12578 0.01147 0.008305
0 0.570955 0.1343825 0.008306666666666667 0.011272500000000001
0 0.5972583333333333 0.1207375 0.00712 0.013645
0 0.598445 0.1317125 0.00712 0.0094925
0 0.6043783333333334 0.12043999999999999 0.012656666666666667 0.014240000000000001
0 0.6190133333333333 0.14269 0.009493333333333333 0.0183925
0 0.6010166666666666 0.14625 0.005933333333333334 0.01246
0 0.6089266666666666 0.14892 0.01068 0.015425000000000001
0 0.6154533333333333 0.15663249999999998 0.01424 0.014240000000000001
0 0.588755 0.2061725 0.018590000000000002 0.019579999999999997
0 0.515185 0.118365 0.009888333333333332 0.013645
0 0.51479 0.1296375 0.005933333333333334 0.013645
0 0.65817 0.0498375 0.01424 0.0237325
0 0.6690483333333334 0.07060250000000001 0.012261666666666666 0.022545000000000003
0 0.6567866666666666 0.06971250000000001 0.013843333333333334 0.017204999999999998
0 0.6530283333333333 0.010975 0.00712 0.0148325
0 0.6605433333333334 0.008602499999999999 0.00791 0.0148325
0 0.6231666666666666 0.012755 0.007515000000000001 0.01246
0 0.5994333333333334 0.0373775 0.008306666666666667 0.0094925
0 0.6101133333333333 0.047167499999999994 0.009096666666666666 0.007712500000000001
0 0.6399766666666666 0.1269675 0.010283333333333334 0.0237325
0 0.6532266666666667 0.097005 0.006723333333333334 0.007712500000000001
0 0.6470966666666667 0.22545500000000002 0.010283333333333334 0.0130525
0 0.6393833333333334 0.2242675 0.006723333333333334 0.014240000000000001
0 0.6650933333333333 0.2296075 0.01147 0.016612500000000002
0 0.7040533333333333 0.17057499999999998 0.009493333333333333 0.013645
0 0.5442566666666666 0.3536075 0.012656666666666667 0.015425000000000001
0 0.55019 0.32809750000000004 0.006328333333333333 0.0071200000000000005
0 0.5804483333333333 0.2930925 0.005933333333333334 0.011865
0 0.5828216666666667 0.30288 0.007515000000000001 0.0089
0 0.531995 0.3856475 0.032433333333333335 0.0427175
0 0.552365 0.3963275 0.012261666666666666 0.014240000000000001
0 0.544455 0.4046325 0.01068 0.0178
0 0.535555 0.42747500000000005 0.032433333333333335 0.046869999999999995
0 0.5286333333333334 0.40908249999999996 0.013053333333333332 0.0148325
0 0.6824966666666666 0.018985 0.017008333333333334 0.024917500000000002
0 0.6815066666666667 0.038564999999999995 0.011075 0.0237325
0 0.8796700000000001 0.19490000000000002 0.00791 0.013645
0 0.8964816666666667 0.24444 0.016216666666666667 0.015425000000000001
0 0.8790766666666666 0.24117750000000002 0.008306666666666667 0.0183925
0 0.8873833333333334 0.233465 0.006723333333333334 0.011272500000000001
0 0.6898133333333334 0.1056075 0.009493333333333333 0.0094925
0 0.650655 0.82736 0.013448333333333333 0.01602
0 0.672015 0.8413025000000001 0.011866666666666668 0.018985
0 0.73352 0.8071900000000001 0.01068 0.0148325
0 0.7236316666666667 0.80452 0.007515000000000001 0.01068
0 0.8268666666666666 0.7101825 0.008306666666666667 0.022545000000000003
0 0.8328 0.7253125 0.008306666666666667 0.0148325
0 0.693175 0.9157625 0.012261666666666666 0.0148325
0 0.7072166666666667 0.89203 0.005536666666666666 0.0089
0 0.7175016666666667 0.9080499999999999 0.013448333333333333 0.0089
0 0.626725 0.8751224999999999 0.005933333333333334 0.0059325
0 0.6318683333333334 0.8875824999999999 0.015426666666666667 0.01068
0 0.61565 0.8819450000000001 0.013053333333333332 0.0183925
0 0.6166400000000001 0.8941074999999999 0.008701666666666667 0.014240000000000001
0 0.59983 0.8967775 0.009096666666666666 0.01602
0 0.5919183333333333 0.96204 0.027291666666666665 0.04331
0 0.6694433333333333 0.968865 0.005933333333333334 0.011865
0 0.6785416666666667 0.97094 0.005933333333333334 0.010085
0 0.6864516666666667 0.9869600000000001 0.009888333333333332 0.0148325
0 0.6876383333333334 0.9750924999999999 0.009096666666666666 0.011272500000000001
0 0.6819033333333333 0.9154675 0.00791 0.0094925
0 0.6354283333333334 0.98162 0.006723333333333334 0.007712500000000001
0 0.64492 0.9900675 0.014635 0.0198625
0 0.6049716666666667 0.9924425 0.01068 0.015117499999999999
0 0.61842 0.993035 0.013843333333333334 0.01393
0 0.531995 0.9747975 0.00712 0.008305
0 0.5331816666666667 0.9866625 0.011075 0.011865
0 0.5389166666666667 0.9945175 0.018590000000000002 0.010964999999999999
0 0.9503966666666667 0.374635 0.03619166666666667 0.057115
2 0.91232 0.9638724999999999 0.03845333333333333 0.0639
2 0.94248 0.944365 0.025635 0.055417499999999995