1 0.8209266666666667 0.0360375 0.035925 0.0589725
1 0.5860416666666667 0.7352124999999999 0.037495 0.0685025
1 0.6175616666666667 0.26331 0.05243833333333333 0.069715
1 0.6064833333333334 0.5278175 0.04878166666666667 0.06968
1 0.65313 0.8085399999999999 0.04869 0.07039
1 0.5729066666666667 0.29732749999999997 0.04849333333333333 0.06706000000000001
1 0.23751666666666665 0.53625 0.04555 0.066855
1 0.46431333333333336 0.39547000000000004 0.0518 0.0760575
1 0.33424333333333334 0.5011075 0.042385 0.067265
1 0.51173 0.8957324999999999 0.04224833333333333 0.066095
1 0.32750999999999997 0.42033499999999996 0.04590833333333333 0.073695
1 0.41317 0.3711375 0.053731666666666664 0.08474
1 0.5624583333333333 0.36248 0.05350833333333334 0.07060250000000001
1 0.3641716666666667 0.4472825 0.04185333333333333 0.0639825
1 0.5306683333333334 0.7756625 0.04164833333333333 0.05578
1 0.6136366666666667 0.32793 0.05146666666666667 0.064795
1 0.5092733333333334 0.242885 0.048876666666666665 0.0933575
1 0.7897083333333333 0.113635 0.031116666666666664 0.0445775
1 0.31096999999999997 0.5178625 0.034595 0.05588
1 0.3768416666666667 0.6801875 0.03914666666666666 0.034495
1 0.4606233333333333 0.7097875 0.021948333333333334 0.0408675
1 0.40850333333333333 0.6815375 0.029171666666666665 0.0565225