0 0.5496383333333333 0.4465125 0.03145 0.058145
0 0.5454333333333333 0.490945 0.021576666666666668 0.031815
0 0.5229433333333333 0.48162 0.02633 0.030717500000000002
0 0.5269666666666667 0.45364499999999996 0.029986666666666665 0.031815
0 0.5434216666666667 0.40976 0.023405000000000002 0.02633
0 0.532085 0.342565 0.015359999999999999 0.027975
0 0.481985 0.32748 0.013165 0.02633
0 0.3827 0.6179325 0.01865 0.024685
0 0.3854416666666667 0.64481 0.015359999999999999 0.020295
0 0.4265833333333333 0.634115 0.014261666666666666 0.031815
0 0.4445016666666667 0.6321950000000001 0.015725 0.02249
0 0.43773666666666666 0.6162875 0.011701666666666666 0.017005
2 0.34390499999999996 0.7015175 0.022248333333333335 0.032432499999999996
2 0.36004166666666665 0.670025 0.015041666666666667 0.0239725
0 0.325205 0.5729825 0.016848333333333333 0.017785
0 0.2959816666666667 0.44677999999999995 0.009151666666666666 0.01872
0 0.3031566666666667 0.4400725 0.006863333333333333 0.014039999999999999
0 0.34902 0.432895 0.012896666666666666 0.014039999999999999
0 0.34278 0.432585 0.00624 0.013415
0 0.33903666666666665 0.50138 0.008736666666666667 0.014975
0 0.3426766666666667 0.5127675 0.008528333333333334 0.007175
0 0.4469883333333333 0.6829625 0.016640000000000002 0.018095
0 0.455515 0.6946625000000001 0.008736666666666667 0.01716
0 0.4442833333333333 0.7035525 0.006656666666666667 0.0168475
0 0.4526033333333333 0.710105 0.009151666666666666 0.019344999999999998
0 0.46092333333333335 0.69825 0.005823333333333333 0.0168475
0 0.4396033333333333 0.7199325 0.016016666666666665 0.022775
0 0.4325316666666667 0.73023 0.010608333333333332 0.013415
0 0.42400333333333334 0.74271 0.007696666666666667 0.0215275
0 0.4074683333333333 0.7096375 0.012063333333333332 0.019655000000000002
0 0.37273166666666663 0.7130700000000001 0.02496 0.0333825
0 0.3862516666666667 0.6637725 0.013728333333333334 0.014665
0 0.44542833333333337 0.5912350000000001 0.010191666666666667 0.0168475
0 0.45104333333333335 0.5977875 0.01144 0.026207499999999998
0 0.45634833333333336 0.5778175 0.008736666666666667 0.0156
0 0.46809999999999996 0.5970075 0.00936 0.014665
0 0.47735500000000003 0.5923275 0.007903333333333333 0.01716
0 0.4845316666666667 0.609485 0.011023333333333333 0.025894999999999998
0 0.4902516666666667 0.594355 0.015808333333333334 0.024335000000000002
0 0.4588433333333333 0.55395 0.007488333333333333 0.007175
0 0.4553083333333333 0.56643 0.005823333333333333 0.010295
0 0.45104333333333335 0.57111 0.005616666666666667 0.009672499999999999
0 0.4938916666666667 0.55208 0.0052 0.007175
0 0.5016916666666666 0.5611275 0.005408333333333334 0.0065525
0 0.42651999999999995 0.215545 0.010398333333333334 0.022690000000000002
0 0.45425 0.24957749999999998 0.012289999999999999 0.0217425
0 0.592275 0.2980275 0.009138333333333333 0.0146525
0 0.605825 0.28573750000000003 0.007878333333333334 0.0108725
0 0.6166966666666667 0.2985 0.009453333333333333 0.011817500000000002
0 0.6026733333333333 0.2980275 0.011030000000000002 0.0127625
0 0.5992083333333333 0.3067725 0.011659999999999998 0.013235
0 0.5828216666666667 0.31339 0.010398333333333334 0.013235
0 0.65467 0.36633 0.016071666666666668 0.024579999999999998
0 0.673735 0.46654 0.015126666666666667 0.01418
0 0.658135 0.3455325 0.007248333333333334 0.013235
0 0.6641233333333333 0.33348 0.007878333333333334 0.0155975
0 0.680195 0.327335 0.01418 0.022215
0 0.6498733333333333 0.71175 0.01125 0.0198525
0 0.6220783333333333 0.83658 0.007941666666666666 0.018365
0 0.5979233333333334 0.837075 0.009926666666666667 0.014395
0 0.7628733333333333 0.6688175 0.008271666666666667 0.011415
0 0.7732950000000001 0.6603775000000001 0.007941666666666666 0.011415
0 0.8161466666666667 0.644495 0.01489 0.01638
0 0.31434 0.796585 0.010395 0.012655
0 0.3263933333333333 0.7776025 0.009793333333333333 0.013560000000000001
0 0.3244333333333333 0.7893525 0.00678 0.00904
0 0.333775 0.7919525 0.008286666666666666 0.011072499999999999
0 0.3323433333333333 0.8061900000000001 0.004821666666666667 0.009265
0 0.3381433333333333 0.81116 0.004971666666666667 0.0083625
0 0.33656166666666665 0.8191825 0.004520000000000001 0.0076825
0 0.3358083333333333 0.8265275000000001 0.006026666666666666 0.01017
0 0.34326666666666666 0.7913875 0.004971666666666667 0.0131075
0 0.35140166666666667 0.8090125 0.006478333333333333 0.0108475
0 0.3514766666666667 0.8411025 0.004821666666666667 0.0144625
0 0.36095666666666665 0.9584525 0.009483333333333333 0.013502499999999999
0 0.371565 0.9624299999999999 0.012376666666666668 0.0079575
0 0.38217500000000004 0.972195 0.0030549999999999996 0.00434
0 0.38169333333333333 0.9878674999999999 0.008841666666666666 0.018325
0 0.390615 0.9574874999999999 0.00418 0.0081975
0 0.425095 0.9899175 0.0065899999999999995 0.0147075
0 0.4901966666666666 0.9756925 0.009805 0.01278
0 0.506915 0.9865425 0.006911666666666667 0.016155000000000003
0 0.5174433333333333 0.972195 0.00643 0.009644999999999999
0 0.5248383333333334 0.974245 0.010288333333333333 0.011332499999999999
0 0.5261233333333333 0.98413 0.007395 0.011332499999999999
0 0.53625 0.9788250000000001 0.007395 0.0122975
0 0.494215 0.9908825 0.005305 0.014225
0 0.42096833333333333 0.773045 0.012201666666666666 0.01576
0 0.9858133333333333 0.3527525 0.028373333333333334 0.044355
0 0.9547633333333333 0.25157 0.015246666666666667 0.0221775
0 0.9108716666666666 0.208255 0.015246666666666667 0.021485
0 0.9034800000000001 0.188505 0.025411666666666666 0.0166325
0 0.8480366666666667 0.1410325 0.013398333333333333 0.0200975
0 0.8445716666666667 0.125785 0.007391666666666667 0.0131675
0 0.8621283333333334 0.06930249999999999 0.008316666666666667 0.013859999999999999
0 0.8688283333333334 0.0817775 0.015246666666666667 0.0110875
0 0.863515 0.1001425 0.019405000000000002 0.011782500000000001
0 0.4853516666666667 0.093905 0.015246666666666667 0.0200975
0 0.48211666666666664 0.0311875 0.014323333333333334 0.0166325
0 0.48927833333333337 0.07658 0.00924 0.0145525
0 0.584685 0.011435 0.01155 0.0200975
0 0.5763699999999999 0.021485 0.010626666666666666 0.009702500000000001
2 0.18541666666666667 0.44 0.0175 0.0375
2 0.9345833333333333 0.886875 0.06583333333333333 0.09375