2 0.5367768959435626 0.09858630952380952 0.03629629629629629 0.020952380952380955
2 0.48663139329806 0.08649801587301587 0.03151675485008819 0.01826636904761905
2 0.13992504409171078 0.1547296626984127 0.0467989417989418 0.025788690476190475
2 0.07497795414462081 0.17810019841269842 0.029607583774250445 0.014506448412698414
2 0.14374338624338623 0.1993204365079365 0.04488977072310406 0.01934027777777778
2 0.14899911816578484 0.05748511904761905 0.022923280423280425 0.011820436507936507
2 0.8099382716049383 0.22215525793650795 0.055396825396825396 0.028474702380952382
2 0.6002910052910053 0.33443948412698415 0.04871252204585538 0.02739831349206349
2 0.47134920634920635 0.3161731150793651 0.04488977072310406 0.024176587301587303
2 0.39350970017636683 0.3427678571428571 0.04775573192239859 0.031160714285714285
2 0.47803791887125224 0.38950892857142855 0.035339506172839506 0.020416666666666666
2 0.07545414462081129 0.5501488095238095 0.06303791887125221 0.031160714285714285
2 0.5979012345679012 0.4623065476190476 0.043937389770723104 0.024176587301587303
2 0.5038227513227513 0.49051339285714285 0.05253086419753086 0.025788690476190475
2 0.6361067019400353 0.5184499007936507 0.051578483245149916 0.032234623015873015
2 0.556358024691358 0.5377901785714285 0.04107142857142857 0.030086805555555558
2 0.8729761904761905 0.46660466269841266 0.022923280423280425 0.016654265873015873
2 0.8849162257495591 0.41261160714285716 0.027698412698412698 0.016118551587301588
2 0.7932231040564374 0.6541071428571429 0.03724867724867725 0.017728174603174603
2 0.5964726631393298 0.6178422619047619 0.027698412698412698 0.023638392857142858
2 0.8987654320987655 0.7142782738095238 0.042023809523809526 0.019878472222222224
2 0.9245546737213404 0.7607514880952381 0.030564373897707227 0.01934027777777778
2 0.9021075837742505 0.7669295634920635 0.03343033509700176 0.023102678571428573
2 0.8285626102292769 0.8660515873015873 0.03724867724867725 0.021490575396825397
2 0.9718298059964727 0.8228025793650794 0.035339506172839506 0.019878472222222224
2 0.8123280423280422 0.8187748015873016 0.016238977072310406 0.017192460317460315
2 0.8323853615520281 0.7220684523809524 0.035339506172839506 0.01934027777777778
2 0.631331569664903 0.8690252976190476 0.042023809523809526 0.027433035714285715
2 0.5114638447971781 0.8376116071428571 0.04488977072310406 0.027936507936507936
2 0.46944003527336864 0.8440575396825396 0.04107142857142857 0.026862599206349206
2 0.2855820105820106 0.8907663690476191 0.043937389770723104 0.03545882936507937
2 0.14899911816578484 0.9649082341269842 0.04966490299823633 0.033308531746031746
2 0.16809964726631393 0.7236805555555555 0.040114638447971786 0.026862599206349206
2 0.23782627865961198 0.6817757936507937 0.032473544973544974 0.023638392857142858
2 0.13658289241622573 0.6712971230158731 0.053487654320987656 0.03169890873015873
2 0.5959920634920635 0.9847867063492063 0.028655202821869487 0.01934027777777778
2 0.7301851851851852 0.9839806547619048 0.027698412698412698 0.022026289682539682