1 0.6282333333333333 0.4523875 0.050208333333333334 0.0728525
1 0.32167 0.6341625000000001 0.03811333333333333 0.0572375
1 0.7599416666666666 0.039347499999999994 0.06306833333333334 0.072695
1 0.567605 0.64918 0.04112333333333334 0.068395
1 0.4395133333333333 0.2764325 0.040021666666666664 0.051859999999999996
1 0.7178716666666666 0.35472750000000003 0.038406666666666665 0.0559525
1 0.5056433333333333 0.977125 0.05061833333333333 0.0457475
1 0.2860783333333333 0.6526075 0.026484999999999998 0.0417075
1 0.3627016666666667 0.31417 0.031400000000000004 0.0498375
1 0.6782716666666667 0.1852425 0.030873333333333336 0.0444825
1 0.7504316666666667 0.7295874999999999 0.04814166666666667 0.06067