2 0.1325 0.26625 0.03166666666666667 0.0475
2 0.14666666666666667 0.46875 0.021666666666666667 0.0375
2 0.19208333333333333 0.426875 0.03916666666666667 0.05625
2 0.22958333333333333 0.505 0.04583333333333333 0.0525
2 0.20291666666666666 0.57375 0.035833333333333335 0.05
2 0.17208333333333334 0.59875 0.0475 0.0625
2 0.0975 0.72125 0.03333333333333333 0.055
2 0.12791666666666668 0.748125 0.029166666666666667 0.03375
2 0.15333333333333332 0.7875 0.03833333333333333 0.045
2 0.23416666666666666 0.76125 0.035 0.0525
2 0.295 0.71125 0.04 0.06
2 0.3095833333333333 0.79125 0.0375 0.0525
2 0.3129166666666667 0.44625 0.03916666666666667 0.05
2 0.38625 0.475625 0.0425 0.04875
2 0.365 0.595625 0.03 0.04875
2 0.40958333333333335 0.55375 0.0325 0.0525
2 0.4454166666666667 0.638125 0.0375 0.04875
2 0.4579166666666667 0.449375 0.034166666666666665 0.05375
2 0.4870833333333333 0.299375 0.03916666666666667 0.05625
2 0.50375 0.39 0.04083333333333333 0.0625
2 0.5325 0.53875 0.03833333333333333 0.055
2 0.4970833333333333 0.693125 0.029166666666666667 0.04875
2 0.5929166666666666 0.62625 0.0425 0.0525
2 0.54125 0.67875 0.0225 0.0525
2 0.5629166666666666 0.7125 0.030833333333333334 0.0575
2 0.6108333333333333 0.73 0.041666666666666664 0.045
2 0.6216666666666667 0.77375 0.03833333333333333 0.0525
2 0.64625 0.6875 0.025833333333333333 0.055
2 0.6004166666666667 0.696875 0.029166666666666667 0.03125
2 0.5375 0.350625 0.03333333333333333 0.05375
2 0.5866666666666667 0.345 0.02666666666666667 0.05
2 0.5891666666666666 0.43 0.035 0.06
2 0.6208333333333333 0.43875 0.03833333333333333 0.0575
2 0.6625 0.433125 0.03333333333333333 0.04875
2 0.6525 0.48 0.03333333333333333 0.055
2 0.7220833333333333 0.0725 0.049166666666666664 0.0475
2 0.34291666666666665 0.016875 0.04083333333333333 0.03375
2 0.47245166666666666 0.0608075 0.036035000000000005 0.0390375
2 0.43316333333333334 0.051425 0.018518333333333335 0.0292775
2 0.4681983333333333 0.1017225 0.023521666666666666 0.0232725
2 0.4824616666666667 0.14001 0.016015 0.026275
2 0.40438666666666667 0.10960500000000001 0.026025 0.037535
2 0.36509833333333336 0.1223675 0.018518333333333335 0.0300275
2 0.33306833333333336 0.20457 0.03553333333333333 0.0382875
2 0.3698533333333333 0.1906825 0.02402333333333333 0.037535
2 0.28202 0.30892000000000003 0.026525 0.036785
2 0.2800183333333333 0.2327225 0.026525 0.0345325
2 0.28076833333333334 0.188805 0.02502333333333333 0.0382875
2 0.2537433333333333 0.1478925 0.02402333333333333 0.04204
2 0.5109883333333333 0.1231175 0.023021666666666666 0.0345325
2 0.55528 0.11110500000000001 0.03353166666666667 0.04054
2 0.43166333333333334 0.2578725 0.02052 0.030780000000000002
2 0.6188416666666667 0.22972 0.03153 0.048045000000000004
2 0.7980133333333334 0.13513 0.02452333333333333 0.04204
2 0.8337966666666666 0.1899325 0.02902833333333333 0.0390375
2 0.8658283333333334 0.21282749999999998 0.03002833333333333 0.045795
2 0.842055 0.2180825 0.03153 0.0487975
2 0.7817466666666666 0.4320375 0.031030000000000002 0.0397875
2 0.7347016666666667 0.2484875 0.03203 0.0435425