2 0.502310405643739 0.22672619047619047 0.07205026455026455 0.0374702380952381
2 0.33102292768959435 0.3131349206349206 0.06661375661375663 0.03899801587301587
2 0.3181084656084656 0.36131200396825397 0.07612874779541447 0.042058531746031746
2 0.647089947089947 0.3873090277777778 0.13594356261022927 0.06805555555555555
2 0.6545634920634921 0.47486607142857146 0.1400220458553792 0.07034970238095238
2 0.5294973544973546 0.4752480158730159 0.03942239858906525 0.02523561507936508
2 0.18828042328042327 0.5218923611111111 0.047579365079365075 0.023705357142857143
2 0.3147089947089947 0.45689484126984126 0.023108465608465606 0.023705357142857143
2 0.1774074074074074 0.37392857142857144 0.014955908289241624 0.012234623015873015
2 0.24130070546737212 0.7715625 0.050299823633156965 0.03058779761904762
2 0.1848809523809524 0.895438988095238 0.10875220458553791 0.0412921626984127
2 0.33713844797178133 0.9199082341269842 0.04622134038800706 0.01988095238095238
2 0.8496428571428571 0.9650248015873016 0.06797178130511464 0.02905753968253968