0 0.49916666666666665 0.285 0.04833333333333333 0.07
0 0.3616666666666667 0.37875 0.03166666666666667 0.05
0 0.37375 0.35 0.03916666666666667 0.035
0 0.3925 0.40375 0.025 0.0375
0 0.52875 0.648125 0.025833333333333333 0.05375
0 0.5545833333333333 0.645625 0.0325 0.03875
0 0.305 0.48625 0.023333333333333334 0.0225
0 0.32125 0.500625 0.0375 0.02375
0 0.30625 0.515 0.0225 0.02
0 0.46708333333333335 0.673125 0.014166666666666666 0.04125
0 0.18791666666666668 0.618125 0.029166666666666667 0.04375
0 0.18416666666666667 0.65875 0.016666666666666666 0.02
0 0.07416666666666667 0.75125 0.02 0.0425
0 0.06208333333333333 0.778125 0.019166666666666665 0.01875
0 0.06041666666666667 0.83125 0.0175 0.03
0 0.04541666666666667 0.795 0.0175 0.03
0 0.024166666666666666 0.78625 0.021666666666666667 0.025
0 0.02125 0.819375 0.019166666666666665 0.04375
0 0.03916666666666667 0.826875 0.018333333333333333 0.02125
0 0.23333333333333334 0.813125 0.015 0.02625
0 0.44958333333333333 0.66 0.024166666666666666 0.0325
0 0.4529166666666667 0.399375 0.034166666666666665 0.05375
0 0.4575 0.3075 0.04 0.0525
0 0.4795833333333333 0.349375 0.0275 0.03875
0 0.4504166666666667 0.353125 0.035833333333333335 0.05125
0 0.3879166666666667 0.225625 0.0275 0.05125
0 0.14291666666666666 0.1475 0.0275 0.025
0 0.08458333333333333 0.103125 0.04083333333333333 0.02375
0 0.08666666666666667 0.05625 0.035 0.055
0 0.13 0.083125 0.02666666666666667 0.04625
0 0.19916666666666666 0.1075 0.02666666666666667 0.03
0 0.20166666666666666 0.1325 0.015 0.025
0 0.20458333333333334 0.164375 0.0175 0.02875
0 0.195 0.1825 0.02 0.025
0 0.18 0.224375 0.02 0.03625
0 0.09458333333333334 0.125 0.0225 0.03
0 0.10375 0.1575 0.020833333333333332 0.03
0 0.06916666666666667 0.164375 0.02666666666666667 0.02375
0 0.19833333333333333 0.02625 0.018333333333333333 0.0275
0 0.21083333333333334 0.0425 0.015 0.03
0 0.98375 0.723125 0.0325 0.06625
0 0.9845833333333334 0.62875 0.030833333333333334 0.0425
0 0.985 0.67875 0.03 0.0575
0 0.9491666666666667 0.689375 0.035 0.03375
0 0.92625 0.65625 0.0275 0.04
0 0.92625 0.699375 0.0375 0.04625
0 0.8620833333333333 0.6975 0.0325 0.03
0 0.5795833333333333 0.805 0.015833333333333335 0.0225
0 0.5791666666666667 0.82625 0.011666666666666667 0.02
0 0.5608333333333333 0.821875 0.023333333333333334 0.04625
0 0.55 0.86625 0.021666666666666667 0.05
0 0.5175 0.9 0.021666666666666667 0.0275
0 0.5266666666666666 0.880625 0.011666666666666667 0.01875
0 0.7166666666666667 0.94125 0.025 0.0525
0 0.5470833333333334 0.296875 0.0325 0.03375
0 0.5470833333333334 0.333125 0.03916666666666667 0.04125
0 0.53375 0.2425 0.035833333333333335 0.0475
0 0.5720833333333334 0.286875 0.034166666666666665 0.02875
0 0.6541666666666667 0.3825 0.023333333333333334 0.04
0 0.6708333333333333 0.370625 0.025 0.04625
0 0.6683333333333333 0.31375 0.03333333333333333 0.0425
0 0.8075 0.35875 0.028333333333333332 0.0325
0 0.85375 0.28 0.035833333333333335 0.04
0 0.8416666666666667 0.319375 0.035 0.04125
0 0.7620833333333333 0.25 0.035833333333333335 0.03
0 0.7541666666666667 0.269375 0.015 0.01375
0 0.5379166666666667 0.381875 0.030833333333333334 0.03125
0 0.425 0.28 0.03 0.045
0 0.25833333333333336 0.130625 0.018333333333333333 0.03625
0 0.31333333333333335 0.18375 0.02 0.0325
0 0.15 0.446875 0.02666666666666667 0.03375
0 0.5 0.0875 0.04 0.0475
0 0.7870833333333334 0.333125 0.024166666666666666 0.02875
0 0.8470833333333333 0.985 0.0225 0.03
0 0.03833333333333333 0.185625 0.028333333333333332 0.03625
0 0.11416666666666667 0.2525 0.023333333333333334 0.0275
0 0.27416666666666667 0.493125 0.016666666666666666 0.02125
0 0.23416666666666666 0.036875 0.02666666666666667 0.02875
0 0.44333333333333336 0.0875 0.013333333333333334 0.0175
0 0.47458333333333336 0.100625 0.010833333333333334 0.01375
0 0.6991666666666667 0.423125 0.025 0.02625
0 0.6158333333333333 0.535 0.018333333333333333 0.025
0 0.77625 0.881875 0.015833333333333335 0.02625
0 0.18666666666666668 0.91875 0.015 0.04
0 0.12708333333333333 0.96375 0.020833333333333332 0.025
0 0.030416666666666668 0.975625 0.024166666666666666 0.03375