1 0.14914833333333333 0.8562000000000001 0.03592 0.05088
1 0.44576 0.8027625 0.033025 0.04926
1 0.48175 0.4160675 0.027638333333333334 0.042855
1 0.30855 0.2963325 0.039746666666666666 0.0635075
1 0.4212616666666667 0.716015 0.026611666666666665 0.0412675
1 0.48039499999999996 0.7830750000000001 0.03325 0.0420825
1 0.07806166666666667 0.47496249999999995 0.038235 0.05049
1 0.5177016666666667 0.79884 0.02715333333333333 0.0397075
1 0.7232366666666666 0.3820075 0.021231666666666666 0.0324775
1 0.5675866666666667 0.9602849999999999 0.02571 0.0425425
1 0.6059383333333334 0.8302225 0.019719999999999998 0.0404075
1 0.56321 0.8272975 0.01981166666666667 0.027622499999999998
1 0.5474233333333334 0.7847000000000001 0.021763333333333336 0.028265000000000002
1 0.5460783333333333 0.80568 0.022541666666666668 0.0312075
1 0.422885 0.780295 0.028176666666666666 0.0376625
1 0.43098166666666665 0.83045 0.018356666666666667 0.025255
1 0.5460466666666667 0.570955 0.02367333333333333 0.0343725
1 0.55606 0.6024550000000001 0.021968333333333333 0.0356775
1 0.43976 0.6782225 0.032606666666666666 0.03735
1 0.5081616666666666 0.9478075 0.019126666666666667 0.038447499999999996
1 0.17565666666666668 0.6292475 0.028503333333333335 0.0413525
1 0.07804333333333333 0.013725 0.04438333333333334 0.02745