2 0.7174779541446208 0.11612847222222222 0.04755291005291005 0.026748511904761903
2 0.7012477954144621 0.13778273809523808 0.0467989417989418 0.025052083333333336
2 0.8752425044091711 0.2923363095238095 0.027927689594356264 0.01656001984126984
2 0.8488227513227514 0.3263045634920635 0.020379188712522044 0.01316220238095238
2 0.6419929453262786 0.32312003968253966 0.03246031746031746 0.009340277777777777
2 0.5933068783068782 0.26855902777777774 0.022645502645502646 0.012313988095238095
2 0.2619312169312169 0.33373511904761904 0.034722222222222224 0.017832341269841272
2 0.2207936507936508 0.34010416666666665 0.024911816578483244 0.016984126984126983
2 0.13360670194003527 0.33564484126984123 0.027173721340388007 0.014012896825396826
2 0.38836860670194007 0.39211805555555557 0.03246031746031746 0.0157093253968254
2 0.43290123456790125 0.393390376984127 0.029440035273368605 0.021654265873015874
2 0.4015784832451499 0.4197172619047619 0.03925044091710758 0.024201388888888887
2 0.21173280423280422 0.44221974206349207 0.03246031746031746 0.010615079365079364
2 0.14115520282186947 0.4916865079365079 0.022645502645502646 0.012738095238095238
2 0.0958641975308642 0.47406498015873016 0.016604938271604936 0.00976686507936508
2 0.35062610229276897 0.45920386904761906 0.024911816578483244 0.018258928571428572
2 0.3611904761904762 0.47406498015873016 0.033968253968253974 0.014861111111111111
2 0.7118165784832452 0.4562326388888889 0.04227072310405644 0.02080605158730159
2 0.9511022927689594 0.44307043650793654 0.027173721340388007 0.010615079365079364
2 0.952610229276896 0.48468005952380955 0.021137566137566136 0.02080605158730159
2 0.7284215167548501 0.5723586309523809 0.04227072310405644 0.027175099206349206
2 0.9024162257495592 0.5957118055555555 0.030947971781305112 0.020381944444444446
2 0.8088139329805997 0.6298933531746032 0.04453703703703704 0.024201388888888887
2 0.7118165784832452 0.6139707341269842 0.04076278659611993 0.022929067460317462
2 0.7303086419753086 0.6290426587301587 0.04151675485008818 0.021654265873015874
2 0.7284215167548501 0.6432688492063492 0.04076278659611993 0.011889880952380952
2 0.9277028218694886 0.6740500992063492 0.04076278659611993 0.025052083333333336
2 0.908831569664903 0.6870014880952381 0.04529100529100529 0.022078373015873017
2 0.30608906525573193 0.6388095238095237 0.036988536155202825 0.02080605158730159
2 0.3660978835978836 0.635625 0.03623456790123457 0.01953125
2 0.20758377425044092 0.5804265873015874 0.028686067019400355 0.016984126984126983
2 0.2457010582010582 0.7001636904761904 0.020379188712522044 0.010190972222222223
2 0.026798941798941798 0.49508184523809523 0.026419753086419754 0.013586309523809525
2 0.030947971781305112 0.7447470238095238 0.04227072310405644 0.018683035714285715
2 0.19097442680776014 0.7500545634920635 0.022645502645502646 0.012313988095238095
2 0.20493827160493827 0.7742559523809525 0.026419753086419754 0.0157093253968254
2 0.24305996472663138 0.8281820436507936 0.03321428571428571 0.019107142857142857
2 0.4249779541446208 0.8148065476190477 0.04529100529100529 0.02802331349206349
2 0.32496031746031745 0.8899603174603175 0.029440035273368605 0.02462797619047619
2 0.4381878306878307 0.8634226190476191 0.026419753086419754 0.022504960317460316
2 0.4634744268077602 0.8742509920634921 0.016604938271604936 0.017832341269841272
2 0.500462962962963 0.8899603174603175 0.034722222222222224 0.023777281746031748
2 0.4789462081128748 0.8893229166666666 0.012830687830687831 0.014861111111111111
2 0.5593386243386244 0.8753125 0.016604938271604936 0.021654265873015874
2 0.69407848324515 0.8757366071428571 0.026419753086419754 0.01656001984126984
2 0.8046649029982363 0.7509027777777777 0.04529100529100529 0.0233531746031746
2 0.8235317460317461 0.7371031746031746 0.04227072310405644 0.015285218253968254
2 0.7888095238095238 0.725639880952381 0.03170194003527337 0.027175099206349206
2 0.902037037037037 0.7583333333333333 0.03170194003527337 0.009340277777777777
2 0.8427821869488537 0.801217757936508 0.04151675485008818 0.017832341269841272