2 0.16375 0.42 0.04416666666666667 0.055
2 0.14041666666666666 0.6275 0.029166666666666667 0.045
2 0.05375 0.6975 0.04083333333333333 0.055
2 0.13791666666666666 0.759375 0.07083333333333333 0.07375
2 0.3075 0.9475 0.10833333333333334 0.095
2 0.3641666666666667 0.625 0.05 0.08
2 0.4116666666666667 0.7125 0.07333333333333333 0.0925
2 0.48333333333333334 0.9475 0.08166666666666667 0.105
2 0.5658333333333333 0.43 0.065 0.0875
2 0.7716666666666666 0.525 0.058333333333333334 0.08
2 0.7966666666666666 0.620625 0.045 0.04375
2 0.78625 0.7025 0.034166666666666665 0.0525
2 0.92375 0.6575 0.0575 0.075
2 0.8279166666666666 0.433125 0.05416666666666667 0.07875
2 0.7620833333333333 0.36875 0.059166666666666666 0.085
2 0.71 0.320625 0.045 0.05875
2 0.795 0.196875 0.05333333333333334 0.07625
2 0.9758333333333333 0.27125 0.04833333333333333 0.0975