2 0.25164166666666665 0.4871825 0.007501666666666666 0.00844
2 0.255235 0.50336 0.004688333333333333 0.00797
2 0.259455 0.490935 0.003751666666666667 0.009377499999999999
2 0.15817499999999998 0.45014 0.010003333333333335 0.015942500000000002
2 0.14754666666666666 0.44310750000000004 0.010628333333333333 0.013130000000000001
2 0.13801166666666667 0.43982499999999997 0.010315 0.013130000000000001
2 0.15864333333333333 0.3870725 0.004063333333333333 0.0070325
2 0.16036166666666665 0.371365 0.006876666666666666 0.010315
2 0.10972166666666668 0.2642225 0.01438 0.01735
2 0.09424833333333334 0.3108775 0.012191666666666668 0.0178175
2 0.15833 0.35495499999999996 0.007815 0.0112525
2 0.14910833333333334 0.3530775 0.007501666666666666 0.010315
2 0.15145333333333333 0.3795725 0.00719 0.00891
2 0.14410666666666666 0.3772275 0.006251666666666667 0.0070325
2 0.10253166666666667 0.362925 0.011253333333333332 0.015005000000000001
2 0.11706833333333333 0.3833225 0.010941666666666667 0.010785
2 0.09206 0.3875425 0.015316666666666668 0.0201625
2 0.06799 0.3558925 0.010315 0.015942500000000002
2 0.07330333333333333 0.3901225 0.012816666666666667 0.0178175
2 0.06236333333333333 0.4070025 0.015941666666666666 0.019692499999999998
2 0.011253333333333332 0.40840750000000003 0.010003333333333335 0.013130000000000001
2 0.017505 0.4424025 0.01688 0.0211
2 0.021413333333333333 0.4613925 0.014066666666666668 0.019692499999999998
2 0.007346666666666666 0.45482999999999996 0.013441666666666668 0.018754999999999997
2 0.0065650000000000005 0.464675 0.013128333333333332 0.015942500000000002
2 0.018911666666666667 0.5000775 0.016568333333333334 0.0201625
2 0.00422 0.5150825 0.00719 0.022975000000000002
2 0.07189666666666666 0.46702 0.015005000000000001 0.018754999999999997
2 0.08690166666666665 0.483665 0.015005000000000001 0.01735
2 0.07111666666666666 0.5225850000000001 0.012816666666666667 0.0211
2 0.08408833333333333 0.5338375 0.01688 0.0164125
2 0.025633333333333334 0.582135 0.013755 0.0220375
2 0.06580166666666666 0.5699425 0.016568333333333334 0.0248525
2 0.12003666666666667 0.5472025 0.011253333333333332 0.015942500000000002
2 0.131135 0.5230525 0.011566666666666668 0.0154725
2 0.13816833333333334 0.550485 0.010003333333333335 0.010315
2 0.15614166666666668 0.5441549999999999 0.010315 0.014535
2 0.16083166666666668 0.4897625 0.00594 0.010785
2 0.128165 0.5722875000000001 0.010003333333333335 0.0135975
2 0.11878666666666667 0.5807275 0.011253333333333332 0.010785
2 0.11925666666666666 0.60558 0.011566666666666668 0.0135975
2 0.10878333333333334 0.5931525000000001 0.009378333333333334 0.013130000000000001
2 0.2857133333333333 0.59878 0.015005000000000001 0.02157
2 0.299 0.57299 0.012816666666666667 0.0178175
2 0.30056166666666667 0.6191775 0.01719333333333333 0.0211
2 0.2841516666666667 0.6243350000000001 0.006251666666666667 0.00891
2 0.2932166666666667 0.6266799999999999 0.012503333333333333 0.019225000000000003
2 0.30493833333333337 0.6421525 0.014691666666666667 0.0211
2 0.31291 0.6426225 0.008753333333333333 0.0135975
2 0.34135666666666664 0.6421525 0.012503333333333333 0.0182875
2 0.32697666666666664 0.6590325 0.008128333333333335 0.0164125
2 0.34198166666666663 0.6595025000000001 0.013128333333333332 0.0164125
2 0.33104 0.7469525 0.013755 0.01688
2 0.35589166666666666 0.7263200000000001 0.012191666666666668 0.01688
2 0.35339166666666666 0.711785 0.013441666666666668 0.01688
2 0.35464166666666663 0.6827124999999999 0.015941666666666666 0.0225075
2 0.37933666666666666 0.6655975 0.014066666666666668 0.019225000000000003
2 0.4191933333333333 0.24757749999999998 0.017505 0.0206325
2 0.43028999999999995 0.375585 0.016568333333333334 0.02532
2 0.4504533333333333 0.49140249999999996 0.017505 0.02157
2 0.476555 0.50594 0.013441666666666668 0.018754999999999997
2 0.38527666666666666 0.48014999999999997 0.01719333333333333 0.0178175
2 0.3683966666666667 0.5064075 0.014691666666666667 0.019692499999999998
2 0.3723033333333334 0.5228200000000001 0.011878333333333333 0.01688
2 0.387465 0.4984375 0.00844 0.0178175
2 0.3898083333333333 0.58612 0.01438 0.023445
2 0.451235 0.6566900000000001 0.019693333333333334 0.0286025
2 0.46170666666666665 0.7652374999999999 0.018756666666666668 0.0243825
2 0.4160666666666667 0.78962 0.01563 0.019692499999999998
2 0.48546333333333336 0.7654725 0.015005000000000001 0.0201625
2 0.5840883333333333 0.6527025 0.014066666666666668 0.02532
2 0.5690833333333334 0.64778 0.014066666666666668 0.0220375
2 0.5515783333333333 0.64989 0.015316666666666668 0.019692499999999998
2 0.5700216666666666 0.8902875 0.01719333333333333 0.0250275
2 0.5282899999999999 0.44052749999999996 0.013128333333333332 0.0220375
2 0.5346983333333334 0.3685525 0.013441666666666668 0.018754999999999997
2 0.5251633333333333 0.3476875 0.013755 0.0182875
2 0.5486083333333334 0.3090025 0.013128333333333332 0.019692499999999998
2 0.5486083333333334 0.2855575 0.013755 0.0206325
2 0.436855 0.28837 0.012816666666666667 0.01688
2 0.6033133333333334 0.33784 0.013128333333333332 0.01735
2 0.6009683333333333 0.3509675 0.014066666666666668 0.014535
2 0.5984683333333333 0.4557675 0.014691666666666667 0.018754999999999997
2 0.6297266666666667 0.44873250000000003 0.011566666666666668 0.015942500000000002
2 0.636605 0.427165 0.011566666666666668 0.01688
2 0.61738 0.390355 0.011253333333333332 0.01735
2 0.6609866666666667 0.475225 0.010941666666666667 0.014535
2 0.6170666666666667 0.5633775000000001 0.013755 0.0201625
2 0.7164733333333334 0.25883 0.015005000000000001 0.018754999999999997
2 0.7053766666666667 0.27993 0.012816666666666667 0.018754999999999997
2 0.73648 0.31017500000000003 0.013128333333333332 0.0135975
2 0.7411683333333333 0.3282275 0.01563 0.02157
2 0.716785 0.36550499999999997 0.01688 0.0220375
2 0.8432316666666667 0.3148625 0.043451666666666666 0.0557975
2 0.6706783333333334 0.7363999999999999 0.015941666666666666 0.022975000000000002
2 0.685995 0.7478899999999999 0.012816666666666667 0.0225075
2 0.6950599999999999 0.666535 0.02157 0.02579
2 0.7116283333333334 0.6484825 0.017818333333333332 0.0225075
2 0.7514833333333333 0.6958424999999999 0.013755 0.018754999999999997
2 0.8105650000000001 0.79853 0.036886666666666665 0.05533
2 0.8416683333333334 0.7800075000000001 0.010315 0.0164125
2 0.840105 0.7610175 0.010941666666666667 0.01688
2 0.8338533333333333 0.685995 0.04720166666666666 0.061895000000000006
2 0.8143166666666666 0.5359475 0.035636666666666664 0.054392499999999996
2 0.9640500000000001 0.41591 0.05689333333333334 0.07127249999999999