1 0.6333083333333334 0.42418 0.022185000000000003 0.039240000000000004
1 0.6307866666666666 0.6139349999999999 0.027329999999999997 0.04578
1 0.026781666666666665 0.38783 0.053564999999999995 0.07144249999999999
1 0.8812066666666666 0.24289 0.026296666666666666 0.031335
1 0.5484416666666667 0.606735 0.023805000000000003 0.036902500000000005
1 0.8547950000000001 0.245845 0.03126 0.0318325
1 0.6567916666666667 0.45008499999999996 0.021935000000000003 0.0352075
1 0.009028333333333334 0.747495 0.018054999999999998 0.04358
1 0.017271666666666664 0.595505 0.021038333333333332 0.0256625
1 0.8956166666666666 0.225625 0.01807833333333333 0.026872499999999997
1 0.778885 0.8218300000000001 0.02265 0.03283
1 0.44401 0.14503749999999999 0.026143333333333334 0.0436175