1 0.6295183333333334 0.274515 0.04574166666666667 0.07062
1 0.5887283333333333 0.26397000000000004 0.042738333333333337 0.06858
1 0.5232916666666667 0.6283175 0.04793 0.0641425
1 0.9328716666666665 0.3748125 0.077275 0.1217525
1 0.47581166666666663 0.5422725 0.03958166666666667 0.055625
1 0.5482466666666667 0.247775 0.03961166666666666 0.07058
1 0.48605000000000004 0.274005 0.03616166666666667 0.05458
1 0.23465000000000003 0.7133250000000001 0.04509333333333333 0.049295
1 0.199795 0.7227475 0.036675 0.04266
1 0.292605 0.7115625 0.036205 0.0424475
1 0.44348333333333334 0.936935 0.0359 0.0499975