2 0.78875 0.54 0.09 0.04833333333333333
2 0.84625 0.7666666666666667 0.0775 0.05333333333333334
2 0.15375 0.5733333333333334 0.0475 0.03
2 0.0425 0.6225 0.045 0.03833333333333333
2 0.02 0.5920833333333333 0.04 0.0225
2 0.0175 0.5329166666666667 0.035 0.025833333333333333
2 0.18 0.44416666666666665 0.05 0.028333333333333332
2 0.22875 0.4116666666666667 0.0475 0.03
2 0.2525 0.4191666666666667 0.005 0.005
2 0.55875 0.24416666666666667 0.065 0.03333333333333333
2 0.115 0.25125 0.0425 0.025833333333333333
2 0.0475 0.26875 0.035 0.025833333333333333
2 0.015625 0.40208333333333335 0.03125 0.0225
2 0.074375 0.4379166666666667 0.02875 0.0175
2 0.04125 0.3675 0.045 0.021666666666666667
2 0.039375 0.4354166666666667 0.02375 0.010833333333333334
2 0.7025 0.141625 0.065 0.041751666666666666
2 0.97875 0.14324833333333334 0.0425 0.03666666666666667
2 0.3125 0.7791666666666667 0.055 0.023333333333333334
2 0.464375 0.84875 0.04375 0.0275
2 0.349375 0.8433333333333334 0.04875 0.02666666666666667
2 0.21125 0.35625 0.0375 0.029166666666666667
2 0.240625 0.30916666666666665 0.05125 0.021666666666666667
2 0.150625 0.32625 0.03875 0.020833333333333332
2 0.156875 0.28291666666666665 0.04125 0.0225
2 0.0925 0.6616666666666666 0.0325 0.02
2 0.71 0.45125 0.035 0.024166666666666666