2 0.49124666666666666 0.4853075 0.016568333333333334 0.02157
2 0.5282899999999999 0.5366525 0.017505 0.022975000000000002
2 0.5904966666666667 0.4360725 0.01813 0.0262575
2 0.5983116666666667 0.35753250000000003 0.01438 0.0220375
2 0.5417316666666666 0.3495625 0.015005000000000001 0.01735
2 0.5311033333333333 0.36034750000000004 0.015005000000000001 0.0201625
2 0.54642 0.36574 0.011253333333333332 0.015005000000000001
2 0.475305 0.3680825 0.014066666666666668 0.023445
2 0.46155 0.38262 0.01719333333333333 0.02157
2 0.4312283333333333 0.38660500000000003 0.014066666666666668 0.0211
2 0.3805866666666667 0.4173175 0.016568333333333334 0.0225075
2 0.43654166666666666 0.4848375 0.013441666666666668 0.0178175
2 0.45404833333333333 0.5042975000000001 0.014066666666666668 0.0164125
2 0.45826833333333333 0.5565800000000001 0.015005000000000001 0.0140675
2 0.4324783333333333 0.5364175 0.014691666666666667 0.015942500000000002
2 0.43091499999999994 0.5591575 0.013441666666666668 0.01735
2 0.35026500000000005 0.6339475 0.014691666666666667 0.018754999999999997
2 0.5879949999999999 0.5490775 0.009378333333333334 0.0206325
2 0.6015933333333333 0.5633775000000001 0.014691666666666667 0.019225000000000003
2 0.59331 0.49960750000000004 0.012503333333333333 0.01266
2 0.626445 0.49234 0.011878333333333333 0.015005000000000001
2 0.6278516666666667 0.34581 0.012816666666666667 0.0201625
2 0.6478583333333333 0.36691 0.013441666666666668 0.0182875
2 0.6531716666666667 0.34839 0.015316666666666668 0.015942500000000002
2 0.7388233333333333 0.23913749999999998 0.013441666666666668 0.019692499999999998
2 0.6825566666666667 0.17818 0.014066666666666668 0.0178175
2 0.7191299999999999 0.35776749999999996 0.012191666666666668 0.0206325
2 0.7350733333333332 0.373475 0.00844 0.0154725
2 0.7710216666666667 0.410285 0.011566666666666668 0.018754999999999997
2 0.8125966666666666 0.313925 0.014691666666666667 0.01735
2 0.805095 0.1139425 0.012191666666666668 0.015005000000000001
2 0.5400116666666667 0.09964 0.014691666666666667 0.022975000000000002
2 0.832915 0.66513 0.020318333333333334 0.022975000000000002
2 0.7467950000000001 0.662785 0.01688 0.0248525
2 0.8193183333333333 0.6484825 0.010003333333333335 0.0075025000000000005
2 0.7603933333333333 0.7575025000000001 0.019068333333333333 0.02579
2 0.8163483333333333 0.7760225000000001 0.014691666666666667 0.019692499999999998
2 0.8090016666666667 0.798295 0.015005000000000001 0.0182875
2 0.8415116666666667 0.8332275 0.015005000000000001 0.02157
2 0.75633 0.840495 0.01719333333333333 0.0220375
2 0.7661766666666667 0.8437775000000001 0.006876666666666666 0.01735
2 0.78118 0.8503425 0.013755 0.0182875
2 0.7971233333333333 0.8472949999999999 0.01688 0.0206325
2 0.79431 0.8655825 0.013755 0.0178175
2 0.6630183333333334 0.8123625 0.01688 0.022975000000000002
2 0.652235 0.8287725 0.013441666666666668 0.0211
2 0.6858383333333333 0.78798 0.017505 0.0211
2 0.58018 0.7443725 0.01813 0.022975000000000002
2 0.5886199999999999 0.7823525 0.016255 0.0220375
2 0.6331666666666667 0.9286475000000001 0.019068333333333333 0.022975000000000002
2 0.6625500000000001 0.949515 0.016568333333333334 0.02532
2 0.6934966666666665 0.9588925 0.016568333333333334 0.028135
2 0.371835 0.90286 0.017818333333333332 0.0248525
2 0.33135333333333333 0.7443725 0.01438 0.022975000000000002
2 0.23444833333333334 0.8740225 0.01813 0.02532
2 0.16192499999999999 0.401375 0.009378333333333334 0.015942500000000002
2 0.261175 0.3919975 0.014066666666666668 0.02157
2 0.3060333333333333 0.3788675 0.015005000000000001 0.018754999999999997
2 0.35339166666666666 0.34651499999999996 0.012191666666666668 0.015005000000000001
2 0.282275 0.184275 0.01438 0.015005000000000001
2 0.3191616666666667 0.1791175 0.011253333333333332 0.018754999999999997
2 0.187245 0.2618775 0.01438 0.0182875
2 0.20959666666666665 0.250625 0.010315 0.0135975
2 0.04798333333333333 0.475225 0.011566666666666668 0.0135975
2 0.06455166666666667 0.4215375 0.011566666666666668 0.0121925
2 0.07674333333333333 0.3284625 0.010315 0.0135975
2 0.06298833333333334 0.34721749999999996 0.011566666666666668 0.0117225
2 0.019536666666666667 0.3083 0.010941666666666667 0.010785