2 0.80875 0.3875 0.0375 0.045
2 0.74875 0.370625 0.024166666666666666 0.04375
2 0.5308333333333334 0.3625 0.03333333333333333 0.0425
2 0.5191666666666667 0.4075 0.025 0.045
2 0.49375 0.635 0.030833333333333334 0.045
2 0.23708333333333334 0.466875 0.0325 0.04125
2 0.7383333333333333 0.109375 0.03 0.04375
2 0.8708333333333333 0.2975 0.03333333333333333 0.0375
2 0.8945833333333333 0.369375 0.020833333333333332 0.03125
2 0.64625 0.20875 0.025833333333333333 0.0375
2 0.5866666666666667 0.149375 0.025 0.02875
2 0.5445833333333333 0.17 0.024166666666666666 0.0325
2 0.44208333333333333 0.22125 0.029166666666666667 0.0375
2 0.6966666666666667 0.604375 0.03666666666666667 0.04875
2 0.67 0.599375 0.02666666666666667 0.04625
2 0.7020833333333333 0.45 0.03916666666666667 0.0475
2 0.67625 0.480625 0.04416666666666667 0.04625
2 0.7675 0.568125 0.025 0.04125
2 0.8641666666666666 0.67125 0.03333333333333333 0.0425
2 0.2758333333333333 0.670625 0.03833333333333333 0.04625
2 0.23291666666666666 0.66625 0.034166666666666665 0.04
2 0.23041666666666666 0.728125 0.0375 0.04125
2 0.2633333333333333 0.45 0.05 0.0475
2 0.3566666666666667 0.429375 0.04666666666666667 0.03375
2 0.4170833333333333 0.4 0.029166666666666667 0.0375
2 0.40375 0.31125 0.0275 0.035
2 0.14333333333333334 0.098125 0.011666666666666667 0.01625
2 0.16625 0.091875 0.015833333333333335 0.02375
2 0.13625 0.213125 0.0175 0.01625
2 0.16333333333333333 0.18375 0.018333333333333333 0.015
2 0.18958333333333333 0.199375 0.0225 0.02125
2 0.11791666666666667 0.136875 0.015833333333333335 0.01875
2 0.13833333333333334 0.139375 0.018333333333333333 0.01875
2 0.12833333333333333 0.169375 0.013333333333333334 0.01625
2 0.08333333333333333 0.049375 0.013333333333333334 0.01875
2 0.09458333333333334 0.055 0.014166666666666666 0.02
2 0.13666666666666666 0.009375 0.02 0.01875
2 0.1875 0.105625 0.011666666666666667 0.01875
2 0.20916666666666667 0.101875 0.018333333333333333 0.01625
2 0.13083333333333333 0.22875 0.013333333333333334 0.0125
2 0.13208333333333333 0.251875 0.014166666666666666 0.01875
2 0.60125 0.6975 0.0325 0.035
2 0.52125 0.73 0.030833333333333334 0.0425
2 0.4925 0.325625 0.03833333333333333 0.05625
2 0.5 0.566875 0.03 0.04375
2 0.7104166666666667 0.559375 0.024166666666666666 0.04625