1 0.6059033333333333 0.44088 0.053081666666666666 0.074835
1 0.6978083333333334 0.7834450000000001 0.04222833333333333 0.0584525
1 0.776395 0.5061125 0.031605 0.0421775
1 0.3980783333333333 0.8590549999999999 0.047343333333333334 0.073195
1 0.6529666666666667 0.34435000000000004 0.044733333333333326 0.0539175
1 0.6061799999999999 0.918705 0.03243666666666667 0.055075000000000006
1 0.5456033333333333 0.7343425 0.03806333333333333 0.042965
2 0.85921 0.3626625 0.026456666666666667 0.0348725
1 0.35533333333333333 0.941975 0.033875 0.056335
1 0.6292516666666667 0.38139999999999996 0.040505 0.0477125
1 0.48938166666666666 0.5365675 0.046176666666666664 0.0712175
1 0.28431500000000004 0.23 0.024318333333333334 0.0309725
1 0.8603350000000001 0.22074000000000002 0.021048333333333336 0.032130000000000006
1 0.7908616666666667 0.25772 0.019325000000000002 0.027385000000000003