1 0.4607366666666667 0.12693000000000002 0.056201666666666664 0.07944499999999999
1 0.2567433333333333 0.14706 0.05647333333333333 0.0746925
1 0.5683616666666667 0.3048825 0.05432166666666667 0.07893
1 0.41296333333333335 0.14734 0.058646666666666666 0.085905
1 0.35762 0.6085275 0.04011833333333333 0.0528575
1 0.4207633333333333 0.56728 0.04208666666666667 0.0621325
1 0.633245 0.4306225 0.05437 0.0744775
1 0.5996416666666666 0.50262 0.040918333333333334 0.05901
1 0.458655 0.5522175 0.03938833333333334 0.0588325
1 0.6139483333333333 0.27570249999999996 0.04235333333333333 0.0768275
1 0.49924666666666667 0.560825 0.038595 0.060685
1 0.3883633333333333 0.29299000000000003 0.026625 0.049167499999999996
1 0.47733333333333333 0.7229774999999999 0.03623 0.056455
1 0.5448933333333333 0.4987975 0.03797333333333333 0.05366
1 0.5198233333333333 0.49244499999999997 0.030421666666666666 0.049345
1 0.30875 0.16 0.0375 0.0575
1 0.6266666666666667 0.52625 0.04833333333333333 0.0625
1 0.7008333333333333 0.518125 0.03166666666666667 0.05125
1 0.7320833333333333 0.525625 0.0325 0.05125
1 0.45208333333333334 0.68875 0.0375 0.045
1 0.20161 0.2061625 0.03259833333333333 0.063435
1 0.365715 0.04889 0.03451 0.0546425
1 0.38680166666666665 0.5577175 0.024689999999999997 0.037915