2 0.8088844797178131 0.1425595238095238 0.06888007054673721 0.04172371031746031
2 0.6940828924162258 0.28809771825396824 0.06534832451499119 0.024836309523809524
2 0.3935846560846561 0.4324107142857143 0.10637566137566137 0.0582390873015873
2 0.4637918871252205 0.5247569444444445 0.08651675485008818 0.0474702380952381
2 0.32337742504409167 0.5307390873015874 0.08793650793650794 0.04906498015873016
2 0.8456701940035274 0.5957837301587301 0.10937830687830688 0.05492063492063492
2 0.31696649029982366 0.6191666666666666 0.07502645502645502 0.04006944444444444
2 0.263858024691358 0.640860615079365 0.07249559082892415 0.03414186507936508
2 0.10125220458553791 0.8301884920634921 0.0778042328042328 0.03447172619047619
2 0.470026455026455 0.8346825396825397 0.07993827160493827 0.04046875
2 0.5073280423280423 0.8645089285714286 0.07673721340388007 0.02937748015873016
2 0.3796957671957672 0.8735019841269841 0.02078483245149912 0.01558779761904762
2 0.2222222222222222 0.8616617063492062 0.02451499118165785 0.014089781746031746
2 0.046296296296296294 0.9173685515873016 0.03540123456790124 0.015701884920634922
2 0.46941798941798946 0.9164112103174603 0.0224647266313933 0.01685019841269841
2 0.615110229276896 0.89515625 0.0224647266313933 0.01263640873015873
2 0.9354320987654321 0.854563492063492 0.08169753086419752 0.04557043650793651