1 0.7972166666666667 0.61566 0.04892166666666666 0.06519
1 0.395685 0.1565325 0.028881666666666667 0.0360325
1 0.5443483333333333 0.5907224999999999 0.029236666666666664 0.04271
1 0.55936 0.3173625 0.034416666666666665 0.047335
1 0.3881033333333333 0.2743175 0.026170000000000002 0.037814999999999994
1 0.44397333333333333 0.29233 0.02509666666666667 0.034255
1 0.6896333333333333 0.7019299999999999 0.04151 0.0513375
1 0.9039966666666666 0.979205 0.049629999999999994 0.041592500000000004
1 0.6397216666666666 0.8204325 0.025263333333333336 0.046835
1 0.3915116666666667 0.8834325 0.02406166666666667 0.036527500000000004
1 0.36208833333333335 0.940155 0.023761666666666667 0.0420275
1 0.74385 0.7522375 0.03299833333333334 0.040350000000000004
1 0.50457 0.4554525 0.025133333333333334 0.0386625
1 0.49573 0.41574 0.019288333333333334 0.041979999999999996
1 0.4090466666666667 0.370805 0.02192833333333333 0.038604999999999993
1 0.37689 0.4195025 0.021043333333333334 0.0344575
1 0.3566916666666667 0.4082625 0.022118333333333334 0.035765
1 0.32481 0.44112 0.01934 0.031037500000000003
1 0.35724 0.32106999999999997 0.018335 0.0297075
1 0.3668766666666667 0.30294 0.016871666666666667 0.0236325
1 0.26533666666666667 0.28543 0.01871 0.0252075
1 0.28963833333333333 0.4084825 0.015475 0.0243125
1 0.35697833333333334 0.5411425000000001 0.01824833333333333 0.023102499999999998
1 0.6051783333333334 0.48772750000000004 0.03301833333333334 0.0437475
1 0.524105 0.24718 0.025781666666666668 0.037445
1 0.4568066666666667 0.3376775 0.018256666666666668 0.0368625
1 0.46765666666666666 0.32178500000000004 0.020153333333333332 0.032375
1 0.7990616666666667 0.032525 0.031345 0.042215
1 0.6675766666666667 0.148955 0.04060333333333333 0.049705
1 0.9907100000000001 0.8810575 0.018578333333333332 0.0596775
1 0.5204266666666667 0.132345 0.02452 0.02093