1 0.5706 0.4431825 0.05411666666666667 0.069745
1 0.4063066666666667 0.71117 0.05412833333333333 0.076675
1 0.504235 0.8811925 0.044305 0.060645000000000004
1 0.08776833333333334 0.772015 0.03240166666666667 0.053520000000000005
1 0.14255833333333334 0.2820325 0.039655 0.055482500000000004
2 0.5224466666666666 0.11045 0.05310666666666666 0.08066
1 0.7922066666666666 0.3656975 0.03547666666666667 0.041415
1 0.15437333333333333 0.753275 0.026728333333333333 0.03226
1 0.5954166666666667 0.7725 0.025833333333333333 0.045
1 0.6561416666666666 0.9065225 0.027585 0.0413775
1 0.6279933333333333 0.679365 0.033215 0.053200000000000004
1 0.48573 0.6705924999999999 0.043421666666666664 0.0516425