1 0.7279466666666667 0.296845 0.059693333333333334 0.0901125
1 0.7637383333333334 0.69962 0.05291833333333333 0.0667875
1 0.5762266666666667 0.280335 0.046145 0.075375
1 0.5727899999999999 0.34577749999999996 0.039255 0.061270000000000005
1 0.6075 0.349375 0.04 0.05625
1 0.20666666666666667 0.139375 0.02666666666666667 0.03875
1 0.13333333333333333 0.144375 0.021666666666666667 0.03125
1 0.07916666666666666 0.123125 0.018333333333333333 0.02125
1 0.17875 0.33625 0.024166666666666666 0.03
1 0.22125 0.81625 0.0275 0.04
1 0.6216666666666667 0.95 0.03 0.045
1 0.6804166666666667 0.845 0.024166666666666666 0.04
1 0.9608333333333333 0.506875 0.035 0.05375
1 0.5717866666666667 0.7530924999999999 0.02632666666666667 0.040107500000000004
1 0.6581883333333334 0.9914525 0.023358333333333335 0.0170975