2 0.47025 0.259555 0.02533 0.04331
2 0.27675666666666665 0.29062 0.02542833333333333 0.040037500000000004
2 0.394565 0.40220999999999996 0.030574999999999998 0.030965
2 0.31997333333333333 0.23961500000000002 0.01843 0.0221175
2 0.3416633333333333 0.3977275 0.018203333333333332 0.01933
2 0.31598333333333334 0.4197525 0.007778333333333333 0.0113275
2 0.517985 0.2987575 0.01224 0.0149325
2 0.7795533333333333 0.22425 0.020155000000000003 0.023420000000000003
2 0.85389 0.3577025 0.012215000000000002 0.014029999999999999
2 0.50565 0.94287 0.027611666666666666 0.0418
2 0.5896883333333334 0.9793375 0.054205 0.041325
2 0.8679466666666668 0.9603825 0.03854833333333333 0.0568025
2 0.13735833333333333 0.9411575 0.05007 0.0690775
2 0.10217166666666666 0.694845 0.019431666666666667 0.02902
0 0.25501166666666664 0.6968799999999999 0.009523333333333333 0.0290025
0 0.21590333333333334 0.6964225 0.017621666666666667 0.0174075
0 0.18276499999999998 0.5288099999999999 0.03143 0.02522
0 0.234295 0.5464775 0.016141666666666665 0.017845
0 0.49441499999999994 0.7192949999999999 0.022051666666666667 0.029785
0 0.48101333333333335 0.42648250000000004 0.027280000000000002 0.019447500000000003
0 0.4295366666666666 0.5911675000000001 0.008135 0.02001
0 0.29262166666666667 0.47072250000000004 0.015156666666666666 0.01719
0 0.24544500000000002 0.3801825 0.010765 0.0434575
2 0.06274 0.1828825 0.026386666666666666 0.0270975
2 0.49206333333333335 0.0794575 0.020033333333333334 0.03275
0 0.558345 0.8676024999999999 0.007614999999999999 0.030850000000000002
0 0.535335 0.67177 0.01547 0.030100000000000002
0 0.376075 0.569095 0.011623333333333333 0.0175075
0 0.56381 0.11965250000000001 0.011463333333333334 0.0255675
0 0.56565 0.15465500000000001 0.010201666666666666 0.0173175
0 0.7758233333333333 0.511965 0.011534999999999998 0.0193975
0 0.7596350000000001 0.38508 0.014433333333333333 0.013952500000000001
0 0.7660466666666667 0.432635 0.006725 0.009075
0 0.66979 0.5791124999999999 0.010966666666666666 0.024487500000000002
0 0.141455 0.470585 0.013718333333333334 0.0151325