2 0.4821119929453263 0.15949404761904762 0.06976631393298059 0.0452827380952381
2 0.2012522045855379 0.32200396825396826 0.08407848324514991 0.0503125
2 0.1275705467372134 0.3468625992063492 0.033756613756613756 0.025171130952380952
2 0.18252204585537918 0.34333085317460316 0.0824294532627866 0.03841765873015873
2 0.18095238095238095 0.3832936507936508 0.0824294532627866 0.04327628968253969
2 0.02747795414462081 0.3808655753968254 0.04867283950617284 0.032234623015873015
2 0.3874162257495591 0.40228174603174605 0.0981305114638448 0.05652281746031746
2 0.7481569664902998 0.27003720238095236 0.06801587301587302 0.041445932539682546
2 0.5662169312169313 0.49097718253968253 0.1689021164021164 0.08671875
2 0.9273544973544973 0.49289186507936505 0.14528659611992945 0.07779017857142857
2 0.5588492063492063 0.7313665674603175 0.14283068783068784 0.07141617063492063
2 0.47383156966490303 0.6873685515873016 0.054413580246913576 0.04845982142857143
2 0.3202336860670194 0.7533655753968255 0.11902557319223986 0.06695188492063492
2 0.3786111111111111 0.7489012896825398 0.08161816578483246 0.056748511904761906
2 0.27375661375661375 0.7737698412698413 0.09861992945326278 0.05037202380952381
2 0.2652557319223986 0.8330679563492063 0.0952204585537919 0.056748511904761906
2 0.34120370370370373 0.8407192460317461 0.07481481481481482 0.047822420634920634
2 0.1303615520282187 0.7520882936507937 0.040806878306878305 0.03251984126984127
2 0.040806878306878305 0.7992733134920635 0.08161816578483246 0.04909722222222222
2 0.08728395061728396 0.8646304563492063 0.08388447971781306 0.044635416666666664
2 0.02550705467372134 0.8815277777777778 0.04647707231040564 0.04399553571428571
2 0.19894179894179895 0.629982638888889 0.06914902998236332 0.042083333333333334
2 0.2403174603174603 0.6012896825396825 0.04987654320987654 0.029330357142857144
2 0.023236331569664904 0.587579365079365 0.04647707231040564 0.037621527777777775
2 0.21877865961199294 0.5139335317460317 0.06121252204585539 0.03315724206349206