1 0.831215 0.6683 0.03112 0.038105
1 0.34400500000000006 0.41483749999999997 0.03043833333333333 0.0378575
1 0.8677683333333333 0.6860225000000001 0.027835 0.04622
1 0.8995850000000001 0.7487474999999999 0.033473333333333334 0.04473
1 0.6869966666666666 0.8535900000000001 0.036296666666666665 0.047924999999999995
1 0.49607 0.49289 0.03335166666666667 0.046579999999999996
1 0.24722499999999997 0.32239999999999996 0.023036666666666667 0.0327025
1 0.24619666666666667 0.39459500000000003 0.025093333333333332 0.036405
1 0.26182833333333333 0.452595 0.023446666666666668 0.030234999999999998
1 0.24558 0.845955 0.024681666666666668 0.0370225
1 0.2945316666666667 0.8619975 0.019745 0.034555
1 0.9201033333333333 0.7744175 0.029286666666666666 0.030412500000000002
1 0.371955 0.5469400000000001 0.02520666666666667 0.02169
1 0.7194816666666667 0.3239425 0.019083333333333334 0.0358325
1 0.26478 0.3822375 0.02675 0.0307725
1 0.596925 0.1569175 0.014786666666666667 0.022765