1 0.8834016666666666 0.8197625000000001 0.03542 0.047817500000000006
1 0.23639166666666664 0.19822 0.037888333333333336 0.0442425
1 0.489765 0.82175 0.050791666666666666 0.0721425
1 0.460185 0.9789475 0.034415 0.042105
1 0.38001500000000005 0.2189275 0.03547666666666667 0.043095
1 0.39615333333333336 0.6052274999999999 0.050146666666666666 0.04954
1 0.97387 0.7318600000000001 0.03383 0.039055
1 0.37914000000000003 0.0783675 0.03639 0.053252499999999994
2 0.023136666666666666 0.8141799999999999 0.04627166666666667 0.0856875
2 0.5372233333333334 0.89442 0.029336666666666667 0.05835
1 0.7515166666666667 0.3764775 0.020655 0.035915
1 0.946785 0.740385 0.022911666666666667 0.0357025
1 0.6885933333333334 0.611555 0.02603833333333333 0.03269
1 0.5429783333333333 0.51058 0.023321666666666668 0.0353
1 0.7060633333333334 0.14076750000000002 0.01893 0.0249825