1 0.5005216666666666 0.86564 0.046231666666666664 0.0718725
1 0.69959 0.63783 0.05524166666666667 0.07349
1 0.40357166666666666 0.5838574999999999 0.02903333333333333 0.0385225
1 0.9753533333333333 0.5671925 0.048791666666666664 0.0508925
1 0.969595 0.26445749999999996 0.029441666666666668 0.0426
1 0.92176 0.2563725 0.025223333333333334 0.033237499999999996
1 0.8842233333333334 0.2635475 0.04679333333333333 0.0809275
1 0.884815 0.433415 0.02851 0.037340000000000005
1 0.9213466666666666 0.3847825 0.0255 0.036164999999999996
1 0.9779933333333334 0.4356525 0.02969166666666667 0.0403125
1 0.9572333333333333 0.4816425 0.036256666666666666 0.0550275
1 0.5105483333333334 0.9704375 0.054415 0.050275
1 0.247465 0.4081775 0.03298333333333334 0.0438675
1 0.6568466666666667 0.295745 0.028871666666666664 0.046475
1 0.852635 0.2828875 0.04180166666666667 0.0637675