2 0.35009500000000005 0.0667725 0.017963333333333335 0.028715
2 0.29802 0.15283750000000002 0.012461666666666666 0.0161875
2 0.26111 0.2434325 0.014806666666666668 0.0177525
2 0.2808966666666667 0.295205 0.013396666666666666 0.017565
2 0.3182083333333333 0.4115875 0.021631666666666664 0.0250125
2 0.39003166666666667 0.3432525 0.026983333333333335 0.0356875
2 0.337765 0.4540725 0.027191666666666666 0.0289825
2 0.28819500000000003 0.4922725 0.01256 0.019395
2 0.267235 0.524445 0.012875 0.0179475
2 0.27217 0.6086225 0.021121666666666667 0.026699999999999998
2 0.27401333333333333 0.6354974999999999 0.021488333333333335 0.0255425
2 0.3104483333333333 0.5996625 0.014020000000000001 0.0209675
2 0.361975 0.8562975 0.01857 0.03595
2 0.4317566666666667 0.69063 0.023585 0.0346775
2 0.4054716666666667 0.66292 0.007925 0.016995
2 0.45086666666666664 0.8724700000000001 0.017851666666666665 0.025535
2 0.4533183333333333 0.38499 0.025226666666666668 0.038752499999999995
2 0.42494 0.38927 0.015991666666666668 0.022135000000000002
2 0.49218666666666666 0.160385 0.008743333333333334 0.0135275
2 0.49338333333333334 0.13216 0.008698333333333332 0.0131225
2 0.520095 0.129215 0.005268333333333333 0.0084475
2 0.39163000000000003 0.23691 0.005556666666666667 0.013737500000000001
2 0.3538016666666667 0.2253575 0.01138 0.011887499999999999
2 0.704655 0.214145 0.028229999999999998 0.03138
2 0.6155466666666667 0.3371 0.017445 0.021695
2 0.6128466666666667 0.3157475 0.016141666666666665 0.024535
2 0.5810166666666666 0.24628 0.009338333333333334 0.013529999999999999
2 0.7000483333333333 0.3281475 0.027286666666666667 0.027407499999999998
2 0.7646866666666666 0.307065 0.026520000000000002 0.030324999999999998
2 0.52462 0.4204425 0.019796666666666667 0.02436
2 0.47196333333333335 0.45547000000000004 0.021091666666666665 0.029857500000000002
2 0.4908533333333333 0.4949275 0.010981666666666667 0.020375
2 0.5185816666666666 0.4825175 0.014423333333333335 0.0145075
2 0.5313216666666667 0.590135 0.017765 0.017585
2 0.5092 0.5898300000000001 0.018148333333333332 0.016975
2 0.4915583333333333 0.5595399999999999 0.010381666666666666 0.020295
2 0.5573383333333334 0.5368925 0.020460000000000002 0.0270075
2 0.574535 0.5268250000000001 0.01662 0.024805
2 0.593615 0.519145 0.019885 0.025545
2 0.6136633333333333 0.5226475 0.010655 0.0209775
2 0.6558433333333333 0.54 0.014825 0.0179475
2 0.6427550000000001 0.5339674999999999 0.015041666666666667 0.02481
2 0.68215 0.515325 0.01744333333333333 0.023440000000000003
2 0.6437566666666666 0.5874725 0.01950666666666667 0.025345
2 0.5545483333333333 0.619715 0.017316666666666668 0.020864999999999998
2 0.5844866666666667 0.645505 0.021086666666666667 0.020149999999999998
2 0.57677 0.704875 0.021088333333333334 0.0256825
2 0.593885 0.707105 0.012034999999999999 0.017565
2 0.5710516666666666 0.7835575 0.018713333333333332 0.023045000000000003
2 0.5596066666666667 0.761255 0.01525 0.0286
2 0.49273333333333336 0.7879400000000001 0.008033333333333333 0.0167175
2 0.48133 0.7797625 0.00972 0.009922499999999999
2 0.46233 0.8219375 0.011983333333333334 0.02182
2 0.4786016666666667 0.8265399999999999 0.010303333333333333 0.0114
2 0.6302516666666667 0.722935 0.01565 0.015009999999999999
2 0.6377433333333333 0.7143550000000001 0.012849999999999999 0.0164675
2 0.6261133333333333 0.6920599999999999 0.013433333333333332 0.020575
2 0.670465 0.6739075 0.013198333333333333 0.020605000000000002
2 0.6667799999999999 0.6997749999999999 0.01598166666666667 0.017725
2 0.65441 0.7139774999999999 0.013633333333333332 0.0172225
2 0.63973 0.6290175 0.012126666666666668 0.0153525
2 0.619305 0.6348575 0.013626666666666667 0.0182525
2 0.7139966666666666 0.6164525 0.018728333333333333 0.02343
2 0.7212033333333334 0.5897675 0.015176666666666666 0.02189
2 0.7816000000000001 0.6382000000000001 0.018196666666666667 0.0261575
2 0.7916466666666667 0.6625 0.015318333333333333 0.0154
2 0.7407283333333333 0.7233474999999999 0.014813333333333333 0.0143225
2 0.73219 0.7145199999999999 0.009146666666666668 0.0112625
2 0.7394883333333334 0.68762 0.009983333333333334 0.016329999999999997
2 0.6892199999999999 0.659435 0.00969 0.011362500000000001
2 0.7867149999999999 0.73856 0.01787 0.01557
2 0.8429633333333333 0.81817 0.018275 0.0254675
2 0.84018 0.7272474999999999 0.019778333333333335 0.029670000000000002
2 0.8287333333333333 0.682315 0.014185 0.01692
2 0.9311050000000001 0.80674 0.020678333333333333 0.018105
2 0.9196816666666667 0.80436 0.010893333333333333 0.0173425
2 0.9236533333333333 0.7898175 0.018525 0.0214925
2 0.8932633333333333 0.7474700000000001 0.020825 0.02334
2 0.9059066666666666 0.7713574999999999 0.008533333333333334 0.01577
2 0.8337233333333334 0.753255 0.014821666666666667 0.0117675
2 0.834335 0.74045 0.014826666666666665 0.0198825
2 0.85166 0.7425225000000001 0.011436666666666668 0.0149575
2 0.824075 0.74221 0.021923333333333333 0.023405000000000002
2 0.8079916666666667 0.79138 0.01268 0.019585
2 0.8083233333333333 0.8049824999999999 0.013163333333333334 0.010060000000000001
2 0.7724633333333333 0.79996 0.007386666666666666 0.0146075
2 0.7638583333333333 0.787775 0.005458333333333333 0.0097575
2 0.9245766666666667 0.7049225 0.01668 0.0182475
2 0.8922833333333333 0.405695 0.019536666666666667 0.018525
2 0.9556916666666666 0.48149000000000003 0.009 0.010012499999999999
2 0.9942049999999999 0.4844675 0.010488333333333334 0.0110975
2 0.8875166666666667 0.4700025 0.012015000000000001 0.0178325
2 0.8425966666666667 0.415295 0.019818333333333334 0.0176
2 0.7780866666666667 0.45355 0.02131833333333333 0.016625
2 0.7608783333333334 0.3910025 0.011061666666666668 0.013795
2 0.775995 0.4146175 0.011048333333333334 0.0139425
2 0.9025599999999999 0.34589 0.019288333333333334 0.021175
2 0.8846516666666666 0.31816 0.011496666666666667 0.0171775
2 0.8578766666666667 0.32906 0.0185 0.0207225
2 0.83387 0.31724 0.012093333333333334 0.0126825
2 0.911875 0.0157675 0.025838333333333335 0.029605
2 0.7491966666666667 0.17268250000000002 0.016555 0.0264525