1 0.522775 0.7264149999999999 0.05361666666666667 0.0664525
1 0.18105833333333332 0.593445 0.04358 0.0617925
1 0.28729333333333334 0.8432975 0.053678333333333335 0.08297249999999999
1 0.7013999999999999 0.32835000000000003 0.04506 0.06266
1 0.44025833333333336 0.6260950000000001 0.052435 0.0819025
1 0.8634683333333334 0.5270075000000001 0.057370000000000004 0.0761875
1 0.7234283333333333 0.6048825000000001 0.04673 0.063315
1 0.6659183333333334 0.313495 0.04833833333333333 0.07019750000000001
1 0.8306866666666667 0.535245 0.05222333333333333 0.06903000000000001
1 0.5138216666666666 0.5880725 0.027231666666666664 0.0493675
1 0.3712816666666667 0.32236750000000003 0.019766666666666665 0.0295975
1 0.26479 0.3161175 0.02412 0.0249
1 0.42915166666666665 0.20045249999999998 0.020476666666666667 0.0294075
1 0.5891333333333334 0.3198075 0.028883333333333334 0.03835
1 0.9155716666666667 0.8776675 0.07172666666666667 0.07658