1 0.22824166666666668 0.49685 0.028893333333333337 0.047775
1 0.526875 0.7218075 0.030525 0.0432125
1 0.023725 0.7851525 0.029781666666666665 0.04275
1 0.15708333333333332 0.542115 0.030333333333333334 0.0451025
1 0.111485 0.64016 0.042173333333333334 0.05659
1 0.7654716666666667 0.7710825 0.03879 0.055237499999999995
1 0.8561433333333333 0.771725 0.04305166666666667 0.052725
1 0.29863666666666666 0.89683 0.038515 0.0481725
1 0.17309333333333332 0.68738 0.030578333333333332 0.046490000000000004
1 0.71724 0.269765 0.03216666666666667 0.0517075
1 0.6367349999999999 0.7034825 0.02928 0.047695
1 0.9635333333333334 0.7572274999999999 0.036015 0.04203
1 0.3486633333333333 0.520165 0.025683333333333332 0.032465
1 0.8269483333333333 0.5893425 0.03402333333333333 0.0498325
1 0.10483166666666667 0.839345 0.031573333333333335 0.03749
1 0.6558533333333333 0.3297525 0.032965 0.032795000000000005
1 0.6782416666666666 0.259045 0.034625 0.04492
1 0.851625 0.87766 0.038876666666666664 0.0431575
1 0.7779516666666667 0.26488999999999996 0.034425000000000004 0.04259
1 0.5856916666666667 0.28518 0.02965833333333333 0.03156
1 0.239355 0.1847275 0.019908333333333333 0.036402500000000004
1 0.168405 0.2507275 0.014333333333333333 0.024182500000000003
1 0.18047166666666664 0.25597 0.015505 0.0368225
1 0.23935833333333334 0.12961 0.023503333333333334 0.0402425
1 0.26284166666666664 0.1336225 0.0224 0.04289
1 0.27417166666666665 0.102695 0.024253333333333335 0.041299999999999996
1 0.10923666666666666 0.14667 0.028731666666666666 0.0399225
1 0.14067166666666667 0.1733925 0.022005 0.030947500000000003
1 0.11700333333333333 0.1927825 0.019151666666666668 0.034215
1 0.067005 0.19226249999999998 0.02821166666666667 0.04178
1 0.060935 0.25328 0.026118333333333334 0.033592500000000004
1 0.18798833333333334 0.5910225 0.02264833333333333 0.035365
1 0.2279466666666667 0.6249125 0.022205 0.031032499999999998
1 0.14827333333333334 0.7290075 0.035975 0.040119999999999996
1 0.17479999999999998 0.7397075 0.018513333333333333 0.033542499999999996
1 0.77496 0.5250499999999999 0.03028 0.036685