1 0.10549166666666668 0.92253 0.040446666666666665 0.0612275
1 0.03393333333333333 0.058225 0.031338333333333336 0.040299999999999996
1 0.5257550000000001 0.2401475 0.038310000000000004 0.05398
1 0.40089 0.01834 0.035865 0.0366825
1 0.31419 0.05656 0.03711166666666667 0.0498925
1 0.7435983333333334 0.7442475 0.030973333333333335 0.03781
1 0.047913333333333336 0.8985125 0.036436666666666666 0.04506
1 0.16719833333333334 0.64193 0.041295 0.0677
1 0.5627016666666667 0.2248075 0.031206666666666667 0.0477975
1 0.7763766666666667 0.4962975 0.02716333333333333 0.03509
1 0.462875 0.091325 0.028421666666666668 0.04202
1 0.8706266666666667 0.6792100000000001 0.037796666666666666 0.04574
1 0.34965666666666667 0.7949149999999999 0.02882166666666667 0.04909
1 0.4489783333333333 0.020462499999999998 0.034083333333333334 0.039807499999999996
1 0.7255799999999999 0.46654 0.0272 0.03744
1 0.08173666666666667 0.9104125000000001 0.026046666666666666 0.042159999999999996
1 0.7510433333333334 0.51097 0.02465833333333333 0.040775
1 0.6630216666666667 0.016715 0.02528333333333333 0.0334275
1 0.73532 0.016024999999999998 0.024878333333333336 0.032052500000000005
1 0.9334600000000001 0.57412 0.028653333333333333 0.0389625
1 0.7418866666666666 0.7016375 0.03224666666666667 0.05122
1 0.8559833333333333 0.8070825 0.029425000000000003 0.050345
1 0.42825 0.3754475 0.03388833333333333 0.0600875
1 0.5726916666666667 0.5507875 0.024426666666666666 0.051845
1 0.6007866666666666 0.5772075 0.01484 0.0367725
1 0.253055 0.2741925 0.037005 0.055012500000000006
1 0.20802500000000002 0.0703775 0.021683333333333332 0.035595
1 0.691755 0.09248 0.017724999999999998 0.027295000000000003
1 0.5353783333333333 0.42917 0.020245 0.0277775
1 0.9877816666666666 0.7784774999999999 0.024438333333333333 0.0446175
1 0.21724666666666667 0.4984775 0.04240666666666667 0.0656875