2 0.04149166666666666 0.6880674999999999 0.03688166666666667 0.04643
2 0.040175 0.7863625 0.03293 0.045442500000000004
2 0.01614 0.8110599999999999 0.029645 0.0414925
2 0.06916 0.91726 0.035563333333333336 0.04248
2 0.04380333333333333 0.9508475 0.029636666666666665 0.0345775
2 0.136995 0.8001925 0.02371 0.0414925
2 0.21306333333333335 0.9276325000000001 0.03622333333333334 0.0434675
2 0.28353333333333336 0.32007749999999996 0.020416666666666666 0.039515
2 0.15411833333333333 0.5759425 0.035563333333333336 0.049395
2 0.21339166666666665 0.627805 0.035563333333333336 0.0523575
2 0.24434666666666666 0.616445 0.031613333333333334 0.047420000000000004
2 0.21899000000000002 0.7043674999999999 0.023051666666666668 0.0414925
2 0.254225 0.7043674999999999 0.031613333333333334 0.0414925
2 0.296705 0.7211625 0.030953333333333333 0.045442500000000004
2 0.329305 0.5759425 0.026343333333333333 0.0414925
2 0.36157666666666666 0.485055 0.025026666666666666 0.03754
2 0.37277166666666667 0.6001449999999999 0.019758333333333333 0.04248
2 0.41294666666666663 0.74833 0.03424666666666667 0.04643
2 0.4620116666666667 0.710295 0.024368333333333336 0.035565
2 0.46596333333333334 0.60311 0.029636666666666665 0.0405025
2 0.395165 0.28204250000000003 0.030295000000000002 0.04643
2 0.30329 0.38083249999999996 0.027001666666666667 0.0246975
2 0.35235666666666665 0.31415 0.026343333333333333 0.039515
2 0.3026316666666667 0.34773750000000003 0.030953333333333333 0.0414925
2 0.3207433333333333 0.32501749999999996 0.031613333333333334 0.0414925
2 0.32897499999999996 0.3531725 0.04280833333333334 0.050382500000000004
2 0.34576999999999997 0.37441250000000004 0.028978333333333335 0.0296375
2 0.4366566666666667 0.38972500000000004 0.025026666666666666 0.04248
2 0.418215 0.2736475 0.019758333333333333 0.02766
2 0.46596333333333334 0.408 0.025685000000000003 0.035565
2 0.43501 0.46035750000000003 0.020416666666666666 0.0335875
2 0.47090333333333334 0.506295 0.022391666666666667 0.0365525
2 0.49889333333333336 0.5161749999999999 0.025685000000000003 0.032600000000000004
2 0.5183216666666667 0.3581125 0.031613333333333334 0.038527500000000006
2 0.5087716666666667 0.38676 0.021733333333333334 0.02865
2 0.51898 0.264755 0.025026666666666666 0.0434675
2 0.5387383333333333 0.3062475 0.031613333333333334 0.035565
2 0.4224966666666667 0.81353 0.027001666666666667 0.0405025
2 0.4956 0.8752725 0.024368333333333336 0.0296375
2 0.4304 0.9266449999999999 0.021733333333333334 0.023710000000000002
2 0.9793383333333333 0.5463049999999999 0.022391666666666667 0.02766
2 0.991975 0.6811525 0.016051666666666665 0.0345775
2 0.6150566666666667 0.56779 0.019776666666666665 0.0272925
2 0.6433383333333333 0.6200025 0.016216666666666667 0.0201725
2 0.6415583333333333 0.6731024999999999 0.015030000000000002 0.024325
2 0.6726083333333334 0.6719149999999999 0.013053333333333332 0.017204999999999998
2 0.6522383333333333 0.5861825 0.012656666666666667 0.0178
2 0.6484800000000001 0.5618575 0.013053333333333332 0.0201725
2 0.6753766666666667 0.5565175 0.013843333333333334 0.018985
2 0.6846716666666667 0.5203274999999999 0.00791 0.01068
2 0.6908016666666668 0.5143925 0.006723333333333334 0.0094925
2 0.6864516666666667 0.624155 0.006723333333333334 0.016612500000000002
2 0.7137433333333333 0.6155525000000001 0.01068 0.017204999999999998
2 0.70168 0.7072174999999999 0.011866666666666668 0.0178
2 0.7143366666666667 0.6796275 0.011866666666666668 0.013645
2 0.72996 0.6650925 0.008306666666666667 0.014240000000000001
2 0.7196766666666667 0.65827 0.007515000000000001 0.011272500000000001
2 0.67775 0.83626 0.009096666666666666 0.01246
2 0.67775 0.8267675 0.008306666666666667 0.011272500000000001
2 0.6508533333333333 0.8089675 0.008306666666666667 0.011272500000000001
2 0.7032616666666666 0.8110449999999999 0.00791 0.0130525
2 0.7113700000000001 0.809265 0.008306666666666667 0.014240000000000001
2 0.72561 0.7944325 0.01147 0.0130525
2 0.71315 0.744595 0.011866666666666668 0.016612500000000002
2 0.7447933333333334 0.7161175 0.010283333333333334 0.016612500000000002
2 0.744595 0.7356950000000001 0.01147 0.015425000000000001
2 0.7788083333333334 0.704845 0.011866666666666668 0.011865
2 0.7621966666666667 0.71582 0.011075 0.0148325
2 0.7531000000000001 0.7208625 0.008701666666666667 0.014240000000000001
2 0.7612083333333334 0.7861275000000001 0.009888333333333332 0.015425000000000001
2 0.8094633333333333 0.8929199999999999 0.01147 0.018985
2 0.788895 0.8822424999999999 0.009096666666666666 0.014240000000000001
2 0.7748533333333333 0.8629600000000001 0.010283333333333334 0.013645
2 0.8116383333333334 0.8157925 0.010283333333333334 0.015425000000000001
2 0.7924549999999999 0.7478575 0.01068 0.013645
2 0.7695133333333333 0.5870725 0.012261666666666666 0.017204999999999998
2 0.77703 0.6238575 0.012261666666666666 0.011272500000000001
2 0.7797983333333334 0.5915225000000001 0.008306666666666667 0.0094925
2 0.8626633333333332 0.5769875 0.011075 0.01246
2 0.8646400000000001 0.5473225 0.008701666666666667 0.01602
2 0.8978649999999999 0.5879624999999999 0.00712 0.01068
2 0.8895583333333333 0.6452175 0.011075 0.013645
2 0.838535 0.6526325000000001 0.009493333333333333 0.01068
2 0.81243 0.6464025 0.009493333333333333 0.01246
2 0.8153966666666667 0.6719149999999999 0.008306666666666667 0.011272500000000001
2 0.830625 0.7279825 0.00712 0.011865
2 0.8674083333333333 0.6873425 0.010283333333333334 0.01246
2 0.86385 0.7176 0.011075 0.013645
2 0.8660249999999999 0.738365 0.006723333333333334 0.013645
2 0.8792749999999999 0.7493425 0.008701666666666667 0.014240000000000001
2 0.8893616666666667 0.7146325 0.009096666666666666 0.013645
2 0.8337883333333332 0.7974 0.012656666666666667 0.0178
2 0.86029 0.885505 0.00791 0.013645
2 0.8765066666666667 0.885505 0.006328333333333333 0.013645
2 0.9176416666666667 0.8777925 0.00791 0.01246