1 0.21250833333333333 0.36380250000000003 0.05407166666666667 0.0730875
1 0.73394 0.5665650000000001 0.08900333333333334 0.13218000000000002
1 0.9370033333333334 0.8405275 0.10468166666666667 0.14196250000000002
1 0.17189166666666666 0.20020249999999998 0.05224500000000001 0.07969499999999999
1 0.7816366666666666 0.3641625 0.08892499999999999 0.11136499999999999
1 0.5323450000000001 0.3294875 0.04549500000000001 0.08206999999999999
1 0.83711 0.0410025 0.064035 0.082005
1 0.9515416666666666 0.04029 0.074875 0.08058
1 0.14028833333333335 0.469645 0.049988333333333336 0.058365
1 0.7275033333333334 0.2133175 0.08394 0.130425
1 0.6288033333333334 0.5290975 0.07408000000000001 0.11476
1 0.6836483333333334 0.36546 0.06994 0.111925
1 0.18552333333333335 0.7050525 0.032675 0.046112499999999994
1 0.6344533333333333 0.75362 0.04521833333333333 0.0695775
1 0.8905283333333334 0.40651 0.05551333333333333 0.085005
1 0.10926 0.653755 0.027930000000000003 0.044407499999999996
1 0.47933833333333337 0.4722575 0.053040000000000004 0.080165
1 0.08325666666666667 0.350325 0.030935 0.0532025
1 0.09042 0.2430275 0.034995 0.051655