1 0.62848 0.69371 0.053261666666666665 0.0805625
1 0.6891983333333332 0.426965 0.043395 0.054880000000000005
1 0.3307966666666667 0.7608275 0.05014 0.0781675
1 0.511745 0.4498025 0.052693333333333335 0.0755
1 0.5560516666666666 0.4393125 0.03729833333333333 0.0531075
1 0.9639266666666667 0.8079075 0.046873333333333336 0.0635625
1 0.7606716666666666 0.9141575000000001 0.036915 0.041415
1 0.11666666666666667 0.351875 0.028333333333333332 0.03875
1 0.10083333333333333 0.24125 0.025 0.0325
1 0.42927 0.4552875 0.05492333333333334 0.08889
1 0.4863616666666667 0.51003 0.057813333333333335 0.0682925
1 0.6793166666666667 0.21355000000000002 0.02746166666666667 0.0368575
1 0.48033833333333337 0.84941 0.06516166666666667 0.0999825
1 0.5755399999999999 0.86712 0.036166666666666666 0.08159999999999999