1 0.9180616666666667 0.7134524999999999 0.06582666666666666 0.07637000000000001
1 0.71739 0.9615775 0.06091833333333333 0.076845
1 0.577125 0.14791749999999998 0.0553 0.08070999999999999
1 0.228405 0.1064875 0.03675666666666667 0.0494125
1 0.5291333333333333 0.1490375 0.04277 0.0681475
1 0.11986166666666666 0.17897749999999998 0.03244 0.03896
1 0.48996833333333334 0.5072 0.032446666666666665 0.05188
1 0.470385 0.5972725 0.024498333333333334 0.0319875
1 0.9653116666666667 0.96814 0.05250833333333334 0.06372
1 0.22041666666666668 0.05 0.015833333333333335 0.0375
2 0.87625 0.36875 0.0675 0.09
1 0.4041666666666667 0.931875 0.03 0.04625
1 0.45916666666666667 0.9325 0.025 0.04
1 0.39791666666666664 0.109375 0.024166666666666666 0.03625