0 0.4774966666666667 0.436855 0.007010000000000001 0.011515000000000001
0 0.478915 0.4453675 0.004506666666666667 0.00651
0 0.4823366666666667 0.43911 0.0056749999999999995 0.010515
0 0.4805833333333333 0.46038999999999997 0.006175 0.011515000000000001
0 0.49084833333333333 0.4705275 0.020361666666666667 0.02078
0 0.5014466666666666 0.4555075 0.008178333333333333 0.010265
0 0.5115433333333333 0.49769 0.010013333333333332 0.011015
0 0.519555 0.49694 0.007010000000000001 0.011515000000000001
0 0.49894166666666667 0.49881749999999997 0.008511666666666667 0.008262499999999999
0 0.3854516666666667 0.49431 0.006508333333333333 0.0077599999999999995
0 0.38236333333333333 0.49831749999999997 0.007010000000000001 0.00726
0 0.3907083333333333 0.4949375 0.003671666666666667 0.010015000000000001
0 0.3916266666666667 0.5019475 0.004506666666666667 0.006007500000000001
0 0.38486666666666663 0.3758975 0.0063416666666666665 0.0057575000000000005
0 0.389875 0.38153 0.00434 0.00801
0 0.389875 0.37577249999999995 0.006676666666666667 0.00801
0 0.45947166666666667 0.3693875 0.005006666666666666 0.015269999999999999
0 0.4542966666666667 0.374395 0.0056749999999999995 0.0077599999999999995
0 0.45655 0.3792775 0.00484 0.00751
0 0.4620583333333333 0.38641000000000003 0.0038383333333333334 0.004255
0 0.469485 0.3989275 0.0033383333333333333 0.0092625
0 0.5595266666666666 0.40769 0.005841666666666666 0.00726
0 0.5601933333333333 0.41708 0.006175 0.00701
0 0.56228 0.42434 0.007010000000000001 0.011515000000000001
0 0.5428366666666666 0.4147 0.004506666666666667 0.0052575
0 0.5182183333333333 0.3765225 0.005006666666666666 0.0055075
0 0.441195 0.3183175 0.005841666666666666 0.008262499999999999
0 0.4421966666666666 0.32607749999999996 0.008845 0.011265
0 0.4539633333333334 0.3224475 0.004005 0.0055075
0 0.5234766666666667 0.30993 0.01018 0.0120175
0 0.5254800000000001 0.320695 0.004506666666666667 0.0055075
0 0.539415 0.3002925 0.005006666666666666 0.0062575
0 0.543755 0.30317 0.007676666666666667 0.00751
0 0.5376633333333334 0.3058 0.0038383333333333334 0.004255
0 0.5317383333333333 0.30617500000000003 0.00434 0.006007500000000001
0 0.5685383333333334 0.29027749999999997 0.005841666666666666 0.0087625
0 0.5732116666666667 0.28990249999999995 0.0038383333333333334 0.00751
0 0.58648 0.30179500000000004 0.0060083333333333325 0.0077599999999999995
0 0.5763 0.3076775 0.00434 0.00701
0 0.5820583333333333 0.3080525 0.006175 0.00726
0 0.5779683333333333 0.313435 0.004673333333333333 0.00651
0 0.5797216666666667 0.3189425 0.00484 0.006007500000000001
0 0.525145 0.089875 0.013185 0.0190275
0 0.5170516666666667 0.06872 0.007343333333333334 0.009762499999999999
0 0.518135 0.07623 0.005841666666666666 0.0062575
0 0.48267 0.0564525 0.0063416666666666665 0.0127675
0 0.47449166666666664 0.053325000000000004 0.008011666666666667 0.0120175
0 0.44903999999999994 0.7151175 0.013185 0.026287500000000002
0 0.43718999999999997 0.731765 0.007176666666666667 0.0130175
0 0.4464533333333333 0.7305125 0.004005 0.0055075
0 0.452795 0.7292625 0.00534 0.00701
0 0.44737 0.724005 0.007845 0.0085125
0 0.38778833333333335 0.70573 0.006843333333333334 0.0095125
0 0.38970666666666665 0.6959650000000001 0.007010000000000001 0.010515
0 0.4039766666666667 0.6959650000000001 0.006175 0.006007500000000001
0 0.431265 0.6829475 0.004673333333333333 0.00701
0 0.4295966666666667 0.6775650000000001 0.004005 0.0052575
0 0.4268416666666667 0.6825725 0.004506666666666667 0.0062575
0 0.4407783333333333 0.7699425 0.004005 0.0087625
0 0.43251666666666666 0.7873425 0.0038383333333333334 0.0055075
0 0.43568833333333334 0.7904725 0.004171666666666667 0.0062575
0 0.42943 0.766815 0.003671666666666667 0.0085125
0 0.11157166666666665 0.74203 0.005508333333333333 0.0045075
0 0.10623 0.7437825 0.005173333333333334 0.00751
0 0.09354666666666667 0.7482875 0.005508333333333333 0.0090125
0 0.09738499999999999 0.75267 0.005173333333333334 0.008262499999999999
0 0.13285166666666667 0.77395 0.003671666666666667 0.0047575000000000004
0 0.150125 0.6924600000000001 0.0028366666666666666 0.00801
0 0.14002833333333334 0.6868275 0.00534 0.0067599999999999995
0 0.149625 0.681195 0.007845 0.00651
0 0.16306 0.6651725 0.0063416666666666665 0.00651
0 0.050403333333333335 0.48392250000000003 0.006676666666666667 0.0090125
0 0.04556333333333333 0.48217000000000004 0.00434 0.0055075
0 0.10147333333333333 0.4817925 0.00534 0.0067599999999999995
0 0.10397833333333334 0.4875525 0.005006666666666666 0.0062575
0 0.21413 0.47641 0.0056749999999999995 0.00701
0 0.21805333333333332 0.48705000000000004 0.00751 0.011265
0 0.23908166666666666 0.497815 0.00751 0.011265
0 0.23657833333333333 0.4770375 0.005508333333333333 0.00726
0 0.23691166666666666 0.4889275 0.005173333333333334 0.00751
0 0.24200166666666667 0.4875525 0.005006666666666666 0.0047575000000000004
0 0.22915166666666667 0.461765 0.005006666666666666 0.0092625
0 0.22915166666666667 0.45388 0.0033383333333333333 0.004005
0 0.15029166666666666 0.37289249999999996 0.014186666666666667 0.01377
0 0.15863666666666668 0.3881625 0.010848333333333333 0.0127675
0 0.11733 0.41958249999999997 0.0060083333333333325 0.00651
0 0.09054166666666667 0.4049375 0.004171666666666667 0.0047575000000000004
0 0.08670333333333334 0.42434 0.00484 0.00801
0 0.09855333333333334 0.3622525 0.004506666666666667 0.0085125
0 0.055415 0.2754475 0.006881666666666666 0.0070625
0 0.05949 0.28182999999999997 0.004164999999999999 0.0046175
0 0.18073333333333336 0.2744975 0.005795000000000001 0.005705
0 0.18652833333333335 0.2721875 0.0028983333333333335 0.0054325
0 0.17738333333333334 0.1935475 0.0077866666666666666 0.00679
0 0.15166833333333332 0.1233275 0.008511666666666667 0.00652
0 0.15746333333333332 0.129845 0.0067 0.004889999999999999
0 0.16162833333333332 0.133785 0.0023550000000000003 0.0046175
0 0.050978333333333334 0.0748375 0.0038033333333333335 0.0078775
0 0.09887833333333333 0.24122 0.00507 0.008150000000000001
0 0.16416333333333333 0.07022 0.004526666666666667 0.0095075
0 0.14406166666666667 0.02078 0.00489 0.0051600000000000005
0 0.16389666666666666 0.158775 0.005443333333333333 0.0062475
0 0.16734333333333332 0.156875 0.0039833333333333335 0.0040750000000000005
0 0.20292833333333332 0.18105000000000002 0.0023550000000000003 0.00679
0 0.3274316666666667 0.07579000000000001 0.005795000000000001 0.005974999999999999
0 0.32752333333333333 0.089235 0.008873333333333334 0.0160275
0 0.31982666666666665 0.11884499999999999 0.00507 0.00842
0 0.2944733333333333 0.31401999999999997 0.006881666666666666 0.0070625
0 0.313125 0.3208125 0.004346666666666666 0.008150000000000001
0 0.299815 0.3267875 0.007424999999999999 0.007605000000000001
0 0.30678666666666665 0.3166025 0.0039833333333333335 0.005705
0 0.25734833333333335 0.5777875 0.00978 0.0152125
0 0.2681233333333333 0.5837625000000001 0.00996 0.0162975
0 0.29058 0.5090625 0.003078333333333333 0.0054325
0 0.29411000000000004 0.506345 0.002535 0.0038025000000000003
0 0.29374833333333333 0.6605025000000001 0.0039833333333333335 0.0062475
0 0.28587 0.652355 0.003078333333333333 0.005705
0 0.32562166666666664 0.737515 0.00507 0.005974999999999999
2 0.6252933333333334 0.1706525 0.03821166666666667 0.05645
2 0.7211133333333334 0.17239 0.014474999999999998 0.019975
2 0.7816166666666666 0.1797725 0.01158 0.0121575
2 0.387045 0.62182 0.031843333333333335 0.036475
2 0.652795 0.629635 0.012158333333333333 0.01737
2 0.6736383333333333 0.64744 0.017948333333333334 0.02866
2 0.3601233333333333 0.6009774999999999 0.025474999999999998 0.02779
2 0.33262166666666665 0.6765325 0.021421666666666665 0.029527499999999998
2 0.31206833333333334 0.68869 0.01737 0.02779
2 0.6079233333333334 0.641795 0.015053333333333332 0.0208425
2 0.36707 0.963125 0.018526666666666667 0.029527499999999998
2 0.2634333333333333 0.92665 0.01737 0.026055
2 0.10276833333333334 0.765985 0.020263333333333335 0.026055
2 0.10067499999999999 0.642455 0.020481666666666665 0.0164025
2 0.12601833333333334 0.74478 0.013191666666666668 0.026817499999999998
2 0.10909333333333332 0.7535025000000001 0.01892 0.01354
2 0.5798616666666667 0.5385924999999999 0.021663333333333333 0.033037500000000004
2 0.6042266666666667 0.692415 0.011193333333333333 0.015705
2 0.6408733333333333 0.6750825 0.01011 0.0124575
2 0.5690233333333333 0.7725675 0.010831666666666667 0.01679
2 0.6883516666666666 0.85489 0.014803333333333332 0.023287500000000003