2 0.5454166666666667 0.459375 0.030833333333333334 0.04125
2 0.5645833333333333 0.41125 0.0275 0.0325
2 0.5958333333333333 0.45625 0.02666666666666667 0.0425
2 0.31125 0.45 0.029166666666666667 0.04
2 0.385 0.614375 0.021666666666666667 0.03875
2 0.37958333333333333 0.65375 0.025833333333333333 0.0275
2 0.19875 0.5825 0.019166666666666665 0.0275
2 0.14916666666666667 0.535625 0.018333333333333333 0.02625
2 0.13083333333333333 0.468125 0.03 0.02875
2 0.28125 0.51875 0.0275 0.035
2 0.67625 0.199375 0.034166666666666665 0.05375
2 0.69625 0.22625 0.025833333333333333 0.03
2 0.23520833333333332 0.6103125 0.01625 0.024375
2 0.22770833333333335 0.590625 0.017916666666666668 0.025
2 0.20791666666666667 0.5190625 0.0175 0.028125
2 0.27708333333333335 0.4690625 0.0225 0.025625
2 0.2475 0.564375 0.019166666666666665 0.02375
2 0.22125 0.5565625 0.018333333333333333 0.024375
2 0.2527083333333333 0.525625 0.01375 0.03125
2 0.281875 0.5559375 0.01625 0.023125
2 0.3152083333333333 0.6428125 0.022916666666666665 0.029375
2 0.2810416666666667 0.6371875 0.019583333333333335 0.025625
2 0.275625 0.6296875 0.017083333333333332 0.019375
2 0.160625 0.3996875 0.02875 0.029375
2 0.17770833333333333 0.388125 0.022916666666666665 0.02
2 0.33125 0.38375 0.020833333333333332 0.03375
2 0.2972916666666667 0.3784375 0.017916666666666668 0.026875
2 0.4216666666666667 0.6125 0.025833333333333333 0.03125
2 0.4085416666666667 0.5578125 0.02625 0.035625
2 0.38958333333333334 0.5296875 0.024166666666666666 0.033125
2 0.519375 0.25125 0.022916666666666665 0.02625
2 0.37833333333333335 0.1596875 0.018333333333333333 0.023125
2 0.26 0.2409375 0.025 0.025625
2 0.15625 0.2428125 0.0225 0.024375
2 0.14770833333333333 0.1759375 0.01625 0.016875
2 0.5125 0.4740625 0.019166666666666665 0.031875
2 0.6210416666666667 0.50375 0.017083333333333332 0.02625
2 0.7516666666666667 0.3496875 0.024166666666666666 0.028125
2 0.6833333333333333 0.2834375 0.025833333333333333 0.035625
2 0.620625 0.365 0.022916666666666665 0.03125
2 0.775625 0.50125 0.017083333333333332 0.02
2 0.758125 0.4725 0.012916666666666667 0.01875
2 0.4533333333333333 0.463125 0.023333333333333334 0.0225
2 0.35020833333333334 0.5978125 0.022916666666666665 0.029375
2 0.12875 0.4825 0.015833333333333335 0.02
2 0.010625 0.3484375 0.012916666666666667 0.013125
2 0.44 0.5021875 0.024166666666666666 0.026875
2 0.4014583333333333 0.49125 0.020416666666666666 0.02125
2 0.235 0.5546875 0.015 0.020625