1 0.5536683333333333 0.47207 0.05491166666666667 0.0801925
1 0.134225 0.23833000000000001 0.049828333333333336 0.0731125
1 0.43348333333333333 0.8855125 0.043285 0.053012500000000004
1 0.8127049999999999 0.4213925 0.054189999999999995 0.06808750000000001
1 0.9098266666666667 0.38954500000000003 0.06225 0.081525
1 0.62024 0.170555 0.048985 0.069415
2 0.974115 0.5930725 0.028043333333333333 0.03318
1 0.09595833333333334 0.8261925 0.041435 0.054255000000000005
1 0.7144866666666667 0.9449249999999999 0.041725 0.0621475
1 0.23812 0.29161000000000004 0.044265 0.055885
1 0.346445 0.53138 0.04908333333333333 0.06601749999999999
1 0.149825 0.98291 0.042495 0.0341825
1 0.40806499999999996 0.13957499999999998 0.04020833333333333 0.04868
1 0.22783 0.92913 0.048675 0.04646
1 0.6905083333333334 0.5860825 0.027536666666666668 0.04054