1 0.29779666666666665 0.02889 0.04568833333333333 0.0577775
1 0.13381666666666667 0.4796 0.048905000000000004 0.0581225
1 0.7068466666666666 0.18064750000000002 0.034319999999999996 0.04571
1 0.10277 0.025705 0.05957833333333334 0.0514125
1 0.831325 0.47511000000000003 0.025258333333333334 0.039475
1 0.232375 0.1646375 0.047481666666666665 0.06514249999999999
1 0.482175 0.5825975 0.044615 0.0717025
1 0.5931166666666666 0.2986375 0.042238333333333336 0.049722499999999996
1 0.011448333333333333 0.5417375 0.022895000000000002 0.0614175
1 0.7856333333333334 0.7316625 0.03403833333333333 0.0406425
1 0.7942199999999999 0.25689249999999997 0.028866666666666665 0.0400325
1 0.181405 0.3272475 0.05059166666666667 0.062329999999999997
1 0.549365 0.7103250000000001 0.04169666666666667 0.0625625
1 0.7205616666666667 0.688375 0.027668333333333333 0.0417375
1 0.659015 0.57324 0.027653333333333332 0.040780000000000004
1 0.7314866666666667 0.27691000000000004 0.023728333333333334 0.0348075
1 0.27869 0.9842799999999999 0.04733833333333333 0.03144
1 0.18522499999999997 0.04924 0.04354 0.0681225
1 0.8343466666666667 0.28205 0.036553333333333334 0.053065
1 0.7883683333333333 0.3922025 0.023636666666666667 0.0321375
1 0.59503 0.249705 0.04078333333333333 0.048305
1 0.7488866666666666 0.296255 0.023818333333333334 0.0318125
1 0.7046483333333334 0.2217325 0.029699999999999997 0.033167499999999996
2 0.22009166666666666 0.561655 0.05609 0.07714499999999999
1 0.5158900000000001 0.3188475 0.03472166666666667 0.0501075
1 0.8412033333333334 0.53071 0.022141666666666667 0.0320175
1 0.833735 0.5505725 0.02346166666666667 0.0288325
1 0.8012466666666666 0.42866000000000004 0.015703333333333333 0.024935
1 0.7468666666666667 0.6541024999999999 0.020635 0.034455
1 0.7686966666666667 0.6635625 0.023141666666666665 0.0313275
1 0.76893 0.77503 0.02875 0.040405
1 0.8403166666666666 0.59124 0.023431666666666667 0.021505
1 0.63265 0.7598524999999999 0.024351666666666667 0.052657499999999996
1 0.7752683333333332 0.8962275 0.030536666666666667 0.03553
1 0.5632033333333333 0.8909750000000001 0.03859833333333333 0.0532425
1 0.42597166666666664 0.9918775000000001 0.027861666666666663 0.0162425
1 0.2507233333333333 0.9161875 0.04015833333333333 0.0626375
1 0.23911500000000002 0.95121 0.037801666666666664 0.044700000000000004