1 0.9620833333333333 0.2925725 0.028771666666666668 0.037770000000000005
1 0.200095 0.2805025 0.045215000000000005 0.068235
1 0.03695 0.6546124999999999 0.02871 0.039192500000000005
1 0.27915333333333336 0.395885 0.048876666666666665 0.0658875
1 0.9000766666666666 0.437495 0.03134833333333333 0.04215
1 0.3672616666666667 0.496595 0.035574999999999996 0.05442
1 0.13755333333333333 0.21414750000000002 0.04152 0.0571225
1 0.30543499999999996 0.5779 0.039995 0.043845
1 0.3934416666666667 0.0783425 0.041091666666666665 0.0662675
1 0.53096 0.0840375 0.047946666666666665 0.057795
1 0.9356116666666667 0.5696675 0.025796666666666666 0.04464
1 0.15255833333333332 0.2998575 0.03978833333333333 0.0533275
1 0.34322166666666665 0.2125875 0.037715 0.057895
1 0.42280166666666663 0.12426999999999999 0.048176666666666666 0.062372500000000004
1 0.9123483333333333 0.931125 0.03893833333333333 0.056085
1 0.9316350000000001 0.9696549999999999 0.03434666666666667 0.052025
1 0.9872733333333333 0.9027225 0.025453333333333335 0.04677750000000001
1 0.32073 0.618285 0.04015833333333333 0.0622875
1 0.09136 0.8795525 0.022143333333333334 0.02761
1 0.09793833333333334 0.44276 0.022556666666666666 0.033104999999999996
1 0.70725 0.1041 0.03631333333333333 0.047854999999999995
1 0.6939899999999999 0.2326275 0.024235 0.05148