1 0.5180183333333334 0.694825 0.031496666666666666 0.0428075
1 0.6803716666666667 0.6285974999999999 0.027819999999999998 0.0432325
1 0.08648499999999999 0.708605 0.05463 0.0709825
1 0.162945 0.55286 0.044311666666666666 0.0599925
1 0.9639566666666667 0.2161225 0.025723333333333334 0.0315925
1 0.7281233333333333 0.026185 0.03302 0.038142499999999996
1 0.20276 0.5745750000000001 0.04113833333333333 0.05908
1 0.14116333333333334 0.8400575 0.040935 0.0540975
1 0.4320566666666667 0.16253 0.024939999999999997 0.0306825
1 0.18829833333333332 0.6224625 0.035055 0.0530475
1 0.03484333333333333 0.7070850000000001 0.03259666666666667 0.0377925
1 0.600465 0.8196925 0.02439833333333333 0.0325025
1 0.5957866666666667 0.859165 0.030261666666666666 0.0353325
1 0.590575 0.56061 0.02111 0.0338125
1 0.5758316666666666 0.6580750000000001 0.023334999999999998 0.042265000000000004
1 0.4371266666666667 0.82741 0.028814999999999997 0.0422275
1 0.7567816666666666 0.09473000000000001 0.021158333333333335 0.030637499999999998
1 0.8300166666666667 0.043685 0.024281666666666667 0.0236925
1 0.7607083333333333 0.0212125 0.029339999999999998 0.0424275
1 0.7219133333333333 0.39607 0.030074999999999998 0.033925
1 0.8113183333333334 0.4058075 0.021135 0.03437
1 0.991395 0.30376749999999997 0.017211666666666667 0.02248
1 0.8941516666666667 0.38273250000000003 0.015548333333333334 0.018664999999999998
1 0.29372666666666664 0.48414999999999997 0.033075 0.039990000000000005
1 0.3252583333333333 0.4815775 0.02014 0.0365725
1 0.7535 0.16085 0.024314999999999996 0.037579999999999995
1 0.857315 0.4302725 0.015916666666666666 0.0215375
1 0.8394966666666666 0.5144675 0.013846666666666667 0.018535
1 0.8835233333333334 0.6066925 0.011525 0.0170725