1 0.22712666666666667 0.7541100000000001 0.04528666666666667 0.061767499999999996
1 0.5978 0.5359025000000001 0.045215000000000005 0.056045000000000005
1 0.5745716666666666 0.362225 0.050885 0.068395
1 0.17345833333333333 0.4582525 0.04028833333333333 0.0365475
1 0.80738 0.575455 0.03918166666666667 0.05191
1 0.6432033333333333 0.648805 0.03868333333333333 0.05096
1 0.30466666666666664 0.28157 0.03822166666666667 0.0490175
1 0.17048833333333333 0.8470850000000001 0.02521666666666667 0.053005000000000004
1 0.11262 0.87651 0.026148333333333332 0.036855
1 0.3259 0.37747250000000004 0.03745333333333333 0.0493925
1 0.36083333333333334 0.376925 0.03261666666666666 0.05317
1 0.4113766666666667 0.28106749999999997 0.03951333333333334 0.049835000000000004
1 0.7530749999999999 0.3961225 0.03631 0.0429
2 0.20840166666666668 0.331175 0.02755 0.040427500000000005