1 0.10164833333333333 0.4094 0.05502166666666666 0.07551000000000001
1 0.11002 0.95148 0.05648500000000001 0.08108499999999999
1 0.367605 0.56887 0.02718833333333333 0.052545
1 0.05353 0.3490875 0.07292166666666666 0.091315
1 0.78252 0.528375 0.025348333333333334 0.040552500000000005
2 0.4702616666666667 0.40485000000000004 0.02880833333333333 0.037215000000000005
1 0.3537833333333333 0.6043375 0.03269333333333333 0.049475
1 0.27333 0.4539925 0.031621666666666666 0.045947499999999995
1 0.4520416666666667 0.292315 0.021356666666666663 0.030699999999999998
1 0.4322433333333333 0.3053275 0.020021666666666667 0.0300325
1 0.46984 0.292315 0.017796666666666665 0.032034999999999994
1 0.5690566666666667 0.29464999999999997 0.021356666666666663 0.0327025
1 0.745425 0.7138525 0.025328333333333335 0.033595
1 0.7905116666666666 0.7046174999999999 0.027556666666666667 0.030605
1 0.7973133333333333 0.770225 0.009263333333333333 0.0151275