2 0.17221 0.6167525 0.042936666666666665 0.0510475
2 0.15399333333333334 0.5886775 0.017153333333333333 0.0336925
2 0.13849833333333333 0.6725325 0.031801666666666666 0.0393825
2 0.06670166666666666 0.50004 0.025078333333333334 0.0340525
2 0.23403333333333334 0.3730775 0.04183666666666667 0.053072499999999995
2 0.30694166666666667 0.4967775 0.022281666666666665 0.03601
2 0.43582499999999996 0.3495275 0.02098 0.032317500000000006
2 0.5670766666666667 0.758235 0.025338333333333334 0.042505
2 0.6169533333333334 0.7975800000000001 0.025735 0.0361825
2 0.7507366666666667 0.47459500000000004 0.03468333333333333 0.051975
2 0.78132 0.47035750000000004 0.025853333333333336 0.0432125
2 0.8408366666666668 0.355055 0.025481666666666663 0.03878
2 0.7751266666666667 0.6636625 0.036719999999999996 0.049097499999999995
2 0.7930866666666667 0.67368 0.02362 0.04275
2 0.6531666666666667 0.00752 0.026583333333333334 0.01504