1 0.059498333333333334 0.2579525 0.07789666666666667 0.1031225
1 0.6026483333333333 0.590335 0.03736 0.053204999999999995
1 0.5614733333333334 0.2314975 0.05170333333333334 0.07515999999999999
1 0.21584166666666665 0.43709 0.057229999999999996 0.06947249999999999
1 0.13482833333333333 0.94752 0.0461 0.0581
1 0.8205650000000001 0.6334825 0.03255333333333333 0.0573075
1 0.7705249999999999 0.1791825 0.049784999999999996 0.0794425
2 0.8679383333333334 0.9826325 0.020303333333333333 0.02436
1 0.482075 0.621145 0.037781666666666665 0.037692500000000004
1 0.4316266666666667 0.70627 0.02731 0.04011
1 0.41257 0.7093700000000001 0.021481666666666663 0.0209925
1 0.34267333333333333 0.5541925 0.038515 0.0520125
1 0.20503000000000002 0.916335 0.049429999999999995 0.06869