2 0.45767636684303353 0.058606150793650794 0.04837301587301587 0.03139632936507936
2 0.029140211640211643 0.08692708333333334 0.05828042328042329 0.04470486111111111
2 0.19604056437389772 0.10182787698412699 0.04591710758377425 0.027817460317460317
2 0.3333553791887125 0.03750248015873016 0.022076719576719576 0.012418154761904762
2 0.3571957671957672 0.21632192460317462 0.07152998236331569 0.045200892857142856
2 0.6459567901234567 0.2851190476190476 0.07152998236331569 0.03576388888888889
2 0.7117460317460318 0.324109623015873 0.05474867724867725 0.03228670634920635
2 0.46890652557319223 0.2955481150793651 0.06181216931216931 0.023841765873015872
2 0.3028880070546737 0.38694692460317465 0.05651675485008819 0.02086309523809524
2 0.1077336860670194 0.40880208333333334 0.051216931216931216 0.02185515873015873
2 0.4163624338624338 0.4500297619047619 0.07152998236331569 0.03576388888888889
2 0.08786596119929453 0.4880282738095238 0.046803350970017636 0.022353670634920633
2 0.15365079365079365 0.4823164682539683 0.05651675485008819 0.02185515873015873
2 0.6711243386243386 0.5128645833333333 0.03355820105820106 0.027318948412698413
2 0.5505864197530864 0.5983010912698412 0.05033509700176367 0.02831349206349206
2 0.29759259259259263 0.5886135912698413 0.04415343915343915 0.017881944444444443
2 0.7779761904761905 0.4217162698412698 0.030022045855379192 0.01490079365079365
2 0.8004938271604938 0.7259573412698412 0.043271604938271604 0.022353670634920633
2 0.5059920634920635 0.6914360119047619 0.06534832451499119 0.04271825396825397