1 0.18521833333333332 0.621525 0.054889999999999994 0.0683275
1 0.13775 0.651525 0.05069 0.07188249999999999
1 0.019306666666666666 0.7566475 0.038615 0.0869875
1 0.12824000000000002 0.724625 0.059671666666666665 0.0747375
1 0.17644833333333335 0.88898 0.05218833333333333 0.07338249999999999
1 0.067295 0.5945275 0.049595 0.09508
1 0.4237033333333333 0.458335 0.03454333333333333 0.04376
1 0.41979333333333335 0.39957 0.03479666666666667 0.0449475
1 0.18078333333333335 0.6891225 0.05484166666666667 0.059995
1 0.484975 0.309895 0.03012 0.0371025
1 0.85001 0.763955 0.03446333333333333 0.038674999999999994
1 0.8353666666666666 0.7089099999999999 0.029651666666666666 0.036782499999999996
1 0.4025933333333333 0.45151749999999996 0.02493 0.0337625
1 0.0833 0.08719 0.03466166666666667 0.046060000000000004