1 0.6159616666666666 0.3346875 0.043455 0.0599325
1 0.5518533333333333 0.175535 0.04260666666666667 0.061277500000000006
1 0.6363466666666666 0.113065 0.04449 0.0577375
1 0.110435 0.329735 0.039085 0.060055
1 0.059728333333333335 0.3363125 0.050238333333333336 0.061515
1 0.42523 0.3518 0.04236 0.058097499999999996
1 0.12731833333333334 0.4262725 0.039025000000000004 0.059625
1 0.91485 0.31116000000000005 0.03172833333333334 0.037902500000000006
1 0.08246666666666667 0.5181549999999999 0.028331666666666668 0.0490675
1 0.10116 0.7044425 0.037698333333333334 0.0462425
1 0.17961666666666667 0.657405 0.036013333333333335 0.04747
1 0.8289766666666666 0.558875 0.03819666666666667 0.0431975
1 0.28271166666666664 0.7889375 0.04010166666666667 0.048799999999999996
1 0.7684933333333334 0.790725 0.03602 0.05152
1 0.816855 0.823465 0.038935000000000004 0.048665
1 0.7668083333333334 0.5882000000000001 0.04717166666666666 0.055985
1 0.29082833333333336 0.09636 0.03170833333333333 0.0475325
1 0.911495 0.5911825 0.027768333333333336 0.0378675
1 0.8676133333333333 0.8830800000000001 0.03662666666666667 0.051625
1 0.12388166666666665 0.4630275 0.041633333333333335 0.05625
1 0.9375300000000001 0.5835025 0.026506666666666664 0.036495
1 0.7776000000000001 0.62318 0.041755 0.0302775
1 0.84835 0.32329 0.017203333333333334 0.02094
1 0.6541533333333334 0.341825 0.039503333333333335 0.041167499999999996
1 0.59777 0.7087575 0.03639833333333333 0.0433425
1 0.17125333333333334 0.5043725 0.026188333333333334 0.033455
1 0.3780133333333333 0.2043825 0.025371666666666664 0.045902500000000006
1 0.9129916666666666 0.33609 0.02859666666666667 0.0259875
1 0.5652616666666667 0.417625 0.03317333333333333 0.0312625
1 0.5542883333333334 0.47102 0.03035166666666667 0.039072499999999996