1 0.32983999999999997 0.10538249999999999 0.030548333333333334 0.04375
1 0.7761916666666666 0.468945 0.028881666666666667 0.03258
1 0.29477333333333333 0.272235 0.032843333333333335 0.0374825
1 0.24461333333333335 0.6857225 0.02443666666666667 0.0330825
1 0.16025666666666666 0.423285 0.016423333333333335 0.0258075
1 0.5212666666666667 0.4371625 0.026011666666666666 0.03997
1 0.6451266666666667 0.453495 0.021723333333333334 0.0301575
1 0.567615 0.098145 0.02408666666666667 0.033725
1 0.8751683333333333 0.16714500000000002 0.026336666666666668 0.0336225
1 0.830485 0.5770075 0.02778833333333333 0.0346625
1 0.25532333333333335 0.2508475 0.028475 0.03822
1 0.43793333333333334 0.3188975 0.030705 0.03556
1 0.19869833333333334 0.39592 0.03158333333333333 0.0406975
1 0.5809949999999999 0.1931925 0.02677333333333333 0.031595
1 0.7318916666666667 0.328615 0.027283333333333333 0.03392
1 0.3956016666666667 0.4738325 0.026988333333333333 0.029995
1 0.3214683333333333 0.23460499999999998 0.031166666666666665 0.0369975
1 0.36225999999999997 0.17505500000000002 0.028813333333333333 0.0382725
1 0.921735 0.101645 0.023361666666666666 0.032095
1 0.6710933333333333 0.6052424999999999 0.030888333333333337 0.035365
1 0.5062683333333333 0.0220975 0.018315 0.0384675
1 0.5309666666666667 0.22988499999999998 0.020538333333333336 0.033725
1 0.92105 0.484025 0.021855 0.026295000000000002
1 0.5241666666666667 0.02125 0.016666666666666666 0.0275
1 0.5420833333333334 0.00875 0.020833333333333332 0.0175
1 0.21968166666666666 0.2836375 0.020963333333333334 0.028235
1 0.24834499999999998 0.17839750000000001 0.015828333333333333 0.019252500000000002
1 0.34609833333333334 0.1877025 0.02310166666666667 0.03016
1 0.38759666666666664 0.058075 0.020534999999999998 0.0288775
1 0.21904 0.1408575 0.018823333333333334 0.02246
1 0.13604333333333332 0.1055625 0.014544999999999999 0.019892499999999997
1 0.19893166666666665 0.11198000000000001 0.01369 0.018609999999999998
1 0.21668666666666664 0.21305000000000002 0.013261666666666666 0.020535
1 0.19764833333333334 0.14567 0.012835000000000001 0.016685
1 0.17433333333333334 0.4184 0.011551666666666667 0.019252500000000002
1 0.26353166666666666 0.4289875 0.017111666666666667 0.0250275
1 0.37241 0.371555 0.025241666666666666 0.03337
1 0.38139333333333336 0.394655 0.014118333333333332 0.0179675
1 0.5448166666666667 0.24321 0.019251666666666667 0.03337
1 0.5046033333333333 0.20823750000000002 0.020106666666666665 0.027594999999999998
1 0.563 0.21176750000000003 0.017968333333333333 0.02952
1 0.7559416666666666 0.7184025 0.020534999999999998 0.02631
1 0.9505966666666666 0.7613975000000001 0.018823333333333334 0.02246
1 0.16149833333333333 0.887495 0.019251666666666667 0.024385
1 0.11743333333333333 0.980865 0.016685 0.0211775
1 0.14802333333333334 0.8618250000000001 0.017111666666666667 0.0218175
1 0.059465000000000004 0.29134 0.01625666666666667 0.020535
1 0.18909166666666666 0.019572500000000003 0.011978333333333334 0.0160425
1 0.7901666666666667 0.2175425 0.022246666666666665 0.028235
1 0.5294583333333334 0.77581 0.01969833333333333 0.0245025
1 0.9409666666666667 0.2864125 0.021698333333333333 0.0325475
1 0.45810666666666666 0.3788775 0.019941666666666667 0.029589999999999998
1 0.3563516666666667 0.7135125 0.016793333333333334 0.021655
1 0.3757966666666667 0.677275 0.01974 0.028725