2 0.08190035273368607 0.5578199404761905 0.018139329805996474 0.009384920634920637
2 0.06839947089947089 0.5472991071428571 0.011719576719576718 0.004875992063492063
2 0.12358906525573193 0.5674950396825397 0.016283068783068785 0.008070436507936507
2 0.14493827160493827 0.5669320436507936 0.016353615520282187 0.006941964285714286
2 0.21466049382716051 0.5551339285714286 0.013236331569664903 0.006490575396825397
2 0.20904761904761904 0.5735838293650793 0.01376984126984127 0.00867063492063492
2 0.23033068783068783 0.5797073412698412 0.016649029982363315 0.007693452380952381
2 0.2524779541446208 0.5797271825396826 0.012447089947089948 0.006904761904761905
2 0.2780026455026455 0.541547619047619 0.013522927689594358 0.006604662698412698
2 0.30666666666666664 0.5324727182539682 0.015000000000000001 0.007470238095238096
2 0.3549074074074074 0.5375843253968254 0.01742063492063492 0.0077703373015873016
2 0.08233245149911816 0.48976686507936507 0.014598765432098764 0.00720734126984127
2 0.16241181657848325 0.4556845238095238 0.017495590828924164 0.008487103174603175
2 0.21740299823633158 0.40963293650793653 0.015776014109347442 0.008149801587301587
2 0.3124823633156967 0.3735763888888889 0.020749559082892416 0.009618055555555555
2 0.25632275132275134 0.452921626984127 0.012782186948853615 0.00875
2 0.31705908289241624 0.46707093253968257 0.01961640211640212 0.00976438492063492
2 0.30797178130511466 0.4869667658730159 0.019078483245149915 0.009050099206349208
2 0.2853880070546737 0.5141542658730159 0.012120811287477953 0.008033234126984127
2 0.41206790123456793 0.48916666666666664 0.012698412698412698 0.007658730158730158
2 0.4247971781305115 0.48908978174603174 0.007411816578483245 0.005719246031746031
2 0.43542328042328043 0.4834722222222222 0.016781305114638448 0.007021329365079365
2 0.47962081128747797 0.47349702380952385 0.012583774250440917 0.004427083333333334
2 0.5953439153439154 0.4473983134920635 0.0176984126984127 0.00927579365079365
2 0.6562169312169311 0.4332688492063492 0.01891975308641975 0.007472718253968254
2 0.703152557319224 0.42201388888888886 0.01726190476190476 0.008938492063492063
2 0.7130070546737213 0.41435019841269843 0.014929453262786595 0.008489583333333333
2 0.7441446208112875 0.4456324404761905 0.01547178130511464 0.009050099206349208
2 0.7623853615520282 0.4413293650793651 0.013738977072310405 0.007886904761904762
2 0.744510582010582 0.4510813492063492 0.014660493827160493 0.004853670634920635
2 0.7032848324514991 0.4708655753968254 0.011649029982363316 0.007435515873015873
2 0.6949691358024691 0.46323660714285714 0.008240740740740741 0.005406746031746032
2 0.7668606701940035 0.4944444444444444 0.01681657848324515 0.009124503968253967
2 0.8145679012345679 0.49564732142857143 0.01228835978835979 0.00822172619047619
2 0.7615167548500882 0.5235491071428571 0.020824514991181656 0.010287698412698412
2 0.7794885361552029 0.5234375 0.013783068783068784 0.009779265873015874
2 0.8033421516754851 0.5171428571428571 0.013350970017636684 0.006567460317460317
2 0.1708289241622575 0.4803348214285714 0.016697530864197528 0.006532738095238095
2 0.18282186948853615 0.47813740079365075 0.016640211640211643 0.008611111111111111
2 0.11497354497354496 0.42130208333333335 0.01079805996472663 0.005858134920634921
2 0.17152998236331568 0.49664434523809525 0.016631393298059963 0.007733134920634921
2 0.19404761904761905 0.5000248015873016 0.011693121693121693 0.006230158730158731
2 0.2558862433862434 0.6040401785714286 0.016322751322751326 0.010885416666666667
2 0.27021604938271604 0.6038888888888889 0.012336860670194004 0.007601686507936508
2 0.24068783068783067 0.6102405753968253 0.010639329805996472 0.005999503968253969
2 0.22802469135802467 0.614186507936508 0.010568783068783068 0.006376488095238096
2 0.15649911816578482 0.6113864087301588 0.01595679012345679 0.008216765873015874
2 0.15900352733686068 0.6023685515873016 0.013619929453262786 0.006713789682539682
2 0.09526014109347443 0.6023487103174603 0.01547178130511464 0.007504960317460318
2 0.08296737213403879 0.6131522817460318 0.017336860670194004 0.008442460317460317
2 0.09522486772486773 0.6174355158730159 0.012526455026455026 0.006135912698412698
2 0.2175 0.6410912698412699 0.014241622574955906 0.008931051587301586
2 0.2544488536155203 0.6521378968253968 0.017857142857142856 0.007876984126984128
2 0.14964726631393296 0.596468253968254 0.009607583774250441 0.006490575396825397
2 0.20066137566137568 0.5565054563492063 0.013165784832451498 0.006753472222222222
2 0.3490961199294533 0.5612202380952381 0.011675485008818343 0.007093253968253968
2 0.3620238095238095 0.5597916666666667 0.01685185185185185 0.007336309523809524
2 0.365462962962963 0.5642832341269841 0.014378306878306877 0.005796130952380953
2 0.4137389770723104 0.5956026785714286 0.016036155202821867 0.009722222222222222
2 0.3970017636684303 0.5956026785714286 0.013425925925925926 0.009722222222222222
2 0.4624162257495591 0.5627430555555556 0.014916225749559081 0.009310515873015873
2 0.4567989417989418 0.5723809523809524 0.013950617283950617 0.006961805555555555
2 0.384537037037037 0.566500496031746 0.015105820105820105 0.007976190476190475
2 0.35841710758377426 0.5783556547619048 0.01708994708994709 0.00664186507936508
2 0.3518694885361552 0.4688938492063492 0.01281305114638448 0.007621527777777778
2 0.28545414462081126 0.4321230158730159 0.00931657848324515 0.006006944444444444
2 0.5348765432098765 0.5719295634920635 0.019682539682539683 0.011225198412698412
2 0.5327072310405644 0.5493650793650794 0.01734567901234568 0.009010416666666667
2 0.5586287477954145 0.5433531746031747 0.013117283950617283 0.006773313492063492
2 0.6227380952380952 0.5417559523809524 0.013699294532627866 0.006190476190476191
2 0.6249426807760141 0.5477876984126984 0.020110229276895944 0.007373511904761905
2 0.3963668430335097 0.3492063492063492 0.010687830687830687 0.007998511904761904
2 0.449484126984127 0.319858630952381 0.01404320987654321 0.00882688492063492
2 0.6094753086419753 0.35574652777777777 0.012156084656084656 0.006195436507936508
2 0.41607142857142854 0.41614087301587305 0.016335978835978836 0.008442460317460317
2 0.487936507936508 0.43020585317460314 0.015758377425044094 0.00806299603174603
2 0.6284832451499118 0.37596726190476193 0.01718694885361552 0.008598710317460317
2 0.5977865961199295 0.357906746031746 0.011847442680776015 0.00568452380952381
2 0.5371031746031747 0.3865625 0.00794973544973545 0.00630952380952381
2 0.21316137566137566 0.37161210317460314 0.018897707231040565 0.007730654761904762
2 0.24702821869488537 0.3969097222222222 0.011618165784832452 0.008588789682539684
2 0.2926587301587302 0.41305555555555556 0.010189594356261022 0.006232638888888888
2 0.32519400352733685 0.40321676587301586 0.016106701940035273 0.007824900793650794
2 0.0920679012345679 0.5706125992063492 0.012098765432098766 0.00919642857142857
2 0.1568915343915344 0.6266269841269841 0.016675485008818342 0.006624503968253969
2 0.21317019400352735 0.6176785714285714 0.01891093474426808 0.008308531746031746
2 0.20740299823633157 0.597859623015873 0.01103615520282187 0.007093253968253968
2 0.10318783068783069 0.628062996031746 0.00873015873015873 0.004377480158730159
2 0.1448589065255732 0.6176785714285714 0.009131393298059965 0.004878472222222222
2 0.4910229276895944 0.6755084325396825 0.017548500881834215 0.00976438492063492
2 0.5553130511463845 0.6576140873015873 0.019660493827160494 0.009546130952380954
2 0.620110229276896 0.5161805555555555 0.01865520282186949 0.00816220238095238
2 0.6822574955908289 0.5423462301587301 0.015189594356261025 0.008747519841269842
2 0.6977072310405644 0.5367113095238095 0.01798500881834215 0.008258928571428572
2 0.7122883597883598 0.5546949404761905 0.019034391534391536 0.007571924603174604
2 0.6730511463844797 0.5796354166666667 0.01850088183421517 0.009303075396825396
2 0.7321781305114639 0.5780828373015873 0.014104938271604937 0.009791666666666666
2 0.74597442680776 0.5808928571428571 0.015806878306878307 0.007586805555555556
2 0.5216402116402116 0.5732366071428572 0.013112874779541445 0.009518849206349206
2 0.5487477954144621 0.557328869047619 0.01695767195767196 0.011225198412698412
2 0.6634171075837743 0.5868402777777777 0.011481481481481481 0.0048015873015873015
2 0.6091225749559083 0.6037003968253968 0.014268077601410934 0.006996527777777778
2 0.5397178130511463 0.6074727182539682 0.01308641975308642 0.008157242063492064
2 0.5376719576719577 0.6400496031746031 0.016089065255731925 0.006671626984126984
2 0.5448589065255732 0.6462723214285714 0.009259259259259259 0.007222222222222223
2 0.4467504409171076 0.6526388888888889 0.017283950617283952 0.008702876984126985
2 0.648342151675485 0.6050421626984127 0.010414462081128749 0.006091269841269841
2 0.6763668430335097 0.6124975198412699 0.018227513227513228 0.008231646825396824
2 0.6971075837742504 0.6195535714285714 0.012879188712522046 0.0071800595238095235
2 0.7073941798941799 0.619437003968254 0.013593474426807759 0.008139880952380952
2 0.7209700176366843 0.6221850198412698 0.017429453262786596 0.007512400793650793
2 0.7066225749559082 0.6250496031746031 0.015784832451499118 0.007795138888888889
2 0.692363315696649 0.6263740079365079 0.013328924162257496 0.00804811507936508
2 0.7513359788359788 0.6038814484126984 0.012799823633156966 0.006961805555555555
2 0.7974426807760141 0.5933085317460317 0.013492063492063493 0.004169146825396825
2 0.8025352733686067 0.6013144841269841 0.012332451499118165 0.007016369047619047
2 0.7368077601410934 0.4590897817460317 0.017248677248677246 0.007638888888888889