2 0.13259700176366843 0.20651041666666667 0.0839594356261023 0.04812748015873016
2 0.053518518518518514 0.05714037698412698 0.053664021164021164 0.047006448412698416
2 0.3917768959435626 0.10719246031746031 0.046754850088183426 0.02806547619047619
2 0.5462213403880071 0.13622271825396826 0.04259259259259259 0.024119543650793652
2 0.2853395061728395 0.49375248015873013 0.06315696649029982 0.03729414682539683
2 0.5434171075837743 0.41049851190476194 0.07225749559082892 0.0369593253968254
2 0.5282804232804234 0.44082341269841274 0.046397707231040565 0.02816468253968254
2 0.6805202821869489 0.414952876984127 0.04664462081128748 0.023544146825396826
2 0.675110229276896 0.34708829365079363 0.05345679012345679 0.02174355158730159
2 0.8303571428571429 0.3527232142857143 0.05972222222222222 0.03301587301587302
2 0.741358024691358 0.13706845238095236 0.0612962962962963 0.03595486111111111
2 0.7975749559082893 0.15764136904761905 0.0631657848324515 0.03224950396825397
2 0.9164506172839507 0.16913938492063493 0.05994708994708995 0.03042906746031746
2 0.639431216931217 0.4898065476190476 0.05264550264550265 0.029402281746031746
2 0.5742857142857143 0.5111681547619048 0.05462962962962963 0.025004960317460315
2 0.664484126984127 0.5135367063492063 0.058668430335097 0.024779265873015873
2 0.6944444444444444 0.532249503968254 0.05337301587301587 0.023921130952380954
2 0.749673721340388 0.6470114087301587 0.05268077601410935 0.023871527777777776
2 0.8744532627865961 0.7076041666666667 0.05973544973544973 0.03345238095238095
2 0.8555114638447971 0.7632390873015873 0.06153439153439154 0.028149801587301588
2 0.7783377425044091 0.8041592261904762 0.039457671957671955 0.020709325396825396
2 0.6760097001763669 0.7514012896825397 0.05967372134038801 0.02927827380952381
2 0.6120679012345679 0.7514012896825397 0.05524250440917108 0.02927827380952381
2 0.6321119929453263 0.7892237103174603 0.051238977072310406 0.028038194444444445
2 0.7831525573192241 0.8435590277777778 0.05790123456790123 0.027584325396825395
2 0.5398059964726631 0.7928869047619048 0.047402998236331574 0.022963789682539683
2 0.4253483245149912 0.7768229166666667 0.047768959435626104 0.028038194444444445
2 0.35920194003527334 0.739734623015873 0.047746913580246915 0.023303571428571427
2 0.3330423280423281 0.7852777777777777 0.043932980599647266 0.020146329365079367
2 0.09681657848324515 0.6600892857142857 0.04325396825396825 0.020262896825396826
2 0.1241710758377425 0.6682614087301587 0.047539682539682535 0.025391865079365077
2 0.04510141093474427 0.6646552579365079 0.05446649029982363 0.026914682539682537
2 0.5374029982363315 0.9028050595238095 0.04018077601410935 0.01958829365079365
2 0.3211860670194004 0.5968229166666666 0.0403042328042328 0.028102678571428574
2 0.3542768959435626 0.5996602182539682 0.03644179894179894 0.02570436507936508
2 0.3704497354497354 0.5873883928571428 0.05167989417989418 0.025577876984126984
2 0.3135978835978836 0.7387847222222222 0.04807760141093475 0.02525793650793651
2 0.5055026455026456 0.762016369047619 0.02779100529100529 0.01859375
2 0.4997134038800705 0.8895386904761905 0.03143298059964727 0.023120039682539683
2 0.6818606701940035 0.912594246031746 0.03770282186948854 0.023645833333333335
2 0.6751278659611993 0.800954861111111 0.04083774250440917 0.023147321428571427
2 0.5601234567901234 0.8065699404761905 0.04439153439153439 0.030984623015873018
2 0.7481305114638448 0.685483630952381 0.04243827160493827 0.020074404761904762
2 0.5340255731922399 0.6826785714285715 0.03090828924162257 0.022413194444444444
2 0.821388888888889 0.12356150793650793 0.07207231040564374 0.03290426587301587
2 0.6101719576719576 0.18697916666666667 0.041256613756613755 0.026495535714285715
2 0.6988800705467372 0.27152777777777776 0.04066137566137566 0.018439980158730156
2 0.8508289241622575 0.29874751984126985 0.04058201058201059 0.022814980158730156
2 0.7038888888888889 0.1459672619047619 0.049316578483245145 0.03920386904761904
2 0.40929453262786597 0.14570436507936507 0.05575837742504409 0.034828869047619046
2 0.3659700176366843 0.13458829365079364 0.040308641975308646 0.024151785714285712
2 0.43017195767195765 0.0921750992063492 0.040784832451499116 0.019853670634920634
2 0.8617989417989418 0.08380704365079365 0.02555114638447972 0.028876488095238097
2 0.7664947089947091 0.11415922619047619 0.056768077601410935 0.02488343253968254