1 0.6551483333333333 0.7370125000000001 0.043735 0.0712325
1 0.7113483333333334 0.32539 0.03934666666666667 0.055275
2 0.5281816666666667 0.85976 0.03351 0.050915
1 0.6031183333333333 0.560015 0.02485 0.0490125
1 0.39838666666666667 0.1912875 0.029921666666666666 0.0497175
1 0.7516900000000001 0.8824175 0.036368333333333336 0.054402500000000006
1 0.7827566666666667 0.908125 0.024751666666666665 0.03284
1 0.33949 0.32403 0.03228166666666667 0.038095
1 0.736645 0.210125 0.031413333333333335 0.04499
1 0.84994 0.7643225 0.040253333333333335 0.0487975
1 0.8426466666666667 0.3040775 0.03778 0.0503025
1 0.26921 0.5874824999999999 0.024718333333333335 0.040775
1 0.28586333333333336 0.1563325 0.0318 0.037962499999999996
1 0.27018166666666665 0.16879249999999998 0.019441666666666666 0.047205
1 0.2862516666666667 0.6240800000000001 0.02266666666666667 0.0299125
1 0.13524833333333333 0.29007 0.021861666666666665 0.038015
1 0.56228 0.06428249999999999 0.032121666666666666 0.05117
1 0.06454833333333333 0.440795 0.028313333333333333 0.0319