2 0.678831569664903 0.34445436507936505 0.0674074074074074 0.03103422619047619
2 0.43761904761904763 0.32498015873015873 0.05800705467372134 0.03023065476190476
2 0.39694003527336863 0.4800694444444445 0.07920194003527337 0.03804811507936508
2 0.16049823633156965 0.4663070436507937 0.03468694885361552 0.03005704365079365
2 0.1644488536155203 0.5532911706349206 0.06138447971781305 0.03284474206349206
2 0.47363756613756614 0.5787698412698412 0.0671957671957672 0.03263144841269841
2 0.5695414462081129 0.5269667658730158 0.05887566137566137 0.0313640873015873
2 0.5870899470899471 0.5503943452380953 0.03337742504409171 0.022256944444444444
2 0.5987081128747795 0.5820907738095238 0.04156966490299824 0.03236359126984127
2 0.91418430335097 0.46194940476190477 0.075 0.03623015873015873
2 0.6810097001763669 0.6037251984126983 0.04199294532627866 0.02671875
2 0.3422751322751323 0.6248462301587302 0.04264109347442681 0.03268105158730159
2 0.2924603174603174 0.6453769841269841 0.05052028218694885 0.022065972222222223
2 0.946662257495591 0.6163690476190475 0.05064814814814815 0.02595734126984127
2 0.6724426807760141 0.9053224206349207 0.054625220458553794 0.030773809523809523
2 0.5547663139329806 0.8698015873015873 0.0508289241622575 0.024853670634920635
2 0.41977072310405644 0.9557762896825397 0.06862433862433862 0.0339905753968254
2 0.7665167548500882 0.9062772817460317 0.06249118165784832 0.028960813492063493
2 0.2015873015873016 0.4310019841269841 0.05321869488536155 0.022487599206349206
2 0.6436816578483244 0.7023015873015873 0.023465608465608464 0.012688492063492063
2 0.5686022927689593 0.7272643849206349 0.021102292768959436 0.010310019841269842
2 0.5951719576719576 0.7381349206349206 0.03203703703703704 0.016525297619047617