2 0.15291666666666667 0.35875 0.03916666666666667 0.04
2 0.2816666666666667 0.08125 0.055 0.0425
2 0.37958333333333333 0.1975 0.034166666666666665 0.0425
2 0.4575 0.30125 0.03333333333333333 0.0325
2 0.4891666666666667 0.274375 0.03166666666666667 0.04125
2 0.5845833333333333 0.648125 0.025833333333333333 0.03125
2 0.48541666666666666 0.791875 0.04416666666666667 0.04125
2 0.5879166666666666 0.84625 0.035833333333333335 0.04
2 0.5266666666666666 0.86625 0.04 0.04
2 0.7795833333333333 0.573125 0.029166666666666667 0.03875
2 0.74 0.555 0.02666666666666667 0.0275
2 0.7275 0.671875 0.03833333333333333 0.03625
2 0.79375 0.72875 0.020833333333333332 0.0175
2 0.17125 0.699375 0.04416666666666667 0.05625
2 0.1525 0.82375 0.02666666666666667 0.0325
2 0.10666666666666667 0.851875 0.035 0.03875
2 0.08833333333333333 0.8175 0.041666666666666664 0.0275
2 0.06833333333333333 0.358125 0.023333333333333334 0.02875
2 0.7895833333333333 0.360625 0.0175 0.02875
2 0.7708333333333334 0.346875 0.018333333333333333 0.02875
2 0.47458333333333336 0.396875 0.0275 0.03625
2 0.5004166666666666 0.384375 0.0325 0.03875
2 0.48791666666666667 0.53 0.035833333333333335 0.0475
2 0.36625 0.61 0.015833333333333335 0.025
2 0.42541666666666667 0.75375 0.035833333333333335 0.0375
2 0.32208333333333333 0.90125 0.025833333333333333 0.0425
2 0.4266666666666667 0.905625 0.02 0.03125
2 0.3754166666666667 0.890625 0.030833333333333334 0.04125
2 0.40458333333333335 0.87625 0.0225 0.0325
2 0.3425 0.174375 0.02666666666666667 0.03125
2 0.6675 0.729375 0.043333333333333335 0.05625
2 0.6033333333333334 0.755 0.03 0.045
2 0.62125 0.569375 0.034166666666666665 0.05125
2 0.5854166666666667 0.515 0.0275 0.0425
2 0.5133333333333333 0.64125 0.041666666666666664 0.0425
2 0.08333333333333333 0.704375 0.041666666666666664 0.03625
2 0.08375 0.123125 0.019166666666666665 0.02875
2 0.02 0.38875 0.03833333333333333 0.0475