1 0.6192633333333333 0.12906499999999999 0.030036666666666666 0.04629
1 0.5307166666666667 0.10864499999999999 0.033225 0.0534125
1 0.27599 0.34123000000000003 0.027540000000000002 0.04553
1 0.66802 0.9043825000000001 0.03222 0.038395000000000006
1 0.36877 0.304625 0.026225 0.045450000000000004
1 0.3873633333333333 0.20917 0.028953333333333334 0.048635
1 0.2553783333333333 0.21079499999999998 0.025188333333333333 0.046615000000000004
1 0.133955 0.1497575 0.020041666666666666 0.0268625
1 0.10194833333333335 0.20457 0.030574999999999998 0.03522
1 0.13416166666666668 0.5680225 0.01907 0.0358325
1 0.43857166666666664 0.9858125 0.030406666666666665 0.028375
1 0.9795283333333333 0.5044075 0.007981666666666666 0.011592499999999999
1 0.9668133333333333 0.5617525000000001 0.008085 0.0113825
1 0.9468783333333334 0.5911025 0.007153333333333334 0.010715
1 0.7174066666666666 0.190635 0.02633 0.03516
1 0.9329183333333334 0.3337275 0.008596666666666666 0.013980000000000001