2 0.38612874779541445 0.266078869047619 0.12721781305114638 0.06047371031746032
2 0.03225308641975309 0.1290079365079365 0.06450617283950617 0.04031498015873016
2 0.028668430335097 0.3467113095238095 0.057336860670194 0.04636160714285714
2 0.22845238095238096 0.5326636904761904 0.1809700176366843 0.08163690476190477
2 0.3888183421516755 0.5160342261904762 0.086005291005291 0.08264632936507937
2 0.7615079365079365 0.40667906746031746 0.0752557319223986 0.03729166666666667
2 0.775842151675485 0.743311011904762 0.1612610229276896 0.09977926587301587
2 0.892310405643739 0.709546130952381 0.16842592592592592 0.09877232142857142
2 0.6271252204585538 0.7171056547619047 0.15409171075837744 0.10179563492063493
2 0.2813095238095238 0.7483506944444445 0.1325925925925926 0.08365327380952381
2 0.1505114638447972 0.8345238095238096 0.13617724867724867 0.08264632936507937
2 0.04210758377425044 0.8476264880952381 0.07704585537918872 0.054424603174603174
2 0.37806437389770725 0.917170138888889 0.18276014109347444 0.11288194444444444