1 0.911875 0.631385 0.06142333333333334 0.07749500000000001
1 0.4909666666666667 0.408885 0.034541666666666665 0.059832500000000004
1 0.21629833333333331 0.7673975000000001 0.04268333333333334 0.06601749999999999
1 0.38338333333333335 0.6578474999999999 0.03387833333333334 0.0487775
1 0.4473033333333334 0.3765525 0.039465 0.052915
1 0.62579 0.4014975 0.047848333333333326 0.060895000000000005
1 0.91889 0.8505750000000001 0.053355 0.0609975
1 0.4449133333333333 0.98058 0.035555 0.0388425
1 0.49568500000000004 0.9748775000000001 0.040055 0.0475925
1 0.759675 0.4931175 0.04097666666666667 0.0613575
1 0.33127333333333336 0.6663425 0.042565 0.05485
1 0.45648 0.81274 0.028939999999999997 0.045439999999999994
1 0.5574816666666667 0.32515499999999997 0.032170000000000004 0.051340000000000004
1 0.7135483333333333 0.3681125 0.03384666666666667 0.0483775
1 0.25362666666666667 0.36440750000000005 0.028378333333333335 0.045055
1 0.634985 0.550665 0.03786166666666666 0.052565
1 0.6778133333333334 0.48399000000000003 0.047538333333333335 0.0598725
1 0.8260283333333334 0.47273000000000004 0.03145833333333333 0.04358
1 0.5275233333333333 0.021775 0.030128333333333333 0.04355
1 0.23025333333333334 0.850555 0.031413333333333335 0.0499475
1 0.152385 0.8410425 0.027343333333333334 0.0359175
1 0.28331666666666666 0.9605724999999999 0.023903333333333332 0.036762500000000004
1 0.42707666666666666 0.8859325 0.034716666666666667 0.0499
1 0.3733 0.87361 0.028036666666666668 0.02942
1 0.46746166666666666 0.77789 0.029421666666666665 0.043425
1 0.5510366666666666 0.8160125 0.024439999999999996 0.047485
1 0.7963016666666667 0.7758425 0.037441666666666665 0.060152500000000005
1 0.6087383333333333 0.9263325 0.028466666666666668 0.0415775
1 0.797665 0.40933749999999997 0.03159 0.045932499999999994
1 0.55323 0.189995 0.02195333333333333 0.038175
1 0.2621866666666666 0.1691 0.022455 0.0341375
1 0.11128666666666667 0.58831 0.024535 0.032229999999999995
1 0.10383166666666667 0.5671 0.014613333333333334 0.013535
1 0.18661166666666668 0.806415 0.02222666666666667 0.0290475
1 0.29214166666666663 0.8430375 0.024390000000000002 0.0500325
1 0.3541916666666667 0.8109075 0.03155333333333333 0.0514575
1 0.28993166666666664 0.81286 0.024301666666666666 0.0344275
1 0.435605 0.7121975 0.025578333333333335 0.038055
1 0.39704333333333336 0.3076625 0.021608333333333334 0.027862500000000002
1 0.43119999999999997 0.30228750000000004 0.029949999999999997 0.0467875
1 0.3942383333333333 0.4309775 0.02671166666666667 0.045105
1 0.14284333333333332 0.6636074999999999 0.017849999999999998 0.02998
1 0.219055 0.3462575 0.033093333333333336 0.045267499999999995
1 0.886175 0.555545 0.036406666666666664 0.0547575
1 0.2842716666666667 0.65691 0.02434666666666667 0.0308