2 0.06190333333333334 0.1892825 0.06678 0.10244750000000001
2 0.3973283333333333 0.1860475 0.03259833333333333 0.0588125
2 0.4272566666666667 0.13934 0.05940666666666666 0.0872275
2 0.6593566666666666 0.3436975 0.04854 0.0685125
2 0.615055 0.330685 0.03822333333333333 0.0472725
2 0.63733 0.2882525 0.04672166666666666 0.0631125
2 0.5887249999999999 0.2282275 0.025856666666666663 0.05225
2 0.7242149999999999 0.32881 0.026461666666666668 0.034235
2 0.7759566666666666 0.3229625 0.011046666666666666 0.0311875
2 0.7685583333333333 0.29438 0.01719 0.029935
2 0.541365 0.729555 0.016236666666666667 0.036485
2 0.4257266666666667 0.8075425 0.04672166666666666 0.071205
2 0.40413166666666667 0.8828075 0.029373333333333335 0.05235
2 0.3782383333333333 0.9058775 0.03991833333333333 0.051615
2 0.3903066666666667 0.684065 0.030483333333333335 0.062384999999999996
2 0.40256333333333333 0.7086399999999999 0.039575 0.0465325
2 0.31428666666666666 0.6286775 0.0335 0.027864999999999997
2 0.27136333333333335 0.6931925 0.016428333333333333 0.0168875
2 0.079865 0.548965 0.012421666666666668 0.0202625
2 0.17121833333333333 0.027675 0.04174833333333333 0.0459075
2 0.16161333333333333 0.188265 0.03456833333333333 0.037315
2 0.13312000000000002 0.4310825 0.013293333333333334 0.021245
2 0.6654033333333333 0.6184425 0.019173333333333334 0.022605
2 0.7033316666666666 0.64328 0.022215 0.0358825