1 0.9485333333333333 0.9032775000000001 0.04521666666666667 0.0601725
1 0.7563616666666667 0.07961 0.031588333333333336 0.044770000000000004
1 0.18907833333333335 0.43957 0.033875 0.0508175
1 0.3189783333333333 0.2918725 0.03254 0.034345
1 0.30583333333333335 0.048125 0.03833333333333333 0.05375
1 0.44629166666666664 0.0826675 0.030318333333333333 0.054340000000000006
1 0.42059833333333335 0.054325000000000005 0.02518 0.0462175
1 0.610235 0.33699250000000003 0.028911666666666665 0.038392499999999996
1 0.8781466666666666 0.0287525 0.030670000000000003 0.054799999999999995
1 0.23118 0.5588725 0.024893333333333337 0.0452975
1 0.16915166666666667 0.625595 0.02815833333333333 0.039174999999999995
1 0.19649333333333335 0.6252875 0.02979 0.0324425
1 0.34483166666666665 0.9099275 0.03346333333333333 0.053255000000000004
1 0.28987833333333335 0.8093175 0.03258166666666667 0.037625
1 0.38184999999999997 0.9837775000000001 0.028993333333333336 0.0324475
1 0.14230833333333334 0.6788474999999999 0.021330000000000002 0.037165
1 0.29512166666666667 0.318065 0.021834999999999997 0.043402500000000004