1 0.50452 0.0373725 0.03894666666666667 0.0599425
1 0.081455 0.22712000000000002 0.04488166666666667 0.055225
1 0.6809616666666667 0.1598475 0.04798333333333333 0.0508725
1 0.6630716666666666 0.2444825 0.049958333333333334 0.062405
1 0.22747333333333333 0.2243975 0.035671666666666664 0.0405225
1 0.48680166666666663 0.120945 0.038255 0.041347499999999995
1 0.11461500000000001 0.4125775 0.046715000000000007 0.0494475
1 0.10002 0.07320499999999999 0.03954833333333333 0.0422625
1 0.6868866666666666 0.30552749999999995 0.04276666666666667 0.05646
1 0.748195 0.20269 0.037191666666666665 0.060305
1 0.12974166666666667 0.17297749999999998 0.033993333333333334 0.052235
1 0.009105 0.528655 0.018211666666666668 0.049229999999999996
1 0.5620649999999999 0.0177275 0.04029166666666667 0.0354525
1 0.45748666666666665 0.8779975 0.024614999999999998 0.032552500000000005
1 0.10821333333333333 0.2558925 0.043201666666666666 0.0355925
1 0.3259066666666667 0.0130875 0.02664 0.026172499999999998
1 0.435605 0.08421250000000001 0.032755 0.045869999999999994
1 0.13787666666666668 0.3038375 0.033411666666666666 0.0441375
1 0.7410599999999999 0.6837825000000001 0.0244 0.02867
1 0.7979116666666667 0.42673 0.022260000000000002 0.030985
1 0.8385783333333334 0.46490750000000003 0.025643333333333334 0.0342625
1 0.7694366666666667 0.50808 0.018358333333333334 0.032915
1 0.8209683333333334 0.2306075 0.02506833333333333 0.026865
1 0.80196 0.2254475 0.019531666666666666 0.02466
1 0.7342466666666666 0.49894 0.020393333333333333 0.0295725
1 0.5644833333333333 0.3597025 0.03435166666666667 0.0462275
1 0.45424499999999995 0.5844199999999999 0.015533333333333333 0.030967500000000002
1 0.43398333333333333 0.6238125 0.023796666666666667 0.033917499999999996
1 0.365965 0.6205575 0.023466666666666667 0.032729999999999995
1 0.4808416666666667 0.39524000000000004 0.029349999999999998 0.0348
1 0.33548666666666666 0.3989125 0.019241666666666667 0.0291375
1 0.41452833333333333 0.35229000000000005 0.02478 0.033845
1 0.3508883333333333 0.03059 0.0238 0.027247499999999997
1 0.6149 0.84266 0.027245 0.0383975
1 0.6395016666666667 0.8775974999999999 0.02608 0.03417