2 0.3958333333333333 0.898125 0.06333333333333334 0.08875
2 0.49833333333333335 0.608125 0.07833333333333334 0.11375
2 0.4275 0.55125 0.07833333333333334 0.1
2 0.4370833333333333 0.47 0.07416666666666667 0.0825
2 0.36041666666666666 0.39625 0.04583333333333333 0.0725
2 0.26125 0.43375 0.04083333333333333 0.055
2 0.23375 0.486875 0.03916666666666667 0.04125
2 0.17416666666666666 0.216875 0.056666666666666664 0.06875
2 0.21833333333333332 0.316875 0.04 0.05125
2 0.18625 0.34375 0.0575 0.0575
2 0.16458333333333333 0.465625 0.060833333333333336 0.06875
2 0.11708333333333333 0.411875 0.059166666666666666 0.08125
2 0.051666666666666666 0.365 0.10333333333333333 0.1675