0 0.28791666666666665 0.265625 0.12416666666666666 0.14875
0 0.20916666666666667 0.493125 0.05333333333333334 0.04375
0 0.2675 0.441875 0.09666666666666666 0.12625
0 0.4125 0.40125 0.05333333333333334 0.0575
0 0.4995833333333333 0.353125 0.0425 0.06625
0 0.49583333333333335 0.40625 0.041666666666666664 0.0475
0 0.5420833333333334 0.438125 0.050833333333333335 0.04375
0 0.49166666666666664 0.485625 0.03666666666666667 0.08625
0 0.5075 0.535625 0.10166666666666667 0.12875
0 0.43625 0.473125 0.04583333333333333 0.05625
0 0.3104166666666667 0.073125 0.1025 0.14625
0 0.19 0.079375 0.051666666666666666 0.04625
0 0.29 0.536875 0.03333333333333333 0.05125
0 0.2575 0.169375 0.10333333333333333 0.10875
0 0.30916666666666665 0.16875 0.03 0.0575
0 0.24416666666666667 0.101875 0.025 0.02375
0 0.17916666666666667 0.01375 0.04833333333333333 0.0275
0 0.5933333333333334 0.83625 0.07666666666666666 0.09