2 0.5678659611992946 0.14112103174603174 0.09716490299823634 0.0564484126984127
2 0.5129100529100529 0.21324900793650794 0.11150352733686067 0.07347222222222223
2 0.35441798941798947 0.2087673611111111 0.10353615520282186 0.06451140873015873
2 0.18716490299823635 0.11199900793650794 0.06530864197530864 0.0555530753968254
2 0.29707231040564375 0.34630456349206346 0.17044091710758377 0.10124751984126984
2 0.4945899470899471 0.3422718253968254 0.06212081128747795 0.02867311507936508
2 0.44796296296296295 0.33873511904761905 0.053681657848324515 0.024241071428571428
2 0.5802689594356261 0.4044419642857143 0.11869929453262786 0.08505704365079365
2 0.4793386243386244 0.42995783730158726 0.07560405643738977 0.06294146825396825
2 0.47631393298059965 0.4990649801587302 0.14818783068783067 0.0854811507936508
2 0.1224647266313933 0.4388888888888889 0.15275132275132275 0.08335565476190475
2 0.498994708994709 0.5505233134920635 0.123994708994709 0.04805555555555555
2 0.5057980599647267 0.5870982142857143 0.09375220458553792 0.0344469246031746
2 0.6513403880070546 0.5207539682539682 0.1413800705467372 0.07952628968253968
2 0.5919885361552029 0.6470634920634921 0.13003968253968254 0.07187251984126984
2 0.6509611992945327 0.713407738095238 0.13003968253968254 0.053159722222222226
2 0.6581437389770723 0.6649255952380952 0.10962962962962962 0.045505952380952376
2 0.7828924162257496 0.7234002976190477 0.10358024691358024 0.06209077380952381
2 0.6411331569664903 0.7795386904761904 0.0801410934744268 0.06379216269841269
2 0.7639902998236332 0.8409895833333333 0.0612389770723104 0.05741319444444445
2 0.2812522045855379 0.6774702380952381 0.07560405643738977 0.045930059523809526
2 0.345136684303351 0.6966071428571428 0.06577601410934744 0.03232142857142857
2 0.3526984126984127 0.7742212301587301 0.10206790123456791 0.04805555555555555
2 0.41205026455026456 0.810796130952381 0.042336860670194 0.021688988095238095
2 0.31603174603174605 0.9343402777777778 0.13003968253968254 0.09951636904761904
2 0.44833774250440916 0.9650421626984127 0.1875 0.06991319444444444
2 0.771552028218695 0.9446304563492064 0.23664462081128748 0.1107390873015873