1 0.8689699999999999 0.5430825 0.061195 0.08441
1 0.5852033333333333 0.55589 0.054586666666666665 0.0696225
1 0.9241533333333334 0.5309725 0.05928833333333334 0.0842025
1 0.5949116666666666 0.6117100000000001 0.044905 0.058085
1 0.5222333333333333 0.46069499999999997 0.04662 0.0584575
1 0.5989116666666666 0.2650425 0.052408333333333335 0.0770675
1 0.385455 0.52076 0.046245 0.0682725
1 0.32191166666666665 0.47557499999999997 0.04550166666666666 0.0606325
1 0.19644 0.061807499999999994 0.03421 0.05579
1 0.7341866666666667 0.5037200000000001 0.036811666666666666 0.048597499999999995
1 0.30388 0.312395 0.034673333333333334 0.0644
1 0.3966816666666667 0.365575 0.040391666666666666 0.06697249999999999
1 0.15741166666666667 0.04399 0.03262166666666667 0.0532325
1 0.5584266666666666 0.5961325000000001 0.03677166666666667 0.055682499999999996
1 0.33716 0.61572 0.045401666666666673 0.054982500000000004
1 0.22537666666666667 0.0930925 0.03658 0.056799999999999996
1 0.062025 0.043840000000000004 0.03277833333333333 0.04421
1 0.4286816666666667 0.32815249999999996 0.038125 0.053665
1 0.4533783333333333 0.020142499999999997 0.04401333333333333 0.0402825
1 0.242085 0.20515250000000002 0.040084999999999996 0.0544775
1 0.8933 0.61661 0.049745000000000004 0.066625
1 0.15826833333333334 0.4042525 0.029608333333333334 0.0450075
1 0.34318 0.5305575 0.0422 0.06003
1 0.07824333333333333 0.27211 0.024564999999999997 0.0393975
1 0.8074966666666666 0.7152474999999999 0.047060000000000005 0.061105
1 0.18197666666666665 0.01297 0.04732666666666666 0.02594
1 0.10108833333333334 0.4176875 0.029736666666666665 0.038155
1 0.18166666666666667 0.296875 0.03 0.04125
1 0.20666666666666667 0.120625 0.03666666666666667 0.05375
1 0.11359833333333334 0.2870025 0.023598333333333332 0.032622500000000006
1 0.11753166666666667 0.3925025 0.027763333333333334 0.029845
1 0.09393166666666668 0.029845 0.03054 0.0319275
1 0.2696983333333333 0.291795 0.02436 0.0532425
1 0.551545 0.514225 0.03678666666666667 0.039987499999999995
1 0.9554066666666666 0.5538099999999999 0.042651666666666664 0.053582500000000005