2 0.02553 0.2756675 0.05105833333333334 0.1089725
2 0.10467 0.28363 0.08990166666666666 0.1346375
2 0.18098666666666668 0.2768025 0.02604333333333333 0.0495275
2 0.154895 0.225315 0.027871666666666666 0.053735
2 0.4628766666666667 0.3568775 0.07004 0.089505
2 0.7248533333333333 0.0228975 0.048345 0.045795
2 0.043285 0.6333099999999999 0.02767333333333333 0.038262500000000005
2 0.04945833333333333 0.6615650000000001 0.040095 0.0546325
2 0.0071449999999999994 0.7031499999999999 0.014289999999999999 0.054525
2 0.31262 0.58556 0.05534166666666667 0.06618500000000001
2 0.276465 0.6737474999999999 0.022005 0.0400125
2 0.30374833333333334 0.651655 0.04468333333333334 0.0712025
2 0.3304866666666667 0.6199925 0.058328333333333336 0.0700925
2 0.475 0.59823 0.08562666666666667 0.0850275
2 0.616165 0.5553524999999999 0.07347833333333334 0.1032075
2 0.47024 0.97192 0.04145833333333333 0.056159999999999995
2 0.48247333333333337 0.9452575000000001 0.029116666666666666 0.054802500000000004
2 0.51798 0.8647 0.048163333333333336 0.0755675
2 0.5996033333333333 0.9711075 0.04252 0.0577825
2 0.6668283333333332 0.8025225 0.062211666666666665 0.074635
2 0.6965983333333333 0.9743575 0.05462833333333333 0.051285
2 0.5568433333333334 0.89851 0.015463333333333334 0.036005
2 0.7743266666666667 0.6454624999999999 0.04985166666666667 0.0560725
2 0.801715 0.7029500000000001 0.04183666666666667 0.056305
2 0.780605 0.565065 0.049418333333333335 0.0609225
2 0.7732433333333334 0.478495 0.03469666666666667 0.04693
2 0.75484 0.44179 0.036865 0.0579625
2 0.7141366666666666 0.46274 0.03340833333333333 0.044649999999999995
2 0.7017966666666666 0.513415 0.039038333333333335 0.0420675
2 0.6871816666666667 0.4192125 0.033628333333333336 0.048534999999999995
2 0.7494283333333333 0.3972875 0.039031666666666666 0.053402500000000006
2 0.6235283333333334 0.309255 0.03623666666666667 0.039732500000000004
2 0.5385483333333333 0.272385 0.033003333333333336 0.0406975
2 0.19072666666666666 0.7905025000000001 0.041071666666666666 0.044095
2 0.16063166666666667 0.8064199999999999 0.037180000000000005 0.04345
2 0.17438 0.73187 0.04085833333333334 0.059995
2 0.2166 0.4122275 0.025696666666666666 0.0313175
2 0.2429066666666667 0.37211 0.019844999999999998 0.0257825
2 0.24637 0.243475 0.018113333333333335 0.028345
2 0.285125 0.22772 0.013343333333333334 0.0260675
2 0.23695166666666667 0.21716249999999998 0.014433333333333333 0.02119
2 0.03711333333333333 0.74876 0.026158333333333332 0.04181
2 0.8756533333333334 0.489375 0.018658333333333332 0.019969999999999998
2 0.8745716666666667 0.46452499999999997 0.012163333333333333 0.025485
2 0.8465333333333332 0.4489325 0.014549999999999999 0.0202825
2 0.8498883333333334 0.403945 0.014765 0.0244925
2 0.8370066666666667 0.3722725 0.012818333333333333 0.02286
2 0.9225283333333334 0.43366750000000004 0.02363 0.0352225
2 0.9669116666666667 0.43821499999999997 0.021458333333333333 0.031325
2 0.9954133333333333 0.40914249999999996 0.009173333333333334 0.03489