1 0.16341333333333333 0.108845 0.06835833333333333 0.09737
1 0.5503433333333333 0.24838749999999998 0.055195 0.08178
1 0.269725 0.6321825 0.052820000000000006 0.07743000000000001
1 0.15558 0.7788775 0.05956333333333333 0.0838575
1 0.31221166666666667 0.8723875000000001 0.058478333333333334 0.08895
1 0.21904833333333332 0.256515 0.05717 0.07044750000000001
1 0.08533833333333334 0.5915675 0.05620833333333333 0.0746275
1 0.7914283333333333 0.08331749999999999 0.036 0.046697499999999996
1 0.4964133333333333 0.976165 0.04139166666666667 0.047670000000000004
1 0.7567616666666667 0.6573075 0.032314999999999997 0.041625
1 0.5534566666666666 0.415875 0.029893333333333334 0.0541725
1 0.29627333333333333 0.546605 0.046860000000000006 0.06302
1 0.8385 0.13146750000000001 0.027516666666666665 0.050215
1 0.7910883333333333 0.13544 0.033444999999999996 0.0536675
1 0.65576 0.367805 0.033225 0.057030000000000004
1 0.7448 0.4370025 0.023598333333333332 0.047170000000000004
1 0.7870933333333334 0.4875575 0.02207 0.0445025
1 0.7264583333333333 0.6606475 0.029926666666666667 0.032215
1 0.7277883333333333 0.75706 0.023516666666666665 0.0265925
1 0.5455066666666667 0.9855425 0.025826666666666668 0.0289175
1 0.25023833333333334 0.7973275 0.050411666666666674 0.049985
1 0.14266166666666666 0.8944475 0.03288166666666666 0.045212499999999996
1 0.18822333333333333 0.9085325000000001 0.028268333333333336 0.050222499999999996