0 0.4593 0.9898966666666666 0.019735 0.012306666666666667
0 0.4408375 0.9712233333333333 0.0070025 0.006366666666666667
0 0.45738999999999996 0.9790749999999999 0.012095 0.009336666666666667
0 0.446885 0.986925 0.006365 0.005516666666666667
0 0.310975 0.9141416666666667 0.019735 0.015278333333333333
0 0.1693325 0.9440616666666667 0.011457499999999999 0.008911666666666667
0 0.719345 0.9122333333333332 0.014005 0.008063333333333334
0 0.7180725 0.9241149999999999 0.021645 0.01061
0 0.7238025 0.86746 0.0254625 0.01358
0 0.7209375 0.8765833333333334 0.012095 0.004668333333333333
0 0.6856074999999999 0.8330833333333333 0.020370000000000003 0.011035
0 0.6257675 0.8415716666666667 0.0127325 0.00679
0 0.64009 0.8574866666666667 0.0108225 0.006366666666666667
0 0.5073625 0.8589716666666667 0.010185000000000001 0.010185
0 0.4962225 0.8827366666666667 0.0108225 0.009336666666666667
0 0.1928875 0.7976466666666667 0.0127325 0.012306666666666667
0 0.20721 0.8233216666666667 0.012095 0.009336666666666667
0 0.155645 0.8074083333333333 0.0146425 0.013156666666666665
0 0.161375 0.7984950000000001 0.0108225 0.007215
0 0.0954875 0.7734566666666667 0.0089125 0.006366666666666667
0 0.5827975 0.7715466666666666 0.015915 0.011035
0 0.6127175 0.7613616666666667 0.0248275 0.01443
0 0.6566425 0.72847 0.01846 0.009761666666666667
0 0.5917525 0.842995 0.0064475 0.005551666666666667
0 0.59699 0.8344883333333334 0.006715 0.0035816666666666666
0 0.537895 0.82652 0.0083275 0.00591
0 0.5475650000000001 0.813 0.006715 0.004298333333333333
0 0.5568325 0.827595 0.00752 0.006268333333333333
0 0.567175 0.8307283333333333 0.0083275 0.005730000000000001
0 0.36961 0.7787966666666666 0.01343 0.00788
0 0.3643725 0.783095 0.0072525 0.005730000000000001
0 0.2462725 0.9499916666666667 0.0073275 0.005913333333333333
0 0.2399075 0.9493483333333333 0.0061725 0.004628333333333333
0 0.27809249999999996 0.852665 0.0092575 0.010285
0 0.13345500000000002 0.8248949999999999 0.018515 0.008228333333333332
0 0.24608000000000002 0.80921 0.0123425 0.011828333333333333
0 0.1367375 0.65963 0.0172475 0.012483333333333334
0 0.1337825 0.6763833333333333 0.01626 0.009198333333333333
0 0.140435 0.6729350000000001 0.0128125 0.006898333333333334
0 0.236955 0.6500233333333333 0.016237500000000002 0.01263
0 0.236505 0.6587433333333333 0.013532500000000001 0.008018333333333334
0 0.2232725 0.6608483333333334 0.008119999999999999 0.0054133333333333325
0 0.2342475 0.66586 0.00902 0.0054133333333333325
0 0.235 0.6774866666666667 0.0093225 0.006215
0 0.20733500000000002 0.698035 0.01233 0.006816666666666666
0 0.104495 0.7392316666666667 0.009922499999999999 0.0054133333333333325
0 0.11141 0.7349216666666666 0.0075175 0.004811666666666667
0 0.113665 0.740835 0.0048125 0.003408333333333333
0 0.163885 0.7240966666666666 0.010225 0.006013333333333333
0 0.16779249999999998 0.73041 0.0096225 0.007016666666666667
0 0.198015 0.7289066666666666 0.008119999999999999 0.009221666666666666
0 0.32491000000000003 0.7155766666666666 0.01293 0.011025000000000002
0 0.3188975 0.7196849999999999 0.0075175 0.00842
0 0.331375 0.7140733333333332 0.00842 0.009623333333333334
0 0.30927499999999997 0.6880116666666666 0.0159375 0.009623333333333334
0 0.3491175 0.7041499999999999 0.022852499999999998 0.01663833333333333
0 0.35858999999999996 0.6966316666666666 0.013532500000000001 0.007216666666666666
0 0.32837 0.6721750000000001 0.010225 0.0064150000000000006
0 0.35844 0.6327816666666667 0.010225 0.007818333333333333
0 0.386255 0.65724 0.01233 0.009021666666666667
0 0.3128825 0.61454 0.01293 0.01263
0 0.3058175 0.61875 0.01263 0.00822
0 0.348065 0.6012083333333333 0.00872 0.0052116666666666665
0 0.352725 0.5975 0.0060149999999999995 0.0038083333333333337
0 0.390615 0.66616 0.0156375 0.008018333333333334
0 0.41677499999999995 0.6698683333333333 0.0180425 0.011025000000000002
0 0.3640025 0.5735433333333334 0.01233 0.00842
0 0.3730225 0.57615 0.0093225 0.0064150000000000006
0 0.37167 0.56753 0.010225 0.00882
0 0.3832475 0.5585083333333334 0.009922499999999999 0.010425
0 0.38836000000000004 0.552695 0.006315 0.00401
0 0.352725 0.5511916666666666 0.0114275 0.007016666666666667
0 0.3578375 0.5564033333333334 0.00842 0.0058133333333333335
0 0.3017575 0.5373583333333334 0.013532500000000001 0.010223333333333334
0 0.2739425 0.540065 0.014435 0.011226666666666666
0 0.1697475 0.5352533333333334 0.0093225 0.007216666666666666
0 0.15411000000000002 0.651025 0.01714 0.0038083333333333337
0 0.16283250000000002 0.539865 0.013532500000000001 0.007216666666666666
0 0.21305000000000002 0.5005716666666666 0.029769999999999998 0.018041666666666668
0 0.2132 0.4863383333333334 0.0138325 0.007618333333333334
0 0.22177000000000002 0.484535 0.0093225 0.010425
0 0.22207 0.4749116666666666 0.01293 0.007618333333333334
0 0.15396 0.4477483333333333 0.014435 0.00862
0 0.245075 0.46959999999999996 0.00902 0.0054133333333333325
0 0.2398125 0.420885 0.01714 0.011426666666666667
0 0.1763625 0.427 0.010525 0.006816666666666666
0 0.18944249999999999 0.4305083333333334 0.01323 0.009021666666666667
0 0.13892500000000002 0.4325133333333333 0.0120275 0.010223333333333334
0 0.1222375 0.43020833333333336 0.02135 0.010023333333333334
0 0.0844975 0.4324133333333333 0.00902 0.011226666666666666
0 0.036385 0.484335 0.01263 0.00842
0 0.096375 0.43351500000000004 0.015335000000000001 0.00822
0 0.1056975 0.4251966666666666 0.011125 0.007216666666666666
0 0.117425 0.4214866666666667 0.01293 0.007016666666666667
0 0.1736575 0.433315 0.0207475 0.00822
0 0.19169999999999998 0.42239000000000004 0.0165375 0.010425
0 0.207185 0.40224166666666666 0.010225 0.011828333333333333
0 0.2253775 0.386705 0.0165375 0.013631666666666667
0 0.249735 0.3879083333333333 0.01233 0.010023333333333334
0 0.26627249999999997 0.3915166666666666 0.01233 0.005613333333333333
0 0.334685 0.3879083333333333 0.01323 0.012830000000000001
0 0.5015575 0.6195433333333333 0.0190975 0.011653333333333333
0 0.4871525 0.6187866666666666 0.0116525 0.011005000000000001
0 0.507545 0.6120983333333334 0.013595000000000001 0.010573333333333332
0 0.46255250000000003 0.5926766666666666 0.0142425 0.007553333333333334
0 0.38325 0.5899783333333333 0.006475 0.004316666666666667
0 0.38535250000000004 0.5988266666666666 0.013917500000000001 0.0073366666666666676
0 0.5866875 0.6033583333333333 0.0106825 0.0060416666666666665
0 0.5575549999999999 0.5903033333333334 0.010035 0.005395
0 0.5480075000000001 0.5946183333333334 0.0090625 0.0041
0 0.5290725 0.5729316666666667 0.0093875 0.0060416666666666665
0 0.5580425 0.5503816666666667 0.0155375 0.008416666666666666
0 0.5658099999999999 0.5381883333333334 0.0194225 0.012085
0 0.58426 0.5398066666666667 0.016184999999999998 0.014026666666666666
0 0.5714750000000001 0.5449866666666667 0.0055025000000000004 0.005826666666666667
0 0.6339475 0.5374333333333333 0.014565 0.01489
0 0.6608125 0.5190916666666667 0.013917500000000001 0.008848333333333333
0 0.6672875 0.5284783333333333 0.012625 0.006905
0 0.6300625 0.5177966666666667 0.018449999999999998 0.007553333333333334
0 0.6554725 0.56117 0.0123 0.008848333333333333
0 0.6765125000000001 0.5534016666666667 0.0246 0.009278333333333333
0 0.6892975 0.5652699999999999 0.011977499999999999 0.015321666666666667
0 0.7147074999999999 0.545525 0.00518 0.004316666666666667
0 0.7261974999999999 0.5452016666666667 0.013272500000000001 0.007553333333333334
0 0.71746 0.552 0.011977499999999999 0.0082
0 0.7273324999999999 0.5576099999999999 0.008414999999999999 0.005178333333333333
0 0.6803975 0.582535 0.0155375 0.009278333333333333
0 0.6773224999999999 0.5964533333333333 0.0165075 0.01079
0 0.609185 0.6064866666666667 0.009710000000000002 0.006258333333333333
0 0.6397725000000001 0.6221316666666666 0.011977499999999999 0.007768333333333333
0 0.6554725 0.6228883333333333 0.009710000000000002 0.007121666666666666
0 0.702245 0.61555 0.008092499999999999 0.0049633333333333335
0 0.7169725 0.6161983333333333 0.0077675 0.0049633333333333335
0 0.7593775 0.5897633333333333 0.01489 0.0082
0 0.7673075 0.5995816666666667 0.0106825 0.00669
0 0.758405 0.6287133333333333 0.0116525 0.005826666666666667
0 0.7624525 0.6374533333333333 0.0165075 0.009926666666666667
0 0.61501 0.6573066666666667 0.008414999999999999 0.0073366666666666676
0 0.6129075 0.6616216666666667 0.012625 0.005178333333333333
0 0.5157999999999999 0.6320583333333333 0.010035 0.009926666666666667
0 0.5609550000000001 0.62483 0.005827499999999999 0.006258333333333333
0 0.5171125 0.6967899999999999 0.008685 0.008546666666666668
0 0.6535775 0.6841083333333333 0.0119925 0.0052383333333333336
0 0.6976175 0.6748733333333333 0.0090975 0.005513333333333333
0 0.640965 0.7424149999999999 0.009925000000000002 0.010476666666666667
0 0.8369475 0.6357816666666667 0.01043 0.006953333333333333
0 0.8288775 0.6266766666666667 0.016640000000000002 0.009933333333333334
0 0.8263925000000001 0.6341266666666667 0.00621 0.004966666666666667
0 0.816955 0.6381 0.0086925 0.0066233333333333335
0 0.8477525 0.6230333333333333 0.020612500000000002 0.00861
0 0.9008975 0.6112783333333334 0.012665 0.006953333333333333
0 0.87718 0.6063933333333333 0.01043 0.006788333333333333
0 0.85011 0.6023383333333334 0.0079475 0.0046366666666666665
0 0.753875 0.5675683333333333 0.011672499999999999 0.006953333333333333
0 0.7496525 0.5618566666666667 0.01217 0.005795000000000001
0 0.7366125 0.5612766666666666 0.015895 0.006291666666666667
0 0.743815 0.5743566666666666 0.021855 0.009933333333333334
0 0.7359924999999999 0.5796549999999999 0.011672499999999999 0.009603333333333334
0 0.7466725 0.5837116666666666 0.010182499999999999 0.006456666666666667
0 0.773495 0.5415733333333334 0.011175000000000001 0.008278333333333334
0 0.7852899999999999 0.5378483333333334 0.0094375 0.006456666666666667
0 0.793735 0.530895 0.0109275 0.007450000000000001
0 0.6992375 0.52659 0.012665 0.015066666666666667
0 0.708425 0.6269250000000001 0.009685000000000001 0.00447
0 0.763685 0.5650016666666667 0.018875 0.016391666666666665
0 0.7866575 0.5784133333333333 0.008195000000000001 0.004801666666666667
0 0.807145 0.5791583333333333 0.013907500000000001 0.006291666666666667
0 0.84353 0.5522533333333334 0.0201175 0.0061266666666666665
0 0.80876 0.5516733333333333 0.009685000000000001 0.0056300000000000005
0 0.841915 0.5438916666666667 0.00596 0.003973333333333333
0 0.7576 0.49546333333333337 0.034025 0.013080000000000001
0 0.8232875000000001 0.5080466666666666 0.0223525 0.009436666666666666
0 0.8065249999999999 0.5000983333333333 0.00919 0.0051333333333333335
0 0.8568150000000001 0.5095366666666666 0.01043 0.0051333333333333335
0 0.8761875 0.5077983333333334 0.01043 0.0066233333333333335
0 0.6914125 0.49951999999999996 0.01192 0.008278333333333334
0 0.5760525 0.4823833333333334 0.012665 0.01043
0 0.5421525 0.49364166666666665 0.009935000000000001 0.007450000000000001
0 0.6123125 0.4891716666666667 0.0086925 0.00712
0 0.6113200000000001 0.48081 0.010182499999999999 0.0066233333333333335
0 0.6306900000000001 0.5058933333333333 0.00919 0.0061266666666666665
0 0.626965 0.51293 0.0077 0.004966666666666667
2 0.6505599999999999 0.5060600000000001 0.0086925 0.0051333333333333335
2 0.77337 0.510695 0.00894 0.0051333333333333335
2 0.77275 0.501175 0.0072025 0.0046366666666666665
2 0.78976 0.499105 0.015397500000000001 0.007450000000000001
2 0.7969625 0.4943866666666667 0.0079475 0.0046366666666666665
2 0.807395 0.49529833333333334 0.008445000000000001 0.0038083333333333337
2 0.8175775 0.4993533333333333 0.006955 0.003643333333333333
2 0.8129824999999999 0.524935 0.0086925 0.005795000000000001
2 0.82304 0.5261766666666666 0.009935000000000001 0.0046366666666666665
2 0.8265175 0.5153316666666666 0.01192 0.004801666666666667
2 0.8294975 0.5197183333333333 0.008445000000000001 0.004966666666666667
2 0.8527175 0.5003483333333334 0.009685000000000001 0.0056300000000000005
2 0.8900950000000001 0.4975333333333333 0.0109275 0.00596
2 0.9011475 0.49960166666666667 0.008195000000000001 0.005795000000000001
2 0.8888524999999999 0.5115233333333333 0.0079475 0.005463333333333334
2 0.91642 0.5211266666666667 0.0094375 0.006456666666666667
2 0.9304525 0.51616 0.01068 0.006788333333333333
2 0.9074800000000001 0.5189733333333334 0.00745 0.004801666666666667
2 0.9192775000000001 0.530315 0.011175000000000001 0.00861
0 0.5784225000000001 0.47118 0.0103625 0.007608333333333333
0 0.5899800000000001 0.45218833333333336 0.0146125 0.009523333333333333
0 0.5163375 0.460815 0.0110825 0.007696666666666667
0 0.5183625 0.4694433333333333 0.0121875 0.007605000000000001
0 0.62741 0.45164499999999996 0.011415 0.00757
0 0.62985 0.43769833333333336 0.009789999999999998 0.00613
0 0.6408275 0.43677666666666665 0.009235 0.007756666666666667
0 0.6482325 0.44051999999999997 0.01199 0.00657
0 0.6980325000000001 0.41724333333333335 0.00996 0.007281666666666666
0 0.6403475 0.4087233333333334 0.009317500000000001 0.008025
0 0.6476625 0.41409500000000005 0.0085725 0.006625
0 0.712605 0.40291666666666665 0.008125 0.005516666666666667
0 0.7296925 0.39792500000000003 0.0091275 0.007243333333333333
0 0.7196024999999999 0.41376833333333335 0.009765000000000001 0.005538333333333333
0 0.6883575 0.46032666666666666 0.009717499999999999 0.006718333333333334
0 0.6964049999999999 0.4597833333333333 0.009962500000000001 0.006935
0 0.6942975 0.4654216666666667 0.009237500000000001 0.004775
0 0.7077224999999999 0.47552 0.0074675 0.005661666666666666
0 0.4512375 0.45365333333333335 0.007730000000000001 0.008985
0 0.47703500000000004 0.45322 0.01314 0.010285
0 0.50486 0.4598933333333334 0.006997499999999999 0.00802
0 0.5247175 0.44215 0.00833 0.008526666666666667
0 0.5352175 0.43233333333333335 0.0182725 0.019685
0 0.4675125 0.3949416666666667 0.0103575 0.008648333333333334
0 0.5247999999999999 0.40563000000000005 0.013699999999999999 0.007476666666666666
0 0.5594675 0.39955333333333337 0.019285 0.007898333333333334
0 0.556365 0.407035 0.007082499999999999 0.0066300000000000005
0 0.5701124999999999 0.4113283333333333 0.015362500000000001 0.006728333333333333
0 0.49404000000000003 0.4400866666666667 0.00877 0.0057016666666666665
0 0.4521325 0.41957666666666665 0.009519999999999999 0.008046666666666667
0 0.4784975 0.3783766666666667 0.00956 0.006306666666666667
0 0.48435 0.3853683333333333 0.01061 0.0105
0 0.477195 0.3882516666666667 0.008257500000000001 0.005676666666666667
0 0.46547750000000004 0.38841333333333333 0.0062875 0.0033966666666666663
0 0.5716749999999999 0.3612883333333333 0.029395 0.01376
0 0.39973000000000003 0.392865 0.008140000000000001 0.006661666666666666
0 0.4073825 0.41169666666666666 0.02345 0.014405000000000001
0 0.3910225 0.4002983333333333 0.008289999999999999 0.006351666666666667
0 0.3839425 0.4008416666666667 0.00779 0.007438333333333334
0 0.392245 0.41326833333333335 0.0172425 0.008005
0 0.5591425 0.42537166666666665 0.020587499999999998 0.013565
0 0.6042975 0.4359483333333333 0.008125 0.006966666666666666
0 0.6139825 0.4331816666666667 0.00993 0.006635
0 0.6766475000000001 0.46818333333333334 0.01365 0.01041
0 0.7641549999999999 0.4681116666666667 0.0080825 0.00502
0 0.68762 0.42917500000000003 0.017835 0.009156666666666667
0 0.6646775 0.420645 0.0083475 0.016118333333333332
0 0.75937 0.3950416666666667 0.0159625 0.012673333333333335
0 0.7635425 0.4083716666666667 0.0181025 0.012183333333333332
0 0.7547625 0.41768833333333333 0.006455 0.004398333333333333
0 0.7566425 0.4235583333333333 0.0078425 0.0053349999999999995
0 0.2839575 0.30013 0.053524999999999996 0.016518333333333333
0 0.29757 0.2781166666666667 0.0437225 0.028973333333333334
0 0.392335 0.28943833333333335 0.0189925 0.010071666666666666
0 0.39654 0.329395 0.018297499999999998 0.017161666666666665
0 0.4759 0.3136833333333333 0.0236725 0.018881666666666668
0 0.020315 0.26453166666666666 0.035715000000000004 0.031988333333333334
0 0.0822675 0.32720333333333335 0.0212925 0.01395
0 0.15462 0.29080833333333334 0.060700000000000004 0.029213333333333334
0 0.235095 0.25491833333333336 0.023537500000000003 0.013358333333333335
0 0.25609 0.23795166666666667 0.0450025 0.02344833333333333
0 0.2898025 0.1801066666666667 0.0401425 0.017821666666666666
0 0.300175 0.169605 0.016267499999999997 0.007528333333333334
0 0.26277999999999996 0.13997833333333334 0.0191125 0.010743333333333332
0 0.2460325 0.13640833333333335 0.0177475 0.0155
0 0.198255 0.17504333333333333 0.0212475 0.014835000000000001
0 0.10369750000000001 0.21174166666666666 0.0150775 0.010888333333333333
0 0.126805 0.21784499999999998 0.0148875 0.008816666666666667
0 0.130825 0.2450216666666667 0.0175725 0.020931666666666668
0 0.071775 0.24486666666666668 0.0279775 0.008126666666666666
0 0.03393 0.11883833333333332 0.026357500000000002 0.013083333333333334
0 0.054009999999999996 0.083825 0.013800000000000002 0.009945
0 0.1390875 0.06440833333333333 0.0198175 0.016666666666666666
0 0.160395 0.07109166666666666 0.0169875 0.015181666666666668
0 0.14288 0.088745 0.01402 0.007038333333333333
0 0.24659 0.09120500000000001 0.017079999999999998 0.011359999999999999
0 0.2693675 0.031801666666666666 0.0251525 0.015706666666666667
0 0.28297000000000005 0.05934166666666667 0.019035 0.008913333333333332
0 0.25025749999999997 0.059345 0.0309175 0.014273333333333334
0 0.22113999999999998 0.05978833333333334 0.019719999999999998 0.009808333333333334
0 0.037262500000000004 0.03143 0.0214175 0.017938333333333334
0 0.06955249999999999 0.028303333333333333 0.033347499999999995 0.022391666666666667
0 0.0338025 0.06140833333333333 0.0336875 0.020271666666666667
0 0.0125025 0.03820166666666667 0.0250025 0.018986666666666666
0 0.087525 0.07118 0.032705 0.0195
0 0.10638249999999999 0.13891666666666666 0.00795 0.006833333333333334
0 0.3909225 0.3466266666666667 0.0344825 0.014133333333333333
0 0.5692575000000001 0.26362 0.018355 0.013023333333333333
0 0.565895 0.2742483333333333 0.013737500000000001 0.011291666666666667
0 0.585565 0.2700266666666667 0.01221 0.010333333333333333
0 0.5009325 0.28048833333333334 0.011375 0.006826666666666667
0 0.5667675000000001 0.311535 0.036657499999999996 0.02005833333333333
0 0.5765725 0.28860166666666665 0.00902 0.009903333333333333