2 0.6054365079365079 0.19765376984126987 0.04810405643738977 0.02423363095238095
2 0.7324382716049384 0.1988045634920635 0.03731040564373898 0.020577876984126983
2 0.7368959435626102 0.14200148809523808 0.03562610229276896 0.023152281746031744
2 0.7505599647266313 0.3101438492063492 0.04441798941798942 0.021316964285714286
2 0.8610714285714286 0.31471478174603174 0.03771164021164021 0.023008432539682537
2 0.8329585537918872 0.23898809523809525 0.026507936507936508 0.01603918650793651
2 0.5504805996472664 0.19013888888888889 0.052059082892416224 0.027075892857142857
2 0.5070811287477954 0.3632589285714286 0.04735449735449736 0.02476686507936508
2 0.6012830687830688 0.299109623015873 0.03714726631393298 0.023077876984126982
2 0.6377601410934745 0.43573660714285717 0.04125220458553792 0.019280753968253968
2 0.5392857142857143 0.4364806547619048 0.04314814814814815 0.019144345238095238
2 0.4320811287477954 0.45269593253968254 0.04564373897707231 0.021919642857142856
2 0.39295855379188716 0.46654017857142854 0.0468342151675485 0.02130952380952381
2 0.2731746031746031 0.30438988095238095 0.04559523809523809 0.02470238095238095
2 0.14598765432098768 0.3339087301587301 0.03749118165784832 0.021180555555555557
2 0.15471781305114637 0.3600768849206349 0.041706349206349205 0.024362599206349207
2 0.20455026455026457 0.36681299603174605 0.03869488536155203 0.02025545634920635
2 0.11884479717813053 0.3636656746031746 0.03880511463844798 0.022601686507936508
2 0.08664021164021164 0.4017137896825397 0.04059964726631393 0.01826636904761905
2 0.07225308641975309 0.4428794642857143 0.03566137566137566 0.01718253968253968
2 0.14261904761904762 0.4431498015873016 0.046635802469135804 0.02070188492063492
2 0.08916666666666666 0.49247271825396827 0.0403615520282187 0.01954861111111111
2 0.3691225749559083 0.5608531746031746 0.0415299823633157 0.022254464285714287
2 0.33932539682539686 0.556046626984127 0.02165784832451499 0.015620039682539682
2 0.25126543209876545 0.5587549603174603 0.03884479717813051 0.021036706349206347
2 0.2702248677248677 0.5258829365079365 0.03704585537918871 0.01636656746031746
2 0.25306437389770725 0.5381374007936508 0.03699294532627866 0.006790674603174603
2 0.26083333333333336 0.5772371031746032 0.03415343915343915 0.01927579365079365
2 0.3446825396825397 0.6777108134920635 0.03502204585537919 0.01466765873015873
2 0.5439770723104056 0.628454861111111 0.03376102292768959 0.012976190476190476
2 0.6706216931216932 0.4981597222222222 0.03813492063492063 0.01901041666666667
2 0.73081569664903 0.5474826388888888 0.026115520282186947 0.017857142857142856
2 0.6876587301587301 0.7215525793650794 0.03777777777777778 0.0204265873015873
2 0.8115917107583774 0.6542881944444445 0.02349206349206349 0.01548611111111111
2 0.8418077601410935 0.3645486111111111 0.0256657848324515 0.015431547619047619
2 0.883641975308642 0.5323536706349206 0.016653439153439156 0.012919146825396827
2 0.2966490299823633 0.6970436507936508 0.034766313932980596 0.01799107142857143
2 0.029991181657848323 0.3192857142857143 0.043567019400352736 0.019982638888888887
2 0.007350088183421518 0.20882688492063492 0.014700176366843036 0.015711805555555555
2 0.19835537918871252 0.13651785714285716 0.03630070546737214 0.015163690476190476
2 0.32421957671957674 0.17748015873015874 0.04705467372134039 0.022609126984126985
2 0.3130776014109347 0.08102926587301587 0.041428571428571426 0.022827380952380953
2 0.11517195767195766 0.06542162698412697 0.03410934744268078 0.021929563492063493
2 0.34112874779541447 0.05306547619047619 0.0252689594356261 0.019561011904761907
2 0.5199029982363316 0.044164186507936506 0.03856701940035273 0.02111855158730159
2 0.5462610229276896 0.009972718253968255 0.035820105820105815 0.017472718253968254
2 0.5762962962962963 0.02642609126984127 0.026058201058201058 0.023296130952380954
2 0.645462962962963 0.8106522817460318 0.035476190476190474 0.016907242063492065
2 0.7405026455026456 0.7741939484126985 0.016366843033509697 0.013998015873015872
2 0.75663139329806 0.7698958333333333 0.025520282186948854 0.01396577380952381
2 0.6399823633156967 0.7883779761904761 0.02716931216931217 0.014064980158730159
2 0.5446384479717813 0.7826909722222222 0.03243827160493827 0.014605654761904762
2 0.51586860670194 0.7908829365079365 0.022557319223985888 0.013115079365079366
2 0.031684303350970014 0.8402380952380952 0.044554673721340386 0.025436507936507938
2 0.025546737213403878 0.7654935515873016 0.0375705467372134 0.021919642857142856
2 0.293641975308642 0.4538144841269841 0.033562610229276896 0.01969246031746032
2 0.12582451499118166 0.40313988095238096 0.036882716049382716 0.018134920634920636
2 0.09277777777777778 0.2104141865079365 0.021102292768959436 0.009536210317460318
2 0.07315696649029982 0.25648809523809524 0.024223985890652555 0.01082093253968254
2 0.5544091710758378 0.7403943452380952 0.03700617283950618 0.012874503968253967
2 0.36809964726631395 0.7759747023809523 0.01701058201058201 0.008563988095238095