1 0.27286333333333335 0.3385325 0.04486333333333333 0.055177500000000004
1 0.30686 0.6680575 0.03479 0.0487475
1 0.44721000000000005 0.8142024999999999 0.040635 0.0600575
1 0.34474666666666665 0.41234750000000003 0.04526 0.0592925
1 0.6303866666666667 0.23047499999999999 0.045939999999999995 0.06081
1 0.42811999999999995 0.3882975 0.04182333333333333 0.048515
1 0.705915 0.220325 0.04242833333333333 0.054942500000000005
1 0.20309666666666665 0.7205275 0.028835 0.0379725
2 0.12038 0.33973000000000003 0.038288333333333334 0.0423625
1 0.06413333333333333 0.9166224999999999 0.034083333333333334 0.043015
1 0.2643333333333333 0.695865 0.027236666666666666 0.039924999999999995
1 0.15053666666666668 0.943705 0.03293666666666667 0.045564999999999994
1 0.4376133333333333 0.5341174999999999 0.02572 0.030962499999999997
1 0.22726999999999997 0.4621025 0.03328333333333333 0.0440125
1 0.15514999999999998 0.5647025 0.022675 0.028885
1 0.18625666666666665 0.48745 0.018763333333333333 0.030375
1 0.25290666666666667 0.5816 0.021615 0.023905000000000003
1 0.39318333333333333 0.543085 0.022635 0.024425000000000002
1 0.52431 0.5026175 0.033345 0.032255000000000006
1 0.4625766666666667 0.12602 0.02851 0.04636
1 0.25426499999999996 0.12898500000000002 0.03406 0.0413875
1 0.06345666666666668 0.404285 0.024363333333333334 0.025165
1 0.044906666666666664 0.391995 0.021945 0.023510000000000003
1 0.32829166666666665 0.8586050000000001 0.024451666666666667 0.0353975
1 0.36993333333333334 0.86173 0.018811666666666668 0.032252499999999996