1 0.5681283333333333 0.7276 0.08679999999999999 0.1186275
1 0.947375 0.0632775 0.09768166666666667 0.126555
1 0.47006166666666666 0.686255 0.08800833333333333 0.13155250000000002
1 0.8298916666666667 0.113275 0.076215 0.11005
1 0.4571983333333333 0.5158250000000001 0.08596833333333333 0.14812
1 0.3043533333333333 0.7692025 0.07267166666666666 0.099375
1 0.84039 0.41723750000000004 0.08567499999999999 0.12512
1 0.76277 0.3144375 0.062935 0.09079000000000001
1 0.5800266666666667 0.6418175 0.07096 0.07246999999999999
1 0.6373583333333334 0.68304 0.038955 0.06991249999999999
1 0.6855049999999999 0.0680225 0.03358333333333333 0.04238
1 0.1931516666666667 0.4541875 0.062211666666666665 0.07720999999999999