1 0.627085 0.29453500000000005 0.033791666666666664 0.0500075
1 0.41533166666666665 0.3339875 0.028755 0.0440375
1 0.41111833333333336 0.6261224999999999 0.03247666666666667 0.045744999999999994
1 0.24324333333333334 0.0897675 0.03251166666666667 0.040475000000000004
1 0.23135666666666668 0.656395 0.02987 0.0430175
1 0.38617 0.4395625 0.027745 0.0423725
1 0.46410666666666667 0.428245 0.03487666666666667 0.0456175
1 0.28386833333333333 0.503825 0.03530666666666667 0.0428925
1 0.25627333333333335 0.344205 0.030181666666666666 0.03622
1 0.7686433333333332 0.0449725 0.04858333333333333 0.076265
1 0.655105 0.9664625 0.04105166666666667 0.05416
1 0.5231083333333334 0.1961475 0.02205333333333333 0.036532499999999996