2 0.8067328042328042 0.1639856150793651 0.03623456790123457 0.023348214285714285
2 0.769510582010582 0.1741765873015873 0.040846560846560846 0.022976190476190476
2 0.62423721340388 0.26052331349206354 0.03887125220458554 0.023717757936507936
2 0.7227336860670195 0.2673809523809524 0.03425925925925926 0.02260664682539683
2 0.9523324514991182 0.33112103174603175 0.050727513227513225 0.02853422619047619
2 0.5741666666666667 0.3244518849206349 0.02701058201058201 0.0166765873015873
2 0.9756701940035274 0.38967509920634924 0.048655202821869484 0.035205853174603174
2 0.6601455026455026 0.43766617063492064 0.05665784832451499 0.0333531746031746
2 0.4545899470899471 0.4308110119047619 0.0448015873015873 0.027795138888888887
2 0.48588183421516756 0.4402604166666667 0.03887125220458554 0.020753968253968257
2 0.20061287477954146 0.4673139880952381 0.030965608465608467 0.020753968253968257
2 0.27341269841269844 0.5019642857142858 0.02239858906525573 0.012971230158730158
2 0.40089506172839506 0.516046626984127 0.05204585537918872 0.032242063492063495
2 0.3518121693121693 0.5456919642857143 0.03425925925925926 0.021123511904761905
2 0.4845679012345679 0.6070262896825397 0.03755291005291005 0.022976190476190476
2 0.7958597883597883 0.569781746031746 0.02635361552028219 0.0166765873015873
2 0.3070149911816578 0.5944246031746031 0.028990299823633155 0.011118551587301587
2 0.15482363315696648 0.6448263888888889 0.021080246913580247 0.007410714285714285
2 0.3060229276895943 0.6700248015873016 0.03360229276895943 0.01408234126984127
2 0.3248015873015873 0.6874429563492064 0.028990299823633155 0.012599206349206348
2 0.0899294532627866 0.7002281746031747 0.03228395061728395 0.017418154761904763
2 0.014232804232804234 0.6929885912698412 0.02846560846560847 0.010426587301587301
2 0.16119488536155202 0.7119791666666666 0.02978835978835979 0.011917162698412698
2 0.6851675485008818 0.720171130952381 0.03707231040564374 0.02308779761904762
2 0.7245590828924162 0.6792113095238095 0.03243827160493827 0.018618551587301586
2 0.5487962962962963 0.7952058531746031 0.03971781305114638 0.024947916666666667
2 0.5785846560846561 0.8099131944444445 0.04369047619047619 0.019362599206349206
2 0.536547619047619 0.8125198412698412 0.03641093474426808 0.02308779761904762
2 0.49583774250440915 0.8102852182539683 0.022508818342151675 0.015639880952380954
2 0.309484126984127 0.7924107142857143 0.04435185185185185 0.02606646825396825
2 0.8665564373897707 0.7994866071428572 0.04236772486772487 0.02457589285714286
2 0.8390828924162257 0.7914806547619048 0.017874779541446208 0.014523809523809524
2 0.11849647266313933 0.8356076388888889 0.030449735449735452 0.012661210317460318
2 0.11452380952380953 0.848640873015873 0.03309964726631393 0.014895833333333334
2 0.09632275132275132 0.835421626984127 0.02449294532627866 0.01154265873015873
2 0.09003086419753087 0.8447296626984127 0.023831569664902998 0.01154265873015873
2 0.7179365079365079 0.8730307539682539 0.04832451499118166 0.030161210317460316
2 0.9254717813051145 0.9802752976190475 0.03707231040564374 0.024203869047619047