2 0.7614506172839506 0.03670138888888889 0.04814373897707231 0.027795138888888887
2 0.502989417989418 0.012472718253968253 0.06461640211640213 0.024942956349206347
2 0.3135758377425044 0.043293650793650794 0.03294091710758377 0.018886408730158732
2 0.47986772486772483 0.050600198412698416 0.02597442680776014 0.0206671626984127
2 0.14095238095238097 0.07875 0.04371252204585538 0.016391369047619047
2 0.111494708994709 0.19776537698412697 0.05067901234567901 0.03064484126984127
2 0.25212962962962965 0.22449156746031745 0.054479717813051144 0.024231150793650794
2 0.3294135802469136 0.24462549603174605 0.034206349206349206 0.01746031746031746
2 0.21411816578483245 0.252641369047619 0.034206349206349206 0.014965277777777779
2 0.22330246913580246 0.2711706349206349 0.038641975308641975 0.014965277777777779
2 0.18846119929453264 0.2877405753968254 0.03104056437389771 0.018172123015873017
2 0.057962962962962966 0.3027083333333333 0.032305996472663134 0.019598214285714285
2 0.2324911816578483 0.32693948412698415 0.03040564373897707 0.018172123015873017
2 0.6496384479717814 0.33887648809523807 0.07285273368606701 0.03064484126984127
2 0.7186904761904762 0.3714806547619047 0.02850529100529101 0.019598214285714285
2 0.6781481481481482 0.4404315476190476 0.08171957671957672 0.043472222222222225
2 0.6607275132275132 0.4705406746031746 0.07728395061728395 0.03598958333333334
2 0.29552028218694887 0.44506448412698413 0.038641975308641975 0.014965277777777779
2 0.7139373897707231 0.5897371031746033 0.05954585537918872 0.025657242063492063
2 0.4675132275132275 0.5892013888888888 0.05067901234567901 0.021024305555555553
2 0.6920855379188713 0.7164136904761904 0.06398148148148149 0.04026537698412698
2 0.7852072310405643 0.7283506944444444 0.04624338624338624 0.01781746031746032
2 0.4995017636684303 0.7379712301587301 0.07411816578483245 0.03634672619047619
2 0.3271957671957672 0.7189087301587301 0.08045414462081128 0.037415674603174603
2 0.20018077601410936 0.7427827380952381 0.06588183421516754 0.03385168650793651
2 0.1260626102292769 0.732626488095238 0.035476190476190474 0.028506944444444442
2 0.098505291005291 0.6086210317460318 0.048778659611992944 0.025657242063492063
2 0.1406349206349206 0.795875496031746 0.03927689594356261 0.026726190476190476
2 0.31515873015873014 0.8115550595238096 0.06778218694885361 0.03385168650793651
2 0.28158289241622575 0.8129811507936509 0.048778659611992944 0.031001984126984128
2 0.369320987654321 0.8680357142857144 0.07475308641975309 0.04062251984126984
2 0.3205423280423281 0.9045585317460317 0.06461640211640213 0.02601190476190476
2 0.9846340388007055 0.5756671626984128 0.02809082892416226 0.011351686507936509