2 0.5416666666666666 0.609375 0.03166666666666667 0.03875
2 0.5391666666666667 0.668125 0.02666666666666667 0.03625
2 0.48125 0.629375 0.024166666666666666 0.03375
2 0.465 0.661875 0.028333333333333332 0.04625
2 0.4454166666666667 0.55625 0.0225 0.035
2 0.5058333333333334 0.538125 0.02666666666666667 0.04125
2 0.5495833333333333 0.484375 0.0225 0.03125
2 0.6408333333333334 0.47375 0.035 0.0375
2 0.7475 0.461875 0.035 0.03125
2 0.9120833333333334 0.445625 0.019166666666666665 0.03375
2 0.8145833333333333 0.379375 0.024166666666666666 0.02375
2 0.8370833333333333 0.489375 0.024166666666666666 0.02875
2 0.24708333333333332 0.3475 0.0225 0.0275
2 0.36791666666666667 0.68375 0.020833333333333332 0.0275