2 0.020601666666666667 0.20529499999999998 0.025523333333333332 0.028885
2 0.10775499999999999 0.2335 0.033165 0.02943
2 0.23961833333333335 0.7209575 0.037746666666666664 0.053155
2 0.047931666666666664 0.7880475 0.024390000000000002 0.0307025
2 0.011935 0.6584375 0.023871666666666666 0.0315425
2 0.025515 0.85698 0.025435000000000003 0.0388675
2 0.0685 0.8552175 0.016745 0.027190000000000002
2 0.25532666666666665 0.5385225 0.024390000000000002 0.0269325
2 0.315985 0.3975225 0.02806166666666667 0.03601
2 0.3313183333333333 0.420905 0.030621666666666665 0.03671
2 0.30255499999999996 0.20555 0.021021666666666664 0.03333
2 0.32450833333333334 0.15357749999999998 0.022211666666666668 0.03143
2 0.43859333333333334 0.33936 0.024913333333333332 0.04317
2 0.5241899999999999 0.2951475 0.026173333333333333 0.03903499999999999
2 0.6033283333333334 0.31136 0.030858333333333335 0.0440175
2 0.5687433333333334 0.3050625 0.026545000000000003 0.040122500000000005
2 0.6122033333333333 0.4421025 0.023283333333333333 0.0365375
2 0.5753716666666666 0.5262575 0.018736666666666665 0.022982500000000003
2 0.6284916666666667 0.6667649999999999 0.019468333333333334 0.030207499999999998