2 0.6513095238095239 0.07280753968253968 0.34424603174603174 0.14561507936507936
2 0.6623985890652557 0.517750496031746 0.08086860670194003 0.04300843253968254
2 0.5859391534391535 0.500796130952381 0.04558201058201058 0.019022817460317462
2 0.510216049382716 0.5140277777777778 0.026468253968253967 0.019022817460317462
2 0.4117019400352734 0.38624503968253965 0.05881393298059964 0.03142857142857143
2 0.6712169312169312 0.3957564484126984 0.02499559082892416 0.025639880952380952
2 0.5080070546737214 0.5132018849206349 0.033818342151675486 0.01736855158730159
2 0.3742063492063492 0.5661334325396825 0.06910493827160494 0.027294146825396826
2 0.4521340388007055 0.7497445436507936 0.08086860670194003 0.04548859126984127
2 0.3859700176366843 0.7621502976190475 0.06910493827160494 0.04548859126984127
2 0.3102469135802469 0.7894444444444444 0.06763668430335097 0.038871527777777776
2 0.4756613756613756 0.8303844246031746 0.03970017636684304 0.026465773809523807
2 0.6440167548500882 0.9221899801587301 0.09116402116402116 0.038045634920634924
2 0.6241666666666666 0.9809449404761905 0.10145502645502645 0.038110119047619045