1 0.36751 0.7561975 0.029018333333333337 0.0385475
1 0.6600666666666667 0.03957 0.034091666666666666 0.0479575
1 0.464715 0.6975399999999999 0.027106666666666664 0.03868
1 0.21326333333333333 0.5835199999999999 0.030486666666666665 0.042785
1 0.19970000000000002 0.45464 0.030478333333333333 0.0423725
1 0.7961883333333334 0.670255 0.03165 0.0408725
1 0.09749333333333333 0.499705 0.03296166666666667 0.034175
1 0.483575 0.3284225 0.025143333333333337 0.0313
1 0.038601666666666666 0.526645 0.036345 0.040619999999999996
1 0.12602 0.59684 0.024466666666666668 0.0306425
1 0.31556166666666663 0.7178424999999999 0.024603333333333335 0.024882500000000002
1 0.35125500000000004 0.7480375 0.01398 0.029915
1 0.47576500000000005 0.67143 0.023671666666666667 0.03383
1 0.5154666666666667 0.71309 0.022926666666666668 0.037745
1 0.6743666666666667 0.9380175000000001 0.029076666666666667 0.0452925
1 0.7661633333333333 0.82688 0.027771666666666667 0.034390000000000004
1 0.8165833333333333 0.8186325000000001 0.028331666666666668 0.038024999999999996
1 0.8629950000000001 0.8036749999999999 0.028704999999999998 0.038862499999999994
1 0.9168616666666667 0.7586625 0.02572166666666667 0.0327125
1 0.76253 0.6410950000000001 0.029449999999999997 0.036905
1 0.634675 0.4590825 0.02220666666666667 0.0413675
1 0.910465 0.515225 0.023638333333333334 0.0376075
1 0.589105 0.7348775000000001 0.033591666666666666 0.031295
1 0.491835 0.5014575 0.030006666666666664 0.03718
1 0.383255 0.4461825 0.023276666666666668 0.025982500000000002
1 0.38177999999999995 0.11000499999999999 0.02157 0.03595
1 0.67848 0.0790875 0.030196666666666667 0.0417