2 0.3070833333333333 0.19 0.1075 0.1625
2 0.14291666666666666 0.195 0.0825 0.085
2 0.2841666666666667 0.258125 0.08666666666666667 0.08875
2 0.39166666666666666 0.1575 0.08666666666666667 0.1275
2 0.39708333333333334 0.26375 0.06583333333333333 0.1275
2 0.47291666666666665 0.144375 0.05583333333333333 0.07375
2 0.5666666666666667 0.32375 0.03833333333333333 0.055
2 0.6345833333333334 0.13625 0.0425 0.0775
2 0.7533333333333333 0.2925 0.06166666666666667 0.06
2 0.6883333333333334 0.328125 0.04 0.08125
2 0.9795833333333334 0.539375 0.035833333333333335 0.05375
2 0.8958333333333334 0.1425 0.04833333333333333 0.06
2 0.79125 0.013125 0.060833333333333336 0.02625
2 0.7345833333333334 0.663125 0.04083333333333333 0.06875
2 0.6925 0.943125 0.06166666666666667 0.06625
2 0.5966666666666667 0.8425 0.051666666666666666 0.1
2 0.39708333333333334 0.611875 0.0525 0.06125
2 0.2633333333333333 0.730625 0.02666666666666667 0.03125
2 0.26125 0.6975 0.025833333333333333 0.0375
2 0.2816666666666667 0.61125 0.021666666666666667 0.0275
2 0.15791666666666668 0.8175 0.025833333333333333 0.065