2 0.646521164021164 0.2708878968253968 0.04417989417989418 0.021537698412698415
2 0.45875220458553795 0.3164508928571429 0.07216490299823633 0.04142113095238095
2 0.0242989417989418 0.36863839285714284 0.0485978835978836 0.054675099206349206
2 0.586468253968254 0.42044642857142855 0.07141534391534392 0.0428968253968254
2 0.643968253968254 0.4051264880952381 0.07988977072310406 0.04493799603174603
2 0.6851234567901234 0.436108630952381 0.07746913580246913 0.03880952380952381
2 0.7286992945326279 0.4122767857142857 0.0726278659611993 0.03744791666666667
2 0.8473236331569665 0.49023809523809525 0.05568342151675485 0.029957837301587305
2 0.25661816578483243 0.5552628968253969 0.0919973544973545 0.05651289682539683
2 0.18520282186948855 0.5811359126984127 0.10167989417989419 0.05106646825396825
2 0.10833774250440917 0.6049677579365079 0.08352292768959436 0.03472470238095238
2 0.7837742504409171 0.5651364087301588 0.025418871252204586 0.01906498015873016
2 0.7244620811287478 0.6233506944444445 0.06173280423280423 0.02927827380952381
2 0.7274911816578483 0.6492261904761905 0.05083774250440917 0.022470238095238095
2 0.9005864197530864 0.6206274801587301 0.038734567901234564 0.01974454365079365
2 0.9290299823633157 0.6393526785714285 0.037526455026455026 0.017703373015873016
2 0.5592328042328042 0.6781622023809524 0.05083774250440917 0.021788194444444443
2 0.09960317460317461 0.808797123015873 0.037888007054673725 0.025436507936507938
2 0.5163580246913579 0.8225446428571429 0.04033068783068783 0.017187499999999998
2 0.7803439153439153 0.8665426587301588 0.03299823633156967 0.01856150793650794
2 0.8903350970017636 0.9057291666666667 0.03544091710758377 0.02131200396825397
2 0.9630555555555556 0.8947296626984127 0.029329805996472662 0.014437003968253969
2 0.9838315696649029 0.9222271825396826 0.014664902998236331 0.008936011904761905