2 0.22617283950617287 0.05718501984126984 0.06254850088183422 0.04269345238095238
2 0.2155467372134039 0.19085813492063491 0.06355820105820106 0.03719742063492063
2 0.26026455026455025 0.24985863095238095 0.062341269841269836 0.03711309523809524
2 0.35738095238095235 0.48482390873015874 0.04983245149911816 0.02755952380952381
2 0.7106305114638448 0.47880704365079363 0.08679453262786596 0.04593998015873016
2 0.7022795414462081 0.5469146825396825 0.08758818342151675 0.04797123015873016
2 0.9604232804232803 0.4864732142857143 0.07747354497354497 0.0371155753968254
2 0.8750352733686066 0.659873511904762 0.06891534391534392 0.04487847222222222
2 0.5345061728395062 0.5960565476190477 0.0557936507936508 0.04158978174603174
2 0.6577380952380952 0.627202380952381 0.06530423280423281 0.03947172619047619
2 0.6658377425044091 0.6878075396825396 0.0751410934744268 0.04349702380952381
2 0.8338977072310405 0.7609796626984127 0.09478395061728395 0.05654761904761905
2 0.9703835978835978 0.8222172619047619 0.0592283950617284 0.0609375
2 0.9255776014109348 0.9147643849206349 0.10956349206349207 0.06533234126984128
2 0.22249118165784834 0.9247891865079365 0.110842151675485 0.06749255952380952
2 0.23085978835978838 0.9739310515873015 0.09824514991181657 0.046240079365079366
2 0.3998059964726631 0.9244642857142857 0.10764109347442681 0.0632638888888889
2 0.08828924162257495 0.8262375992063492 0.1133774250440917 0.04092757936507937
2 0.29108465608465606 0.6014930555555555 0.053752204585537915 0.027353670634920637