1 0.8591866666666667 0.38894 0.07073 0.093015
1 0.7904233333333334 0.4559125 0.061551666666666664 0.08549
1 0.31982333333333335 0.4886825 0.05001166666666666 0.0726
1 0.9116666666666666 0.029175 0.05291166666666667 0.0583475
1 0.20922166666666667 0.2138175 0.050548333333333334 0.06560250000000001
1 0.48258666666666666 0.29482749999999996 0.05467333333333334 0.07428499999999999
1 0.597585 0.2100975 0.06305333333333334 0.09129999999999999
1 0.560565 0.5909225 0.060711666666666664 0.09052500000000001
1 0.630725 0.8872000000000001 0.057875 0.07686499999999999
1 0.08572166666666667 0.1321675 0.03306333333333333 0.055240000000000004
1 0.37466333333333335 0.636625 0.049405000000000004 0.0857225
1 0.17513499999999999 0.3232775 0.04464 0.0708275
1 0.09506833333333332 0.2323075 0.036995 0.054395000000000006
1 0.3722183333333333 0.503715 0.05168333333333334 0.062490000000000004
1 0.2828833333333333 0.48404 0.04407666666666666 0.0762
1 0.31023666666666666 0.0165 0.040198333333333336 0.0330025
1 0.07824666666666667 0.2983575 0.025821666666666666 0.04321
1 0.18837333333333334 0.91814 0.03107666666666667 0.0477775