1 0.08744666666666666 0.35364249999999997 0.050795 0.06278
1 0.6038866666666667 0.21286000000000002 0.026709999999999998 0.0479475
1 0.4255316666666667 0.560745 0.029785000000000002 0.0444675
1 0.12463333333333333 0.1000125 0.036025 0.0464675
1 0.015719999999999998 0.53852 0.031439999999999996 0.06651
1 0.034695 0.49084750000000005 0.0443 0.05651
1 0.49406 0.264235 0.03129666666666667 0.0510875
1 0.18699333333333334 0.5859575 0.041285 0.05199
1 0.33050166666666664 0.01436 0.030051666666666667 0.02872
1 0.13791 0.504645 0.042613333333333336 0.0543675
1 0.2563566666666667 0.954125 0.04118666666666667 0.055482500000000004
1 0.658375 0.23593250000000002 0.029001666666666665 0.0373775
1 0.31435833333333335 0.6306174999999999 0.043875 0.0638275
1 0.07623 0.51249 0.039676666666666666 0.0603925
1 0.53854 0.33172250000000003 0.022978333333333333 0.030955
1 0.67586 0.9059075 0.01656 0.0259625
1 0.6149049999999999 0.91076 0.018713333333333332 0.031815
1 0.69262 0.4314975 0.017955000000000002 0.0293825
1 0.6958433333333334 0.4605775 0.011176666666666666 0.019912500000000003
1 0.729445 0.2683775 0.015858333333333335 0.023254999999999998
1 0.7011933333333333 0.2555275 0.01406 0.0246075
1 0.7485416666666667 0.2580075 0.013773333333333334 0.019649999999999997
1 0.743185 0.381925 0.013883333333333333 0.0222125
1 0.7609433333333333 0.054509999999999996 0.021258333333333334 0.032935
1 0.7670933333333334 0.037402500000000005 0.016153333333333332 0.021505
1 0.21579 0.7089650000000001 0.03342333333333333 0.037094999999999996
1 0.6543450000000001 0.7567425 0.01673 0.0250325
1 0.48188000000000003 0.37629 0.026368333333333334 0.0356375
1 0.5484666666666667 0.7831375 0.018484999999999998 0.02511
1 0.4850916666666667 0.95229 0.020640000000000002 0.02736