2 0.383355 0.7151649999999999 0.06546666666666667 0.0921475
2 0.32973 0.69597 0.050363333333333336 0.0907825
2 0.2883216666666667 0.8183400000000001 0.025875 0.0347
2 0.25437333333333334 0.7953775000000001 0.016434999999999998 0.02139
2 0.2718933333333333 0.7978725 0.020886666666666664 0.038612499999999994
2 0.30848833333333336 0.88574 0.023385 0.0257775
2 0.33335833333333337 0.8626950000000001 0.01807 0.0225
2 0.22816 0.940035 0.032661666666666665 0.040595
2 0.27492666666666665 0.5154099999999999 0.04441666666666667 0.0727325
2 0.6873516666666666 0.2540625 0.059715000000000004 0.0806875
2 0.90177 0.64697 0.05251333333333333 0.029804999999999998
2 0.8888116666666667 0.9305650000000001 0.06279666666666667 0.076215