2 0.46068833333333337 0.2028875 0.013295 0.02081
2 0.46126666666666666 0.2189275 0.012138333333333333 0.0156075
2 0.5286066666666667 0.3253575 0.00867 0.014305
2 0.476005 0.388 0.010983333333333335 0.016475
2 0.3858333333333333 0.3667575 0.009248333333333334 0.012137499999999999
2 0.32470666666666664 0.38778500000000005 0.0072250000000000005 0.0082375
2 0.31184666666666666 0.4374225 0.0057799999999999995 0.009537499999999999
2 0.33366666666666667 0.488145 0.006646666666666667 0.011272500000000001
2 0.3599666666666667 0.486845 0.008381666666666666 0.0078025
2 0.39334833333333336 0.413795 0.00867 0.0125725
2 0.3937816666666667 0.4387225 0.00896 0.010405
2 0.4634333333333333 0.4643 0.01185 0.0156075
2 0.48279833333333333 0.4281025 0.010114999999999999 0.0169075
2 0.5294733333333334 0.4859775 0.012138333333333333 0.018207499999999998
2 0.5151666666666667 0.4872775 0.008381666666666666 0.011272500000000001
2 0.5239816666666667 0.4996325 0.011559999999999999 0.013439999999999999
2 0.5270166666666667 0.5260775 0.010693333333333332 0.0186425
2 0.537565 0.5360475 0.012716666666666666 0.0212425
2 0.4721033333333333 0.597825 0.013005000000000001 0.0199425
2 0.4635783333333333 0.6008600000000001 0.0069366666666666665 0.011272500000000001
2 0.37008166666666664 0.5980425 0.010114999999999999 0.011705
2 0.30086333333333337 0.6843125 0.00867 0.013439999999999999
2 0.2952283333333333 0.6749925 0.0072250000000000005 0.010405
2 0.32543 0.6678375 0.010405 0.013439999999999999
2 0.31661500000000004 0.6966675 0.010114999999999999 0.009537499999999999
2 0.3131466666666667 0.7103225 0.007803333333333333 0.009970000000000001
2 0.30332000000000003 0.7101075 0.007803333333333333 0.011272500000000001
2 0.39147000000000004 0.72723 0.009536666666666667 0.0169075
2 0.39248 0.7554099999999999 0.012138333333333333 0.01604
2 0.39291499999999996 0.78554 0.00896 0.013005000000000001
2 0.35808833333333334 0.7129249999999999 0.008091666666666665 0.0125725
2 0.3569316666666667 0.6827949999999999 0.007515000000000001 0.010405
2 0.414445 0.8334425 0.008091666666666665 0.013439999999999999
2 0.45635333333333333 0.7866224999999999 0.006358333333333333 0.009970000000000001
2 0.5002833333333333 0.73807 0.009826666666666668 0.0108375
2 0.4898783333333333 0.6947175 0.010405 0.0151725
2 0.4787516666666667 0.674125 0.011271666666666666 0.0242775
2 0.49450333333333335 0.681495 0.010983333333333335 0.01734
2 0.5150233333333333 0.7003524999999999 0.009826666666666668 0.014305
2 0.5241266666666667 0.6511475 0.01185 0.013872500000000001
2 0.5563516666666667 0.6435625 0.010405 0.0151725
2 0.5882883333333333 0.71726 0.013583333333333333 0.0169075
2 0.5998483333333333 0.72593 0.011271666666666666 0.01604
2 0.59638 0.7341675 0.01185 0.0151725
2 0.5108316666666667 0.5776675 0.010114999999999999 0.0082375
2 0.6179116666666666 0.6444275 0.009826666666666668 0.0082375
2 0.7352516666666667 0.7900925 0.009248333333333334 0.011705
2 0.7127083333333334 0.698835 0.010983333333333335 0.009537499999999999
2 0.7314933333333333 0.668705 0.00867 0.013439999999999999
2 0.7293266666666667 0.7428374999999999 0.009536666666666667 0.009970000000000001
2 0.732505 0.7356849999999999 0.009536666666666667 0.011272500000000001
2 0.685685 0.7176925 0.010693333333333332 0.0082375
2 0.6611183333333334 0.7057725 0.010693333333333332 0.011272500000000001
2 0.7340949999999999 0.70794 0.011559999999999999 0.011272500000000001
2 0.7702216666666667 0.57745 0.010405 0.01474
2 0.7392966666666666 0.5748475 0.005201666666666667 0.013005000000000001
2 0.63901 0.5822174999999999 0.009248333333333334 0.0156075
2 0.7777366666666666 0.437205 0.012716666666666666 0.0169075
2 0.782505 0.4055575 0.010693333333333332 0.0108375
2 0.7375633333333333 0.3316425 0.009248333333333334 0.011272500000000001
2 0.654905 0.3919025 0.014450000000000001 0.02081
2 0.6530266666666666 0.366975 0.010114999999999999 0.0169075
2 0.7365516666666667 0.29913 0.00896 0.009537499999999999
2 0.27431333333333335 0.4953575 0.008603333333333333 0.006832499999999999