2 0.6103483245149912 0.036307043650793645 0.08658730158730159 0.052847222222222226
2 0.44313932980599646 0.05671875 0.06784832451499118 0.03990575396825397
2 0.21065255731922397 0.044434523809523806 0.055762786596119926 0.03310763888888889
2 0.4189858906525573 0.22946676587301587 0.0485978835978836 0.034791666666666665
2 0.4153042328042328 0.26260416666666664 0.053015873015873016 0.02982142857142857
2 0.29012345679012347 0.29159722222222223 0.04417989417989418 0.034791666666666665
2 0.5345943562610229 0.5040823412698413 0.14727072310405642 0.08698164682539682
2 0.3026410934744268 0.49621279761904763 0.0485978835978836 0.021537698412698415
2 0.26067019400352737 0.48834325396825395 0.02945326278659612 0.025679563492063493
2 0.07879188712522045 0.48171626984126986 0.0485978835978836 0.020709325396825396
2 0.6281128747795415 0.5914781746031746 0.089836860670194 0.0596453373015873
2 0.7871649029982363 0.6540228174603174 0.14285273368606702 0.07207093253968254
2 0.6575661375661376 0.7695858134920635 0.030925925925925926 0.023194444444444445
2 0.736358024691358 0.8238467261904762 0.0648015873015873 0.020709325396825396