2 0.33791666666666664 0.098125 0.0325 0.05375
2 0.39875 0.19875 0.0325 0.0575
2 0.3329166666666667 0.218125 0.034166666666666665 0.04625
2 0.19875 0.718125 0.04416666666666667 0.05375
2 0.16 0.761875 0.043333333333333335 0.04375
2 0.16791666666666666 0.69875 0.0375 0.0425
2 0.13625 0.70625 0.0275 0.0375
2 0.08458333333333333 0.495625 0.015833333333333335 0.02875
2 0.06166666666666667 0.549375 0.013333333333333334 0.01875
2 0.06166666666666667 0.56875 0.008333333333333333 0.025
2 0.07666666666666666 0.560625 0.016666666666666666 0.02875
2 0.47125 0.89375 0.03916666666666667 0.05
2 0.5645833333333333 0.90625 0.0325 0.0375
2 0.6991666666666667 0.723125 0.023333333333333334 0.03125
2 0.6883333333333334 0.79 0.025 0.035
2 0.59625 0.77375 0.025833333333333333 0.035
2 0.5866666666666667 0.81 0.028333333333333332 0.0375
2 0.42583333333333334 0.49875 0.023333333333333334 0.0325
2 0.4741666666666667 0.488125 0.02666666666666667 0.03625
2 0.5045833333333334 0.325 0.024166666666666666 0.03
2 0.6495833333333333 0.4325 0.025833333333333333 0.035
2 0.3525 0.806875 0.035 0.03875
2 0.41291666666666665 0.80625 0.05416666666666667 0.045
2 0.33541666666666664 0.50875 0.03916666666666667 0.0475
2 0.4116666666666667 0.35625 0.02666666666666667 0.03
2 0.0275 0.4675 0.02 0.025
2 0.5425 0.52875 0.023333333333333334 0.0275
2 0.5508333333333333 0.76375 0.028333333333333332 0.0325
2 0.6616666666666666 0.649375 0.025 0.03125
2 0.07125 0.213125 0.019166666666666665 0.02125
2 0.09 0.16875 0.013333333333333334 0.0175