1 0.8269283333333333 0.41837 0.06874333333333334 0.0961125
1 0.76453 0.37634500000000004 0.07188666666666667 0.09575
1 0.7284933333333333 0.66272 0.05536666666666667 0.080935
1 0.24127333333333334 0.49011 0.057659999999999996 0.06886
1 0.8681000000000001 0.35366000000000003 0.06223333333333333 0.08784499999999999
1 0.7841666666666667 0.65132 0.04836166666666667 0.06794499999999999
1 0.6978433333333334 0.6060249999999999 0.048098333333333326 0.0667025
1 0.6343433333333334 0.7288150000000001 0.040815 0.06048
1 0.7643 0.5594225 0.055584999999999996 0.060270000000000004
1 0.678725 0.6911849999999999 0.044105 0.06754500000000001
2 0.53964 0.10099250000000001 0.02828 0.05082