2 0.07843033509700176 0.05404265873015873 0.1333289241622575 0.0904389880952381
2 0.39279541446208116 0.08161458333333334 0.18169312169312168 0.11323164682539683
2 0.3444312169312169 0.13014136904761905 0.15032186948853615 0.09411458333333333
2 0.21698412698412697 0.11102430555555555 0.1176410934744268 0.0588219246031746
2 0.3758024691358025 0.3139608134920635 0.1581657848324515 0.09411458333333333
2 0.33593474426807757 0.3941046626984127 0.16208553791887126 0.08823164682539683
2 0.01699294532627866 0.40550099206349205 0.03398589065255732 0.05367559523809524
2 0.01960758377425044 0.2794022817460317 0.03921516754850088 0.052938988095238095
2 0.6472883597883597 0.4594667658730159 0.1736552028218695 0.08749503968253967
2 0.878099647266314 0.33471478174603175 0.1576058201058201 0.08775049603174603
2 0.8491225749559083 0.5599454365079365 0.14436507936507936 0.0834201388888889
2 0.4875573192239859 0.6016542658730158 0.1614241622574956 0.09006448412698412
2 0.17360670194003527 0.8315649801587301 0.19209876543209878 0.09261904761904761