1 0.10723 0.8311000000000001 0.06941833333333333 0.0806675
1 0.6129816666666666 0.8894225 0.03501833333333334 0.054744999999999995
1 0.772825 0.637165 0.03560833333333333 0.04994
1 0.4540016666666667 0.35026999999999997 0.05395666666666667 0.0780125
1 0.504555 0.6044625 0.04722 0.0562
1 0.1919016666666667 0.07063 0.03582 0.0474675
1 0.6586866666666666 0.890165 0.039268333333333336 0.0513025
1 0.15149 0.40576249999999997 0.040356666666666666 0.053689999999999995
1 0.29180833333333334 0.6989575 0.04436333333333333 0.0519175
1 0.27110666666666666 0.0805375 0.030496666666666665 0.04368
1 0.2481516666666667 0.07431 0.025551666666666667 0.04828
1 0.5048083333333333 0.3801025 0.029631666666666664 0.043725
1 0.054 0.8723150000000001 0.036333333333333336 0.08059000000000001
1 0.68125 0.755 0.0325 0.0475