1 0.672155 0.4284775 0.05296833333333333 0.06744750000000001
1 0.27597499999999997 0.293985 0.06614833333333334 0.1037375
1 0.5368316666666666 0.94782 0.03460333333333333 0.05813
1 0.26232500000000003 0.82235 0.05290333333333334 0.07169750000000001
1 0.3261466666666667 0.7022825 0.05166166666666667 0.056612499999999996
1 0.31887666666666664 0.7736075 0.048679999999999994 0.07984000000000001
1 0.49618999999999996 0.9220275 0.03826 0.0568375
1 0.38348499999999996 0.7614275 0.03775333333333333 0.060387500000000004
1 0.46458333333333335 0.984375 0.034166666666666665 0.03125
1 0.5188266666666667 0.9607775000000001 0.027878333333333335 0.05311
1 0.490795 0.1994225 0.045975 0.06896250000000001