2 0.97375 0.475625 0.0275 0.02875
2 0.9408333333333333 0.459375 0.018333333333333333 0.02375
2 0.91875 0.328125 0.019166666666666665 0.02875
2 0.7679166666666667 0.615625 0.0175 0.01875
2 0.7633333333333333 0.594375 0.02 0.02875
2 0.74375 0.568125 0.019166666666666665 0.02625
2 0.9375 0.6525 0.02666666666666667 0.035
2 0.57 0.363125 0.016666666666666666 0.02375
2 0.5545833333333333 0.36375 0.009166666666666667 0.02
2 0.5454166666666667 0.38 0.0125 0.025
2 0.51375 0.4125 0.015833333333333335 0.015
2 0.50375 0.420625 0.010833333333333334 0.01625
2 0.5129166666666667 0.430625 0.009166666666666667 0.02625
2 0.5125 0.464375 0.015 0.01625
2 0.45916666666666667 0.33375 0.016666666666666666 0.02
2 0.5795833333333333 0.248125 0.010833333333333334 0.01625
2 0.49166666666666664 0.115625 0.015 0.02125
2 0.47708333333333336 0.156875 0.015833333333333335 0.02625
2 0.38708333333333333 0.195 0.019166666666666665 0.0225
2 0.23166666666666666 0.399375 0.03333333333333333 0.04125
2 0.10083333333333333 0.460625 0.06666666666666667 0.07375
2 0.1025 0.255 0.013333333333333334 0.0275
2 0.14666666666666667 0.303125 0.02 0.02125
2 0.025 0.566875 0.03333333333333333 0.07875
2 0.0075 0.565625 0.015 0.09125
2 0.07583333333333334 0.673125 0.04833333333333333 0.06375
2 0.13916666666666666 0.646875 0.0033333333333333335 0.00375
2 0.5420833333333334 0.525 0.014166666666666666 0.0175
2 0.5945833333333334 0.535 0.0125 0.0225