1 0.570295 0.561495 0.031915 0.0456175
1 0.587985 0.6792775 0.03146666666666667 0.0443775
1 0.7835016666666667 0.6575825 0.03452333333333333 0.039575000000000006
1 0.9666149999999999 0.46943 0.039375 0.05711
1 0.8216633333333333 0.8270225 0.03516333333333333 0.040002499999999996
1 0.3151466666666667 0.4969575 0.029228333333333335 0.04122
1 0.6963516666666666 0.3313925 0.025756666666666664 0.042755
1 0.7476499999999999 0.3407325 0.035835 0.0481525
1 0.7087783333333334 0.397725 0.030013333333333336 0.0398525
1 0.704465 0.8350125 0.02883166666666667 0.0417875
1 0.039235 0.489605 0.03161166666666666 0.04389
1 0.8102349999999999 0.533355 0.042936666666666665 0.057972499999999996
1 0.8108700000000001 0.11805249999999999 0.02882 0.038119999999999994
1 0.7686083333333332 0.2080375 0.028056666666666667 0.0387325
1 0.7936016666666666 0.29606 0.015528333333333333 0.037245
1 0.8111900000000001 0.63106 0.03054 0.028035
1 0.7397316666666667 0.8035375 0.032455 0.032792499999999995
1 0.66307 0.8051900000000001 0.032516666666666666 0.047737499999999995
1 0.9688733333333333 0.9668424999999999 0.021023333333333335 0.030842500000000002
1 0.5678333333333333 0.885415 0.015908333333333333 0.0354
1 0.6698433333333333 0.8952899999999999 0.02279 0.026502500000000002
1 0.07184 0.3441125 0.03909166666666667 0.046895000000000006
1 0.12589999999999998 0.3779075 0.029298333333333332 0.0362225
1 0.05030666666666666 0.29711750000000003 0.034616666666666664 0.0527575
1 0.16157333333333335 0.070375 0.0244 0.034915
1 0.2517583333333333 0.41358 0.035655 0.04779
1 0.5534583333333334 0.2862725 0.026668333333333332 0.02586