2 0.4560416666666667 0.20132716049382718 0.017140376984126984 0.03700176366843034
2 0.29780505952380953 0.3145017636684303 0.028769841269841268 0.04788359788359788
2 0.4511458333333333 0.4140784832451499 0.026934523809523808 0.05114638447971781
2 0.573266369047619 0.43094356261022926 0.016527777777777777 0.04135361552028219
2 0.6011185515873015 0.45815255731922394 0.01836309523809524 0.04135361552028219
2 0.49766865079365075 0.4744753086419753 0.01958829365079365 0.02611992945326279
2 0.4508407738095238 0.6328130511463845 0.027547123015873014 0.05114638447971781
2 0.5074627976190476 0.6817857142857142 0.028157242063492065 0.04679453262786596
2 0.3706498015873016 0.6964770723104056 0.032442956349206346 0.04353174603174603
2 0.3798313492063492 0.8031261022927689 0.01775297619047619 0.03047178130511464
2 0.33024801587301583 0.8439329805996473 0.016527777777777777 0.03156084656084656
2 0.5946924603174604 0.86842151675485 0.02142361111111111 0.04135361552028219
2 0.5946924603174604 0.9799647266313932 0.022648809523809522 0.02285273368606702