1 0.32396166666666665 0.7995025 0.04951833333333334 0.07352500000000001
1 0.44708833333333337 0.802365 0.05832333333333333 0.09483
1 0.5441733333333333 0.34486 0.04554333333333333 0.0622175
1 0.3141833333333333 0.6640575 0.05554 0.072995
1 0.38736666666666664 0.7613624999999999 0.042903333333333335 0.0635325
1 0.5034816666666666 0.9612625 0.041793333333333335 0.0577875
1 0.6266983333333334 0.3455025 0.0473 0.06595999999999999
1 0.4511816666666667 0.969855 0.031045000000000003 0.0460525
1 0.7139783333333333 0.016730000000000002 0.053053333333333334 0.03306
1 0.65562 0.01257 0.040001666666666665 0.025142499999999998
1 0.8338249999999999 0.02909 0.057345 0.0581825
1 0.598175 0.50627 0.04319166666666666 0.054112499999999994
2 0.6931983333333332 0.89876 0.034653333333333335 0.05736
2 0.8129216666666667 0.9136124999999999 0.043304999999999996 0.0420525
1 0.7968483333333334 0.11261249999999999 0.060333333333333336 0.07227249999999999
1 0.37391166666666664 0.6048225 0.03221666666666667 0.0465775
1 0.25748333333333334 0.16450499999999998 0.023196666666666668 0.0384
1 0.523935 0.20639500000000002 0.03711166666666667 0.046625
1 0.3335033333333333 0.39110500000000004 0.027941666666666667 0.045807499999999994
1 0.66142 0.32966500000000004 0.030578333333333332 0.060164999999999996
1 0.6851416666666668 0.0894575 0.04184333333333334 0.065765
1 0.463185 0.17697749999999998 0.040183333333333335 0.064165
1 0.5631933333333333 0.3106525 0.033718333333333336 0.052414999999999996
1 0.5223633333333333 0.41002 0.03289 0.0629725