1 0.3358966666666667 0.6932725000000001 0.049016666666666674 0.068515
1 0.10284166666666666 0.171945 0.059745000000000006 0.0772725
1 0.29453666666666667 0.42419999999999997 0.052278333333333336 0.07638500000000001
1 0.7545916666666667 0.6767424999999999 0.051653333333333336 0.0690275
1 0.9720266666666666 0.6939525 0.046498333333333336 0.0697475
1 0.9437450000000001 0.40035000000000004 0.060186666666666666 0.06909
1 0.15662 0.1012375 0.05894666666666667 0.0848725
1 0.9801716666666667 0.7857225 0.036735 0.052469999999999996
1 0.8567016666666667 0.38757749999999996 0.04201333333333333 0.054630000000000005
1 0.4134066666666667 0.6573475 0.048323333333333336 0.05788
1 0.895235 0.3345025 0.04505166666666667 0.05193
1 0.50015 0.695225 0.04745833333333333 0.069575
1 0.18722333333333332 0.27858999999999995 0.049054999999999994 0.07316249999999999
1 0.7177 0.7157224999999999 0.04425166666666667 0.062125
1 0.8192283333333333 0.7487 0.04086 0.0544375
1 0.8248816666666666 0.3186425 0.039751666666666664 0.0473425
1 0.9827866666666667 0.9759249999999999 0.03442666666666667 0.0462275
1 0.38951833333333336 0.427595 0.04405833333333334 0.060485
2 0.016656666666666667 0.57637 0.018356666666666667 0.01686
1 0.19177666666666668 0.52943 0.02597 0.0338225