1 0.6183966666666667 0.59703 0.030516666666666664 0.0485725
1 0.58373 0.4685025 0.03834333333333333 0.040659999999999995
1 0.833205 0.273065 0.041495 0.0573775
1 0.4468416666666667 0.3898925 0.029836666666666668 0.03523
1 0.53042 0.44079 0.02808666666666667 0.03762
1 0.6300600000000001 0.9636125 0.03573 0.0498225
1 0.8169766666666666 0.589905 0.035276666666666665 0.04879
1 0.5577716666666667 0.116755 0.029733333333333334 0.04174
1 0.8264133333333332 0.0438525 0.030475 0.0394925
1 0.41133500000000006 0.48327749999999997 0.025545 0.0382925
1 0.2102683333333333 0.730915 0.020963333333333334 0.038502499999999995
1 0.6476533333333333 0.98738 0.02842 0.02524
1 0.9798150000000001 0.8163775000000001 0.04037 0.0511225
1 0.66126 0.9169625 0.03294166666666667 0.055082500000000006
1 0.018668333333333335 0.9756375 0.020205 0.027342500000000002
1 0.3317283333333333 0.0668575 0.020458333333333332 0.03288
1 0.5796616666666666 0.39217250000000003 0.02321166666666667 0.038615000000000003