0 0.7472516666666668 0.18177000000000001 0.006679999999999999 0.012425
0 0.681785 0.18557749999999998 0.006144999999999999 0.012825
0 0.6733683333333333 0.18116749999999998 0.008016666666666667 0.012025000000000001
0 0.6780433333333333 0.19820249999999998 0.006679999999999999 0.006815000000000001
0 0.6747033333333333 0.1911875 0.0064133333333333325 0.0080175
0 0.6991533333333333 0.25091 0.02111 0.0312625
0 0.6887333333333333 0.28297500000000003 0.012558333333333333 0.021645
0 0.7123799999999999 0.29039 0.028325 0.0180375
0 0.740705 0.18658000000000002 0.005345 0.0060125000000000005
0 0.7436433333333333 0.189785 0.00481 0.0060125000000000005
0 0.7472516666666668 0.19339250000000002 0.005076666666666667 0.006815000000000001
0 0.7786483333333334 0.214235 0.004275 0.006815000000000001
0 0.7850616666666667 0.219245 0.011756666666666667 0.012025000000000001
0 0.77945 0.193995 0.005345 0.00962
0 0.7710333333333333 0.26814499999999997 0.005611666666666667 0.007215
0 0.6801816666666667 0.21443500000000001 0.007215 0.00962
0 0.666955 0.2054175 0.016566666666666667 0.01964
0 0.7142516666666667 0.489195 0.017101666666666668 0.016432500000000003
0 0.7404383333333333 0.4715575 0.032064999999999996 0.038880000000000005
0 0.760745 0.44570499999999996 0.02298 0.0304625
0 0.8143216666666667 0.55072 0.01149 0.01523
0 0.8394383333333334 0.5643475 0.009886666666666667 0.01523
0 0.44698499999999997 0.46170999999999995 0.021578333333333335 0.035125
0 0.4598516666666667 0.4648875 0.007193333333333333 0.0160625
0 0.4505016666666667 0.44672500000000004 0.005913333333333333 0.00923
0 0.4594116666666666 0.45139999999999997 0.005515000000000001 0.0082725
0 0.46113000000000004 0.447865 0.003996666666666667 0.0064725
0 0.4639666666666667 0.455535 0.004555 0.0071925
0 0.46932166666666664 0.455955 0.005355 0.006832499999999999
0 0.46600500000000006 0.46111 0.004475 0.0085125
0 0.46488666666666667 0.477295 0.007033333333333334 0.013545
0 0.5259633333333333 0.4114 0.01595 0.01939
0 0.5188233333333333 0.42391 0.006463333333333334 0.008445000000000001
0 0.5247133333333334 0.42383 0.005316666666666667 0.0076625
0 0.5297166666666667 0.42555 0.005941666666666666 0.012352499999999999
0 0.5311766666666666 0.4370425 0.0049 0.008445000000000001
0 0.52539 0.4379025 0.0052116666666666665 0.0089125
0 0.5363366666666667 0.4382175 0.006463333333333334 0.011727499999999998
0 0.545145 0.3938875 0.006566666666666667 0.0121975
0 0.5819949999999999 0.5074075 0.008548333333333333 0.010945
0 0.5859566666666667 0.502405 0.00417 0.0071925
0 0.58726 0.51335 0.0049 0.0071925
0 0.45956 0.3974025 0.00691 0.00792
0 0.4557933333333334 0.40299250000000003 0.006056666666666668 0.0072225
0 0.4625883333333334 0.405555 0.00396 0.0062900000000000005
0 0.46786833333333333 0.40264249999999996 0.002873333333333333 0.0041925
0 0.4819616666666667 0.4150475 0.004658333333333333 0.00664
0 0.4095933333333333 0.419765 0.008851666666666667 0.009317500000000001
0 0.417475 0.42815 0.005201666666666667 0.007455
0 0.4015566666666667 0.40841000000000005 0.006135000000000001 0.0080375
0 0.4051666666666667 0.40346 0.004503333333333333 0.0069875
0 0.3964316666666667 0.405265 0.0048916666666666666 0.007105
0 0.3881616666666666 0.41364999999999996 0.00528 0.004775000000000001
0 0.40272166666666664 0.417085 0.005201666666666667 0.010715
0 0.39887833333333333 0.41301 0.0024850000000000002 0.0034950000000000003
0 0.39604333333333336 0.41277749999999996 0.002718333333333333 0.00396
0 0.393365 0.412135 0.00264 0.0038425
0 0.40439 0.42716000000000004 0.0032616666666666666 0.00524
0 0.40524499999999997 0.4247725 0.003106666666666667 0.0041925
0 0.40307000000000004 0.43129500000000004 0.0035716666666666666 0.004425
0 0.40241 0.439565 0.005358333333333333 0.009550000000000001
0 0.40963166666666667 0.4251225 0.003805 0.00466
0 0.46103500000000003 0.3908225 0.00396 0.00431
0 0.46495666666666663 0.39250999999999997 0.003106666666666667 0.0048925
0 0.37823166666666663 0.509625 0.008868333333333334 0.00948
0 0.37858833333333336 0.465285 0.004485 0.005809999999999999
0 0.364905 0.1572475 0.024306666666666667 0.038677500000000004
0 0.37811500000000003 0.10652249999999999 0.008031666666666666 0.0228275
0 0.43782333333333334 0.14948 0.004015 0.00539
0 0.4354983333333333 0.1547125 0.003593333333333333 0.0050725
0 0.44004166666666666 0.156455 0.005495 0.00856
0 0.43592 0.16041999999999998 0.004861666666666667 0.0044375
0 0.44236666666666663 0.23951750000000002 0.007186666666666666 0.0129975
0 0.443635 0.25014 0.007186666666666666 0.0082425
0 0.40474499999999997 0.2293725 0.008031666666666666 0.0104625
0 0.32559333333333335 0.17405 0.005706666666666667 0.00634
0 0.29124833333333333 0.09447499999999999 0.01395 0.027265
0 0.3049866666666667 0.11888750000000001 0.016063333333333332 0.0152175
0 0.30128666666666665 0.10240250000000001 0.006975 0.00634
0 0.321155 0.051835 0.007396666666666667 0.011095
0 0.31164333333333333 0.25125 0.0052833333333333335 0.009827500000000001
0 0.269795 0.1729425 0.004861666666666667 0.007925
0 0.27772166666666664 0.14583500000000002 0.005495 0.006974999999999999
2 0.26416333333333336 0.1981225 0.012596666666666666 0.03509
2 0.2270933333333333 0.3953 0.018715000000000002 0.0332
2 0.12384166666666666 0.583735 0.033236666666666664 0.043785
2 0.16791666666666666 0.5789675 0.027166666666666665 0.0342475
0 0.3763516666666667 0.503145 0.00485 0.00525
0 0.19193166666666664 0.7455075000000001 0.012051666666666667 0.019434999999999997
0 0.21076333333333333 0.755 0.012956666666666667 0.026664999999999998
0 0.22763666666666665 0.8001950000000001 0.00934 0.0176275
0 0.22191166666666667 0.80833 0.008135 0.01401
0 0.14357333333333333 0.7970325 0.009943333333333334 0.0131075
0 0.18229 0.812625 0.007231666666666667 0.0108475
0 0.32661666666666667 0.932395 0.008436666666666667 0.0180775
0 0.32661666666666667 0.874995 0.012051666666666667 0.01175
0 0.3333966666666667 0.8971399999999999 0.008738333333333334 0.012655
0 0.34725666666666666 0.9003049999999999 0.008738333333333334 0.024405
0 0.3728666666666666 0.830025 0.006326666666666667 0.010395
0 0.4124883333333333 0.7717225 0.005423333333333333 0.011300000000000001
0 0.420625 0.7809875 0.004821666666666667 0.00904
0 0.44277 0.6725175 0.005725 0.01175
0 0.44081166666666666 0.680425 0.005423333333333333 0.0085875
0 0.43576333333333334 0.6943025 0.006261666666666667 0.006872499999999999
0 0.4377483333333333 0.6888624999999999 0.004886666666666667 0.00607
0 0.45702833333333337 0.726315 0.004658333333333333 0.007215
0 0.46210500000000004 0.7211625 0.004581666666666666 0.0067575000000000005
0 0.4646633333333333 0.7291224999999999 0.0038933333333333333 0.006415
0 0.4606166666666666 0.7337025 0.00588 0.01489
0 0.5516983333333333 0.75382 0.012711666666666666 0.01589
0 0.562505 0.7991050000000001 0.025423333333333333 0.02447
0 0.9269866666666666 0.5979249999999999 0.03596 0.05255
0 0.8403299999999999 0.5311950000000001 0.009453333333333333 0.014735
0 0.7079216666666667 0.5844349999999999 0.011566666666666668 0.0149675
0 0.7187716666666667 0.46482249999999997 0.00827 0.011715
0 0.7199200000000001 0.4743 0.009648333333333333 0.008615
0 0.8501666666666666 0.43657 0.012405000000000001 0.0213625
0 0.7711366666666666 0.7312225 0.008361666666666667 0.0113675
0 0.8812800000000001 0.7065275000000001 0.0081 0.009800000000000001
0 0.7860316666666666 0.8546925 0.007316666666666667 0.009015
0 0.7322016666666666 0.7712025 0.006271666666666667 0.0066625
0 0.72789 0.7761024999999999 0.004965 0.007055
0 0.7017583333333334 0.6969249999999999 0.007055 0.010975
0 0.70816 0.72005 0.005748333333333334 0.0086225
0 0.6739283333333334 0.844305 0.008885 0.014895
0 0.737035 0.072515 0.012805 0.014895
0 0.7374266666666668 0.0252825 0.012543333333333333 0.0113675
0 0.7619916666666666 0.1099475 0.005226666666666667 0.009015
0 0.6410033333333334 0.020775 0.012543333333333333 0.01019
0 0.6187916666666666 0.01176 0.00784 0.0133275
0 0.6138266666666666 0.0315525 0.007316666666666667 0.0145025
0 0.5990616666666666 0.029005 0.006010000000000001 0.009407500000000001
0 0.5950116666666667 0.041745 0.006271666666666667 0.009800000000000001
0 0.257555 0.0811225 0.006343333333333334 0.01302
0 0.24914333333333333 0.0504025 0.009638333333333334 0.0156275
0 0.28157333333333334 0.045517499999999995 0.009376666666666667 0.013675000000000001
0 0.5248233333333333 0.0068125 0.013976666666666667 0.013625
0 0.47214833333333334 0.0446825 0.005416666666666667 0.0060275
0 0.48044833333333337 0.0511025 0.0055899999999999995 0.00891
0 0.4392166666666667 0.0811075 0.008386666666666667 0.011792500000000001
0 0.17269833333333334 0.1045625 0.006465 0.011529999999999999
0 0.24450333333333332 0.48376749999999996 0.014849999999999999 0.02044
0 0.18396833333333332 0.7725599999999999 0.014674999999999999 0.0110075
0 0.070265 0.17148750000000001 0.013018333333333333 0.016022500000000002
0 0.00776 0.22719 0.01018 0.02228
0 0.068595 0.2427125 0.010348333333333334 0.018775
0 0.05799666666666667 0.24584 0.009513333333333334 0.016022500000000002
0 0.09379666666666667 0.184505 0.009346666666666666 0.0125175
0 0.161725 0.461515 0.007676666666666667 0.0077599999999999995
0 0.23783 0.43810750000000004 0.005006666666666666 0.010015000000000001
0 0.253685 0.44612 0.009346666666666666 0.010015000000000001
0 0.24242 0.451 0.00751 0.00726
0 0.047014999999999994 0.545785 0.010873333333333332 0.009914999999999998
0 0.13731333333333334 0.3484525 0.006396666666666667 0.0067175
0 0.1979733333333333 0.38171499999999997 0.004903333333333333 0.009275
0 0.1918966666666667 0.2226 0.005116666666666667 0.0076749999999999995
0 0.21695 0.11178 0.007888333333333332 0.009914999999999998
0 0.10522333333333334 0.05373 0.009168333333333332 0.008955
0 0.20533 0.0788375 0.008528333333333334 0.013112500000000001
0 0.12334666666666667 0.3759575 0.004051666666666666 0.0060775
0 0.12206666666666666 0.3564475 0.003625 0.0060775
0 0.12174833333333333 0.36380250000000003 0.005543333333333333 0.0054375
0 0.11918833333333333 0.3764375 0.00469 0.0063974999999999995