1 0.215215 0.4760725 0.04119 0.06406999999999999
1 0.8386266666666667 0.49491250000000003 0.03913333333333333 0.050155
1 0.5325133333333333 0.838 0.041069999999999995 0.0583275
1 0.5303083333333333 0.7261749999999999 0.037281666666666664 0.05216
1 0.37063666666666667 0.5203475 0.040285 0.0542875
1 0.39980000000000004 0.452805 0.03427 0.048575
1 0.545015 0.905825 0.03560166666666667 0.0501575
1 0.8018466666666667 0.4863175 0.029063333333333333 0.0412325
1 0.8045483333333333 0.3098075 0.032536666666666665 0.037935
1 0.22193666666666664 0.2001375 0.032285 0.040485
1 0.9159233333333333 0.9795175 0.025958333333333333 0.040965
1 0.5720866666666666 0.144165 0.019286666666666667 0.02976
1 0.7027716666666667 0.01787 0.031948333333333336 0.0357375
1 0.25329 0.9557899999999999 0.026459999999999997 0.045700000000000005
1 0.41783 0.901415 0.024564999999999997 0.03389
1 0.06474333333333333 0.43146249999999997 0.031165 0.056195