1 0.17037666666666668 0.6719775 0.08834833333333333 0.13289250000000002
1 0.66224 0.20229750000000002 0.11016666666666666 0.1858425
1 0.5273766666666667 0.7138475 0.09450666666666666 0.1439925
1 0.666525 0.42258999999999997 0.09953 0.1540175
1 0.7088949999999999 0.7761775 0.06995833333333333 0.11434
1 0.8234633333333333 0.592105 0.07590666666666666 0.097865
1 0.9428616666666667 0.33753750000000005 0.07277833333333333 0.0919775
1 0.3933183333333333 0.759715 0.051285 0.0733925
1 0.9415666666666666 0.02137 0.07303833333333333 0.04274
1 0.427145 0.5326975 0.05674166666666666 0.09324500000000001
1 0.13503833333333334 0.8866675 0.040415 0.0515625
1 0.6136166666666666 0.5993225 0.07618166666666666 0.1028925
1 0.34508666666666665 0.5437175 0.0593 0.086075
1 0.18041333333333334 0.9400075 0.030766666666666664 0.04603
2 0.46540166666666666 0.94986 0.0464 0.061634999999999995
1 0.5630583333333333 0.11383750000000001 0.05560166666666667 0.0871375
1 0.8304033333333334 0.25253749999999997 0.079165 0.11156999999999999
1 0.8964483333333333 0.7306950000000001 0.06015166666666667 0.084015
1 0.21627500000000002 0.9327975000000001 0.04055 0.0564225