1 0.7106766666666667 0.55395 0.028861666666666664 0.0421875
1 0.37302833333333335 0.3543525 0.045219999999999996 0.06699250000000001
1 0.377565 0.6954175 0.033365 0.0521625
1 0.5421733333333333 0.5818450000000001 0.029268333333333337 0.038615000000000003
1 0.7118099999999999 0.14212 0.027121666666666665 0.037770000000000005
1 0.3908783333333333 0.4591675 0.033285 0.06419499999999999
1 0.42679833333333334 0.14125749999999998 0.026108333333333334 0.0296225
1 0.40824 0.50814 0.04225 0.052225
1 0.51969 0.457 0.027266666666666665 0.037032499999999996
1 0.6963883333333333 0.1105 0.025451666666666668 0.0362625
1 0.6216083333333333 0.5954725 0.016083333333333335 0.0336375
1 0.67247 0.51549 0.019276666666666668 0.03258
1 0.701835 0.292435 0.019481666666666668 0.02985
1 0.7029833333333333 0.2323925 0.01881666666666667 0.034222499999999996
1 0.7596533333333333 0.2904175 0.01733 0.024702500000000002
1 0.9109833333333333 0.30172750000000004 0.014223333333333334 0.02173
1 0.9506966666666667 0.28309500000000004 0.019085 0.0237025
1 0.9689933333333334 0.3159475 0.012341666666666666 0.019620000000000002
1 0.99167 0.23120249999999998 0.014551666666666668 0.02794
1 0.97327 0.10918000000000001 0.016431666666666667 0.0181125
1 0.14465666666666668 0.41166250000000004 0.024976666666666668 0.06662