1 0.5260683333333334 0.269775 0.06428166666666667 0.08035250000000001
1 0.3817683333333334 0.0570125 0.05993 0.0763075
1 0.34659 0.5576425 0.04955333333333333 0.07093250000000001
1 0.53687 0.5349475 0.05412833333333333 0.06928749999999999
1 0.35357666666666665 0.120245 0.049600000000000005 0.0818175
1 0.93125 0.460225 0.048321666666666666 0.062225
1 0.432135 0.5776775 0.053575 0.0794325
1 0.3770733333333333 0.60851 0.04620833333333333 0.068095
1 0.7634299999999999 0.3244625 0.04615833333333333 0.06085
1 0.6784833333333333 0.75801 0.03777833333333333 0.0643975
1 0.6368916666666666 0.67512 0.051693333333333334 0.06497499999999999
1 0.5738416666666667 0.5786024999999999 0.04640166666666667 0.06476000000000001
1 0.6656733333333333 0.64001 0.05125666666666667 0.0769625
1 0.7237833333333333 0.7627999999999999 0.050185 0.0424475
1 0.09774333333333333 0.290565 0.023106666666666664 0.03429
1 0.036261666666666664 0.6683875 0.03337 0.042045
1 0.13636833333333334 0.6984175 0.03248 0.0513875
1 0.252365 0.09685500000000001 0.02341333333333333 0.0264325
1 0.26199666666666666 0.488495 0.02238 0.039357500000000004