1 0.4282066666666666 0.43269 0.05972666666666667 0.083785
1 0.8519733333333334 0.0257775 0.03177666666666667 0.0504925
1 0.47076833333333334 0.46279000000000003 0.04104666666666667 0.074935
1 0.6918083333333334 0.2183175 0.03825 0.053017499999999995
1 0.19835666666666668 0.6260175 0.0409 0.06747
1 0.7506333333333334 0.32233999999999996 0.04848333333333333 0.068255
1 0.27801333333333333 0.56902 0.04726666666666667 0.0769975
1 0.44565166666666667 0.1710075 0.03410333333333333 0.061497500000000004
1 0.6631583333333333 0.1835175 0.032805 0.049955
1 0.42339333333333334 0.2457375 0.033758333333333335 0.05124
1 0.32125333333333334 0.6748375 0.036511666666666664 0.0601175
1 0.839455 0.7780775 0.07585833333333333 0.1109325
1 0.6058116666666666 0.1974325 0.03331833333333333 0.0344
1 0.48025999999999996 0.141 0.032685000000000006 0.0542325
1 0.8189 0.0157675 0.033825 0.031535
1 0.38532333333333335 0.4346875 0.038428333333333335 0.05765
1 0.43267 0.77967 0.04155333333333333 0.0513875
1 0.6912699999999999 0.487125 0.03564 0.0500625
1 0.41265 0.187865 0.033141666666666666 0.061377499999999995
1 0.5160666666666667 0.48919999999999997 0.039685000000000005 0.0532875
1 0.7667966666666666 0.35212 0.024475 0.059685
1 0.6556649999999999 0.135185 0.028833333333333332 0.05257
1 0.4885833333333333 0.2256875 0.043338333333333326 0.050185
1 0.42670833333333336 0.48208 0.04043833333333333 0.03731