1 0.7008500000000001 0.12742 0.03806333333333333 0.055737499999999995
1 0.24510500000000002 0.38388 0.03941666666666667 0.053564999999999995
1 0.39891499999999996 0.43822750000000005 0.032946666666666666 0.0522175
1 0.26558333333333334 0.3455 0.036901666666666666 0.0586725
1 0.31378333333333336 0.215605 0.04090166666666667 0.062515
1 0.8134316666666667 0.068215 0.029266666666666667 0.0439425
1 0.8728333333333333 0.0931225 0.03277 0.0446125
1 0.6173916666666667 0.42891500000000005 0.026071666666666667 0.043922499999999996
1 0.350445 0.360375 0.035548333333333335 0.052555
1 0.4876216666666667 0.8803350000000001 0.03483666666666667 0.04969
1 0.5167816666666667 0.48523 0.039461666666666666 0.06325
1 0.6651733333333333 0.9534775 0.028528333333333333 0.040995
1 0.4588716666666667 0.78371 0.03663 0.045274999999999996
1 0.8637416666666666 0.812755 0.024391666666666666 0.031895
1 0.7898916666666668 0.809825 0.023228333333333333 0.03179
1 0.3028 0.3698825 0.030558333333333333 0.050125
1 0.3043083333333333 0.86338 0.031178333333333332 0.0458
1 0.8524866666666667 0.9072175 0.022483333333333334 0.03268
1 0.8380216666666667 0.6577925 0.029041666666666667 0.03382
1 0.8971499999999999 0.31646749999999996 0.021915 0.029125
1 0.899695 0.35531 0.015883333333333333 0.02852
1 0.861015 0.3888475 0.016386666666666664 0.017305
1 0.7373566666666668 0.2082925 0.018054999999999998 0.028392499999999998
1 0.6822816666666667 0.2395775 0.026834999999999998 0.04219
1 0.9471966666666667 0.13793 0.018478333333333333 0.0262775
1 0.9737433333333333 0.125615 0.012535 0.0247475
1 0.9181166666666666 0.12124750000000001 0.012513333333333333 0.024995
1 0.9540366666666668 0.26905 0.01847 0.022844999999999997
1 0.8062316666666667 0.9217025 0.015354999999999999 0.0242275
1 0.869945 0.935265 0.01828 0.0261825
1 0.4117366666666667 0.824175 0.028626666666666665 0.030422499999999998
1 0.23180666666666666 0.7564375 0.03044 0.04132
1 0.421625 0.55767 0.0273 0.04448