2 0.6890233333333334 0.053759999999999995 0.03955333333333333 0.0695475
2 0.576295 0.09844 0.037180000000000005 0.0639825
2 0.637075 0.19175999999999999 0.04641 0.056015
2 0.6179583333333334 0.28270249999999997 0.0414 0.0575375
2 0.59304 0.45047000000000004 0.04693666666666667 0.0560775
2 0.664235 0.3986325 0.038498333333333336 0.052344999999999996
2 0.6175633333333334 0.38181 0.03902666666666667 0.05403
2 0.5015383333333333 0.4922025 0.03797166666666667 0.0526875
2 0.5695716666666666 0.6345925 0.03797166666666667 0.0469775
2 0.56878 0.6755275000000001 0.030060000000000003 0.0301525
2 0.261185 0.672905 0.05563833333333333 0.07614
2 0.2584166666666667 0.751395 0.04851833333333334 0.064625