2 0.31425485008818344 0.0885342261904762 0.031155202821869486 0.01873511904761905
2 0.17082451499118165 0.11089533730158731 0.05156966490299823 0.033239087301587304
2 0.27235449735449735 0.20879960317460317 0.048346560846560846 0.03202876984126984
2 0.30834656084656087 0.19610863095238096 0.05371693121693122 0.030820932539682537
2 0.3636772486772487 0.20396329365079366 0.050493827160493825 0.02961309523809524
2 0.3357407407407408 0.22028025793650793 0.05264550264550265 0.027194940476190477
2 0.42437830687830685 0.24868551587301588 0.034378306878306876 0.017524801587301585
2 0.04727072310405644 0.2949156746031746 0.06231481481481482 0.03384176587301587
2 0.02256172839506173 0.3130456349206349 0.04512345679012346 0.0398859126984127
2 0.18909171075837744 0.36864583333333334 0.03652998236331569 0.015711805555555555
2 0.3228483245149912 0.3348015873015873 0.039753086419753086 0.022963789682539683
2 0.3228483245149912 0.353234126984127 0.039753086419753086 0.017524801587301585
2 0.45714726631393293 0.34628472222222223 0.026860670194003528 0.013296130952380952
2 0.4313624338624339 0.3345014880952381 0.01611552028218695 0.01148313492063492
2 0.37066137566137564 0.29733382936507935 0.015039682539682539 0.012085813492063491
2 0.17082451499118165 0.4623189484126984 0.0279320987654321 0.02054811507936508
2 0.33359347442680776 0.4961607142857143 0.026860670194003528 0.013296130952380952
2 0.40119047619047615 0.5224776785714286 0.02088183421516755 0.012080853174603175
2 0.44831569664903 0.5135863095238096 0.01849206349206349 0.009732142857142858
2 0.487989417989418 0.5268402777777778 0.02624779541446208 0.014094742063492063
2 0.4945502645502646 0.5353968253968253 0.019091710758377425 0.011746031746031746
2 0.4808289241622575 0.5520064484126984 0.01670194003527337 0.011408730158730158
2 0.45398589065255734 0.5310342261904762 0.017896825396825397 0.011746031746031746
2 0.5306437389770723 0.4934523809523809 0.024457671957671956 0.011073908730158729
2 0.3042460317460317 0.6135838293650793 0.021477072310405645 0.011073908730158729
2 0.34958553791887126 0.6209672619047618 0.019091710758377425 0.010401785714285714
2 0.33109347442680775 0.6278447420634921 0.010736331569664904 0.006039186507936508
2 0.3403395061728395 0.6333829365079365 0.014916225749559081 0.007718253968253969
2 0.32721340388007053 0.6436185515873016 0.016106701940035273 0.008053075396825397
2 0.34182980599647267 0.661904761904762 0.020282186948853614 0.010401785714285714
2 0.371657848324515 0.6451264880952381 0.007160493827160493 0.0036904761904761906
2 0.34928571428571425 0.6968055555555556 0.024457671957671956 0.01308779761904762
2 0.3752380952380952 0.6947916666666667 0.021477072310405645 0.010401785714285714
2 0.39701499118165784 0.6778447420634921 0.01849206349206349 0.008053075396825397
2 0.4259479717813051 0.6813690476190477 0.019091710758377425 0.007046130952380952
2 0.4847089947089947 0.6832142857142857 0.017301587301587304 0.010066964285714287
2 0.4557760141093475 0.696468253968254 0.020282186948853614 0.011073908730158729
2 0.36725749559082893 0.751703869047619 0.029828042328042332 0.016428571428571428
2 0.47694003527336865 0.7347519841269842 0.02671957671957672 0.015379464285714285
2 0.563937389770723 0.71203125 0.02050705467372134 0.011185515873015873
2 0.5605202821869488 0.7018948412698413 0.021128747795414463 0.009786706349206349
2 0.5384611992945326 0.7880580357142857 0.030449735449735452 0.015029761904761905
2 0.5558597883597883 0.7408680555555555 0.02671957671957672 0.013633432539682539
2 0.5039329805996473 0.8162425595238095 0.031009700176366842 0.018933531746031747
2 0.46041005291005294 0.8103794642857143 0.0295326278659612 0.016612103174603175
2 0.4221693121693122 0.8434970238095238 0.03559082892416226 0.021083829365079368
2 0.3205070546737213 0.8351909722222222 0.03369929453262787 0.01980654761904762
2 0.16308201058201058 0.9655679563492063 0.037253086419753084 0.025017361111111112
2 0.8921913580246914 0.9553794642857143 0.04094797178130512 0.02407986111111111