2 0.5106448412698413 0.6423015873015873 0.0323561507936508 0.04673280423280423
2 0.5549553571428572 0.4892548500881835 0.023425099206349206 0.03751763668430335
2 0.6312127976190477 0.24682098765432098 0.02878720238095238 0.049422398589065254
2 0.5312400793650793 0.0258994708994709 0.027251984126984125 0.03967813051146384
2 0.48128720238095235 0.14246031746031748 0.024955357142857144 0.042477954144620814
2 0.4025892857142857 0.25684303350970017 0.022926587301587302 0.04006613756613757
2 0.32930059523809524 0.30086860670194004 0.025158730158730158 0.04287037037037037
2 0.24770585317460317 0.2603835978835979 0.028968253968253966 0.0383289241622575
2 0.27822420634920636 0.14881834215167547 0.026572420634920636 0.042345679012345684
2 0.301297123015873 0.1858994708994709 0.02257936507936508 0.03715608465608466
2 0.1108234126984127 0.027372134038800705 0.02306299603174603 0.036737213403880066
2 0.0887202380952381 0.017729276895943565 0.024449404761904762 0.03545855379188713
2 0.20647569444444444 0.29124779541446205 0.02421875 0.03538800705467372
2 0.5944196428571428 0.5420987654320988 0.03471230158730159 0.05208112874779541
2 0.3427951388888889 0.8583465608465608 0.03726686507936508 0.05554232804232804
2 0.5474007936507936 0.7311552028218695 0.02650545634920635 0.048064373897707235
2 0.5926884920634921 0.7438447971781305 0.026143353174603173 0.044056437389770726
2 0.6202728174603175 0.5555246913580247 0.02451140873015873 0.041578483245149914
2 0.07192708333333334 0.6807142857142857 0.03620535714285714 0.0500705467372134
2 0.11958333333333333 0.8326278659611993 0.03561755952380953 0.04819223985890653
2 0.4398685515873016 0.8186022927689593 0.02156001984126984 0.03865079365079365
2 0.5203769841269841 0.711847442680776 0.020409226190476193 0.03590828924162257
2 0.41243303571428575 0.02556878306878307 0.026830357142857145 0.03447530864197531
2 0.6925124007936508 0.3340035273368607 0.01745535714285714 0.03271604938271605
2 0.7598090277777778 0.4734479717813051 0.014283234126984129 0.01915343915343915
2 0.6748536706349207 0.49612433862433863 0.011800595238095238 0.02068783068783069
2 0.6946478174603175 0.5195811287477955 0.017896825396825397 0.02790564373897707
2 0.7082787698412699 0.5308068783068782 0.008802083333333334 0.013593474426807759
2 0.735843253968254 0.5096340388007055 0.012212301587301588 0.01572751322751323
2 0.719546130952381 0.7006878306878307 0.014350198412698413 0.029559082892416228
2 0.7109176587301588 0.6103218694885362 0.010739087301587302 0.02084215167548501
2 0.5727529761904763 0.29259700176366843 0.01478422619047619 0.025202821869488534
2 0.5003546626984127 0.16153880070546736 0.017189980158730158 0.024775132275132273
2 0.5455183531746032 0.19989858906525573 0.026587301587301587 0.03998677248677249
2 0.5534201388888889 0.4144356261022928 0.013549107142857144 0.028818342151675485
2 0.48804315476190474 0.5395899470899471 0.00915922619047619 0.015626102292768958
2 0.18782490079365077 0.1906393298059965 0.01351686507936508 0.016750440917107586
2 0.19407242063492064 0.14323192239858906 0.014518849206349205 0.02410493827160494
2 0.7195163690476191 0.9913139329805998 0.024618055555555556 0.017372134038800703