2 0.3002066666666667 0.897675 0.020953333333333334 0.0261125
1 0.79375 0.27769499999999997 0.018016666666666667 0.0256125
2 0.5277 0.7771399999999999 0.01993666666666667 0.0204225
1 0.7763133333333333 0.25977 0.021648333333333332 0.029935
1 0.1825 0.468125 0.03166666666666667 0.04125
1 0.2824816666666667 0.80233 0.029836666666666668 0.0397025
1 0.12150999999999999 0.6193425 0.03031666666666667 0.033205
1 0.5977066666666666 0.415185 0.025138333333333335 0.040917499999999996
1 0.5653483333333333 0.4312325 0.029951666666666668 0.03129
1 0.7112766666666667 0.461715 0.017121666666666667 0.023447500000000003
1 0.69357 0.4484525 0.015735 0.01993