2 0.49514991181657847 0.23541914682539683 0.04244268077601411 0.025200892857142856
2 0.38432980599647265 0.35876488095238096 0.037724867724867724 0.025200892857142856
2 0.24757495590828923 0.3408581349206349 0.03301146384479718 0.018568948412698415
2 0.3560361552028219 0.40120535714285716 0.018862433862433862 0.019893353174603175
2 0.4149823633156966 0.42706845238095237 0.03301146384479718 0.018568948412698415
2 0.6943915343915344 0.42706845238095237 0.05423280423280423 0.02652529761904762
2 0.5222663139329806 0.533172123015873 0.05894620811287478 0.031830357142857146
2 0.5352336860670195 0.7102331349206349 0.05658730158730159 0.0358110119047619
2 0.9136728395061728 0.659171626984127 0.0730952380952381 0.055704365079365076
2 0.03583333333333333 0.4374627976190476 0.005511463844797178 0.003988095238095238
2 0.09743386243386243 0.47424107142857147 0.007566137566137566 0.005054563492063492
2 0.11966490299823632 0.4855481150793651 0.006622574955908289 0.004255952380952381
2 0.1097310405643739 0.4858159722222222 0.004731040564373898 0.0037251984126984126
2 0.1735846560846561 0.499781746031746 0.00851410934744268 0.0034598214285714284
2 0.29845238095238097 0.4659945436507937 0.029325396825396827 0.01623015873015873
2 0.25304673721340387 0.4518923611111111 0.007566137566137566 0.0034598214285714284
2 0.1310185185185185 0.5219990079365079 0.006622574955908289 0.004255952380952381
2 0.09341269841269842 0.5134846230158729 0.008042328042328042 0.004255952380952381
2 0.08773809523809524 0.5217311507936507 0.009933862433862434 0.004255952380952381
2 0.06243386243386243 0.5234623015873016 0.00851410934744268 0.004523809523809524
2 0.059122574955908294 0.517609126984127 0.006622574955908289 0.003990575396825397
2 0.05108024691358024 0.5169419642857143 0.003783068783068783 0.004789186507936508
2 0.07922398589065256 0.5384945436507936 0.008985890652557319 0.004789186507936508
2 0.09104938271604938 0.546076388888889 0.006150793650793651 0.0029265873015873016
2 0.10476631393298061 0.5458110119047619 0.008985890652557319 0.003990575396825397
2 0.11422398589065255 0.5435491071428572 0.008985890652557319 0.004789186507936508
2 0.05131834215167549 0.5482043650793651 0.008985890652557319 0.003990575396825397
2 0.03429012345679012 0.5488690476190476 0.008985890652557319 0.005319940476190476
2 0.13267195767195766 0.5564533730158729 0.008985890652557319 0.003990575396825397
2 0.1485185185185185 0.5604439484126984 0.007566137566137566 0.0029265873015873016
2 0.1511199294532628 0.5649652777777778 0.008042328042328042 0.0034598214285714284
2 0.16270723104056437 0.5652331349206349 0.00851410934744268 0.0034598214285714284
2 0.1407142857142857 0.5673611111111111 0.009933862433862434 0.0034598214285714284
2 0.1300705467372134 0.576671626984127 0.006622574955908289 0.0034598214285714284
2 0.11588183421516754 0.5782688492063491 0.005674603174603174 0.0029265873015873016
2 0.03665784832451499 0.5591121031746032 0.006150793650793651 0.0034598214285714284