2 0.511305 0.4013125 0.02605 0.02801
2 0.39866499999999994 0.37616000000000005 0.01959 0.01334
2 0.29884333333333335 0.5410475 0.017505 0.018637499999999998
2 0.29196666666666665 0.50214 0.013755 0.017725
2 0.386995 0.6263575 0.018756666666666668 0.0242075
2 0.23403166666666667 0.5163574999999999 0.01042 0.021777499999999998
2 0.4550383333333333 0.6895275000000001 0.021048333333333336 0.0230075
2 0.42408999999999997 0.7068724999999999 0.015421666666666667 0.0183075
2 0.3763666666666666 0.69531 0.010003333333333335 0.01769
2 0.3442733333333333 0.73984 0.018338333333333335 0.018600000000000002
2 0.37991 0.783635 0.014588333333333333 0.0161625
2 0.405855 0.7675425 0.017713333333333334 0.01586
2 0.48035833333333333 0.7662875 0.02292333333333333 0.03211
2 0.46576999999999996 0.88774 0.011253333333333332 0.02556
2 0.48108666666666666 0.922585 0.01813 0.0221
2 0.58289 0.9600825 0.020423333333333335 0.025825
2 0.589975 0.6657775 0.01959 0.024272500000000002
2 0.6347816666666667 0.8209325 0.019173333333333334 0.02511
2 0.677815 0.7089025 0.018965000000000003 0.024245000000000003
2 0.6747933333333334 0.7657775 0.014171666666666667 0.0217075
2 0.6247783333333333 0.7595275 0.016671666666666668 0.020462499999999998
2 0.5674683333333334 0.757495 0.017088333333333334 0.025775
2 0.7202250000000001 0.7184325 0.017505 0.022675
2 0.6292583333333334 0.554015 0.01438 0.023940000000000003
2 0.5778883333333333 0.48417 0.020423333333333335 0.0286725
2 0.5418350000000001 0.5065149999999999 0.010836666666666666 0.0189725
2 0.48838166666666666 0.0512275 0.010211666666666668 0.021804999999999998
2 0.6404083333333334 0.0218525 0.015421666666666667 0.026824999999999998
2 0.7094916666666666 0.1872075 0.01729666666666667 0.027432500000000002
2 0.623945 0.4025625 0.022506666666666664 0.030510000000000002
2 0.655725 0.40397000000000005 0.014796666666666666 0.0276975
2 0.6268616666666667 0.491 0.02334 0.023579999999999997
2 0.7225166666666667 0.49995249999999997 0.02209 0.02085
2 0.7648216666666667 0.5652875 0.017921666666666666 0.0239775
2 0.7508583333333333 0.29348 0.017505 0.02241
2 0.7621116666666666 0.35004250000000003 0.015005000000000001 0.019247499999999997