2 0.19283068783068782 0.22347470238095238 0.05232363315696649 0.02834325396825397
2 0.4990343915343915 0.24800347222222224 0.07945767195767196 0.05341517857142857
2 0.5998104056437389 0.4115203373015873 0.13372134038800704 0.0686780753968254
2 0.7015520282186949 0.39625992063492066 0.08914902998236332 0.04905505952380952
2 0.6627954144620811 0.47038690476190476 0.09690035273368607 0.04905505952380952
2 0.5668650793650795 0.5238020833333333 0.09496031746031747 0.05123511904761905
2 0.1259700176366843 0.5995659722222222 0.10465167548500881 0.050146329365079366
2 0.40600970017636684 0.5908457341269842 0.10271164021164021 0.05232638888888889
2 0.6211287477954145 0.5565079365079365 0.09108465608465609 0.04469494047619048
2 0.6627954144620811 0.5924801587301588 0.062014991181657854 0.031614583333333335
2 0.2388932980599647 0.7499727182539683 0.09684744268077601 0.05568700396825397
2 0.32229276895943565 0.7378670634920634 0.08716490299823633 0.05568700396825397
2 0.39708112874779544 0.7469469246031746 0.07962962962962963 0.05084573412698413
2 0.4347442680776014 0.8322941468253968 0.07102292768959437 0.06174107142857143
2 0.412147266313933 0.9079588293650793 0.07962962962962963 0.04600446428571429
2 0.5563447971781305 0.8583234126984127 0.049501763668430336 0.030265376984126985
2 0.886168430335097 0.5169320436507936 0.020445326278659613 0.00968501984126984
2 0.9028483245149912 0.5087599206349207 0.02152116402116402 0.009079861111111111
2 0.9410493827160494 0.4996800595238095 0.016141975308641976 0.012710813492063492