2 0.5785714285714286 0.2089236111111111 0.03905643738977072 0.020677083333333336
2 0.8554100529100529 0.2731076388888889 0.02603615520282187 0.01636904761904762
2 0.9610934744268078 0.2644915674603175 0.03828924162257496 0.020677083333333336
2 0.6252865961199295 0.3329836309523809 0.0329320987654321 0.025845734126984127
2 0.6628086419753086 0.36636904761904765 0.045180776014109345 0.02282986111111111
2 0.21978835978835978 0.284952876984127 0.0291005291005291 0.019384920634920633
2 0.2879453262786596 0.3125223214285714 0.030630511463844795 0.026277281746031746
2 0.18264550264550264 0.3364310515873016 0.03599206349206349 0.020677083333333336
2 0.28641534391534396 0.3831696428571429 0.042883597883597885 0.02282986111111111
2 0.18073192239858907 0.393077876984127 0.039823633156966486 0.02369295634920635
2 0.23931657848324514 0.42969246031746033 0.04058641975308642 0.02369295634920635
2 0.12094797178130512 0.41541666666666666 0.03672398589065256 0.017705853174603176
2 0.049836860670194 0.45984375 0.030895061728395058 0.016066468253968253
2 0.06615961199294533 0.4773834325396825 0.02972663139329806 0.017705853174603176
2 0.07664902998236332 0.4921378968253968 0.0157363315696649 0.009836309523809523
2 0.13085978835978837 0.4882043650793651 0.026230158730158732 0.013115079365079366
2 0.26521164021164023 0.47459821428571425 0.023315696649029983 0.02327876984126984
2 0.3949074074074074 0.5070560515873016 0.035555555555555556 0.02131200396825397
2 0.6225220458553793 0.4427926587301587 0.040802469135802474 0.024590773809523812
2 0.6394268077601412 0.542795138888889 0.03497354497354497 0.023936011904761904
2 0.44007936507936507 0.551155753968254 0.038470017636684305 0.019672619047619046
2 0.3170899470899471 0.5624677579365079 0.04196649029982363 0.022624007936507935
2 0.17981922398589065 0.5375496031746032 0.041384479717813054 0.022624007936507935
2 0.16408289241622576 0.5388616071428571 0.0227336860670194 0.02131200396825397
2 0.1439726631393298 0.5442708333333334 0.03380952380952381 0.020984623015873016
2 0.17515873015873015 0.5793526785714286 0.021565255731922396 0.015081845238095238
2 0.1562125220458554 0.5777132936507937 0.032641093474426806 0.019672619047619046
2 0.19788800705467371 0.6242708333333333 0.028562610229276895 0.015081845238095238
2 0.17340828924162258 0.6200099206349207 0.018068783068783068 0.011803075396825397
2 0.1885626102292769 0.633125 0.02972663139329806 0.01376984126984127
2 0.3337037037037037 0.6232886904761904 0.026230158730158732 0.013115079365079366
2 0.014572310405643737 0.6457465277777777 0.020983245149911817 0.013442460317460318
2 0.008743386243386242 0.6987003968253968 0.017486772486772485 0.022296626984126985
2 0.410352733686067 0.664437003968254 0.03963844797178131 0.02327876984126984
2 0.4695149911816578 0.6073859126984127 0.041384479717813054 0.022624007936507935
2 0.45173721340388007 0.6608308531746031 0.03497354497354497 0.02131200396825397
2 0.45902557319223986 0.6759126984126984 0.04255291005291006 0.023936011904761904
2 0.4963271604938272 0.6682068452380953 0.037888007054673725 0.02426339285714286
2 0.5234303350970018 0.6823065476190476 0.03963844797178131 0.02295138888888889
2 0.4721384479717813 0.6983705357142856 0.03730599647266314 0.020984623015873016
2 0.49487213403880065 0.7101736111111111 0.038470017636684305 0.02032738095238095
2 0.674400352733686 0.5790252976190476 0.03963844797178131 0.020984623015873016
2 0.7047089947089947 0.6000099206349205 0.036137566137566135 0.020984623015873016
2 0.8285758377425044 0.6265674603174604 0.041384479717813054 0.02295138888888889
2 0.6641975308641975 0.6268948412698412 0.012239858906525574 0.007869543650793651
2 0.6857671957671957 0.6449280753968254 0.013408289241622575 0.005902777777777778
2 0.6961243386243386 0.6422693452380953 0.0129673721340388 0.007457837301587301
2 0.7863712522045856 0.68390625 0.016613756613756615 0.009032738095238095
2 0.33738095238095234 0.7334722222222223 0.037980599647266314 0.0213640873015873
2 0.36649911816578484 0.7535887896825396 0.03164902998236332 0.024568452380952382
2 0.7140079365079365 0.7478918650793651 0.02531746031746032 0.016021825396825395
2 0.6861552028218695 0.7913318452380953 0.029118165784832454 0.016021825396825395
2 0.6291887125220459 0.8468749999999999 0.03291446208112875 0.01958333333333333
2 0.8633950617283951 0.881235119047619 0.04304232804232804 0.02492311507936508
2 0.812962962962963 0.9177901785714286 0.03597442680776014 0.02122271825396825