1 0.19011 0.1769625 0.044831666666666665 0.0640075
1 0.10475333333333334 0.7830349999999999 0.03756333333333333 0.059145
1 0.8044666666666667 0.1716225 0.03081333333333333 0.05074
1 0.8088416666666667 0.09079000000000001 0.04854833333333334 0.061950000000000005
1 0.426985 0.428305 0.037706666666666666 0.058965000000000004
1 0.950905 0.331995 0.035563333333333336 0.04895
1 0.6473666666666666 0.59636 0.03730666666666667 0.0490575
1 0.6406733333333333 0.6565650000000001 0.023011666666666666 0.0367975
1 0.6106266666666667 0.71199 0.028125 0.033424999999999996
1 0.54888 0.2223425 0.02822166666666667 0.05697
1 0.13822500000000001 0.7277425 0.04421666666666667 0.049555