2 0.39256172839506176 0.13656994047619048 0.14511904761904762 0.08686011904761906
2 0.47163139329806 0.44947916666666665 0.13953703703703704 0.06593005952380952
2 0.5702336860670194 0.4479092261904762 0.06883597883597883 0.04604662698412698
2 0.619537037037037 0.39715277777777774 0.04465167548500882 0.07011656746031746
2 0.7907010582010582 0.2993030753968254 0.03348765432098766 0.02511656746031746
2 0.44093033509700175 0.3793625992063492 0.08558201058201058 0.03453621031746032
2 0.25209435626102294 0.33802579365079366 0.06883597883597883 0.033489583333333336
2 0.5507010582010582 0.526922123015873 0.14511904761904762 0.06802331349206349
2 0.3041887125220458 0.6069791666666667 0.12093033509700175 0.07116319444444445
2 0.9297707231040564 0.7440724206349206 0.14046296296296296 0.08162946428571428
2 0.8102380952380952 0.7320386904761904 0.10232804232804234 0.05965029761904762