1 0.230255 0.035935 0.04323 0.059745
1 0.5201199999999999 0.2333675 0.050728333333333334 0.07164749999999999
1 0.47394833333333336 0.1287275 0.04756333333333333 0.06747750000000001
1 0.5490733333333333 0.39281 0.04400333333333333 0.06544499999999999
1 0.8403133333333334 0.11952 0.03523833333333334 0.0543375
1 0.40020833333333333 0.160025 0.043076666666666666 0.0609675
1 0.48351833333333333 0.28301499999999996 0.038551666666666665 0.055622500000000005
1 0.13131833333333331 0.1254075 0.043213333333333326 0.0579225
1 0.24428833333333333 0.29984500000000003 0.05087333333333333 0.05682
1 0.40405166666666664 0.5264275 0.03900833333333333 0.0566925
1 0.12819 0.3880425 0.035236666666666666 0.05827
1 0.7689349999999999 0.77922 0.03407333333333333 0.04998
1 0.92655 0.7008 0.024246666666666666 0.0369875
1 0.9889716666666667 0.728525 0.02205666666666667 0.04947
1 0.9572666666666667 0.51897 0.032126666666666664 0.050695
2 0.7172733333333334 0.629415 0.024156666666666667 0.038064999999999995