2 0.8370149911816578 0.24382688492063492 0.028284832451499122 0.015540674603174603
2 0.7804453262786596 0.2804563492063492 0.023020282186948855 0.015540674603174603
2 0.7929453262786597 0.29137152777777775 0.023020282186948855 0.014429563492063492
2 0.8412918871252204 0.3255977182539682 0.030255731922398593 0.016279761904761905
2 0.9267989417989418 0.337437996031746 0.028941798941798942 0.017760416666666667
2 0.9392989417989418 0.36111607142857144 0.02499559082892416 0.012579365079365079
2 0.9087125220458554 0.3698115079365079 0.023020282186948855 0.014429563492063492
2 0.8060978835978836 0.34520585317460317 0.01644620811287478 0.014799107142857143
2 0.6969091710758377 0.3167162698412698 0.020392416225749558 0.011840277777777778
2 0.7166402116402116 0.3435416666666667 0.030917107583774254 0.016649305555555556
2 0.24830687830687828 0.257703373015873 0.020392416225749558 0.010729166666666666
2 0.16904761904761903 0.2760168650793651 0.031574074074074074 0.015540674603174603
2 0.25455908289241624 0.3004365079365079 0.038152557319223984 0.021460813492063493
2 0.1493121693121693 0.3727703373015873 0.03420194003527337 0.01886904761904762
2 0.3433553791887125 0.3624107142857143 0.04341269841269841 0.02183035714285714
2 0.5893650793650794 0.3446527777777778 0.02236331569664903 0.017390873015873016
2 0.6367239858906525 0.367405753968254 0.03946649029982364 0.01849950396825397
2 0.5620679012345678 0.3920114087301587 0.029598765432098762 0.02034970238095238
2 0.07136684303350971 0.3333680555555556 0.013813932980599646 0.0051810515873015875
2 0.09044532627865962 0.33984126984126983 0.012495590828924163 0.008509424603174604
2 0.06906525573192239 0.3440972222222222 0.010524691358024692 0.006659226190476191
2 0.05097883597883598 0.34428075396825397 0.009867724867724867 0.0048090277777777775
2 0.7830776014109347 0.3755456349206349 0.020392416225749558 0.014799107142857143
2 0.7679497354497354 0.38812748015873016 0.02696649029982363 0.014799107142857143
2 0.9521252204585539 0.42087053571428573 0.02433862433862434 0.011470734126984126
2 0.9162742504409171 0.4353000992063492 0.02630952380952381 0.015910218253968256
2 0.9439021164021164 0.45379960317460316 0.027627865961199292 0.014429563492063492
2 0.9267989417989418 0.4499156746031746 0.02630952380952381 0.017760416666666667
2 0.9083818342151676 0.44899057539682535 0.02499559082892416 0.015910218253968256
2 0.8241887125220458 0.44954613095238094 0.02236331569664903 0.017018849206349208
2 0.4114373897707231 0.44547619047619047 0.013813932980599646 0.007400793650793651
2 0.1657583774250441 0.43918650793650793 0.036834215167548506 0.016279761904761905
2 0.33809523809523806 0.5009747023809524 0.036834215167548506 0.016279761904761905
2 0.4735934744268077 0.49561011904761904 0.03552028218694885 0.02108878968253968
2 0.5087874779541447 0.4935763888888889 0.03486331569664903 0.019238591269841267
2 0.8498412698412698 0.4970907738095238 0.028941798941798942 0.010729166666666666
2 0.9034479717813051 0.506155753968254 0.028284832451499122 0.01406001984126984
2 0.9350220458553793 0.5401959325396826 0.029598765432098762 0.014799107142857143
2 0.9073941798941798 0.5401959325396826 0.013813932980599646 0.010359623015873017
2 0.8771384479717813 0.5755307539682539 0.019074074074074073 0.012209821428571428
2 0.39532186948853615 0.5413045634920635 0.03420194003527337 0.017760416666666667
2 0.36506172839506174 0.5501860119047619 0.03420194003527337 0.01849950396825397
2 0.2538977072310406 0.518735119047619 0.02630952380952381 0.017018849206349208
2 0.27034391534391533 0.537234623015873 0.03420194003527337 0.01998015873015873
2 0.21706349206349207 0.542046130952381 0.036834215167548506 0.019238591269841267
2 0.19239858906525573 0.5451909722222222 0.02696649029982363 0.018129960317460315
2 0.16049823633156965 0.5427852182539683 0.036834215167548506 0.019238591269841267
2 0.16312610229276897 0.5548090277777777 0.027627865961199292 0.009250992063492064
2 0.13911816578483244 0.5562896825396826 0.02433862433862434 0.015168650793650793
2 0.2904056437389771 0.5727554563492063 0.03486331569664903 0.01998015873015873
2 0.27264550264550264 0.5603596230158729 0.0322310405643739 0.016649305555555556
2 0.2910626102292769 0.6125297619047618 0.02433862433862434 0.009990079365079365
2 0.3042195767195767 0.6258482142857144 0.030917107583774254 0.01886904761904762
2 0.2736331569664903 0.6232589285714286 0.027627865961199292 0.015910218253968256
2 0.2818562610229277 0.6321378968253969 0.030917107583774254 0.015910218253968256
2 0.1831878306878307 0.6219642857142857 0.021706349206349205 0.010359623015873017
2 0.2374559082892416 0.7011433531746032 0.02236331569664903 0.012579365079365079
2 0.12925044091710758 0.7118725198412699 0.02433862433862434 0.01849950396825397
2 0.1581922398589065 0.7133531746031746 0.019074074074074073 0.015540674603174603
2 0.011512345679012345 0.7013293650793652 0.023020282186948855 0.009990079365079365
2 0.08057760141093474 0.7934573412698412 0.029598765432098762 0.011470734126984126
2 0.14438271604938271 0.7947519841269841 0.020392416225749558 0.011840277777777778
2 0.1657583774250441 0.7964186507936507 0.028941798941798942 0.01294890873015873
2 0.2430467372134039 0.8071478174603175 0.03880952380952381 0.02183035714285714
2 0.357826278659612 0.6804241071428571 0.038152557319223984 0.019238591269841267
2 0.3897310405643739 0.7144642857142857 0.020392416225749558 0.01998015873015873
2 0.4015696649029982 0.7294494047619048 0.028284832451499122 0.023311011904761904
2 0.6209347442680776 0.8661607142857143 0.038152557319223984 0.022938988095238096
2 0.6765167548500881 0.8367460317460318 0.033544973544973544 0.022569444444444444
2 0.8646428571428572 0.8197271825396825 0.02433862433862434 0.014429563492063492
2 0.9939858906525574 0.7579389880952382 0.012028218694885361 0.015168650793650793
2 0.8863492063492063 0.7455431547619048 0.030917107583774254 0.016279761904761905
2 0.9034479717813051 0.7240823412698413 0.028284832451499122 0.017760416666666667
2 0.9373236331569664 0.7320386904761904 0.013156966490299824 0.011470734126984126
2 0.9892901234567901 0.6711731150793651 0.017103174603174603 0.009620535714285713
2 0.9830379188712522 0.6902281746031746 0.02433862433862434 0.01369047619047619
2 0.9603483245149913 0.6800545634920635 0.03288800705467372 0.01332093253968254
2 0.954426807760141 0.694298115079365 0.027627865961199292 0.010729166666666666
2 0.92581569664903 0.6968874007936507 0.02696649029982363 0.015168650793650793
2 0.7893253968253968 0.6336185515873016 0.02499559082892416 0.009250992063492064
2 0.6761904761904761 0.6757986111111112 0.02499559082892416 0.017390873015873016
2 0.7038139329805997 0.6576686507936508 0.018417107583774253 0.01886904761904762
2 0.6048192239858906 0.6535987103174603 0.02696649029982363 0.015910218253968256
2 0.6656657848324515 0.6384300595238096 0.013156966490299824 0.008509424603174604
2 0.6870414462081129 0.649342757936508 0.011181657848324514 0.011840277777777778
2 0.6015299823633157 0.5342757936507936 0.028284832451499122 0.011098710317460318