2 0.29775666666666667 0.0096175 0.014246666666666668 0.019232500000000003
2 0.385375 0.056097499999999995 0.02991833333333333 0.0373975
2 0.04274 0.1276875 0.019945 0.03526
2 0.057343333333333336 0.14798750000000002 0.024931666666666668 0.0309875
2 0.106495 0.16455 0.020658333333333334 0.0299175
2 0.07622 0.283155 0.02991833333333333 0.038465000000000006
2 0.04808333333333333 0.371305 0.026356666666666664 0.0416725
2 0.009260000000000001 0.465335 0.018520000000000002 0.02885
2 0.01211 0.6234725 0.02422 0.0438075
2 0.04380833333333334 0.5673775000000001 0.027781666666666666 0.0235075
2 0.05948 0.64324 0.027781666666666666 0.0448775
2 0.0837 0.660335 0.027781666666666666 0.038465000000000006
2 0.082275 0.761845 0.03063 0.04915
2 0.144605 0.71109 0.032766666666666666 0.0416725
2 0.16419333333333333 0.672625 0.026356666666666664 0.02885
2 0.04950666666666667 0.91838 0.033479999999999996 0.045945
2 0.013534999999999998 0.92853 0.027068333333333333 0.0555625
2 0.236495 0.6624725 0.035616666666666665 0.047015
2 0.21548166666666668 0.5919525 0.03775333333333333 0.047015
2 0.14211166666666666 0.5946224999999999 0.029205 0.0438075
2 0.11789166666666667 0.5561575000000001 0.026356666666666664 0.03526
2 0.19624833333333333 0.37451 0.024931666666666668 0.0438075
2 0.25038666666666665 0.38359249999999995 0.032055 0.0512875
2 0.22367333333333334 0.390005 0.02137 0.038465000000000006
2 0.24219500000000002 0.4386225 0.02422 0.0331225
2 0.15920666666666666 0.42473 0.024931666666666668 0.0373975
2 0.10507 0.41938749999999997 0.029205 0.03526
2 0.085125 0.46266250000000003 0.026356666666666664 0.038465000000000006
2 0.11361833333333334 0.4813625 0.024931666666666668 0.0373975
2 0.15279666666666666 0.51502 0.026356666666666664 0.03633
2 0.13783666666666666 0.4728125 0.03063 0.03526
2 0.129645 0.4386225 0.032766666666666666 0.0416725
2 0.29455166666666666 0.26125 0.03063 0.045945
2 0.329455 0.0122875 0.020658333333333334 0.024575
2 0.353675 0.2596475 0.027781666666666666 0.0448775
2 0.32874333333333333 0.29490750000000004 0.024931666666666668 0.0299175
2 0.31627833333333333 0.34352499999999997 0.02991833333333333 0.0331225
2 0.3846616666666666 0.3419225 0.02991833333333333 0.0406025
2 0.4184983333333333 0.232935 0.03633 0.0448775
2 0.3867983333333333 0.1741675 0.025643333333333334 0.038465000000000006
2 0.5655950000000001 0.2404125 0.02991833333333333 0.047015
2 0.684555 0.06571250000000001 0.025643333333333334 0.0373975
2 0.70557 0.0309875 0.029205 0.0448775
2 0.45340166666666665 0.3226875 0.034905 0.047015
2 0.4217033333333333 0.3600875 0.032766666666666666 0.047015
2 0.40781333333333336 0.485635 0.03063 0.0373975
2 0.31093499999999996 0.9707374999999999 0.026356666666666664 0.0373975
2 0.367565 0.761845 0.02137 0.0235075
2 0.4167166666666667 0.529445 0.025643333333333334 0.0416725
2 0.44022333333333336 0.5406625 0.032766666666666666 0.0555625
2 0.4256216666666667 0.64698 0.014958333333333334 0.020302499999999998
2 0.4184983333333333 0.7121575 0.019233333333333335 0.0416725
2 0.44343 0.8206125 0.024931666666666668 0.032055
2 0.48367666666666664 0.8745725 0.02137 0.0331225
2 0.4623066666666667 0.9776825 0.031343333333333334 0.038465000000000006
2 0.48688166666666666 0.9845675 0.029205 0.030865
2 0.46088166666666663 0.7810775 0.02991833333333333 0.0448775
2 0.44984 0.6742275 0.024931666666666668 0.038465000000000006
2 0.4644433333333333 0.6565975 0.027068333333333333 0.0373975
2 0.4683616666666667 0.6021025 0.023506666666666665 0.0331225
2 0.47263499999999997 0.57272 0.017808333333333332 0.03633
2 0.49008833333333335 0.5679099999999999 0.027068333333333333 0.0416725
2 0.521075 0.579665 0.027781666666666666 0.039534999999999994
2 0.5182249999999999 0.5379925 0.026356666666666664 0.0309875
2 0.47691 0.475485 0.020658333333333334 0.0299175
2 0.5043350000000001 0.45465 0.02422 0.039534999999999994
2 0.5346083333333334 0.4765525 0.033479999999999996 0.03633
2 0.5025533333333334 0.507005 0.02208166666666667 0.03526
2 0.6272133333333334 0.8345025 0.027781666666666666 0.0406025
2 0.63861 0.8783125 0.034905 0.0448775
2 0.661405 0.8366399999999999 0.023506666666666665 0.053425
2 0.67957 0.8564075 0.019945 0.0480825
2 0.7062816666666666 0.8414475 0.027781666666666666 0.0480825
2 0.69809 0.864955 0.022795000000000003 0.045945
2 0.6685283333333334 0.9845675 0.04345333333333334 0.030865
2 0.7215966666666667 0.7773375 0.03419166666666667 0.05022
2 0.7037883333333332 0.243085 0.035616666666666665 0.05022
2 0.6496516666666666 0.26178500000000005 0.027068333333333333 0.03633
2 0.6446649999999999 0.338715 0.032766666666666666 0.0512875
2 0.62935 0.4631975 0.033479999999999996 0.045945
2 0.6001433333333334 0.41725249999999997 0.026356666666666664 0.024575
2 0.6742266666666666 0.4706775 0.03633 0.045945
2 0.7465283333333333 0.44022500000000003 0.031343333333333334 0.0448775
2 0.6991583333333333 0.45945749999999996 0.019233333333333335 0.027780000000000003
2 0.7746666666666666 0.10792 0.027781666666666666 0.0448775
2 0.8558733333333333 0.1624125 0.026356666666666664 0.04274
2 0.8177633333333333 0.11593250000000001 0.015671666666666667 0.0267125
2 0.8669133333333333 0.37557999999999997 0.02422 0.0373975
2 0.9021750000000001 0.4386225 0.02208166666666667 0.03526
2 0.9239016666666666 0.4279375 0.028493333333333336 0.039534999999999994
2 0.8943383333333333 0.48884 0.02208166666666667 0.03526
2 0.9459833333333333 0.503265 0.032766666666666666 0.038465000000000006
2 0.9669966666666666 0.42099000000000003 0.027781666666666666 0.047015
2 0.987595 0.42847 0.024811666666666666 0.053425
2 0.7971050000000001 0.582335 0.032766666666666666 0.04274
2 0.8280916666666667 0.6811725 0.029205 0.0416725
2 0.9135716666666667 0.660335 0.03633 0.047015
2 0.827735 0.8815175000000001 0.035616666666666665 0.053425
2 0.8619283333333333 0.8954075 0.03704166666666667 0.047015
2 0.9520383333333332 0.922655 0.03633 0.0438075