1 0.7290216666666667 0.1984675 0.06404166666666666 0.089105
1 0.857455 0.3058175 0.07436000000000001 0.09713
1 0.30205666666666664 0.3829325 0.051524999999999994 0.0727375
1 0.7489600000000001 0.3645 0.06281 0.077565
1 0.3501366666666667 0.5550700000000001 0.049435 0.07083
1 0.8515066666666666 0.615565 0.051228333333333334 0.07513
1 0.5150066666666666 0.34091000000000005 0.052783333333333335 0.07963500000000001
1 0.33393666666666666 0.726025 0.05013833333333333 0.069695
1 0.019335 0.5146900000000001 0.03867 0.069335
1 0.8005 0.6070825 0.058278333333333335 0.07549750000000001
1 0.10733000000000001 0.90408 0.04523 0.064895
1 0.48334166666666667 0.7394625 0.042845 0.06675249999999999
1 0.7376566666666666 0.834665 0.04279666666666666 0.060215000000000005
1 0.8333833333333334 0.362725 0.04373166666666666 0.057275
1 0.4203233333333333 0.46291000000000004 0.04038666666666667 0.060695
2 0.7481083333333333 0.6800925 0.03879166666666667 0.0565225
1 0.6143883333333333 0.5721799999999999 0.019685 0.038192500000000004
1 0.133685 0.27798500000000004 0.03327833333333333 0.039807499999999996
1 0.45458666666666664 0.8122024999999999 0.02991833333333333 0.0457425
1 0.8069633333333333 0.2720275 0.0515 0.0778925
1 0.7115166666666667 0.8129850000000001 0.02734666666666667 0.038307499999999994
1 0.503685 0.42943000000000003 0.04452166666666667 0.0567625