1 0.7337633333333333 0.387185 0.035236666666666666 0.0489025
1 0.5267866666666666 0.329095 0.03123 0.047835
1 0.762875 0.6577799999999999 0.035708333333333335 0.039197499999999996
1 0.24612833333333334 0.120345 0.032181666666666664 0.0405325
1 0.168185 0.29687 0.026603333333333333 0.0394125
1 0.7693433333333334 0.96987 0.017968333333333333 0.0288125
1 0.854965 0.98376 0.01784 0.0236925
1 0.9585416666666666 0.7233875000000001 0.012493333333333332 0.016035
1 0.9793999999999999 0.6988949999999999 0.013081666666666665 0.0174325
1 0.9961983333333333 0.6625175000000001 0.007605000000000001 0.0176775
1 0.9704366666666666 0.7270650000000001 0.010235 0.012077500000000001
1 0.99534 0.7675 0.009318333333333333 0.0178875
1 0.9944833333333333 0.5829125000000001 0.011031666666666667 0.013730000000000001
1 0.9920683333333333 0.59409 0.013054999999999999 0.013467499999999999
1 0.91876 0.6284400000000001 0.009706666666666667 0.018415
1 0.9092716666666667 0.668455 0.010136666666666667 0.01193
1 0.869185 0.305605 0.009455 0.012605
1 0.875805 0.315815 0.010723333333333335 0.0131975
1 0.9462216666666666 0.31612 0.009885 0.013452500000000001
1 0.9725866666666667 0.3098725 0.010966666666666666 0.0126775
1 0.9651583333333333 0.328385 0.009563333333333333 0.012595
1 0.8161383333333333 0.3361875 0.008398333333333334 0.01062
1 0.93358 0.46369 0.00934 0.0117225