2 0.066645 0.17555500000000002 0.005201666666666667 0.009752499999999999
2 0.06940833333333334 0.2245625 0.006826666666666667 0.0121925
2 0.08306333333333334 0.20432499999999998 0.007476666666666666 0.0107275
2 0.058679999999999996 0.240655 0.007476666666666666 0.011215
2 0.03429833333333333 0.27845 0.009428333333333334 0.0107275
2 0.035598333333333336 0.25431 0.006176666666666667 0.011215
2 0.013491666666666667 0.26113749999999997 0.006176666666666667 0.011215
2 0.023081666666666667 0.26699 0.007801666666666667 0.011215
2 0.011541666666666667 0.30429500000000004 0.004876666666666667 0.009752499999999999
2 0.0045516666666666665 0.310635 0.008453333333333334 0.011702500000000001
2 0.030234999999999998 0.3035625 0.007151666666666666 0.01024
2 0.011541666666666667 0.3481825 0.010078333333333333 0.01463
2 0.006665 0.355985 0.006826666666666667 0.009752499999999999
2 0.021945 0.3594 0.007476666666666666 0.013654999999999999
2 0.024056666666666667 0.38622 0.009103333333333333 0.013654999999999999
2 0.03803666666666666 0.380855 0.012353333333333334 0.013654999999999999
2 0.031696666666666665 0.36451999999999996 0.010078333333333333 0.015117499999999999
2 0.035761666666666664 0.33209 0.009103333333333333 0.011702500000000001
2 0.053316666666666665 0.3174625 0.007801666666666667 0.0107275
2 0.069735 0.32819 0.010728333333333335 0.01463
2 0.07688666666666666 0.2808875 0.009428333333333334 0.01268
2 0.065345 0.2735725 0.009103333333333333 0.01268
2 0.11086 0.2526025 0.011703333333333333 0.011702500000000001
2 0.11459833333333334 0.30649 0.009428333333333334 0.0121925
2 0.09184166666666665 0.32989749999999995 0.010078333333333333 0.0131675
2 0.111835 0.3306275 0.008453333333333334 0.013654999999999999
2 0.13849333333333333 0.311365 0.008453333333333334 0.0121925
2 0.12597666666666668 0.2745475 0.008128333333333335 0.0107275
2 0.14255666666666666 0.264795 0.006826666666666667 0.0087775
2 0.150035 0.327945 0.008128333333333335 0.0121925
2 0.14645833333333333 0.3411125 0.006176666666666667 0.007315
2 0.14743333333333333 0.352085 0.008128333333333335 0.0078025
2 0.12695166666666668 0.3440375 0.006826666666666667 0.009265
2 0.13654333333333332 0.4223075 0.008453333333333334 0.01268
2 0.10110666666666666 0.43595999999999996 0.007151666666666666 0.009752499999999999
2 0.03267333333333333 0.4198675 0.008778333333333334 0.011702500000000001
2 0.0058516666666666665 0.4305975 0.007151666666666666 0.0107275
2 0.01398 0.4427875 0.010403333333333334 0.01463
2 0.024708333333333332 0.4386425 0.007801666666666667 0.011215
2 0.018043333333333335 0.45961250000000003 0.009428333333333334 0.0170675
2 0.09752999999999999 0.4708275 0.009103333333333333 0.011215
2 0.10273166666666667 0.5010625 0.012353333333333334 0.015117499999999999
2 0.11086 0.482045 0.005201666666666667 0.011215
2 0.015766666666666665 0.5030125 0.011378333333333332 0.0131675
2 0.01999333333333333 0.5173975000000001 0.008778333333333334 0.016579999999999998
2 0.06729666666666666 0.50984 0.006501666666666666 0.011215
2 0.030396666666666666 0.549095 0.011378333333333332 0.016579999999999998
2 0.010239999999999999 0.6210249999999999 0.020481666666666665 0.0346225
2 0.065995 0.9016675000000001 0.03186 0.0419375
2 0.12126333333333333 0.9238575 0.030560000000000004 0.042425
2 0.09119166666666666 0.7212375 0.01723 0.0204825
2 0.08013666666666666 0.5781124999999999 0.027633333333333336 0.03755
2 0.073635 0.5239824999999999 0.007476666666666666 0.011215
2 0.21407833333333334 0.6424825 0.029585 0.040475000000000004
2 0.283325 0.874115 0.041938333333333334 0.071685
2 0.3808566666666666 0.6593049999999999 0.045840000000000006 0.06729500000000001
2 0.35208500000000004 0.8592424999999999 0.029910000000000003 0.044865
2 0.16092499999999998 0.510085 0.010403333333333334 0.01463
2 0.16531333333333334 0.4644875 0.01658 0.021945
2 0.4063766666666667 0.25821249999999996 0.018205 0.023895
2 0.44571333333333335 0.404995 0.04551499999999999 0.05803
2 0.5182116666666666 0.2850325 0.03251 0.04145
2 0.53853 0.36086250000000003 0.012678333333333331 0.01853
2 0.552185 0.4076775 0.015280000000000002 0.019504999999999998
2 0.5061833333333333 0.3752475 0.013003333333333332 0.0199925
2 0.591685 0.3450125 0.013003333333333332 0.0180425
2 0.554785 0.4335225 0.008128333333333335 0.0087775
2 0.5520216666666666 0.467415 0.011703333333333333 0.0170675
2 0.48797666666666667 0.2665025 0.007151666666666666 0.011215
2 0.47594833333333336 0.55251 0.026008333333333335 0.0438875
2 0.4991933333333333 0.5632375 0.027633333333333336 0.039987499999999995
2 0.6118399999999999 0.5188625 0.01950666666666667 0.03121
2 0.5325150000000001 0.80999 0.031209999999999998 0.0429125
2 0.5169116666666667 0.9750599999999999 0.03901166666666667 0.0492525
2 0.45319166666666666 0.9896024999999999 0.024708333333333332 0.020795
2 0.55186 0.95214 0.04844 0.059005
2 0.6139533333333334 0.9206875 0.04063833333333334 0.0682725
2 0.5876199999999999 0.7661 0.05494166666666666 0.07412250000000001
2 0.6521533333333334 0.7473275 0.030560000000000004 0.042425
2 0.6862883333333333 0.711485 0.028608333333333333 0.045840000000000006
2 0.5658383333333333 0.7429375 0.035436666666666665 0.040475000000000004
2 0.6983166666666666 0.193355 0.013655 0.016092500000000003
2 0.6750733333333333 0.220175 0.012678333333333331 0.0190175
2 0.6766983333333333 0.31185250000000003 0.01463 0.02097
2 0.642075 0.365495 0.009103333333333333 0.02097
2 0.6196433333333333 0.38597750000000003 0.011053333333333332 0.015117499999999999
2 0.6189933333333333 0.360375 0.005201666666666667 0.0107275
2 0.692465 0.415235 0.014305 0.0180425
2 0.714735 0.39792500000000003 0.013328333333333333 0.017555
2 0.7202616666666666 0.41084750000000003 0.013328333333333333 0.02097
2 0.7059566666666667 0.43766750000000004 0.012028333333333334 0.0141425
2 0.6614183333333333 0.46082999999999996 0.011378333333333332 0.015605
2 0.6571916666666667 0.392315 0.011378333333333332 0.0131675
2 0.649715 0.406945 0.008778333333333334 0.015117499999999999
2 0.6661316666666667 0.408895 0.010403333333333334 0.015117499999999999
2 0.6396366666666667 0.3172175 0.008778333333333334 0.011215
2 0.7535850000000001 0.6388250000000001 0.018856666666666667 0.0243825
2 0.8082016666666667 0.82023 0.027308333333333334 0.036085
2 0.8384366666666666 0.828765 0.013003333333333332 0.0346225
2 0.8486766666666667 0.844125 0.019831666666666664 0.028285
2 0.8722466666666666 0.83169 0.026658333333333332 0.0346225
2 0.876635 0.72782 0.019181666666666666 0.033647500000000004
2 0.8043 0.71124 0.030560000000000004 0.040475000000000004
2 0.8293333333333334 0.6858825000000001 0.031209999999999998 0.0463275
2 0.8529033333333333 0.4988675 0.021781666666666668 0.027307500000000002
2 0.8215300000000001 0.491065 0.023406666666666666 0.023407499999999998
2 0.78447 0.5230075000000001 0.024708333333333332 0.0316975
2 0.8091766666666668 0.5434874999999999 0.018856666666666667 0.02682
2 0.8153533333333333 0.43254750000000003 0.016255 0.02926
2 0.83356 0.42620749999999996 0.020156666666666666 0.027307500000000002
2 0.8468883333333334 0.3993875 0.024708333333333332 0.027307500000000002
2 0.8293333333333334 0.34428250000000005 0.024708333333333332 0.032185000000000005
2 0.8283583333333333 0.2506525 0.030560000000000004 0.039987499999999995
2 0.8914283333333333 0.22237 0.03836166666666666 0.048765
2 0.824945 0.118255 0.037386666666666665 0.0502275
2 0.8095016666666667 0.158975 0.030560000000000004 0.0380375
2 0.93304 0.213105 0.005201666666666667 0.009752499999999999
2 0.9710766666666667 0.170435 0.006501666666666666 0.008289999999999999
2 0.9826183333333334 0.160925 0.005526666666666666 0.0078025
2 0.9190616666666667 0.49838 0.024708333333333332 0.0263325
2 0.9037816666666666 0.8977675 0.027308333333333334 0.039987499999999995
2 0.8439633333333333 0.9280025000000001 0.024708333333333332 0.03511
2 0.8220183333333333 0.931415 0.02503333333333333 0.0370625
2 0.9637633333333333 0.8963049999999999 0.025683333333333332 0.03511
2 0.9468566666666667 0.95653 0.03803666666666666 0.0502275
2 0.998055 0.8187675000000001 0.00389 0.0243825
2 0.9956166666666666 0.56153 0.008766666666666667 0.0316975