2 0.14299851190476193 0.10799382716049383 0.025657242063492063 0.03756172839506173
2 0.19336805555555556 0.09726190476190476 0.025280257936507938 0.0389021164021164
2 0.2971279761904762 0.13515873015873017 0.022261904761904764 0.03286596119929454
2 0.3167460317460317 0.12140652557319224 0.014714781746031745 0.036221340388007055
2 0.5218105158730159 0.080489417989418 0.018110119047619045 0.026829805996472663
2 0.42503224206349205 0.06640652557319225 0.016225198412698413 0.030855379188712524
2 0.3697569444444444 0.1546119929453263 0.024146825396825396 0.04091710758377425
2 0.19393353174603176 0.18144179894179893 0.02490327380952381 0.03152557319223986
2 0.4518204365079365 0.3397398589065256 0.022261904761904764 0.03286596119929454
2 0.38503968253968257 0.3672442680776014 0.02603422619047619 0.04091710758377425
2 0.2727901785714286 0.35986331569664903 0.027921626984126983 0.043597883597883594
2 0.12300099206349206 0.40313051146384477 0.025657242063492063 0.032195767195767194
2 0.15677083333333333 0.438342151675485 0.021505456349206347 0.03286596119929454
2 0.2369469246031746 0.48664021164021165 0.027921626984126983 0.03823192239858906
2 0.3540997023809524 0.4145326278659612 0.01999751984126984 0.030855379188712524
2 0.39975446428571426 0.5154805996472662 0.023015873015873014 0.03421075837742504
2 0.43163690476190475 0.5299029982363316 0.023392857142857142 0.03756172839506173
2 0.027921626984126983 0.4829497354497354 0.018110119047619045 0.021463844797178132
2 0.03527777777777778 0.5714902998236332 0.02376984126984127 0.030855379188712524
2 0.0133953373015873 0.5926190476190476 0.020751488095238097 0.0275
2 0.07074404761904762 0.5714902998236332 0.022261904761904764 0.026829805996472663
2 0.24128472222222222 0.5828924162257496 0.01999751984126984 0.036221340388007055
2 0.33447916666666666 0.5996604938271605 0.021505456349206347 0.032195767195767194
2 0.2967485119047619 0.6895458553791888 0.026788194444444444 0.0389021164021164
2 0.2769419642857143 0.6821649029982364 0.018110119047619045 0.03488095238095238
2 0.09998511904761904 0.7341490299823633 0.017356150793650795 0.02481922398589065
2 0.29259920634920633 0.7656746031746031 0.022261904761904764 0.03421075837742504
2 0.3131622023809524 0.7904938271604938 0.02263888888888889 0.030185185185185183
2 0.3141046626984127 0.8280555555555555 0.027542162698412698 0.04225749559082893
2 0.15186507936507937 0.9501366843033509 0.027542162698412698 0.03823192239858906
2 0.32825396825396824 0.9206216931216931 0.009055059523809523 0.02481922398589065
2 0.3337251984126984 0.721741622574956 0.02376984126984127 0.036221340388007055
2 0.7155580357142858 0.12509700176366845 0.014714781746031745 0.016768077601410934
2 0.6159499007936509 0.2404673721340388 0.023015873015873014 0.03689153439153439
2 0.7789434523809523 0.22671957671957674 0.020751488095238097 0.029514991181657846
2 0.8379910714285714 0.19720458553791886 0.012073412698412698 0.021463844797178132
2 0.8715724206349206 0.23208553791887127 0.021882440476190475 0.028170194003527337
2 0.819126984126984 0.27400793650793653 0.021882440476190475 0.030185185185185183
2 0.7221602182539683 0.27769400352733686 0.021882440476190475 0.029514991181657846
2 0.7466840277777778 0.2937918871252205 0.017356150793650795 0.024149029982363318
2 0.7302728174603175 0.33470899470899473 0.018487103174603177 0.028170194003527337
2 0.7110292658730158 0.37696649029982365 0.01999751984126984 0.028170194003527337
2 0.767435515873016 0.4554497354497355 0.009809027777777778 0.020123456790123458
2 0.711217757936508 0.4859656084656085 0.017356150793650795 0.023478835978835978
2 0.7412127976190477 0.6090520282186949 0.013960813492063491 0.02548941798941799
2 0.7617757936507936 0.5808818342151676 0.012827380952380953 0.022804232804232803
2 0.7395163690476191 0.5828924162257496 0.013583829365079366 0.01341710758377425
2 0.4125818452380952 0.6482936507936508 0.020751488095238097 0.03421075837742504
2 0.44088045634920636 0.69826278659612 0.020751488095238097 0.032195767195767194
2 0.4050347222222222 0.7110097001763668 0.020751488095238097 0.030855379188712524
2 0.3697569444444444 0.6945767195767195 0.012827380952380953 0.016768077601410934
2 0.4074875992063492 0.784457671957672 0.017356150793650795 0.023478835978835978
2 0.475969742063492 0.77842151675485 0.01773313492063492 0.028844797178130512
2 0.6459449404761904 0.7529320987654321 0.023392857142857142 0.04091710758377425
2 0.560297619047619 0.8723280423280424 0.010565476190476191 0.02079365079365079
2 0.504077380952381 0.7032936507936508 0.009055059523809523 0.015427689594356262
2 0.7217832341269841 0.8039109347442681 0.006036706349206349 0.01945326278659612
2 0.7619642857142856 0.7636640211640212 0.011696428571428571 0.015427689594356262
2 0.9532663690476191 0.4349647266313933 0.004089781746031746 0.006124338624338624
2 0.9329761904761905 0.4583112874779542 0.0031225198412698414 0.006507936507936508
2 0.9377132936507937 0.44587301587301587 0.002690972222222222 0.00382716049382716
2 0.9280257936507937 0.42338624338624337 0.003335813492063492 0.004016754850088183
2 0.9008457341269841 0.454673721340388 0.0030133928571428573 0.005357142857142857
2 0.9325471230158731 0.40444444444444444 0.002690972222222222 0.005551146384479718
2 0.9392733134920636 0.3983201058201058 0.0027976190476190475 0.004783950617283951
2 0.9216195436507936 0.3966931216931217 0.0030133928571428573 0.0042107583774250446
2 0.936314484126984 0.3724867724867725 0.0031225198412698414 0.004016754850088183
2 0.8758730158730159 0.4537169312169312 0.0030133928571428573 0.00382716049382716
2 0.8802876984126985 0.4056878306878307 0.0027976190476190475 0.0042107583774250446