2 0.42348166666666665 0.3852275 0.036324999999999996 0.0569525
2 0.4999533333333333 0.482675 0.03746 0.05095
2 0.41398 0.6134625 0.037801666666666664 0.0526475
2 0.22470333333333334 0.46849250000000003 0.020555 0.04356
2 0.4028966666666667 0.7838875000000001 0.027338333333333333 0.0533975
2 0.103895 0.7219625 0.030901666666666668 0.0528975
2 0.11813 0.2841175 0.018520000000000002 0.037752499999999994
2 0.7834766666666666 0.5274375 0.023344999999999998 0.02286
2 0.8045933333333334 0.5190075000000001 0.02207 0.017777499999999998
2 0.6301133333333333 0.690685 0.019963333333333333 0.027682500000000002
2 0.6345266666666667 0.74576 0.029821666666666666 0.029804999999999998
2 0.6090383333333333 0.77081 0.030041666666666668 0.040412500000000004
2 0.6622166666666667 0.777325 0.020118333333333332 0.023357500000000003
2 0.6459333333333334 0.7642675 0.011725 0.025335