2 0.29011166666666666 0.494935 0.01383 0.021732500000000002
2 0.241375 0.4346725 0.017781666666666668 0.0197575
2 0.245985 0.35910000000000003 0.009878333333333334 0.0148175
2 0.22128833333333334 0.45937 0.011855 0.0158075
2 0.22095833333333334 0.473695 0.009878333333333334 0.0148175
2 0.29603833333333335 0.438625 0.012513333333333333 0.01383
2 0.28517166666666666 0.47517750000000003 0.013171666666666667 0.0158075
2 0.33390833333333336 0.46035750000000003 0.025026666666666666 0.03754
2 0.3546533333333333 0.4346725 0.029636666666666665 0.035565
2 0.358935 0.4865375 0.03688166666666667 0.0484075
2 0.40207333333333334 0.4909825 0.03358833333333333 0.0414925
2 0.4544316666666667 0.5102475 0.04083333333333333 0.0523575
2 0.47616499999999995 0.38972500000000004 0.038198333333333334 0.0484075
2 0.4231483333333333 0.5734724999999999 0.028319999999999998 0.038527500000000006
2 0.41392666666666666 0.52704 0.023051666666666668 0.0365525
2 0.31283333333333335 0.6623825000000001 0.02371 0.0365525
2 0.33884666666666663 0.684115 0.03358833333333333 0.04248
2 0.340165 0.7236325 0.027001666666666667 0.04248
2 0.3889 0.710295 0.032271666666666664 0.05137
2 0.5630983333333334 0.6460825 0.022391666666666667 0.049395
2 0.5196316666666667 0.6608999999999999 0.03293 0.053345
2 0.6078833333333333 0.7794475 0.04083333333333333 0.0572975
2 0.6325816666666666 0.5937250000000001 0.049395 0.0790325
2 0.6559616666666667 0.86095 0.055321666666666665 0.0780425
2 0.691855 0.9672725000000001 0.054663333333333335 0.0654525
2 0.7303816666666667 0.90738 0.03424666666666667 0.0740925
2 0.8281833333333334 0.44652749999999997 0.07442166666666666 0.10076500000000001
2 0.6974533333333334 0.326005 0.04741833333333333 0.06125
2 0.588455 0.2924175 0.11130333333333334 0.1580625
2 0.3316033333333333 0.219805 0.016465 0.01877
2 0.28616 0.2010375 0.009878333333333334 0.016795
2 0.27694 0.199555 0.008561666666666667 0.011855000000000001
2 0.27628 0.185725 0.011196666666666667 0.0158075
2 0.24401 0.2193125 0.011196666666666667 0.0158075
2 0.21733666666666665 0.227215 0.011855 0.01383
2 0.21503166666666668 0.25043 0.012513333333333333 0.0148175
2 0.2565233333333333 0.24697249999999998 0.011196666666666667 0.01383
2 0.2361066666666667 0.27858499999999997 0.011196666666666667 0.01383
2 0.25026666666666664 0.25783999999999996 0.007903333333333333 0.01383
2 0.26245 0.255865 0.009878333333333334 0.011855000000000001
2 0.26771833333333334 0.2963675 0.011196666666666667 0.01383
2 0.29472166666666666 0.32304 0.008561666666666667 0.0158075
2 0.264755 0.328475 0.00922 0.0148175
2 0.07014 0.3171125 0.008561666666666667 0.0079025
2 0.06190833333333333 0.294885 0.006586666666666667 0.0108675
2 0.052028333333333336 0.26228500000000005 0.007903333333333333 0.00889
2 0.0326 0.234625 0.009878333333333334 0.0108675
2 0.18737 0.2242525 0.008561666666666667 0.009880000000000002
2 0.15905 0.2311675 0.008561666666666667 0.0079025
2 0.20745833333333333 0.20498750000000002 0.006586666666666667 0.0108675