2 0.40958333333333335 0.6425 0.0225 0.0325
2 0.37833333333333335 0.64 0.018333333333333333 0.02
2 0.4625 0.5225 0.023333333333333334 0.035
2 0.47291666666666665 0.490625 0.025833333333333333 0.03625
2 0.515 0.32125 0.016666666666666666 0.025
2 0.53875 0.31125 0.019166666666666665 0.0225
2 0.5691666666666667 0.319375 0.016666666666666666 0.02375
2 0.5691666666666667 0.156875 0.018333333333333333 0.03125
2 0.4429166666666667 0.17125 0.020833333333333332 0.0175
2 0.18 0.38625 0.021666666666666667 0.0225
2 0.18708333333333332 0.409375 0.0175 0.02125
2 0.175 0.429375 0.016666666666666666 0.01875
2 0.18916666666666668 0.450625 0.02 0.02625
2 0.18875 0.60875 0.019166666666666665 0.0275
2 0.20208333333333334 0.65375 0.015833333333333335 0.0275
2 0.19291666666666665 0.658125 0.0125 0.01875
2 0.14166666666666666 0.660625 0.021666666666666667 0.02125
2 0.67625 0.815625 0.019166666666666665 0.02125
2 0.6208333333333333 0.711875 0.021666666666666667 0.02875
2 0.525 0.654375 0.02 0.02375
2 0.53625 0.565 0.0175 0.025
2 0.6920833333333334 0.48625 0.014166666666666666 0.0225
2 0.705 0.4475 0.02 0.02
2 0.6879166666666666 0.4325 0.015833333333333335 0.0175
2 0.6966666666666667 0.400625 0.02 0.01125
2 0.6658333333333334 0.41875 0.02 0.0225
2 0.5008333333333334 0.87125 0.018333333333333333 0.0225
2 0.6458333333333334 0.85125 0.021666666666666667 0.035
2 0.37 0.833125 0.018333333333333333 0.02625
2 0.4845833333333333 0.82 0.015833333333333335 0.02
2 0.4708333333333333 0.80875 0.018333333333333333 0.025
2 0.37041666666666667 0.515625 0.0225 0.02875
2 0.31833333333333336 0.919375 0.015 0.03375
2 0.2866666666666667 0.758125 0.021666666666666667 0.03875
2 0.21333333333333335 0.686875 0.021666666666666667 0.02375
2 0.2275 0.64625 0.016666666666666666 0.0225
2 0.2675 0.51 0.016666666666666666 0.0225
2 0.44916666666666666 0.724375 0.023333333333333334 0.02875
2 0.42041666666666666 0.86 0.025833333333333333 0.0275