2 0.2672178130511464 0.401889880952381 0.04676807760141093 0.021708829365079365
2 0.5317107583774251 0.3928224206349206 0.05721340388007054 0.028095238095238097
2 0.5834744268077601 0.37277281746031743 0.05902998236331569 0.030394345238095238
2 0.5836992945326278 0.46076388888888886 0.05130952380952381 0.026051587301587305
2 0.6263844797178131 0.484516369047619 0.050401234567901236 0.026051587301587305
2 0.5825661375661375 0.5057167658730158 0.04903880070546737 0.023497023809523808
2 0.634104938271605 0.533172123015873 0.05766754850088183 0.027839781746031748
2 0.9600970017636684 0.6229712301587302 0.055612874779541445 0.028256448412698414
2 0.8067063492063492 0.7909920634920635 0.047839506172839504 0.024556051587301588
2 0.5737874779541445 0.6909201388888889 0.029303350970017635 0.02287450396825397
2 0.5247486772486772 0.6525719246031746 0.04604497354497355 0.020183531746031744
2 0.4763095238095238 0.6569444444444444 0.0508289241622575 0.021527777777777778
2 0.40485008818342155 0.6576190476190477 0.047839506172839504 0.02623759920634921
2 0.3327910052910053 0.6535813492063491 0.037676366843033514 0.021527777777777778
2 0.13174162257495592 0.6680828373015874 0.03749559082892417 0.018241567460317458
2 0.1406084656084656 0.5834325396825397 0.036988536155202825 0.020520833333333332
2 0.02199294532627866 0.6270362103174604 0.017592592592592594 0.007730654761904762