1 0.8003466666666667 0.17839 0.06530166666666666 0.08605249999999999
1 0.8152616666666667 0.360425 0.06682 0.09638
1 0.46610833333333335 0.663885 0.06737666666666667 0.08855750000000001
1 0.7521433333333333 0.5740299999999999 0.05565333333333334 0.0705275
1 0.33724 0.5905525 0.05775333333333333 0.0694825
1 0.11841 0.26295999999999997 0.04018 0.050855
1 0.08729166666666667 0.38819 0.04322333333333333 0.047689999999999996
2 0.2562316666666667 0.150275 0.038643333333333335 0.04415
1 0.06912833333333333 0.81311 0.037136666666666665 0.054155
1 0.58447 0.31433999999999995 0.045085 0.06658499999999999
1 0.7273183333333333 0.68887 0.05071166666666666 0.0540375
1 0.7502399999999999 0.10617 0.040966666666666665 0.068165
1 0.6872483333333333 0.5848 0.04605 0.07873000000000001