1 0.6339516666666667 0.22271000000000002 0.03292333333333333 0.04488
1 0.39343 0.2580825 0.026361666666666665 0.036907499999999996
1 0.8570583333333334 0.3896325 0.04288166666666667 0.055854999999999995
1 0.68736 0.123105 0.02799 0.04485
1 0.4390466666666667 0.16909 0.028153333333333332 0.0400825
1 0.7186766666666667 0.17906 0.037386666666666665 0.044707500000000004
1 0.90251 0.364695 0.03784166666666667 0.048424999999999996
1 0.030998333333333336 0.4123175 0.034485 0.039542499999999994
1 0.12384166666666666 0.43139 0.03336666666666666 0.046225
1 0.25390666666666667 0.971705 0.047988333333333334 0.05659
1 0.18064666666666668 0.017 0.03109166666666667 0.0339975
1 0.12966166666666668 0.0287525 0.027418333333333333 0.035965000000000004
1 0.7908033333333333 0.2425 0.029761666666666665 0.04582
1 0.53071 0.79847 0.039196666666666664 0.05701
1 0.7703566666666667 0.1723675 0.03149166666666667 0.04372
1 0.6817516666666668 0.970465 0.027566666666666666 0.0482175
1 0.8939983333333333 0.0146925 0.04176333333333333 0.029385
1 0.7633449999999999 0.5328174999999999 0.03315833333333333 0.054847499999999993
1 0.5838249999999999 0.43673500000000004 0.032765 0.0458525
1 0.556285 0.6531525 0.041645 0.06393
1 0.032988333333333335 0.3398025 0.033953333333333335 0.039427500000000004
1 0.24627 0.022005 0.023778333333333332 0.0440075
1 0.5310766666666666 0.247415 0.01843 0.030899999999999997
1 0.9940333333333333 0.1246875 0.011933333333333332 0.0408225
1 0.66864 0.2543375 0.021595 0.019274999999999997
1 0.15138166666666666 0.1284525 0.021598333333333334 0.0274725
1 0.061456666666666666 0.114845 0.016775 0.0328225
1 0.531235 0.983075 0.030973333333333335 0.03385
1 0.4734083333333333 0.9840225 0.03165333333333333 0.031955