2 0.6588 0.2344025 0.014164999999999999 0.0196675
2 0.21138166666666666 0.45401749999999996 0.009808333333333334 0.0131325
2 0.21214333333333332 0.4430525 0.004228333333333333 0.00718
2 0.27505 0.454335 0.010315 0.013005000000000001
2 0.25484166666666663 0.47417750000000003 0.0115 0.01388
2 0.22571333333333332 0.5079675 0.005496666666666666 0.007645
2 0.260675 0.5089175 0.010991666666666667 0.0148725
2 0.28359 0.6444475 0.009131666666666666 0.008175
2 0.277375 0.65199 0.008369999999999999 0.0072825
2 0.3182566666666667 0.6734349999999999 0.010485 0.013645
2 0.30798333333333333 0.7168150000000001 0.009723333333333334 0.0136525
2 0.26650999999999997 0.734185 0.00947 0.010345
2 0.28337833333333334 0.8092625 0.010231666666666667 0.01287
2 0.3692833333333333 0.8231475 0.007525 0.007915
2 0.42690666666666666 0.9173275 0.01319 0.0220125
2 0.438405 0.880735 0.012513333333333333 0.016925
2 0.42348166666666665 0.85252 0.008878333333333334 0.0172
2 0.4830916666666667 0.9200975 0.01243 0.0189325
2 0.5285383333333333 0.952845 0.0115 0.016954999999999998
2 0.5451533333333334 0.982895 0.013781666666666666 0.016175000000000002
2 0.39760833333333334 0.7173525 0.007863333333333333 0.020057500000000002
2 0.4253 0.6235925 0.008963333333333334 0.018975000000000002
2 0.4263983333333333 0.6405875 0.008116666666666668 0.014
2 0.40881166666666663 0.6045750000000001 0.013528333333333333 0.0174675
2 0.47108500000000003 0.610915 0.012766666666666666 0.019489999999999997
2 0.44517 0.530875 0.01319 0.019215
2 0.45628833333333335 0.5538875000000001 0.007525 0.012735
2 0.39097166666666666 0.525105 0.014373333333333332 0.01757
2 0.34150833333333336 0.5633425 0.012851666666666666 0.015665
2 0.301515 0.431195 0.007948333333333333 0.01314
2 0.29787833333333336 0.42434750000000004 0.009808333333333334 0.013145
2 0.30485500000000004 0.421685 0.003973333333333333 0.010865
2 0.31711500000000004 0.39833749999999996 0.01226 0.017435
2 0.300585 0.3793825 0.009131666666666666 0.0107275
2 0.3181716666666667 0.36765499999999995 0.008793333333333334 0.012385
2 0.3958333333333333 0.31223 0.011415 0.0172
2 0.40395 0.3043675 0.013443333333333333 0.0151775
2 0.44616666666666666 0.22872 0.012683333333333333 0.0161175
2 0.4688883333333333 0.191355 0.010786666666666667 0.019585
2 0.5453883333333334 0.22857 0.009188333333333333 0.0122225
2 0.5740500000000001 0.25051 0.012583333333333334 0.019247499999999997
2 0.5711533333333333 0.2699025 0.013981666666666667 0.0175875
2 0.5866833333333333 0.2520075 0.013283333333333334 0.020445
2 0.6039116666666666 0.2638375 0.013581666666666665 0.018940000000000002
2 0.52811 0.353135 0.011784999999999999 0.019567499999999998
2 0.5191216666666667 0.3642925 0.00819 0.0158175
2 0.5039416666666667 0.34407499999999996 0.011385000000000001 0.018525
2 0.44457 0.46489749999999996 0.010686666666666667 0.018385000000000002
2 0.43703 0.4656475 0.005791666666666666 0.01449
2 0.46 0.45681 0.007390000000000001 0.01839
2 0.5146783333333333 0.45322250000000003 0.012085 0.0157525
2 0.5077866666666666 0.48519 0.00769 0.0149275
2 0.516175 0.5442899999999999 0.010086666666666667 0.013585000000000002
2 0.5179733333333334 0.559265 0.013681666666666667 0.014772500000000001
2 0.5251633333333333 0.6087825 0.010086666666666667 0.0158325
2 0.5768466666666666 0.7829149999999999 0.016978333333333335 0.023445
2 0.58928 0.8363250000000001 0.016078333333333333 0.0251025
2 0.6061583333333334 0.97624 0.015080000000000001 0.026297499999999998
2 0.5916766666666666 0.9726475 0.013681666666666667 0.0173125
2 0.61959 0.9391 0.018575 0.023925000000000002
2 0.6057583333333334 0.5716975 0.014281666666666666 0.018065
2 0.6377666666666667 0.607565 0.012983333333333335 0.018789999999999998
2 0.5981183333333333 0.6782699999999999 0.010386666666666667 0.014595
2 0.64276 0.632445 0.010985 0.0164225
2 0.6569916666666666 0.6361950000000001 0.007890000000000001 0.01563
2 0.6445583333333333 0.849635 0.013383333333333332 0.024755
2 0.62728 0.8831074999999999 0.008788333333333332 0.011705
2 0.6825083333333334 0.72646 0.010186666666666667 0.0148
2 0.63537 0.5222025 0.012983333333333335 0.0170475
2 0.6260816666666666 0.31283249999999996 0.013581666666666665 0.019855
2 0.5805416666666666 0.46278250000000004 0.013581666666666665 0.0177475
2 0.6021633333333334 0.4373225 0.013083333333333334 0.02076
2 0.6502 0.4347025 0.01568 0.0200125
2 0.678015 0.3820625 0.016778333333333333 0.019897500000000002
2 0.6949416666666666 0.3730025 0.014081666666666666 0.020649999999999998
2 0.6789133333333334 0.4693925 0.00779 0.018385000000000002
2 0.707975 0.5222775000000001 0.013183333333333332 0.02169
2 0.69689 0.589295 0.016178333333333333 0.016405
2 0.707675 0.58248 0.013781666666666666 0.01626
2 0.6994366666666666 0.6787949999999999 0.011085000000000001 0.012947499999999999
2 0.7105216666666667 0.677975 0.012283333333333334 0.0147575
2 0.7221566666666666 0.7035800000000001 0.011585000000000002 0.0148775
2 0.7212583333333333 0.8087475 0.007390000000000001 0.01489
2 0.7595083333333333 0.8348049999999999 0.013183333333333332 0.0148725
2 0.7720916666666667 0.7656725 0.014381666666666668 0.0159225
2 0.75052 0.730105 0.008388333333333333 0.013997500000000001
2 0.769195 0.7121325000000001 0.013383333333333332 0.0158075
2 0.8507883333333333 0.759755 0.012383333333333333 0.0157775
2 0.8206783333333333 0.6902699999999999 0.012683333333333333 0.01702
2 0.7758866666666666 0.6870499999999999 0.013581666666666665 0.0168725
2 0.7619549999999999 0.6910925 0.012683333333333333 0.01597
2 0.7434283333333332 0.6396525000000001 0.010985 0.016452500000000002
2 0.82702 0.64946 0.013981666666666667 0.0189925
2 0.7909166666666667 0.62029 0.014281666666666666 0.0172775
2 0.7475233333333334 0.5319325 0.013183333333333332 0.016735
2 0.7738900000000001 0.531485 0.013183333333333332 0.0158375
2 0.7800316666666666 0.54287 0.013481666666666666 0.01532
2 0.7655 0.518455 0.010786666666666667 0.014945
2 0.7674983333333333 0.4741125 0.01637833333333333 0.02161
2 0.8173316666666667 0.4333725 0.014979999999999999 0.019149999999999997
2 0.8559816666666668 0.2170375 0.012783333333333334 0.0125275
2 0.8191299999999999 0.2694525 0.008988333333333333 0.0166875
2 0.8593783333333334 0.28078 0.012783333333333334 0.0168725
2 0.7991066666666667 0.29403500000000005 0.015080000000000001 0.0173125
2 0.7864733333333334 0.30751249999999997 0.013183333333333332 0.019102499999999998
2 0.7991566666666666 0.3132775 0.014581666666666666 0.018947500000000003
2 0.776485 0.3283275 0.009986666666666666 0.013997500000000001
2 0.8145366666666667 0.33117250000000004 0.012983333333333335 0.016092500000000003
2 0.82732 0.30856 0.012183333333333332 0.0158075
2 0.85748 0.3389825 0.011385000000000001 0.015529999999999999
2 0.8139366666666666 0.390505 0.007390000000000001 0.0180475
2 0.8926333333333334 0.49887 0.013383333333333332 0.01622
2 0.8585783333333333 0.51609 0.013581666666666665 0.0147125
2 0.868515 0.564355 0.016078333333333333 0.0177625
2 0.8948316666666666 0.571845 0.014181666666666667 0.012964999999999999
2 0.40802999999999995 0.5867825 0.015335000000000001 0.021652499999999998