1 0.07023166666666666 0.323865 0.04955166666666667 0.071355
1 0.8544183333333334 0.754005 0.051561666666666665 0.063305
1 0.48150333333333334 0.44421249999999995 0.04848 0.0586175
1 0.529895 0.55724 0.04305333333333333 0.0563175
1 0.157305 0.3844375 0.0368 0.052414999999999996
1 0.151105 0.430755 0.02993166666666667 0.0454975
1 0.33303333333333335 0.0807225 0.04419666666666667 0.0682025
1 0.5927683333333333 0.6821 0.0425 0.06322
1 0.5649183333333334 0.48772750000000004 0.05653666666666667 0.0664325
1 0.9735100000000001 0.140685 0.05298 0.0856125
1 0.19510833333333336 0.302115 0.052790000000000004 0.0755675
1 0.08850666666666666 0.3431925 0.0424 0.056037500000000004
1 0.15632333333333334 0.32758 0.03238333333333333 0.035085
1 0.6634633333333334 0.8053325 0.04074666666666667 0.05817
1 0.572455 0.8949025 0.034055 0.06967749999999999
1 0.3681183333333333 0.053665 0.03649666666666666 0.0676525