1 0.5555483333333333 0.5538 0.036155 0.05938
1 0.331465 0.930475 0.027175 0.04549
1 0.30534666666666666 0.28446249999999995 0.02421166666666667 0.0329225
1 0.22700666666666666 0.6905325 0.03737 0.0555725
1 0.03762666666666666 0.6287174999999999 0.03557166666666667 0.05336
1 0.08897833333333334 0.8795 0.04076833333333334 0.061755000000000004
1 0.3167683333333333 0.8752075 0.026010000000000002 0.0415775
1 0.599185 0.4766275 0.03116 0.0374775
1 0.90231 0.9633425 0.022021666666666665 0.035055
1 0.7620716666666667 0.6929924999999999 0.025201666666666667 0.026135000000000002
1 0.054933333333333334 0.048 0.028314999999999996 0.03601
1 0.8809083333333333 0.9439624999999999 0.02437 0.032920000000000005
1 0.35921166666666665 0.1741075 0.017581666666666666 0.0285325
1 0.04678666666666667 0.382335 0.020596666666666666 0.037515
1 0.28204 0.360845 0.020318333333333334 0.0277425
1 0.8041200000000001 0.981835 0.02887 0.036332500000000004
1 0.7996316666666666 0.7065349999999999 0.02335 0.036407499999999995
1 0.8494833333333333 0.6418775000000001 0.022753333333333334 0.0338275
1 0.8029133333333333 0.6519125 0.023491666666666664 0.0257375
1 0.8158783333333334 0.567135 0.026693333333333333 0.026645
1 0.6659233333333333 0.8666475 0.029203333333333335 0.030100000000000002
1 0.7127616666666666 0.438915 0.027755000000000002 0.04287
1 0.6145783333333333 0.3014175 0.026569999999999996 0.034755
1 0.6460633333333333 0.3133675 0.015183333333333332 0.0377425
1 0.65294 0.29896 0.011675 0.02486
1 0.371805 0.862425 0.023088333333333332 0.0414525
1 0.3291966666666667 0.3484425 0.021893333333333334 0.03499
1 0.21525166666666667 0.1707075 0.021936666666666667 0.030699999999999998
1 0.19606166666666666 0.1109875 0.023315 0.031855
1 0.07150833333333334 0.165635 0.028646666666666668 0.040435000000000006
1 0.035276666666666665 0.3487725 0.02686 0.034325
1 0.09013333333333333 0.9835225000000001 0.037625 0.0329575
1 0.5175783333333333 0.25789249999999997 0.014835000000000001 0.0365525