2 0.7069885361552029 0.005654761904761905 0.13951058201058203 0.011312003968253968
2 0.5586772486772487 0.058680555555555555 0.08169753086419752 0.05514632936507936
2 0.5033774250440918 0.026158234126984127 0.08169753086419752 0.05090277777777778
2 0.4443033509700176 0.08943452380952381 0.07918430335097001 0.05302331349206349
2 0.4172795414462081 0.07423363095238095 0.0728968253968254 0.0494890873015873
2 0.3450088183421517 0.052671130952380955 0.04147707231040564 0.016259920634920634
2 0.2570282186948854 0.013432539682539681 0.04399029982363316 0.018382936507936508
2 0.08546737213403881 0.20113839285714286 0.04524691358024691 0.03181547619047619
2 0.06033068783068784 0.24709325396825396 0.03770723104056437 0.02474454365079365
2 0.46441358024691354 0.15200148809523809 0.07164021164021163 0.04666170634920635
2 0.4424162257495591 0.20149305555555555 0.05027336860670194 0.02827876984126984
2 0.7560052910052909 0.25522321428571426 0.12694444444444444 0.0834250992063492
2 0.487037037037037 0.3255679563492064 0.09175044091710759 0.061507936507936505
2 0.24967813051146384 0.31640873015873017 0.024678130511463843 0.023680555555555555
2 0.18871252204585537 0.34478174603174605 0.03629188712522046 0.01265625
2 0.48302910052910053 0.4317435515873016 0.09798500881834214 0.061649305555555554
2 0.2522178130511464 0.49931299603174606 0.028306878306878308 0.011431051587301589
2 0.25003968253968256 0.5076810515873016 0.026856261022927687 0.013472222222222222
2 0.2406040564373898 0.5280952380952382 0.026856261022927687 0.016738591269841268
2 0.20141093474426808 0.5191145833333334 0.032663139329805996 0.016738591269841268
2 0.6554938271604939 0.4168204365079365 0.1036331569664903 0.06395089285714287
2 0.8215035273368607 0.4270064484126984 0.13180335097001764 0.07753472222222223
2 0.7973589065255732 0.40351934523809524 0.11570546737213405 0.04980406746031746
2 0.9692636684303351 0.24884176587301587 0.061477072310405646 0.08253968253968254
2 0.8383509700176367 0.5383358134920635 0.027253086419753086 0.017346230158730158
2 0.7182275132275132 0.5338988095238095 0.029404761904761902 0.01654017857142857
2 0.7038844797178131 0.5518501984126984 0.049484126984126985 0.026624503968253967
2 0.6432848324514991 0.5901736111111111 0.014343033509700178 0.012103174603174602
2 0.6293033509700177 0.5950124007936508 0.016494708994708993 0.01048859126984127
2 0.5289021164021164 0.6008630952380952 0.03227072310405644 0.01654017857142857
2 0.46615079365079365 0.5893650793650794 0.024382716049382715 0.015329861111111112
2 0.656194885361552 0.6464459325396825 0.03585978835978836 0.02460813492063492
2 0.19817460317460317 0.8759945436507937 0.09757495590828924 0.06654265873015873
2 0.09455467372134038 0.8332514880952381 0.09584656084656085 0.06460069444444445
2 0.08850970017636685 0.7756944444444445 0.09584656084656085 0.053430059523809526
2 0.02892857142857143 0.8483085317460318 0.05440035273368606 0.04614335317460318
2 0.0794400352733686 0.8944518849206349 0.08980599647266314 0.061686507936507935
2 0.19860670194003527 0.8728397817460317 0.10361992945326279 0.05439980158730159