2 0.32458333333333333 0.61875 0.050833333333333335 0.0675
2 0.05375 0.416875 0.050833333333333335 0.07125
2 0.012083333333333333 0.74125 0.024166666666666666 0.085
2 0.36291666666666667 0.836875 0.049166666666666664 0.07125
2 0.20666666666666667 0.96125 0.056666666666666664 0.0775
2 0.47458333333333336 0.745625 0.06583333333333333 0.08125
2 0.6475 0.963125 0.045 0.06125
2 0.7166666666666667 0.681875 0.04666666666666667 0.05625
2 0.6616666666666666 0.65375 0.03833333333333333 0.03
0 0.04124833333333334 0.118675 0.03786833333333334 0.05883
0 0.05832333333333333 0.0745525 0.03009166666666667 0.0273875
0 0.06745166666666666 0.0948375 0.03414833333333333 0.03043
0 0.013186666666666668 0.19525499999999998 0.01825833333333333 0.0192725
0 0.05375833333333334 0.26701749999999996 0.024343333333333335 0.022822500000000003
0 0.06457833333333333 0.2893325 0.023666666666666666 0.018765
0 0.018933333333333333 0.2949125 0.009466666666666667 0.022822500000000003
0 0.11918166666666667 0.31038 0.017243333333333333 0.0202875
0 0.10244666666666666 0.4303225 0.022314999999999998 0.045137500000000004
0 0.07962333333333334 0.4118125 0.01251 0.0182575
0 0.09991000000000001 0.39457 0.013186666666666668 0.0202875
0 0.145385 0.4815475 0.012171666666666667 0.013692500000000002
0 0.06288833333333332 0.5723275 0.017581666666666666 0.0157225
0 0.008114999999999999 0.5774 0.016228333333333334 0.029922499999999998
0 0.2539166666666667 0.263215 0.031781666666666666 0.0273875
0 0.26287666666666665 0.28882749999999996 0.026033333333333332 0.049195
0 0.22348833333333334 0.2622 0.01961 0.0263725
0 0.34300833333333336 0.207175 0.018595 0.027892499999999997
0 0.2662583333333333 0.0377825 0.015215000000000001 0.032965
0 0.275725 0.0458975 0.009805 0.01775
0 0.24512666666666666 0.049702500000000004 0.014876666666666668 0.015215
0 0.48687166666666665 0.248255 0.023666666666666666 0.039049999999999994
0 0.4919433333333333 0.3420775 0.01961 0.022822500000000003
0 0.4998883333333333 0.3126625 0.008453333333333334 0.022822500000000003
0 0.534545 0.280205 0.012171666666666667 0.025865
0 0.5507733333333333 0.27716250000000003 0.012848333333333333 0.026879999999999998
0 0.5720733333333333 0.3365 0.013525 0.019780000000000002
0 0.5717366666666667 0.35653250000000003 0.008790000000000001 0.0121725
0 0.6792533333333334 0.339795 0.016228333333333334 0.0253575
0 0.7230383333333332 0.332695 0.011156666666666665 0.031445
0 0.4867033333333333 0.45897750000000004 0.029415 0.029415
0 0.5108766666666668 0.47241750000000005 0.014876666666666668 0.029922499999999998
0 0.4867033333333333 0.504115 0.018595 0.03043
0 0.5465466666666667 0.486365 0.03347166666666667 0.0537575
0 0.5605783333333333 0.44046749999999996 0.029076666666666667 0.034995
0 0.595065 0.472925 0.027725 0.04108
0 0.5688616666666667 0.4815475 0.008453333333333334 0.026879999999999998
0 0.5732566666666666 0.5018325 0.020625 0.019780000000000002
0 0.59777 0.5091875 0.023666666666666666 0.0213
0 0.6177183333333334 0.3993875 0.010143333333333334 0.013692500000000002
0 0.6591366666666667 0.493465 0.011833333333333333 0.0202875
0 0.43615499999999996 0.6276075 0.0142 0.023837499999999998
0 0.44782 0.610365 0.013186666666666668 0.0218075
0 0.43023833333333333 0.6757875 0.013186666666666668 0.019780000000000002
0 0.4441016666666667 0.6760425 0.01792 0.0182575
0 0.43226833333333337 0.70647 0.01251 0.0192725
0 0.45864000000000005 0.7318300000000001 0.015215000000000001 0.0243425
0 0.5521266666666667 0.5801875 0.01825833333333333 0.0324575
0 0.57106 0.596165 0.011495 0.013692500000000002
0 0.5842466666666667 0.61848 0.013525 0.019780000000000002
0 0.5690316666666667 0.6593049999999999 0.012171666666666667 0.015215
0 0.6239733333333334 0.620255 0.017243333333333333 0.0172425
0 0.707655 0.71205 0.017581666666666666 0.023329999999999997
0 0.7201649999999999 0.70774 0.017581666666666666 0.013692500000000002
0 0.3832166666666667 0.5154525 0.006920000000000001 0.0195125
0 0.32633666666666666 0.5090175 0.021036666666666665 0.012455
0 0.379065 0.4701975 0.015776666666666665 0.012039999999999999
0 0.8428183333333333 0.8910650000000001 0.021108333333333333 0.026234999999999998
0 0.8274400000000001 0.8243475 0.015076666666666665 0.0266875
0 0.7546166666666666 0.772105 0.014173333333333335 0.018997499999999997
0 0.824575 0.6802849999999999 0.018395 0.0208075
0 0.6857133333333333 0.77007 0.012061666666666667 0.012212500000000001
0 0.775875 0.91255 0.016886666666666664 0.0149275
0 0.80995 0.9408200000000001 0.019298333333333334 0.02714
0 0.25054 0.34003500000000003 0.019450000000000002 0.0173675
0 0.24475166666666667 0.2903675 0.008798333333333333 0.0236175