2 0.3903042328042328 0.3444122023809524 0.06835978835978836 0.03675099206349206
2 0.4831040564373898 0.4117906746031746 0.060471781305114644 0.036550099206349204
2 0.599347442680776 0.4002405753968254 0.054969135802469135 0.03194940476190476
2 0.6603924162257495 0.38359375 0.06483686067019401 0.03457093253968253
2 0.2620502645502646 0.45502728174603174 0.07500440917107584 0.03812996031746032
2 0.5176278659611993 0.48609623015873016 0.06180335097001763 0.028432539682539684
2 0.2774911816578483 0.49895833333333334 0.06524691358024691 0.021507936507936507
2 0.22119047619047622 0.5561706349206349 0.04939594356261023 0.02382936507936508
2 0.15746031746031747 0.5555282738095237 0.03609347442680776 0.029072420634920635
2 0.05467813051146385 0.5220858134920635 0.05690917107583774 0.02966765873015873
2 0.6948280423280423 0.48529265873015875 0.06042328042328042 0.021902281746031746
2 0.7226278659611993 0.5034126984126984 0.05217372134038801 0.025158730158730158
2 0.538668430335097 0.5982366071428572 0.047724867724867726 0.024419642857142855
2 0.4919003527336861 0.6353000992063492 0.052160493827160495 0.02460565476190476
2 0.6296516754850088 0.5403100198412699 0.05034832451499118 0.022547123015873013
2 0.7055291005291006 0.6138095238095238 0.07037918871252205 0.031681547619047616
2 0.6897442680776014 0.6372916666666667 0.05099647266313933 0.023541666666666666
2 0.7929938271604938 0.6629786706349207 0.046909171075837745 0.028529265873015873
2 0.8244973544973545 0.6673313492063492 0.043567019400352736 0.02568204365079365
2 0.735626102292769 0.30963541666666666 0.03691358024691358 0.01684027777777778
2 0.7815564373897707 0.3361160714285714 0.023725749559082892 0.020441468253968254
2 0.8783024691358025 0.5711259920634921 0.05576719576719577 0.02038938492063492
2 0.7745458553791887 0.5338467261904761 0.022354497354497356 0.02003720238095238
2 0.30693562610229275 0.6927554563492063 0.07317019400352733 0.03789186507936508
2 0.2471957671957672 0.6615352182539682 0.06850970017636684 0.02703373015873016
2 0.22661375661375663 0.6814037698412698 0.05011022927689594 0.027276785714285715
2 0.6191534391534391 0.6858283730158731 0.058893298059964724 0.03459325396825397
2 0.5300352733686067 0.7593328373015873 0.06372134038800706 0.027998511904761905
2 0.6610449735449735 0.7821527777777777 0.05419312169312169 0.03072916666666667
2 0.7035934744268078 0.8872296626984126 0.052332451499118166 0.03665178571428571
2 0.7429056437389772 0.8850471230158731 0.058205467372134036 0.034647817460317455
2 0.3361904761904762 0.8858854166666666 0.057420634920634914 0.033102678571428575
2 0.6442813051146384 0.9790302579365079 0.05575396825396826 0.03404017857142857
2 0.04159171075837743 0.8587400793650793 0.07258377425044092 0.047787698412698414
2 0.262526455026455 0.8657415674603175 0.03213844797178131 0.027140376984126986