1 0.5557449999999999 0.036485 0.03523166666666666 0.0582275
1 0.6656483333333333 0.1826825 0.04525 0.063925
1 0.7571233333333333 0.16942 0.037588333333333335 0.052755
1 0.9625283333333333 0.5060475 0.028358333333333333 0.03721
1 0.5212816666666666 0.21336000000000002 0.03602 0.0519425
1 0.16278666666666666 0.17847749999999998 0.04183833333333333 0.0542825
1 0.7063366666666667 0.88879 0.030426666666666668 0.04802
1 0.4619183333333334 0.689505 0.030978333333333333 0.052565
1 0.46810999999999997 0.4761125 0.03982 0.0493325
1 0.011346666666666666 0.372665 0.022693333333333333 0.0569475
1 0.705105 0.392915 0.029185000000000003 0.0489225
1 0.37603666666666663 0.40026999999999996 0.03766166666666667 0.0588175
1 0.10172333333333333 0.52697 0.03618166666666667 0.0418075
1 0.16015333333333331 0.02927 0.037796666666666666 0.0492125
1 0.7441099999999999 0.2178825 0.03734 0.0445625
1 0.95032 0.6896175 0.03582333333333333 0.043525
1 0.7937183333333334 0.8136175 0.03071166666666667 0.0505075
1 0.49333 0.6782875 0.02979333333333333 0.053845
1 0.03209166666666667 0.39543 0.04160333333333333 0.07028
1 0.8227650000000001 0.64632 0.03490666666666667 0.0393525
1 0.22093 0.5560675 0.037325 0.0506675
1 0.11634 0.22298500000000002 0.028081666666666668 0.0436425
1 0.79169 0.63162 0.026618333333333334 0.030732500000000003
1 0.7399133333333333 0.0171875 0.04302666666666667 0.034375
1 0.200265 0.04236 0.03961166666666666 0.0498225
1 0.63675 0.128505 0.02575 0.04267
1 0.6735399999999999 0.7070850000000001 0.026623333333333336 0.0449325
1 0.248195 0.0588475 0.038601666666666666 0.04838
1 0.42171166666666665 0.4146225 0.026958333333333334 0.03401
1 0.5033366666666667 0.390435 0.022375 0.03253
1 0.533365 0.25092 0.031433333333333334 0.036435
1 0.6192783333333334 0.214205 0.026145 0.046465000000000006
1 0.49756 0.21555000000000002 0.01831666666666667 0.034605
1 0.11842499999999999 0.5746849999999999 0.019039999999999998 0.026455
1 0.7850066666666666 0.2153425 0.034515000000000004 0.053152500000000005
1 0.993 0.106705 0.013661666666666666 0.042405
1 0.6601816666666667 0.47480500000000003 0.022321666666666667 0.02562
1 0.15388333333333332 0.8425725 0.02742666666666667 0.049284999999999995
1 0.45721333333333336 0.7645925 0.01632 0.027364999999999997
1 0.5064516666666666 0.743645 0.024041666666666666 0.03622
1 0.4224433333333333 0.6829700000000001 0.027334999999999998 0.039725
1 0.44234666666666667 0.700315 0.02632666666666667 0.0430025
1 0.6412183333333333 0.7254575 0.023454999999999997 0.027232500000000003
1 0.821055 0.8024874999999999 0.016443333333333334 0.03814
1 0.9257216666666667 0.8074375 0.021065 0.0330875
1 0.8640866666666668 0.73281 0.020104999999999998 0.024575
1 0.9588583333333333 0.82278 0.024589999999999997 0.0321025
1 0.99589 0.70637 0.00822 0.025915