2 0.11534166666666666 0.3438275 0.03161666666666667 0.051815
2 0.13963833333333334 0.3372425 0.04625333333333333 0.054450000000000005
2 0.17096333333333333 0.26215249999999996 0.03513 0.053572499999999995
2 0.25703000000000004 0.2349275 0.03981333333333333 0.0465475
2 0.275765 0.25951749999999996 0.04683833333333333 0.057085000000000004
2 0.30913833333333335 0.26259249999999995 0.038641666666666664 0.03513
2 0.23390333333333335 0.3021125 0.026346666666666668 0.047424999999999995
2 0.19935833333333336 0.3025525 0.04039833333333333 0.0605975
2 0.20111500000000002 0.36534500000000003 0.03337333333333334 0.047424999999999995
2 0.257615 0.375005 0.03513 0.04918
2 0.22951166666666667 0.37588499999999997 0.0363 0.0562075
2 0.19350333333333333 0.4408725 0.036885 0.04918
2 0.16130166666666665 0.579195 0.048595 0.051815
2 0.17271999999999998 0.659115 0.040985 0.05006
2 0.07904166666666666 0.91424 0.04566833333333333 0.047424999999999995
2 0.06703833333333334 0.96913 0.05796333333333333 0.057085000000000004
2 0.014051666666666667 0.921705 0.028103333333333334 0.06411
2 0.35070833333333334 0.803145 0.049181666666666665 0.053572499999999995
2 0.31879833333333335 0.8439825 0.031031666666666666 0.042155
2 0.35070833333333334 0.8492525000000001 0.03513 0.042155
2 0.31265166666666666 0.882185 0.03161666666666667 0.048302500000000005
2 0.33782666666666666 0.8892125 0.032786666666666665 0.0465475
2 0.3668083333333333 0.89009 0.03220166666666667 0.039520000000000007
2 0.36066166666666666 0.5884175 0.042155 0.0509375
2 0.3597833333333333 0.623985 0.028688333333333333 0.0202
2 0.30796666666666667 0.6235449999999999 0.042155 0.052695
2 0.37090666666666666 0.7153200000000001 0.036885 0.0553275
2 0.34280333333333335 0.67053 0.031031666666666666 0.0553275
2 0.41423333333333334 0.853205 0.031031666666666666 0.057085000000000004
2 0.3954983333333333 0.9234625 0.04039833333333333 0.0553275
2 0.40574333333333334 0.961665 0.043326666666666666 0.054450000000000005
2 0.44204333333333334 0.97249 0.042155 0.055020000000000006
2 0.4663416666666667 0.93488 0.01698 0.0289825
2 0.47688 0.957275 0.02986 0.047424999999999995
2 0.55475 0.7899700000000001 0.02049166666666667 0.0360075
2 0.5837316666666666 0.7403500000000001 0.028103333333333334 0.042155
2 0.485955 0.4834675 0.028103333333333334 0.039520000000000007
2 0.545675 0.3697375 0.0363 0.0562075
2 0.464585 0.37807999999999997 0.035715 0.0465475
2 0.5939783333333333 0.5958825000000001 0.021663333333333333 0.051815
2 0.587245 0.6323274999999999 0.025761666666666665 0.03513
2 0.5682166666666667 0.6178374999999999 0.024005 0.0307375
2 0.6393533333333333 0.5963200000000001 0.026931666666666666 0.03513
2 0.7283483333333334 0.4738075 0.005855000000000001 0.0131725
2 0.7260066666666667 0.4492175 0.008196666666666666 0.00966
2 0.7324466666666667 0.4290175 0.007026666666666666 0.0131725
2 0.73918 0.43209 0.009953333333333333 0.010539999999999999
2 0.7344966666666666 0.474685 0.00644 0.0114175
2 0.7763583333333333 0.4417525 0.009368333333333333 0.0158075
2 0.7576233333333333 0.4263825 0.009368333333333333 0.0131725
2 0.7757733333333334 0.375445 0.005855000000000001 0.00966
2 0.7186883333333334 0.3262625 0.007611666666666667 0.01493
2 0.7254200000000001 0.3122125 0.009368333333333333 0.0131725
2 0.7292266666666666 0.1945275 0.008781666666666667 0.0114175
2 0.693805 0.1932125 0.008196666666666666 0.0087825
2 0.6870716666666667 0.17081749999999998 0.007611666666666667 0.00966
2 0.6782883333333334 0.161595 0.00644 0.012295
2 0.7479616666666667 0.20199250000000002 0.004098333333333333 0.010539999999999999
2 0.7479616666666667 0.21384999999999998 0.007611666666666667 0.0061475
2 0.78397 0.389935 0.004683333333333334 0.0087825
2 0.7948016666666667 0.459315 0.00644 0.010539999999999999
2 0.8050466666666666 0.34997500000000004 0.005855000000000001 0.00966
2 0.7810416666666666 0.271375 0.008196666666666666 0.0087825
2 0.846325 0.320115 0.00644 0.0114175
2 0.8510083333333334 0.3218725 0.007611666666666667 0.0131725
2 0.8597899999999999 0.30343000000000003 0.004098333333333333 0.007905
2 0.8202699999999999 0.4176 0.007026666666666666 0.00966
2 0.819685 0.4066225 0.008196666666666666 0.010539999999999999
2 0.8281733333333333 0.3714925 0.00644 0.0087825
2 0.8577416666666666 0.41320999999999997 0.009368333333333333 0.0166875
2 0.8442749999999999 0.4092575 0.005855000000000001 0.0140525
2 0.83725 0.3969625 0.009368333333333333 0.010539999999999999
2 0.8258316666666666 0.3912525 0.00527 0.00439
2 0.9075083333333334 0.4044275 0.008196666666666666 0.0114175
2 0.9332699999999999 0.2898175 0.008196666666666666 0.0140525
2 0.928 0.26654500000000003 0.005855000000000001 0.0114175
2 0.9107283333333334 0.310455 0.00644 0.01493
2 0.892285 0.35568500000000003 0.008196666666666666 0.012295
2 0.9022383333333334 0.38203250000000005 0.009368333333333333 0.0140525
2 0.9215599999999999 0.39827999999999997 0.007026666666666666 0.0114175
2 0.99621 0.3596375 0.00644 0.00966
2 0.9789383333333334 0.34822000000000003 0.007026666666666666 0.00966
2 0.9929899999999999 0.38466500000000003 0.005855000000000001 0.0087825
2 0.990355 0.39257 0.00527 0.0087825
2 0.960495 0.41276999999999997 0.00644 0.010539999999999999
2 0.9736683333333334 0.4263825 0.007026666666666666 0.007905
2 0.9809866666666667 0.4457025 0.00644 0.0114175
2 0.9367816666666666 0.45273 0.007026666666666666 0.00966
2 0.9780599999999999 0.46282999999999996 0.00527 0.007025