2 0.7694003527336861 0.07316468253968254 0.21604938271604937 0.14136904761904762
2 0.5665784832451499 0.09176587301587301 0.18077601410934743 0.12400793650793651
2 0.3747795414462081 0.04836309523809524 0.1675485008818342 0.09672619047619048
2 0.17857142857142858 0.008680555555555556 0.12786596119929453 0.017361111111111112
2 0.16534391534391535 0.035962301587301584 0.12786596119929453 0.052083333333333336
2 0.2138447971781305 0.18601190476190477 0.15432098765432098 0.07936507936507936
2 0.6701940035273368 0.3509424603174603 0.09700176366843033 0.052083333333333336
2 0.8112874779541446 0.26165674603174605 0.07054673721340388 0.042162698412698416
2 0.7583774250440917 0.18229166666666666 0.1146384479717813 0.052083333333333336
2 0.6040564373897708 0.5059523809523809 0.2998236331569665 0.1636904761904762
2 0.6305114638447972 0.6163194444444444 0.26455026455026454 0.11656746031746032