2 0.8808716666666666 0.463815 0.008561666666666667 0.016795
2 0.9042516666666667 0.4326975 0.010538333333333334 0.0158075
2 0.8676999999999999 0.3665075 0.011196666666666667 0.0158075
2 0.8308183333333333 0.3571225 0.01383 0.01877
2 0.818305 0.222275 0.023051666666666668 0.0335875
2 0.9174233333333334 0.41590249999999995 0.015806666666666667 0.0197575
2 0.9055683333333333 0.43418 0.014488333333333334 0.01877
2 0.9243383333333333 0.4672725 0.012513333333333333 0.0177825
2 0.9108366666666667 0.5196325 0.010538333333333334 0.0197575
2 0.9226916666666666 0.520125 0.007903333333333333 0.01877
2 0.9559516666666666 0.5077775 0.01383 0.0158075
2 0.9398150000000001 0.4954275 0.005268333333333333 0.016795
2 0.930595 0.49839249999999996 0.010538333333333334 0.0108675
2 0.9595733333333333 0.27019 0.010538333333333334 0.0108675
2 0.96155 0.28698250000000003 0.013171666666666667 0.01877
2 0.9929583333333334 0.2642625 0.014083333333333333 0.0246975
2 0.6223733333333333 0.689055 0.03424666666666667 0.04643
2 0.65168 0.627805 0.030953333333333333 0.04248
2 0.6197383333333333 0.63966 0.031613333333333334 0.04248
2 0.5871383333333333 0.59076 0.028319999999999998 0.039515
2 0.5891133333333333 0.5497625 0.024368333333333336 0.038527500000000006
2 0.598005 0.5067900000000001 0.028978333333333335 0.05137
2 0.6394966666666667 0.5191375 0.031613333333333334 0.032600000000000004
2 0.6299466666666667 0.485055 0.027001666666666667 0.0414925
2 0.6292883333333333 0.4213375 0.04412666666666667 0.060262500000000004
2 0.6747316666666666 0.4440575 0.034905 0.04643
2 0.7083200000000001 0.4697425 0.020416666666666666 0.0246975
2 0.6674866666666667 0.29538 0.04149166666666666 0.053345
2 0.6971233333333333 0.2267225 0.04676 0.05631
2 0.7007450000000001 0.170905 0.030295000000000002 0.0572975
2 0.7165516666666667 0.28649 0.035563333333333336 0.0434675
2 0.7484933333333333 0.2805625 0.023051666666666668 0.0335875
2 0.7610066666666666 0.24796 0.030953333333333333 0.0434675
2 0.7725316666666666 0.129415 0.031613333333333334 0.035565
2 0.7507983333333333 0.0153125 0.028978333333333335 0.030625
2 0.649375 0.10126 0.022391666666666667 0.030625
2 0.5568416666666667 0.192145 0.038856666666666664 0.07014
2 0.5173266666666667 0.187205 0.045443333333333336 0.07014
2 0.4511383333333333 0.204495 0.03688166666666667 0.045442500000000004
2 0.38494833333333334 0.15855750000000002 0.05071166666666666 0.060262500000000004
2 0.5051433333333334 0.016300000000000002 0.04215 0.032600000000000004
2 0.5845033333333334 0.00889 0.020416666666666666 0.0177825
2 0.494605 0.38676 0.03688166666666667 0.068165
2 0.41261 0.3383525 0.049395 0.07014
2 0.35531166666666664 0.3008125 0.029636666666666665 0.05631
2 0.41755000000000003 0.5028374999999999 0.03424666666666667 0.045442500000000004
2 0.443235 0.47023750000000003 0.04083333333333333 0.053345
2 0.4764933333333333 0.45344249999999997 0.040175 0.063225
2 0.527535 0.49444 0.022391666666666667 0.04248
2 0.513705 0.5344500000000001 0.031613333333333334 0.045442500000000004
2 0.4491616666666666 0.7517875 0.038198333333333334 0.06520000000000001
2 0.40009666666666666 0.7349924999999999 0.052028333333333336 0.073105
2 0.12315666666666668 0.3388475 0.028978333333333335 0.05137