1 0.72888 0.3181625 0.032233333333333336 0.0475775
1 0.52359 0.263735 0.032189999999999996 0.044425
1 0.4619883333333333 0.443635 0.035555 0.054225
1 0.2508416666666667 0.36959 0.030568333333333333 0.039814999999999996
1 0.5941333333333334 0.54376 0.03663 0.054865000000000004
1 0.3027916666666667 0.5363049999999999 0.03319833333333333 0.03943
1 0.4931816666666667 0.32758499999999996 0.025813333333333334 0.0378825
1 0.5129916666666666 0.37716500000000003 0.029836666666666668 0.0409425
1 0.6135733333333333 0.51171 0.03167833333333333 0.041745
1 0.4127633333333333 0.729135 0.017846666666666667 0.0373575
1 0.7066533333333334 0.3041875 0.023795 0.04152
1 0.6372433333333334 0.10905500000000001 0.027776666666666665 0.041575