2 0.01740575396825397 0.5251940035273369 0.03480902777777778 0.05649029982363316
2 0.2523660714285714 0.728478835978836 0.0316765873015873 0.04272045855379189
2 0.09252728174603174 0.9005643738977073 0.041259920634920635 0.06453703703703705
2 0.1367088293650794 0.9281922398589064 0.03473958333333333 0.07017195767195768
2 0.21246527777777777 0.6942283950617284 0.020902777777777777 0.03635361552028219
2 0.319890873015873 0.6702380952380952 0.01820188492063492 0.022782186948853617
2 0.45886408730158734 0.6906172839506173 0.02741815476190476 0.05146384479717813
2 0.4833606150793651 0.8302072310405644 0.029603174603174603 0.06318342151675485
2 0.46890625 0.8973236331569665 0.03630456349206349 0.05185185185185185
2 0.5698313492063491 0.8064462081128748 0.026059027777777775 0.048694885361552025
2 0.5691170634920635 0.9583509700176367 0.02812251984126984 0.056075837742504415
2 0.7018700396825397 0.978179012345679 0.02781498015873016 0.043637566137566135
2 0.7404712301587302 0.8919753086419753 0.0324578373015873 0.05235890652557319
2 0.8326438492063492 0.9744488536155204 0.040984623015873016 0.05110229276895944
2 0.7099751984126984 0.7386772486772486 0.022393353174603177 0.042156084656084655
2 0.7817981150793651 0.7201322751322752 0.03418154761904762 0.03979276895943563
2 0.616297123015873 0.6064197530864197 0.021316964285714286 0.04058641975308642
2 0.7351264880952382 0.40808201058201055 0.033628472222222226 0.06065696649029982
2 0.7681547619047618 0.42054232804232805 0.034965277777777776 0.07069223985890653
2 0.4572420634920635 0.30963403880070545 0.028541666666666667 0.04773809523809524
2 0.43583581349206346 0.367363315696649 0.022083333333333333 0.0375705467372134
2 0.47042410714285715 0.3440388007054674 0.014499007936507937 0.031058201058201056
2 0.5373883928571429 0.3073148148148148 0.027805059523809524 0.04820546737213404
2 0.5761979166666666 0.3413800705467372 0.029957837301587305 0.0509700176366843
2 0.6230877976190476 0.3096604938271605 0.028271329365079364 0.052896825396825393
2 0.5015674603174604 0.4009038800705467 0.029052579365079365 0.05075837742504409
2 0.5241418650793651 0.44325396825396823 0.02900297619047619 0.053752204585537915
2 0.8998536706349206 0.8505599647266313 0.03221974206349206 0.05373456790123457
2 0.9942013888888889 0.7774294532627866 0.011599702380952382 0.04909611992945326
2 0.9093179563492063 0.4280555555555556 0.0272594246031746 0.040996472663139334
2 0.5167782738095238 0.6990432098765432 0.028392857142857143 0.03314373897707231
2 0.4787202380952381 0.13138007054673723 0.022003968253968255 0.03391534391534392
2 0.5277008928571428 0.1461552028218695 0.011046626984126983 0.03081128747795414
2 0.5365277777777778 0.18403880070546735 0.014734623015873015 0.04126984126984127
2 0.5586011904761905 0.14727513227513225 0.014898313492063492 0.034889770723104056
2 0.3668303571428571 0.3503483245149912 0.01818204365079365 0.034832451499118164