1 0.052985000000000004 0.6671849999999999 0.031665 0.044969999999999996
1 0.18297833333333333 0.4557175 0.034208333333333334 0.047332500000000007
1 0.6177783333333333 0.9604524999999999 0.03954833333333333 0.0638975
1 0.19966333333333333 0.6636375 0.032420000000000004 0.0410275
1 0.8589466666666667 0.8605125 0.04526666666666667 0.0576675
1 0.9138233333333333 0.4646575 0.034495 0.04272
1 0.9184216666666666 0.15580750000000002 0.0345 0.034115
1 0.97687 0.10603499999999999 0.023286666666666667 0.0437475
1 0.7335033333333334 0.009817500000000002 0.033473333333333334 0.019635000000000003
1 0.38474499999999995 0.1004075 0.03847 0.05654
1 0.38762166666666664 0.30360750000000003 0.02625 0.037700000000000004
1 0.14038166666666665 0.26769 0.041555 0.04897
1 0.05731166666666667 0.457 0.03607333333333333 0.0485225
1 0.09791000000000001 0.7615375 0.02915833333333333 0.03915999999999999
1 0.023401666666666664 0.71104 0.027435 0.035815