2 0.13802 0.30227 0.03959166666666667 0.0614925
2 0.052066666666666664 0.674045 0.027915000000000002 0.0352875
2 0.06202333333333333 0.7916375 0.05649166666666666 0.0626075
2 0.10002166666666666 0.8855149999999999 0.056701666666666664 0.0489925
2 0.45693666666666666 0.610705 0.05815833333333333 0.0710025
2 0.3891683333333334 0.310555 0.06553166666666667 0.08131000000000001
2 0.6469250000000001 0.08609 0.024568333333333334 0.0416125
2 0.6646799999999999 0.106875 0.026531666666666665 0.0337425
2 0.6934733333333334 0.2668625 0.035385 0.0491375
2 0.6953133333333333 0.44195 0.04556166666666667 0.06803000000000001
2 0.81342 0.4151525 0.04142833333333333 0.069645
2 0.9170183333333333 0.5913775 0.05591666666666667 0.081065
2 0.76254 0.772635 0.047931666666666664 0.06682500000000001
2 0.48995500000000003 0.7885525 0.04408 0.06618
2 0.06700333333333333 0.41401499999999997 0.05346 0.05113
2 0.9658416666666667 0.27270999999999995 0.034475 0.060832500000000005
2 0.5322816666666667 0.468915 0.061610000000000005 0.089475
2 0.4904966666666667 0.2241475 0.03433666666666667 0.0514
2 0.5901983333333334 0.8442625 0.04103166666666667 0.07691500000000001