0 0.491615 0.00805 0.0146175 0.009321666666666667
0 0.4833525 0.029236666666666664 0.031142499999999997 0.038981666666666664
0 0.42265499999999995 0.05508333333333333 0.027965 0.015253333333333332
0 0.4013625 0.07097166666666667 0.0298725 0.014830000000000001
0 0.2450125 0.088345 0.0247875 0.012288333333333333
0 0.23992750000000002 0.07690333333333334 0.009532500000000001 0.006355
0 0.4321875 0.10359833333333333 0.045759999999999995 0.033473333333333334
0 0.495745 0.10465666666666668 0.022879999999999998 0.016948333333333333
0 0.51958 0.16546 0.01589 0.013983333333333334
0 0.5396 0.16291833333333333 0.019067499999999998 0.007203333333333333
0 0.5542174999999999 0.16863833333333333 0.020337499999999998 0.013558333333333332
0 0.5564425 0.15719833333333333 0.0197025 0.014406666666666667
0 0.418205 0.18283333333333332 0.027965 0.013135
0 0.3819775 0.14999500000000002 0.0241525 0.014406666666666667
0 0.3791175 0.17202833333333334 0.0184325 0.015253333333333332
0 0.35147 0.21757666666666667 0.022879999999999998 0.01144
0 0.32859 0.18452666666666667 0.0139825 0.012288333333333333
0 0.2068775 0.199145 0.009532500000000001 0.0059316666666666676
0 0.23643250000000002 0.21863666666666665 0.008897500000000001 0.007626666666666666
0 0.0937475 0.20274666666666666 0.01589 0.012288333333333333
0 0.19639250000000003 0.185375 0.008897500000000001 0.007203333333333333
0 0.46937 0.31482 0.031142499999999997 0.022033333333333332
0 0.4201125 0.34532666666666667 0.026695 0.015253333333333332
0 0.4401325 0.33960666666666667 0.020975 0.013135
0 0.4773125 0.34681 0.027965 0.013983333333333334
0 0.3931 0.2741433333333333 0.0146175 0.0059316666666666676
0 0.3829325 0.27732 0.0133475 0.008898333333333333
0 0.36736 0.3071933333333334 0.015252499999999999 0.011863333333333335
0 0.3546475 0.30973500000000004 0.007627500000000001 0.011016666666666666
0 0.34098500000000004 0.3243533333333333 0.01589 0.01144
0 0.022245 0.356555 0.017795000000000002 0.020761666666666664
0 0.083895 0.33685333333333334 0.03432 0.016948333333333333
0 0.04735 0.34299666666666667 0.0413125 0.01567666666666667
2 0.6778375 0.03834666666666667 0.0286 0.020761666666666664
2 0.8799475 0.13897833333333334 0.0247875 0.012711666666666666
2 0.42996249999999997 0.17626499999999998 0.01589 0.007626666666666666
0 0.4703225 0.3908766666666667 0.0317775 0.02161
0 0.4436275 0.4122733333333333 0.020337499999999998 0.016948333333333333
0 0.47508999999999996 0.41439166666666666 0.031142499999999997 0.013558333333333332
0 0.16207 0.4904483333333333 0.0254225 0.014830000000000001
0 0.18685749999999998 0.4887533333333333 0.026695 0.016525
0 0.19671 0.5029483333333333 0.031142499999999997 0.013558333333333332
0 0.23516 0.5046433333333333 0.0317775 0.011863333333333335
0 0.1897175 0.5167183333333333 0.045125 0.01567666666666667
0 0.1274325 0.5804883333333333 0.0184325 0.009321666666666667
0 0.1458625 0.5794283333333333 0.0260575 0.01906666666666667
0 0.1337875 0.597225 0.0298725 0.02161
0 0.40009249999999996 0.5893866666666667 0.027329999999999997 0.011016666666666666
0 0.36895 0.54193 0.0197025 0.012711666666666666
0 0.49797 0.658875 0.01589 0.009321666666666667
0 0.8078099999999999 0.6099366666666667 0.0254225 0.020761666666666664
0 0.7576 0.5936233333333333 0.017795000000000002 0.013558333333333332
0 0.7668175 0.6192583333333334 0.038770000000000006 0.017371666666666667
0 0.745525 0.5701066666666667 0.017795000000000002 0.01906666666666667
0 0.74203 0.5559133333333334 0.0133475 0.00678
0 0.5952124999999999 0.46799166666666664 0.01716 0.019915
0 0.47636 0.45782333333333336 0.01589 0.009745
0 0.49733499999999997 0.4741366666666667 0.0197025 0.013558333333333332
0 0.50528 0.4904483333333333 0.017795000000000002 0.013983333333333334
0 0.5745549999999999 0.43451833333333334 0.03432 0.012288333333333333
0 0.5615275000000001 0.443205 0.01589 0.005085
0 0.547545 0.4393916666666666 0.009532500000000001 0.005085
0 0.5821825 0.5135416666666667 0.0305075 0.030506666666666665
0 0.6120549999999999 0.5404466666666666 0.01017 0.005508333333333333
0 0.5793225 0.54998 0.009532500000000001 0.010168333333333333
0 0.514495 0.6722216666666666 0.0133475 0.00805
0 0.5068675 0.6629 0.022245 0.01144
0 0.4976525 0.6785783333333333 0.011439999999999999 0.005508333333333333
0 0.5125875 0.6819683333333333 0.0069925 0.004661666666666666
0 0.5856775 0.6779416666666667 0.01589 0.016101666666666667
0 0.5065500000000001 0.6927716666666667 0.008897500000000001 0.007626666666666666
0 0.6724349999999999 0.6300633333333333 0.020337499999999998 0.011863333333333335
0 0.48970749999999996 0.7173483333333334 0.0133475 0.011016666666666666
0 0.4680975 0.7226433333333333 0.01716 0.010593333333333333
0 0.398185 0.7734899999999999 0.0133475 0.01144
0 0.4080375 0.7836583333333333 0.019067499999999998 0.007203333333333333
0 0.39627749999999995 0.7904383333333334 0.0184325 0.01144
0 0.42297250000000003 0.8139549999999999 0.0133475 0.012711666666666666
0 0.438545 0.8175566666666667 0.02161 0.01906666666666667
0 0.40009249999999996 0.8211583333333333 0.01716 0.014406666666666667
0 0.369585 0.8175566666666667 0.009532500000000001 0.006355
0 0.17351 0.8548433333333334 0.022879999999999998 0.00805
0 0.16620249999999998 0.8635283333333333 0.0069925 0.005085
0 0.096925 0.7813283333333334 0.0133475 0.014406666666666667
0 0.0956525 0.7989133333333333 0.023515 0.01567666666666667
0 0.0606975 0.79637 0.033685 0.010593333333333333
0 0.1315625 0.41269666666666666 0.02161 0.021185
0 0.13601249999999998 0.42901 0.019067499999999998 0.010593333333333333
0 0.0549775 0.37286833333333336 0.043855 0.019491666666666668
0 0.40649 0.021921666666666666 0.0125925 0.016791666666666667
0 0.3520925 0.005829999999999999 0.01714 0.011659999999999998
0 0.29542250000000003 0.016208333333333335 0.0143425 0.010961666666666666
0 0.56111 0.062385 0.0146925 0.014226666666666667
0 0.54012 0.03474833333333333 0.011195 0.00653
0 0.5305 0.107045 0.010145 0.011195
0 0.039857500000000004 0.5812633333333334 0.022995 0.01737333333333333
0 0.06917749999999999 0.5974883333333333 0.01648 0.015075
0 0.0833 0.9764916666666666 0.0153725 0.01234
0 0.089575 0.9613266666666667 0.019137499999999998 0.010876666666666668
0 0.0713775 0.9409333333333334 0.0354525 0.020706666666666665
2 0.7170650000000001 0.3831483333333333 0.02036 0.012858333333333334
2 0.5915125 0.2978983333333334 0.0142875 0.008573333333333332
2 0.603835 0.34528666666666663 0.0160725 0.010953333333333332
2 0.6599149999999999 0.37481499999999995 0.019645 0.010953333333333332
2 0.6740225000000001 0.34754833333333335 0.01286 0.00643
2 0.7052775 0.3527883333333333 0.015359999999999999 0.009286666666666667
2 0.7899325 0.37922 0.0160725 0.009763333333333332
2 0.6688425 0.3971983333333333 0.01893 0.010478333333333333
2 0.8663725 0.28885 0.015359999999999999 0.005715
2 0.8664625 0.36918833333333334 0.0252725 0.01294