2 0.390625 0.9640652557319224 0.10912698412698413 0.0718694885361552
2 0.6721230158730159 0.8972663139329806 0.054563492063492064 0.10141093474426807
2 0.6832837301587301 0.7671957671957672 0.06696428571428571 0.09700176366843033
2 0.5202132936507936 0.5169753086419753 0.15252976190476192 0.2535273368606702
2 0.4358878968253968 0.35163139329806 0.11284722222222222 0.24911816578483245
2 0.3515625 0.3185626102292769 0.17733134920634921 0.2843915343915344
2 0.22631448412698413 0.22707231040564374 0.14508928571428573 0.25132275132275134
2 0.4321676587301587 0.09810405643738977 0.045882936507936505 0.07275132275132275
2 0.46564980158730157 0.111331569664903 0.031001984126984128 0.068342151675485
2 0.45944940476190477 0.04188712522045855 0.023561507936507936 0.04409171075837742
2 0.5636160714285714 0.012125220458553791 0.043402777777777776 0.024250440917107582
2 0.4296875 0.1421957671957672 0.031001984126984128 0.028659611992945325
2 0.07254464285714286 0.4861111111111111 0.03844246031746032 0.10802469135802469
2 0.4148065476190476 0.6812169312169312 0.045882936507936505 0.12345679012345678
2 0.9455605158730159 0.8079805996472663 0.10788690476190477 0.23148148148148148