2 0.14446499999999998 0.5080275 0.008083333333333333 0.013720000000000001
2 0.12850666666666666 0.509065 0.006801666666666667 0.01283
2 0.13171833333333333 0.499205 0.008283333333333334 0.012382500000000001
2 0.14812166666666668 0.48652999999999996 0.009466666666666667 0.0092675
2 0.13824 0.4816375 0.005515000000000001 0.008375
2 0.09026666666666668 0.4447975 0.007401666666666666 0.0073275
2 0.08829000000000001 0.45754500000000004 0.007401666666666666 0.00868
2 0.06600833333333334 0.4393125 0.009281666666666665 0.011179999999999999
2 0.063785 0.494165 0.005825 0.008230000000000001
2 0.046294999999999996 0.49031 0.008396666666666667 0.00645
2 0.044615 0.5049875 0.007013333333333333 0.0091225
2 0.06956666666666667 0.4989825 0.0033666666666666667 0.007335
2 0.06561333333333333 0.5038 0.00454 0.00511
2 0.11971333333333332 0.4073775 0.007 0.009567500000000001
2 0.11012833333333333 0.43191250000000003 0.005618333333333334 0.0067575000000000005
2 0.09980166666666666 0.42183 0.00572 0.0103125
2 0.151085 0.3717225 0.007489999999999999 0.01089
2 0.15335833333333332 0.42198 0.0061066666666666665 0.007645
2 0.143675 0.439695 0.006503333333333334 0.0089825
2 0.16818 0.43272750000000004 0.008079999999999999 0.009869999999999999
2 0.21788166666666667 0.2488225 0.01064 0.0170825
2 0.22558999999999998 0.25675 0.013471666666666667 0.013009999999999999
2 0.22084666666666666 0.2672025 0.012616666666666667 0.0173075
2 0.2312233333333333 0.274765 0.012088333333333333 0.0110775
2 0.22396 0.285215 0.007971666666666667 0.015375
2 0.24224 0.32154000000000005 0.010933333333333333 0.018732500000000003
2 0.23097499999999999 0.3818025 0.01212 0.013265
2 0.21669666666666668 0.389365 0.00827 0.013564999999999999
2 0.223465 0.42791 0.012911666666666667 0.019504999999999998
2 0.23364333333333331 0.41805000000000003 0.012188333333333332 0.0131275
2 0.20167666666666667 0.449185 0.013805 0.0220325
2 0.23255666666666666 0.4531875 0.012385 0.015215
2 0.25814833333333337 0.45897000000000004 0.017056666666666668 0.023815000000000003
2 0.24861333333333335 0.4671225 0.014785 0.019370000000000002
2 0.26358166666666666 0.41049 0.021996666666666664 0.02469
2 0.24080666666666664 0.41234249999999995 0.013008333333333334 0.015054999999999999
2 0.2503916666666667 0.5170825 0.018341666666666666 0.02146
2 0.29026166666666664 0.483875 0.016063333333333332 0.0202625
2 0.22697333333333333 0.5242 0.01301 0.0179025
2 0.24530333333333332 0.5365025000000001 0.008631666666666666 0.01382
2 0.23695333333333335 0.5651174999999999 0.015183333333333332 0.02266
2 0.24999666666666667 0.5625975 0.014068333333333332 0.0205825
2 0.2440183333333333 0.57957 0.01713 0.018105
2 0.35271166666666665 0.46786500000000003 0.014471666666666666 0.0178875
2 0.33418333333333333 0.4625275 0.012005 0.01907
2 0.3384333333333333 0.4252425 0.014573333333333332 0.0200975
2 0.3127916666666667 0.4201275 0.013688333333333332 0.02321
2 0.33616 0.401745 0.015956666666666664 0.0279475
2 0.3514766666666667 0.39996499999999996 0.014676666666666668 0.01846
2 0.37025 0.4290225 0.014963333333333334 0.023212499999999997
2 0.3835916666666667 0.441175 0.019623333333333333 0.0236325
2 0.35859 0.500035 0.015359999999999999 0.0259025
2 0.31881833333333337 0.57852 0.011908333333333333 0.013890000000000001
2 0.24436333333333335 0.6046875 0.012216666666666666 0.0173075
2 0.26649833333333334 0.6175075000000001 0.010711666666666666 0.011895
2 0.2620016666666667 0.60617 0.014881666666666668 0.020272500000000002
2 0.24994666666666668 0.6143200000000001 0.014488333333333334 0.019752500000000003
2 0.25745666666666667 0.6226225 0.013969999999999998 0.0150075
2 0.258 0.63263 0.007943333333333333 0.0112975
2 0.26476833333333333 0.6420425000000001 0.01251 0.020635
2 0.27460166666666663 0.6355225 0.014270000000000001 0.0196875
2 0.27796 0.651605 0.012211666666666666 0.02078
2 0.29065833333333335 0.6483475 0.014766666666666666 0.020135
2 0.29629 0.660575 0.013383333333333332 0.016182500000000002
2 0.29475833333333334 0.6734724999999999 0.00953 0.0170675
2 0.2855183333333333 0.67162 0.014483333333333334 0.0192925
2 0.39179166666666665 0.697345 0.018516666666666667 0.027710000000000002
2 0.40365 0.720765 0.02101 0.020315
2 0.41575500000000004 0.7047525 0.01755333333333333 0.022692499999999997
2 0.42914166666666664 0.6966025 0.014163333333333333 0.0232625
2 0.43986333333333333 0.6748099999999999 0.014853333333333335 0.024147500000000002
2 0.4420383333333333 0.69356 0.016371666666666666 0.016915
2 0.45439 0.6799974999999999 0.017363333333333335 0.0265575
2 0.46333 0.7026775 0.015343333333333334 0.020915
2 0.5385749999999999 0.7145425 0.02847166666666667 0.03839
2 0.5979616666666666 0.7051275 0.014826666666666665 0.0299375
2 0.5186183333333333 0.6086849999999999 0.02330166666666667 0.0310225
2 0.5085866666666666 0.5278175 0.010988333333333334 0.025142499999999998
2 0.451325 0.55962 0.02591833333333333 0.027967500000000003
2 0.39618833333333336 0.5169225000000001 0.014465 0.0255825
2 0.3812183333333333 0.5155125 0.015158333333333334 0.0212825
2 0.41530833333333333 0.5049875 0.014164999999999999 0.020985
2 0.50167 0.4786725 0.016916666666666667 0.020235
2 0.5201 0.5266325000000001 0.02231333333333333 0.02277
2 0.4578966666666667 0.425525 0.014355 0.0221475
2 0.46036666666666665 0.3914275 0.01732 0.0251025
2 0.409775 0.37549 0.011003333333333332 0.015460000000000002
2 0.4197066666666666 0.37230250000000004 0.013601666666666666 0.013532500000000001
2 0.40226500000000004 0.3451725 0.015748333333333333 0.027460000000000002
2 0.38497333333333333 0.317745 0.014763333333333333 0.017075
2 0.4010783333333333 0.3002525 0.021281666666666667 0.023592500000000002
2 0.33112 0.2875025 0.01576 0.02181
2 0.32623 0.30128750000000004 0.012895 0.0188075
2 0.3576016666666667 0.28691 0.013383333333333332 0.026555
2 0.25454166666666667 0.2522925 0.010831666666666667 0.0151275
2 0.44786666666666664 0.33487 0.017025000000000002 0.023157499999999998
2 0.4958883333333333 0.3833475 0.022155 0.028212499999999998
2 0.5074016666666666 0.397725 0.023003333333333334 0.0290075
2 0.5124416666666667 0.36392250000000004 0.018855 0.019530000000000002
2 0.647295 0.2538625 0.020601666666666667 0.0241975
2 0.6677016666666666 0.28566250000000004 0.01863 0.0270225
2 0.6576716666666667 0.27157749999999997 0.015960000000000002 0.019607500000000003
2 0.6969483333333333 0.25705 0.0201 0.020195
2 0.6888466666666666 0.27943250000000003 0.011914999999999999 0.0150825
2 0.6805466666666667 0.28358249999999996 0.008751666666666666 0.01864
2 0.7219 0.2890675 0.013995 0.0284225
2 0.7101883333333333 0.28462 0.014958333333333334 0.0195275
2 0.6939833333333333 0.32983999999999997 0.01812333333333333 0.0205125
2 0.6386983333333334 0.323465 0.013291666666666667 0.0225875
2 0.6489266666666667 0.31427499999999997 0.012698333333333332 0.016059999999999998
2 0.649025 0.32983749999999995 0.010525 0.0209975
2 0.6572766666666666 0.3964075 0.012798333333333335 0.032095
2 0.5960633333333334 0.39566500000000004 0.02158166666666667 0.0217175
2 0.5868716666666667 0.598075 0.017351666666666668 0.027802499999999997
2 0.65856 0.6389199999999999 0.019413333333333335 0.027962499999999998
2 0.6209133333333333 0.615715 0.014373333333333332 0.022895
2 0.6130083333333334 0.61134 0.013295 0.021265
2 0.614195 0.5819875 0.015953333333333333 0.0147525
2 0.6031266666666667 0.59296 0.01725 0.030912500000000002
2 0.624915 0.559455 0.016356666666666665 0.029125
2 0.643985 0.570125 0.009041666666666667 0.026615
2 0.6544116666666666 0.5731649999999999 0.016553333333333333 0.0279475
2 0.6705666666666666 0.5721275 0.018828333333333332 0.027059999999999997
2 0.692305 0.56598 0.012788333333333334 0.0243825
2 0.7107333333333333 0.5587150000000001 0.010633333333333333 0.0187475
2 0.7026316666666667 0.5684225 0.011026666666666666 0.019647500000000002
2 0.7271350000000001 0.7352075 0.010311666666666667 0.026357500000000002
2 0.736425 0.738985 0.01459 0.0179675
2 0.7506533333333334 0.722235 0.009913333333333333 0.0167175
2 0.769575 0.71601 0.01317 0.016125
2 0.7652783333333334 0.7283125 0.012223333333333334 0.0155975
2 0.7683416666666667 0.7524774999999999 0.015978333333333334 0.011737500000000001
2 0.8012933333333334 0.73113 0.011386666666666665 0.01672
2 0.7985266666666666 0.696735 0.009806666666666667 0.0131525
2 0.8128066666666667 0.704 0.010056666666666667 0.0128575
2 0.7877083333333333 0.6813175 0.004915 0.011962500000000001
2 0.7697733333333334 0.6733125 0.014101666666666667 0.01967
2 0.6557449999999999 0.6648725 0.01685 0.019445
2 0.58198 0.4850475 0.014486666666666667 0.021125
2 0.7769866666666667 0.36103500000000005 0.014156666666666666 0.0236075
2 0.7989716666666666 0.45221 0.013659999999999999 0.0191875
2 0.8066783333333333 0.49023500000000003 0.00931 0.016677499999999998
2 0.6459116666666667 0.44948 0.00993 0.013727499999999998
2 0.624815 0.49351 0.014183333333333333 0.0158175
2 0.8208533333333333 0.4415425 0.009276666666666666 0.0080625
2 0.8287333333333333 0.4287825 0.0062900000000000005 0.00858
2 0.843625 0.44326 0.007606666666666667 0.0104575
2 0.8188066666666667 0.45185250000000005 0.004486666666666667 0.0057725
2 0.823145 0.45440499999999995 0.006968333333333333 0.00683
2 0.82856 0.4804975 0.006636666666666667 0.01099
2 0.8331083333333332 0.5011725 0.011345 0.0153575
2 0.8368916666666667 0.5317949999999999 0.007248333333333334 0.012432499999999999
2 0.8297066666666666 0.5496575 0.011205000000000001 0.013155
2 0.8281783333333332 0.5893975 0.007956666666666667 0.013207499999999999
2 0.8848283333333333 0.461385 0.010168333333333333 0.0092125
2 0.89073 0.46882999999999997 0.007188333333333334 0.012345
2 0.8981933333333333 0.478465 0.008231666666666667 0.01078
2 0.8931933333333333 0.4859125 0.00712 0.0115075
2 0.9079466666666667 0.4884125 0.008856666666666667 0.014839999999999999
2 0.8896883333333333 0.47658999999999996 0.00878 0.010365000000000001
2 0.883335 0.4684675 0.006489999999999999 0.0057824999999999994
2 0.9232533333333334 0.46024 0.009953333333333333 0.01317
2 0.8970116666666667 0.585335 0.007458333333333333 0.011332499999999999
2 0.890625 0.59424 0.011348333333333334 0.013522500000000002
2 0.8711866666666667 0.5951775 0.011351666666666666 0.013314999999999999
2 0.8795516666666667 0.6049675 0.01149 0.01293
2 0.9373116666666667 0.59622 0.009605 0.0112325
2 0.943665 0.57893 0.009116666666666667 0.0141425
2 0.9531416666666668 0.601375 0.007935 0.0142525
2 0.9582433333333333 0.5955425 0.007726666666666666 0.015085000000000001
2 0.9940266666666666 0.6017925000000001 0.011946666666666668 0.0150875
2 0.9898666666666667 0.6272075 0.010568333333333332 0.011762499999999999
2 0.9727533333333334 0.6105925 0.007585 0.01082
2 0.9682399999999999 0.5957 0.00828 0.01644
2 0.9763299999999999 0.6005925 0.01234 0.013349999999999999
2 0.9403683333333334 0.55445 0.00928 0.011904999999999999
2 0.9474833333333332 0.5352325 0.009628333333333334 0.011805
2 0.9506083333333333 0.52612 0.010321666666666666 0.0147525
2 0.94172 0.51888 0.010783333333333334 0.01173
2 0.9380066666666667 0.5334099999999999 0.010993333333333332 0.0126725
2 0.8602866666666668 0.4910175 0.007603333333333333 0.009117499999999999
2 0.9876616666666667 0.491255 0.00671 0.01208
2 0.971255 0.4877725 0.008718333333333333 0.0146125
2 0.9638150000000001 0.4900675 0.009668333333333333 0.011287499999999999
2 0.9550583333333333 0.490305 0.011148333333333333 0.013345000000000001
2 0.946275 0.4899475 0.010991666666666667 0.010257500000000001
2 0.9445866666666667 0.4111125 0.005505 0.01087
2 0.951075 0.41036 0.007896666666666666 0.0072575
2 0.9611783333333332 0.392235 0.010724999999999998 0.0118925
2 0.9836516666666666 0.3986475 0.007133333333333333 0.013635
2 0.9218216666666668 0.3966675 0.0058783333333333335 0.008095000000000001