1 0.3766933333333333 0.3691625 0.03494666666666667 0.046024999999999996
1 0.41830333333333336 0.7497849999999999 0.02942 0.046695
1 0.5753216666666666 0.02147 0.039038333333333335 0.04294
1 0.6075233333333333 0.4455725 0.036888333333333335 0.0558425
1 0.191505 0.14847749999999998 0.03552833333333333 0.0402075
1 0.28211833333333336 0.20859 0.028790000000000003 0.0426675
1 0.9718216666666667 0.3118675 0.04656833333333334 0.05374
1 0.33190000000000003 0.2317075 0.028695 0.04288
1 0.6445783333333333 0.8001075 0.03283833333333333 0.0425175
1 0.393685 0.7169675 0.032775 0.05241
1 0.15020333333333333 0.2593425 0.030993333333333335 0.038917499999999994
1 0.547115 0.78014 0.024678333333333333 0.0364975
1 0.42109833333333335 0.6731275000000001 0.03019166666666667 0.055945
1 0.7028416666666667 0.532515 0.04263 0.05694
1 0.7646900000000001 0.4696475 0.028811666666666666 0.037777500000000006
1 0.5709783333333334 0.3479125 0.03173666666666666 0.046572499999999996
1 0.3690316666666667 0.23366 0.028351666666666667 0.048722499999999995
1 0.3332333333333333 0.1503175 0.022115 0.038762500000000005
1 0.2976316666666667 0.01865 0.025701666666666668 0.0373025
1 0.7243783333333335 0.8484175 0.026673333333333334 0.038810000000000004
1 0.6275483333333334 0.8860775 0.02206666666666667 0.039155
1 0.845445 0.78615 0.022348333333333335 0.030824999999999998
2 0.8886533333333333 0.8174025 0.02578333333333333 0.0313075
1 0.07649333333333333 0.8825925 0.02140833333333333 0.0333025
1 0.173735 0.8963274999999999 0.027881666666666666 0.038387500000000005