1 0.05452333333333333 0.54185 0.029308333333333332 0.045282499999999996
1 0.12866833333333333 0.51298 0.030046666666666666 0.043590000000000004
1 0.5399466666666667 0.8144349999999999 0.04601666666666667 0.058835
1 0.070635 0.66749 0.030271666666666665 0.039545000000000004
1 0.6152283333333333 0.9297949999999999 0.03156333333333333 0.0495825
1 0.6010483333333333 0.7122175 0.03005 0.051975
1 0.050311666666666664 0.6995775 0.027308333333333334 0.041375
1 0.559395 0.91876 0.042335 0.0398825
1 0.7428683333333334 0.8054450000000001 0.033530000000000004 0.04759
1 0.5532983333333333 0.293105 0.04028333333333333 0.062200000000000005
1 0.4928616666666667 0.30939999999999995 0.030446666666666667 0.044055
1 0.102875 0.583825 0.03417166666666667 0.0403125
1 0.3353966666666667 0.731615 0.02976 0.0428275
1 0.105475 0.3045775 0.024896666666666668 0.034565
1 0.07225166666666666 0.20814 0.023780000000000003 0.0368175
1 0.393615 0.32446749999999996 0.029891666666666667 0.037527500000000005
1 0.16138333333333332 0.983785 0.030076666666666668 0.03243
1 0.9885966666666667 0.4488075 0.022806666666666666 0.045005
1 0.131275 0.30268 0.018609999999999998 0.02921
1 0.16256333333333334 0.18882 0.022273333333333332 0.0366625
1 0.19541166666666668 0.16477250000000002 0.02098 0.03489
1 0.18733833333333333 0.1934375 0.021939999999999998 0.034495
1 0.16005833333333333 0.62229 0.021733333333333334 0.0266175
1 0.1506566666666667 0.95758 0.03618166666666667 0.0365475
1 0.7773283333333334 0.8236675 0.03320833333333333 0.05248
1 0.9742816666666666 0.714195 0.028046666666666668 0.0331825
1 0.9936900000000001 0.763755 0.012621666666666668 0.038267499999999996
1 0.8043283333333334 0.966225 0.026076666666666668 0.0342825
1 0.8366166666666667 0.9486025 0.02759 0.03458
1 0.6268966666666667 0.6421325 0.03519166666666667 0.054439999999999995
1 0.5418366666666666 0.62372 0.018381666666666668 0.0463575
1 0.5800500000000001 0.59622 0.025018333333333337 0.046277500000000006
1 0.54883 0.7663125 0.03351 0.0528725
1 0.5712633333333333 0.802485 0.020536666666666665 0.031435
1 0.643715 0.7888999999999999 0.022944999999999997 0.0286125
1 0.49968833333333335 0.5503875 0.035955 0.059359999999999996
1 0.30888 0.829975 0.03353833333333333 0.05276
1 0.3855166666666667 0.72165 0.02118 0.045985
1 0.3401766666666667 0.622105 0.029573333333333333 0.0316925
1 0.36211166666666667 0.6019025 0.022598333333333335 0.03319
1 0.27358 0.5391275000000001 0.023178333333333332 0.029105
1 0.5816866666666667 0.1412425 0.028285 0.04672249999999999
1 0.57573 0.17057 0.020103333333333334 0.030109999999999998
1 0.5829966666666667 0.1919775 0.017728333333333336 0.026600000000000002