1 0.7982950000000001 0.736325 0.03745 0.0597375
1 0.8587283333333333 0.4792725 0.040593333333333335 0.04883
1 0.11523166666666666 0.47841500000000003 0.021281666666666667 0.0333225
1 0.11779333333333333 0.2726975 0.023725 0.0378075
1 0.8723483333333334 0.9427274999999999 0.030861666666666666 0.039542499999999994
1 0.9047116666666667 0.962185 0.03243 0.0453725
1 0.889745 0.977385 0.027558333333333334 0.038175
1 0.8396566666666666 0.991555 0.026635 0.016890000000000002
1 0.8104083333333333 0.8009850000000001 0.031235 0.0348725
1 0.7144699999999999 0.9116725 0.02303833333333333 0.03569
1 0.7084633333333333 0.86849 0.022978333333333333 0.0360975
1 0.30468666666666666 0.9322675 0.030401666666666667 0.046987499999999995
1 0.1746916666666667 0.6092225 0.018141666666666667 0.0234225