2 0.010326797385620916 0.0503921568627451 0.02065359477124183 0.05477941176470589
2 0.004542483660130718 0.13041666666666668 0.009084967320261437 0.0413235294117647
2 0.12978758169934643 0.07674019607843137 0.03756535947712418 0.0503186274509804
2 0.09784313725490197 0.033872549019607845 0.02508169934640523 0.03399509803921569
2 0.21261437908496733 0.0927450980392157 0.035555555555555556 0.05171568627450981
2 0.2712581699346405 0.08732843137254903 0.03581699346405229 0.05514705882352941
2 0.29191176470588237 0.038431372549019606 0.02542483660130719 0.04715686274509803
2 0.38977124183006534 0.14671568627450982 0.03880718954248366 0.05144607843137255
2 0.42315359477124187 0.1896078431372549 0.04279411764705882 0.0566421568627451
2 0.4682516339869281 0.08598039215686275 0.03651960784313726 0.050416666666666665
2 0.44081699346405223 0.07144607843137254 0.03200980392156863 0.04791666666666667
2 0.5334803921568627 0.1949019607843137 0.03225490196078431 0.047818627450980394
2 0.5900653594771242 0.14693627450980393 0.02704248366013072 0.03558823529411764
2 0.5993790849673203 0.10904411764705883 0.030702614379084964 0.03529411764705882
2 0.6545751633986928 0.12137254901960785 0.039052287581699346 0.047745098039215686
2 0.6239052287581699 0.12588235294117647 0.021241830065359478 0.04245098039215686
2 0.5603104575163399 0.13465686274509803 0.02468954248366013 0.04161764705882353
2 0.6288235294117647 0.2277941176470588 0.02253267973856209 0.048308823529411765
2 0.6896241830065359 0.19644607843137257 0.037026143790849675 0.038651960784313724
2 0.7009150326797385 0.14563725490196078 0.025588235294117648 0.02889705882352941
2 0.7606045751633987 0.11919117647058824 0.036111111111111115 0.057671568627450986
2 0.7395424836601308 0.14911764705882355 0.022549019607843137 0.04607843137254902
2 0.7288398692810457 0.21563725490196078 0.0365359477124183 0.04848039215686275
2 0.7416666666666666 0.26276960784313724 0.026258169934640523 0.053210784313725494
2 0.6889705882352941 0.2802205882352941 0.030898692810457516 0.04551470588235294
2 0.7216013071895425 0.3028676470588235 0.040539215686274506 0.04242647058823529
2 0.7741830065359477 0.3604901960784314 0.03740196078431372 0.048308823529411765
2 0.8309967320261438 0.40465686274509804 0.03264705882352941 0.05093137254901961
2 0.8090196078431373 0.14083333333333334 0.036323529411764706 0.05397058823529412
2 0.8831209150326798 0.19468137254901963 0.04029411764705882 0.05759803921568627
2 0.8750816993464051 0.2388970588235294 0.03781045751633987 0.03784313725490196
2 0.861045751633987 0.2763480392156863 0.02877450980392157 0.037181372549019605
2 0.7958496732026143 0.23875 0.03173202614379085 0.043676470588235296
2 0.7987745098039216 0.031299019607843134 0.023627450980392158 0.04058823529411765
2 0.735718954248366 0.010490196078431373 0.028643790849673206 0.020980392156862746
2 0.9469607843137254 0.07605392156862745 0.026437908496732027 0.03875
2 0.9944281045751634 0.23134803921568628 0.011143790849673202 0.04924019607843137
2 0.9046241830065359 0.35213235294117645 0.03973856209150327 0.049975490196078436
2 0.9168627450980392 0.3033823529411765 0.02883986928104575 0.03615196078431373
2 0.7101470588235295 0.45779411764705885 0.03179738562091503 0.05107843137254902
2 0.736421568627451 0.4810539215686275 0.024493464052287583 0.04735294117647059
2 0.7301143790849673 0.5258088235294117 0.03637254901960785 0.05240196078431372
2 0.6928758169934641 0.5710539215686274 0.03537581699346405 0.05100490196078431
2 0.7674509803921569 0.589093137254902 0.0334640522875817 0.048308823529411765
2 0.7677614379084967 0.515 0.034084967320261436 0.036887254901960785
2 0.8554084967320261 0.5771813725490196 0.02704248366013072 0.03875
2 0.8242647058823529 0.6299264705882353 0.028709150326797387 0.02791666666666667
2 0.7761437908496732 0.6777450980392157 0.04205882352941176 0.03987745098039216
2 0.8328921568627451 0.7582843137254902 0.033725490196078435 0.04583333333333333
2 0.6417320261437909 0.5661764705882353 0.03375816993464052 0.051470588235294115
2 0.6196405228758171 0.6016176470588236 0.03586601307189542 0.0529656862745098
2 0.5758823529411765 0.5942401960784314 0.03678104575163399 0.05656862745098039
2 0.4988888888888889 0.5775 0.0311437908496732 0.0455392156862745
2 0.47965686274509806 0.6150735294117646 0.03620915032679738 0.03904411764705882
2 0.5067483660130719 0.6773284313725491 0.03769607843137255 0.053700980392156865
2 0.5744607843137255 0.749656862745098 0.028496732026143792 0.06122549019607843
2 0.621437908496732 0.7066911764705882 0.028562091503267974 0.02838235294117647
2 0.6816830065359477 0.7690441176470588 0.02931372549019608 0.042867647058823524
2 0.7603431372549019 0.814607843137255 0.03284313725490196 0.04825980392156863
2 0.962892156862745 0.7641666666666665 0.03107843137254902 0.04524509803921569
2 0.9768464052287582 0.7237009803921568 0.03040849673202614 0.029656862745098038
2 0.9883006535947713 0.8671568627450981 0.023398692810457516 0.0471078431372549
2 0.9604411764705881 0.971078431372549 0.03844771241830065 0.05083333333333333
2 0.8332352941176471 0.8735539215686275 0.0194281045751634 0.04360294117647059
2 0.8198366013071896 0.9062009803921569 0.02395424836601307 0.03950980392156863
2 0.6821241830065359 0.8270098039215686 0.02473856209150327 0.03830882352941176
2 0.7087418300653595 0.8265441176470588 0.022205882352941176 0.037377450980392156
2 0.7454901960784314 0.8620098039215686 0.03037581699346405 0.038848039215686275
2 0.861813725490196 0.7487745098039216 0.023937908496732028 0.03752450980392157
2 0.8544771241830066 0.96 0.033823529411764704 0.03875
2 0.5180228758169935 0.9411029411764706 0.0278921568627451 0.05093137254901961
2 0.40702614379084967 0.9737009803921568 0.03761437908496732 0.05034313725490196
2 0.4581045751633987 0.8183088235294118 0.0344281045751634 0.04757352941176471
2 0.4284967320261438 0.7536274509803922 0.03140522875816993 0.05247549019607843
2 0.3641013071895425 0.7432107843137256 0.0325 0.04218137254901961
2 0.30058823529411766 0.8506862745098038 0.031862745098039214 0.05703431372549019
2 0.17892156862745098 0.8606617647058823 0.034232026143790846 0.05857843137254901
2 0.2093954248366013 0.883578431372549 0.04107843137254902 0.06384803921568627
2 0.2725816993464052 0.7841911764705882 0.03820261437908497 0.03200980392156863
2 0.02697712418300654 0.9210049019607842 0.028758169934640525 0.05024509803921569
2 0.05331699346405229 0.8806127450980392 0.028758169934640525 0.035269607843137256
2 0.013496732026143791 0.8659558823529412 0.026993464052287582 0.045441176470588235
2 0.013300653594771243 0.6566176470588235 0.02419934640522876 0.04279411764705882
2 0.045098039215686274 0.6675245098039216 0.029803921568627448 0.046004901960784314
2 0.013758169934640524 0.5241911764705882 0.027532679738562094 0.05620098039215686
2 0.11591503267973856 0.5788970588235294 0.03284313725490196 0.04267156862745098
2 0.15181372549019606 0.5054166666666667 0.034444444444444444 0.04840686274509804
2 0.19429738562091503 0.43683823529411764 0.04042483660130719 0.058676470588235295
2 0.23877450980392156 0.48080882352941173 0.03735294117647059 0.05080882352941177
2 0.409640522875817 0.4272549019607843 0.035833333333333335 0.03953431372549019
2 0.5563725490196079 0.398235294117647 0.03441176470588235 0.04730392156862745
2 0.6156535947712418 0.3906372549019608 0.037140522875817 0.050539215686274515
2 0.3496078431372549 0.4404166666666667 0.029836601307189545 0.03953431372549019
2 0.3401960784313725 0.3078186274509804 0.03908496732026144 0.05340686274509804
2 0.3630555555555556 0.28237745098039213 0.02687908496732026 0.04203431372549019
2 0.32575163398692814 0.27544117647058824 0.03127450980392157 0.04394607843137255
2 0.2811437908496732 0.3150490196078431 0.026323529411764704 0.038921568627450984
2 0.178218954248366 0.3631127450980392 0.031094771241830067 0.04813725490196079
2 0.21455882352941177 0.3607843137254902 0.03181372549019608 0.04083333333333333
2 0.16540849673202615 0.31769607843137254 0.024787581699346407 0.03365196078431373
2 0.09535947712418301 0.2835294117647059 0.03562091503267974 0.04693627450980392
2 0.10091503267973856 0.22272058823529414 0.030915032679738566 0.04644607843137255
2 0.13988562091503268 0.21536764705882355 0.034362745098039216 0.03963235294117647
2 0.49728758169934634 0.3111764705882353 0.03207516339869281 0.04958333333333333
2 0.49369281045751634 0.26294117647058823 0.02488562091503268 0.04791666666666667
2 0.4090359477124183 0.32075980392156866 0.0346078431372549 0.04240196078431373
2 0.3827124183006536 0.36330882352941174 0.0346078431372549 0.045882352941176464
2 0.46449346405228753 0.38985294117647057 0.03 0.04316176470588235
2 0.03209150326797386 0.4263970588235294 0.043839869281045746 0.05514705882352941
2 0.009346405228758169 0.33181372549019605 0.018692810457516338 0.06098039215686274
2 0.04985294117647059 0.3485049019607843 0.028251633986928103 0.041715686274509806
2 0.1625 0.7958578431372548 0.03522875816993464 0.04291666666666667
2 0.542859477124183 0.7699754901960784 0.028872549019607847 0.041593137254901956