2 0.03486666666666667 0.16570000000000001 0.04145 0.070275
2 0.04111666666666667 0.311875 0.03311666666666667 0.05292500000000001
2 0.01085 0.310175 0.021716666666666665 0.0499
2 0.04045 0.35612499999999997 0.0261 0.0363
2 0.17028333333333334 0.32325000000000004 0.041916666666666665 0.06355000000000001
2 0.14211666666666667 0.347175 0.045700000000000005 0.0667
2 0.12781666666666666 0.43555 0.04161666666666666 0.06625
2 0.15664999999999998 0.528025 0.0313 0.057475
2 0.18326666666666666 0.554875 0.044649999999999995 0.0701
2 0.22246666666666665 0.37097499999999994 0.03793333333333333 0.059000000000000004
2 0.3116833333333333 0.86285 0.04136666666666667 0.05835
2 0.42669999999999997 0.693725 0.044316666666666664 0.067
2 0.33791666666666664 0.379375 0.043833333333333335 0.082025
2 0.31456666666666666 0.43555 0.04505 0.06625
2 0.20353333333333334 0.394075 0.041716666666666666 0.0583
2 0.3399 0.484625 0.05296666666666667 0.068825
2 0.33076666666666665 0.595225 0.0316 0.0481
2 0.3797333333333333 0.5808 0.037866666666666667 0.059875
2 0.40136666666666665 0.487175 0.045733333333333334 0.053899999999999997
2 0.4367 0.44292499999999996 0.04138333333333333 0.068525
2 0.37703333333333333 0.30955 0.04705 0.07675
2 0.4322 0.18760000000000002 0.0428 0.073475
2 0.47585 0.294125 0.042616666666666664 0.0678
2 0.41841666666666666 0.31295 0.03815 0.058575
2 0.5199333333333332 0.62525 0.045366666666666666 0.06755
2 0.5298833333333334 0.480925 0.04441666666666667 0.0664
2 0.5558333333333333 0.09475 0.037983333333333334 0.06595
2 0.5982000000000001 0.029900000000000003 0.03351666666666667 0.054375
2 0.7865666666666666 0.058899999999999994 0.034883333333333336 0.072325
2 0.8339666666666666 0.022949999999999998 0.039066666666666666 0.0433
2 0.9024500000000001 0.039725 0.04371666666666667 0.079425
2 0.8322166666666666 0.36060000000000003 0.03451666666666667 0.057025
2 0.98105 0.386825 0.03425 0.05005
2 0.9782 0.12054999999999999 0.028566666666666667 0.045625
2 0.8901833333333333 0.61525 0.03793333333333333 0.05065
2 0.9262166666666667 0.61055 0.030333333333333334 0.033725
2 0.9597333333333334 0.594225 0.0333 0.058600000000000006
2 0.038849999999999996 0.03395 0.04151666666666667 0.05685
2 0.43729999999999997 0.0922 0.03635 0.04832499999999999
2 0.5307333333333333 0.87095 0.05028333333333334 0.06205