2 0.5794462719298246 0.47455043859649126 0.03303362573099415 0.048327850877192984
2 0.5681377923976608 0.627250548245614 0.025489766081871344 0.043188048245614036
2 0.5743055555555555 0.6560444078947368 0.02823464912280702 0.0472998903508772
2 0.48726059941520466 0.6236513157894736 0.028201754385964912 0.052442434210526315
2 0.38890716374269 0.5696683114035088 0.030221125730994152 0.053470394736842106
2 0.4978837719298246 0.6832922149122808 0.024778874269005848 0.04627192982456141
2 0.5246144005847954 0.4894627192982456 0.015193713450292398 0.032905701754385966
2 0.5321527777777778 0.4694106359649123 0.011083698830409357 0.027763157894736844
2 0.4817781432748538 0.4904906798245614 0.025458698830409358 0.04524396929824562
1 0.4132383040935672 0.42776589912280705 0.029544956140350874 0.043188048245614036
1 0.35669407894736843 0.5434457236842105 0.027467105263157897 0.04010416666666667
1 0.382733918128655 0.37686403508771926 0.028724415204678364 0.04010416666666667