1 0.5642466666666667 0.1056075 0.04498333333333333 0.06658499999999999
1 0.5951983333333334 0.2860025 0.045219999999999996 0.0648725
1 0.46476 0.512985 0.039345 0.05634
1 0.3360283333333333 0.4592925 0.045215000000000005 0.061457500000000005
1 0.17634333333333332 0.39066 0.03417833333333333 0.0441875
1 0.10739333333333334 0.3224225 0.029611666666666665 0.0352125
1 0.15118833333333334 0.6450275000000001 0.023866666666666665 0.0354275
1 0.2614316666666667 0.7816175 0.02769 0.0486025
2 0.487675 0.6784425 0.031843333333333335 0.0497525
2 0.09545666666666666 0.59333 0.03573666666666667 0.049530000000000005
2 0.14110333333333333 0.3296025 0.03225833333333333 0.047332500000000007
2 0.140985 0.4095575 0.037228333333333335 0.046405
1 0.20113499999999998 0.435605 0.030526666666666667 0.04541
1 0.4419866666666667 0.3872225 0.015813333333333332 0.0389225
2 0.19759666666666664 0.5332275 0.012045 0.0205275
2 0.14573833333333333 0.55953 0.011818333333333333 0.0163675
2 0.19499833333333333 0.5587125 0.013028333333333334 0.0158925
2 0.21738333333333332 0.49089 0.021636666666666665 0.032534999999999994
2 0.09925 0.6953475 0.01104 0.0157525
2 0.038545 0.5524175 0.012308333333333333 0.0130025
2 0.040965 0.7072025 0.011756666666666667 0.013179999999999999
2 0.12971 0.7466349999999999 0.012643333333333333 0.0152
2 0.039086666666666665 0.8293400000000001 0.012045 0.0158
1 0.82357 0.4866825 0.01575666666666667 0.016737500000000002
1 0.9407816666666666 0.46576249999999997 0.03535833333333333 0.04858