1 0.52064 0.57037 0.042771666666666666 0.062020000000000006
1 0.42252 0.5099175 0.04653 0.0511125
1 0.3150383333333333 0.867865 0.026569999999999996 0.0420075
1 0.32042 0.530485 0.029449999999999997 0.03725
1 0.3454983333333333 0.40776 0.030821666666666667 0.0418
2 0.17789666666666668 0.6976975 0.03562 0.039174999999999995
1 0.358455 0.6170175 0.020066666666666667 0.027815000000000003
2 0.22756333333333334 0.8588300000000001 0.01661666666666667 0.02144
2 0.15277166666666667 0.534905 0.014159999999999999 0.018075
2 0.103445 0.5078125 0.013598333333333334 0.014935
2 0.07222833333333334 0.5900475000000001 0.013224999999999999 0.01425
2 0.054003333333333334 0.6071449999999999 0.017815 0.01691
2 0.024993333333333336 0.6772675 0.014848333333333333 0.01452
2 0.241075 0.4259525 0.009591666666666667 0.01487
1 0.22030166666666665 0.53924 0.011086666666666667 0.01623
2 0.206245 0.555745 0.010075 0.0124875
1 0.19168833333333335 0.5824375 0.013359999999999999 0.012580000000000001