1 0.5570466666666667 0.5077025 0.02907 0.0441825
1 0.507245 0.5443775000000001 0.025991666666666666 0.0379725
1 0.51807 0.5672275 0.02238 0.0307425
1 0.53815 0.5739825 0.021606666666666663 0.0331725
1 0.7874166666666667 0.22169 0.009136666666666666 0.0136875
1 0.8143883333333333 0.2253125 0.009926666666666667 0.0139025
1 0.8386216666666666 0.20501 0.008369999999999999 0.0108125
1 0.8038333333333333 0.2281375 0.007578333333333333 0.012515
1 0.7825666666666666 0.306585 0.009596666666666667 0.0123
2 0.7937416666666667 0.2953925 0.00928 0.013365
2 0.7042483333333333 0.2113775 0.007725 0.012995
2 0.7528066666666667 0.2641625 0.008698333333333332 0.011875
2 0.674825 0.047847499999999994 0.009065 0.0142225
2 0.6952583333333333 0.0493125 0.010846666666666666 0.0123575
1 0.77665 0.012995 0.008705 0.0125175
2 0.80458 0.0531225 0.008286666666666666 0.015394999999999999
2 0.8235366666666667 0.0517375 0.009466666666666667 0.0149675
2 0.80959 0.068525 0.008928333333333333 0.0133675
2 0.8316033333333334 0.0509375 0.006838333333333333 0.01337
2 0.8568133333333333 0.0650575 0.007923333333333333 0.011962500000000001
2 0.8651183333333333 0.06645000000000001 0.008685 0.0128575
2 0.873465 0.14554499999999998 0.008908333333333334 0.011345000000000001
1 0.8253033333333333 0.217315 0.008511666666666667 0.011772500000000002
2 0.8328883333333333 0.2497325 0.007338333333333334 0.008039999999999999
2 0.8721099999999999 0.24021 0.009381666666666667 0.0115175
2 0.9152600000000001 0.11967749999999999 0.008621666666666666 0.011487500000000001