2 0.7865525 0.46695 0.028635 0.03355333333333333
2 0.80043 0.5029766666666667 0.026942499999999998 0.03082666666666667
2 0.7586900000000001 0.47267333333333333 0.027765 0.032336666666666666
2 0.7788275 0.49294 0.0269 0.031209999999999998
1 0.7579925 0.5728533333333333 0.0253175 0.030160000000000003
1 0.5325475000000001 0.6707633333333333 0.03014 0.038913333333333334
1 0.5027425 0.66357 0.0264375 0.03156333333333333
2 0.764755 0.5831166666666666 0.0276175 0.03229666666666667
2 0.9512174999999999 0.7243433333333335 0.0341175 0.036366666666666665
2 0.60092 0.7539433333333333 0.0213075 0.023833333333333335
2 0.4482475 0.8708733333333333 0.01872 0.021400000000000002
2 0.05208 0.4323966666666667 0.022822500000000003 0.03336666666666666
2 0.047979999999999995 0.4925566666666667 0.0233475 0.025563333333333334
1 0.2139075 0.59648 0.0215725 0.02537
1 0.1514675 0.78466 0.0275 0.04026
2 0.1405325 0.94283 0.045715000000000006 0.06264
1 0.9404275 0.45465 0.038377499999999995 0.03351
2 0.9135449999999999 0.4516166666666666 0.027170000000000003 0.03317333333333333