2 0.16283250000000002 0.7265533333333333 0.0229025 0.029356666666666663
2 0.0704875 0.6948099999999999 0.025715 0.02920666666666667
2 0.24921000000000001 0.6806433333333334 0.020655 0.024206666666666668
2 0.39747000000000005 0.4116366666666667 0.019677499999999997 0.022853333333333333
1 0.022420000000000002 0.6340766666666666 0.02391 0.02747666666666667
1 0.022685 0.7085533333333333 0.021105 0.023033333333333333
1 0.1874 0.7328833333333333 0.0179575 0.02057
1 0.484125 0.26850666666666667 0.022072500000000002 0.026633333333333335
1 0.50698 0.33260666666666666 0.021115 0.02699
1 0.2216925 0.2718466666666667 0.022435 0.023133333333333336
1 0.566785 0.57812 0.02253 0.028606666666666666
1 0.4844525 0.5927766666666666 0.01706 0.02073
1 0.6324375 0.67686 0.0253975 0.034806666666666666
1 0.579845 0.87908 0.023635000000000003 0.034806666666666666
1 0.605425 0.8832133333333333 0.025155 0.034563333333333335
2 0.96068 0.3267833333333333 0.03232 0.037123333333333335
2 0.796605 0.4417433333333333 0.026934999999999997 0.031586666666666666
2 0.624385 0.44822666666666666 0.02059 0.03180666666666667
2 0.6407050000000001 0.43916666666666665 0.0219375 0.029910000000000003
2 0.7066699999999999 0.4779333333333333 0.02437 0.035596666666666665
2 0.7322375 0.6556766666666667 0.0227175 0.02921666666666667
2 0.5856125 0.49034 0.0221375 0.02796
2 0.5051475 0.45886666666666664 0.020255 0.028753333333333336
2 0.5281224999999999 0.4708233333333333 0.020145 0.024853333333333335
2 0.43523 0.47875 0.018615 0.027963333333333333
2 0.46998 0.5524166666666667 0.019454999999999997 0.028116666666666665
2 0.5041 0.5563133333333333 0.01998 0.026643333333333335
2 0.472885 0.46495 0.01918 0.02817333333333333
2 0.48991250000000003 0.46263333333333334 0.0180375 0.025133333333333334
2 0.45340499999999995 0.41478 0.0202 0.026333333333333334
2 0.47823750000000004 0.37917 0.020327500000000002 0.02696666666666667
2 0.454275 0.4835966666666667 0.0184625 0.02143
2 0.30107 0.61402 0.01712 0.01574
1 0.35184249999999995 0.84455 0.02132 0.02485
2 0.5080925 0.7851066666666667 0.021804999999999998 0.029959999999999997
2 0.17980500000000002 0.7131033333333333 0.023162500000000003 0.02965
2 0.1522575 0.8842166666666667 0.021955 0.0277
2 0.09129000000000001 0.8743666666666666 0.0182225 0.024223333333333333
2 0.0076325 0.8189266666666667 0.015265 0.01532
2 0.02816 0.35441333333333336 0.009295 0.014530000000000001
2 0.43953 0.26497 0.02112 0.027243333333333335
2 0.4158 0.22198333333333334 0.01667 0.01843
2 0.6295850000000001 0.21919000000000002 0.024307500000000003 0.031606666666666665
2 0.4168125 0.3713433333333333 0.0132225 0.022073333333333334
2 0.6442125 0.74547 0.02543 0.03462333333333333
2 0.5245675 0.9257633333333333 0.0193925 0.02756
2 0.5421174999999999 0.95795 0.0263125 0.03580333333333333
2 0.5700325 0.93768 0.026185 0.038060000000000004
2 0.8552575 0.9096566666666666 0.0251625 0.032
2 0.95653 0.7151766666666667 0.0127775 0.018466666666666666
2 0.802455 0.17894000000000002 0.01666 0.020566666666666667
2 0.8367 0.21802 0.0160425 0.023036666666666667