2 0.04385 0.21481666666666668 0.0217625 0.02572
2 0.1533525 0.12289333333333334 0.02025 0.024726666666666668
2 0.237715 0.3914766666666667 0.0211225 0.022123333333333335
2 0.3550475 0.45906 0.030885000000000003 0.035883333333333337
2 0.1912325 0.5010833333333333 0.020309999999999998 0.026306666666666666
1 0.5308575 0.60202 0.03144 0.043870000000000006
2 0.11783 0.282 0.021615 0.028443333333333334
2 0.010575 0.23096999999999998 0.016645 0.021463333333333334
2 0.029825 0.16086 0.0200425 0.02605333333333333
1 0.493305 0.37499 0.027645 0.03888666666666667
2 0.8102 0.11993666666666666 0.032802500000000005 0.04367666666666667
2 0.794065 0.14826 0.0301525 0.03888666666666667
1 0.8887625 0.8112933333333334 0.030852499999999998 0.03968
2 0.9640225 0.5564399999999999 0.019004999999999998 0.021463333333333334
1 0.969035 0.47047000000000005 0.01696 0.019206666666666667
2 0.6864175 0.5468633333333333 0.0255025 0.028643333333333337
2 0.72093 0.16940333333333332 0.0133425 0.025586666666666667
2 0.5054 0.18924000000000002 0.025589999999999998 0.024786666666666665
2 0.0768475 0.13694666666666666 0.0224625 0.014253333333333333
2 0.2494775 0.29524333333333336 0.01886 0.0189
1 0.3579725 0.8212733333333334 0.02215 0.018063333333333334
1 0.368625 0.8683366666666668 0.020595 0.022286666666666666
1 0.3768075 0.9505466666666667 0.0198175 0.02824
2 0.4276175 0.85902 0.013807499999999999 0.01737