2 0.758125 0.2628575 0.032310000000000005 0.0400325
2 0.794945 0.24189 0.035951666666666666 0.0455975
2 0.36851500000000004 0.3224625 0.02809 0.0367425
2 0.3690833333333333 0.19694499999999998 0.020893333333333333 0.0332075
2 0.5033716666666667 0.2274575 0.014471666666666666 0.026732500000000003
2 0.5469350000000001 0.20058 0.018265 0.03048
2 0.9876516666666666 0.2829725 0.02469666666666667 0.045262500000000004
2 0.9553333333333334 0.313995 0.03327333333333333 0.0326925
2 0.9738583333333333 0.495485 0.03877833333333333 0.045285
2 0.9359783333333334 0.50162 0.02968166666666667 0.03756
2 0.7553983333333334 0.9315325 0.03928 0.055107500000000004
2 0.7791849999999999 0.9607925 0.03557 0.0466
2 0.025271666666666665 0.49815499999999996 0.026603333333333333 0.0331275
2 0.04803666666666667 0.493265 0.02953333333333333 0.03665
2 0.07728333333333333 0.4734375 0.025626666666666666 0.02119
2 0.09932833333333334 0.4839475 0.023011666666666666 0.0202875
2 0.223845 0.08222249999999999 0.020418333333333333 0.026262499999999998
2 0.24884666666666666 0.28104 0.020421666666666668 0.0263975
1 0.43911833333333333 0.5504275 0.027603333333333334 0.03674
1 0.3962383333333333 0.5952649999999999 0.02262 0.0312825
1 0.52997 0.98011 0.020791666666666667 0.0397825
1 0.6975533333333332 0.836625 0.016198333333333332 0.0220775
2 0.01829 0.5608375 0.023178333333333332 0.0232225
2 0.09947166666666667 0.6155075000000001 0.023956666666666668 0.022625
2 0.5263166666666667 0.5256124999999999 0.025365 0.02842
1 0.6120683333333333 0.48449000000000003 0.011296666666666667 0.016595
1 0.47983166666666666 0.578875 0.018943333333333333 0.0177725
2 0.5459433333333333 0.54491 0.019176666666666668 0.0178125