2 0.039670000000000004 0.15305389221556887 0.051859999999999996 0.0780688622754491
2 0.29862 0.1006437125748503 0.06533 0.08305389221556886
2 0.31757 0.28559880239520957 0.047659999999999994 0.06703592814371258
2 0.24372 0.3024550898203593 0.03775 0.057514970059880245
2 0.041030000000000004 0.4355988023952096 0.03903 0.0543562874251497
2 0.02906 0.625314371257485 0.03065 0.037889221556886225
2 0.12659 0.8950898203592814 0.04571 0.051841317365269465
2 0.29181 0.8370209580838324 0.08503 0.09538922155688623
2 0.30999 0.7124850299401198 0.054729999999999994 0.0692065868263473
2 0.23418 0.7763023952095809 0.03865 0.05046407185628743
2 0.21084 0.8211377245508982 0.04087 0.06362275449101797
2 0.27999 0.9695209580838323 0.07028 0.060973053892215565
2 0.35242 0.9878143712574851 0.07291 0.02437125748502994
2 0.37877999999999995 0.934940119760479 0.032310000000000005 0.04170658682634731
2 0.42110000000000003 0.9548203592814372 0.03415 0.061571856287425154
2 0.48358 0.8973502994011975 0.05809 0.0767065868263473
2 0.46354 0.8197005988023951 0.07293000000000001 0.09068862275449102
2 0.38988999999999996 0.7152095808383233 0.07676000000000001 0.08796407185628742
2 0.42778 0.5069011976047905 0.08585 0.12044910179640718
2 0.45333 0.5540119760479042 0.05415 0.061467065868263476
2 0.46242 0.39068862275449107 0.07515000000000001 0.11091317365269461
2 0.66522 0.4567065868263473 0.06962 0.09988023952095808
2 0.58839 0.5491766467065868 0.05153 0.07523952095808382
2 0.51313 0.582440119760479 0.05657 0.07523952095808382
2 0.65501 0.6888323353293413 0.07587999999999999 0.09838323353293413
2 0.68052 0.8306736526946108 0.04912 0.06272455089820358
2 0.75987 0.6462574850299401 0.07226 0.08976047904191617
2 0.7748200000000001 0.45368263473053894 0.06661 0.09383233532934132
2 0.71835 0.8982634730538922 0.03811 0.05154191616766467
2 0.49313 0.9607934131736526 0.036770000000000004 0.046302395209580835
2 0.54748 0.7413772455089821 0.03637 0.0537874251497006
2 0.58309 0.7548353293413174 0.03686 0.05408682634730539
2 0.56905 0.4312125748502994 0.041729999999999996 0.07220059880239521
2 0.63516 0.39303892215568864 0.06506999999999999 0.07899700598802396
2 0.6918300000000001 0.38070359281437127 0.04826 0.06432634730538922
2 0.86488 0.06678143712574851 0.06228 0.10845808383233534
2 0.95685 0.13058383233532936 0.06711 0.10991017964071857
2 0.93998 0.040089820359281436 0.0636 0.08016467065868263
2 0.88983 0.17104790419161678 0.08106999999999999 0.08744011976047904
2 0.94331 0.316062874251497 0.03471 0.051467065868263474
2 0.9885700000000001 0.3522754491017964 0.02145 0.1056437125748503
2 0.97034 0.4128443113772455 0.055420000000000004 0.07869760479041917
2 0.8854299999999999 0.6185029940119761 0.04339 0.05755988023952096
2 0.81775 0.6065568862275449 0.04136 0.06026946107784431
2 0.91685 0.48157185628742516 0.03511 0.05315868263473054
2 0.95347 0.47393712574850294 0.03057 0.04119760479041916
2 0.90644 0.8290868263473055 0.02763 0.06287425149700598