2 0.813825 0.010316666666666667 0.030295000000000002 0.020633333333333333
2 0.7173775 0.06284666666666666 0.02668 0.03726666666666666
2 0.616075 0.0876 0.024885 0.032010000000000004
2 0.8061525 0.16999 0.029665 0.04009666666666667
2 0.8312025 0.14651333333333333 0.029769999999999998 0.037263333333333336
2 0.8445075000000001 0.18779666666666667 0.029405 0.037676666666666664
2 0.9780725 0.14845 0.024695 0.03200666666666666
2 0.931965 0.3519533333333333 0.040545000000000005 0.049563333333333334
2 0.87719 0.4156033333333333 0.0359625 0.038426666666666665
2 0.9559025 0.5006233333333333 0.03936 0.04264
2 0.6922200000000001 0.34493666666666667 0.022005 0.024876666666666665
2 0.6562725 0.174 0.014005 0.023776666666666665
2 0.5249625 0.16847 0.0172325 0.027926666666666666
2 0.46204500000000004 0.43061 0.023747499999999998 0.031926666666666666
2 0.6310375 0.5620999999999999 0.0240075 0.03324666666666667
2 0.5511849999999999 0.5628966666666667 0.022895 0.030273333333333333
2 0.636225 0.6686233333333333 0.0229725 0.03179
2 0.59089 0.6715266666666666 0.0212975 0.03151333333333334
2 0.53303 0.6857733333333333 0.0208125 0.026533333333333332
2 0.45872500000000005 0.5814266666666666 0.018975000000000002 0.02778333333333333
2 0.374565 0.54948 0.011945 0.015613333333333335
2 0.35775999999999997 0.4759766666666667 0.01028 0.014650000000000002
2 0.40944749999999996 0.3489533333333333 0.01896 0.025303333333333334
2 0.5414075 0.46653666666666666 0.022735 0.03076
2 0.5342975 0.49589333333333335 0.02115 0.030713333333333332
2 0.6137400000000001 0.29366333333333333 0.020215 0.019696666666666668
2 0.714445 0.24678 0.01283 0.026336666666666668
2 0.3487075 0.23098000000000002 0.0138575 0.020596666666666666
2 0.9733324999999999 0.8859233333333333 0.037704999999999995 0.04803333333333333
2 0.930875 0.8677366666666667 0.017825 0.02079
2 0.8975225 0.8221333333333334 0.0150125 0.01934
2 0.6810425 0.49295666666666665 0.0236075 0.03187333333333334
2 0.65591 0.5557766666666667 0.0178425 0.025163333333333333
2 0.6214675 0.66216 0.015135 0.029516666666666667
2 0.658995 0.7863166666666666 0.013747500000000001 0.017686666666666667
2 0.611795 0.7704466666666667 0.0137325 0.014849999999999999
2 0.609405 0.7892899999999999 0.014695 0.01592
2 0.526675 0.84568 0.013810000000000001 0.019273333333333333
2 0.5207075 0.88506 0.020945000000000002 0.022146666666666665
2 0.523095 0.8612033333333333 0.01578 0.021416666666666667
2 0.46199250000000003 0.7982466666666665 0.014515 0.018723333333333335
2 0.4160625 0.8059200000000001 0.01507 0.015816666666666666
2 0.4217425 0.8774533333333334 0.0161625 0.02349
2 0.4342675 0.8652133333333333 0.0149725 0.020309999999999998
2 0.3475675 0.8195766666666666 0.01614 0.020313333333333333
2 0.3449475 0.7468666666666667 0.012039999999999999 0.016373333333333333
2 0.49335 0.17794333333333334 0.02132 0.0271
2 0.2837575 0.5752466666666667 0.010964999999999999 0.014169999999999999
2 0.305755 0.5718333333333333 0.009914999999999998 0.012186666666666667
2 0.32035250000000004 0.62482 0.012427500000000001 0.01452
2 0.31675 0.6423 0.008775 0.012513333333333333
2 0.31422500000000003 0.6408900000000001 0.008164999999999999 0.01408
2 0.349185 0.47924333333333335 0.0095975 0.01686
2 0.3745975 0.44386666666666663 0.0102975 0.011003333333333332
2 0.4353 0.42896333333333336 0.01111 0.017036666666666665
2 0.2638925 0.48259 0.009734999999999999 0.011926666666666667