2 0.124375 0.10487666666666666 0.030289999999999997 0.03552
2 0.15317750000000002 0.13630333333333333 0.028392499999999998 0.02013
2 0.1850625 0.22961333333333334 0.02653 0.03199333333333333
2 0.1606275 0.25766 0.038715000000000006 0.04206
2 0.207505 0.23666 0.028050000000000002 0.03803333333333333
2 0.22576 0.23482666666666668 0.01494 0.02733666666666667
2 0.1902425 0.32946333333333333 0.0291225 0.032203333333333334
2 0.162045 0.50573 0.022567499999999997 0.022420000000000002
2 0.07236 0.5205066666666667 0.0152575 0.018753333333333334
2 0.018977499999999998 0.5066633333333334 0.033365 0.03062
2 0.091835 0.5856966666666666 0.0162325 0.017816666666666668
2 0.174155 0.62471 0.0242425 0.024646666666666667
2 0.1929525 0.64927 0.0176675 0.02155333333333333
2 0.302575 0.4186066666666666 0.0247775 0.03012
2 0.43457999999999997 0.4449633333333334 0.0240625 0.03206333333333333
2 0.3862975 0.5075633333333334 0.020272500000000002 0.023356666666666664
2 0.34570249999999997 0.4392466666666667 0.0183125 0.017606666666666666
2 0.450925 0.5282033333333332 0.0248225 0.03098
2 0.40812 0.57358 0.018715 0.023643333333333336
2 0.32348000000000005 0.6595533333333333 0.0250525 0.03579333333333333
2 0.4860375 0.7526866666666666 0.0238525 0.03062
2 0.5168125 0.59408 0.0248875 0.03141666666666667
2 0.54249 0.5944033333333334 0.0220875 0.026456666666666667
2 0.5910675 0.73309 0.027445 0.03098
2 0.5946275000000001 0.7764899999999999 0.020325 0.02759666666666667
2 0.7039225 0.7223033333333333 0.022947500000000003 0.032420000000000004
2 0.506385 0.36427333333333334 0.024202500000000002 0.03220666666666667
2 0.6087675 0.37711 0.027337499999999997 0.0323
2 0.637795 0.42568666666666666 0.023594999999999998 0.03163
2 0.659235 0.44783666666666666 0.02252 0.028493333333333336
2 0.721545 0.48645666666666665 0.019037500000000002 0.026593333333333333
2 0.6578624999999999 0.4929266666666667 0.0223075 0.026593333333333333
2 0.751845 0.11702333333333333 0.026942499999999998 0.03359
2 0.8369249999999999 0.08236 0.0248525 0.030593333333333333
2 0.6242875 0.08615333333333333 0.018699999999999998 0.026536666666666667
2 0.5749 0.15803333333333333 0.02616 0.03447
2 0.6809875 0.17620333333333335 0.0244075 0.03164666666666666
2 0.7624624999999999 0.22934333333333332 0.02291 0.027676666666666665
2 0.8042100000000001 0.14414333333333335 0.03073 0.03579333333333333
2 0.7612025 0.14286333333333331 0.02618 0.03129666666666667
2 0.8197575 0.39066 0.018165 0.024326666666666667
2 0.8030525000000001 0.27287333333333336 0.0211375 0.023536666666666668
2 0.81152 0.5117133333333334 0.0187575 0.023880000000000002
2 0.726935 0.56441 0.0158875 0.02255333333333333
2 0.71572 0.57314 0.02111 0.029786666666666666
2 0.697725 0.5752566666666666 0.020045 0.03261
2 0.8206375 0.7053999999999999 0.022835 0.025116666666666666
2 0.8619874999999999 0.7543033333333333 0.0182175 0.02785
2 0.82067 0.7817333333333333 0.0214475 0.02061666666666667
2 0.78577 0.7476033333333333 0.017135 0.018323333333333334
2 0.9766425000000001 0.86067 0.0205025 0.02326
2 0.9133275 0.8630966666666666 0.016114999999999997 0.018406666666666665
2 0.9289375 0.8709033333333334 0.013782500000000001 0.01837
2 0.88395 0.8234066666666666 0.0164425 0.02216333333333333
2 0.7081975 0.9646566666666666 0.014794999999999999 0.021666666666666667
2 0.8000925 0.9360799999999999 0.01231 0.018846666666666668
2 0.542865 0.9244833333333333 0.015935 0.020873333333333334
2 0.5910625 0.9573366666666667 0.014825 0.018666666666666668
2 0.4823675 0.9007600000000001 0.014275 0.021939999999999998
2 0.34879000000000004 0.7741066666666667 0.0207175 0.024766666666666666
2 0.3555025 0.6749733333333333 0.0284375 0.02215
2 0.11362749999999999 0.8984200000000001 0.0189925 0.02308
2 0.2192675 0.57548 0.019260000000000003 0.023353333333333334
2 0.47941500000000004 0.09259333333333332 0.0200125 0.020013333333333334
2 0.22082749999999998 0.13801666666666668 0.02238 0.03324
2 0.27762749999999997 0.14291 0.0239175 0.021686666666666667
2 0.45903750000000004 0.08818333333333334 0.017095 0.030596666666666668
2 0.256355 0.3350066666666667 0.0148475 0.025560000000000003
2 0.24327500000000002 0.5222100000000001 0.0185825 0.04304333333333333
2 0.2397525 0.6152333333333333 0.0169075 0.022493333333333334
2 0.2702025 0.8125166666666668 0.0125775 0.015733333333333335
2 0.20923 0.8138799999999999 0.01213 0.016796666666666668
2 0.1862075 0.8647933333333334 0.0149125 0.015123333333333332
2 0.267 0.8809933333333333 0.014995 0.019146666666666666
2 0.6109600000000001 0.5956633333333333 0.021215 0.020103333333333334
2 0.5933025 0.7054566666666666 0.0228925 0.027436666666666668
2 0.789405 0.60485 0.0151875 0.019663333333333335
2 0.750965 0.61144 0.0181575 0.025503333333333336
2 0.7813025 0.19202666666666668 0.0234875 0.02923
2 0.7787474999999999 0.16000666666666666 0.015407500000000001 0.024536666666666665
2 0.7394824999999999 0.17055666666666666 0.0210775 0.024216666666666668
2 0.6109025 0.2851433333333333 0.01734 0.025113333333333335
2 0.7342025 0.31119 0.01435 0.01874
2 0.8644275 0.43048333333333333 0.015775 0.01686
2 0.9116749999999999 0.41308333333333336 0.010135 0.013016666666666666