0 0.5808290155440414 0.36611111111111116 0.05417098445595855 0.08338888888888889
0 0.6381088082901555 0.4540555555555556 0.09639896373056996 0.08058333333333334
0 0.5655181347150259 0.40547222222222223 0.05709844559585492 0.06408333333333334
0 0.554300518134715 0.46452777777777776 0.05069948186528497 0.06291666666666666
0 0.47463730569948187 0.5122222222222222 0.15572538860103627 0.15663888888888888
0 0.644559585492228 0.5480833333333334 0.06217616580310881 0.10822222222222222
0 0.594559585492228 0.49997222222222226 0.0572279792746114 0.050444444444444445
0 0.5797927461139897 0.5390277777777778 0.054585492227979274 0.05444444444444445
0 0.6618911917098446 0.6647222222222222 0.15533678756476685 0.12502777777777777
0 0.6027979274611399 0.7711388888888889 0.16821243523316065 0.16469444444444445
0 0.7241450777202072 0.7956666666666666 0.1132901554404145 0.08041666666666666
0 0.7507512953367876 0.7151388888888889 0.08010362694300519 0.06575
0 0.8136528497409327 0.5285555555555556 0.09010362694300518 0.09127777777777778
0 0.7465284974093265 0.5157222222222222 0.07471502590673575 0.0753888888888889
0 0.8022279792746114 0.6257222222222222 0.08248704663212435 0.0633611111111111
0 0.8002849740932643 0.5792777777777778 0.06974093264248706 0.052222222222222225
0 0.7617616580310881 0.8740277777777777 0.07769430051813471 0.10341666666666666