1 0.4472966666666667 0.38148000000000004 0.058333333333333334 0.0835425
1 0.5838533333333333 0.0501425 0.054468333333333334 0.08360250000000001
1 0.9277633333333333 0.083625 0.04881666666666666 0.0643525
1 0.21919000000000002 0.3284825 0.04389333333333333 0.0494925
1 0.2604283333333333 0.249555 0.03983 0.05274
1 0.19908666666666666 0.2536675 0.04547333333333333 0.0643225
1 0.48742833333333335 0.56341 0.03957666666666667 0.057745
1 0.096025 0.76728 0.03635833333333333 0.0372375
1 0.9072 0.1577575 0.04356 0.0638675
1 0.24126499999999998 0.376665 0.021365 0.030842500000000002
1 0.10587833333333332 0.31879250000000003 0.017236666666666667 0.019407499999999998
1 0.3456583333333333 0.2562375 0.02445 0.0349375
1 0.21867 0.4846225 0.028194999999999998 0.0319275
1 0.049925000000000004 0.5896950000000001 0.021158333333333335 0.023175
1 0.2633333333333333 0.36875 0.013333333333333334 0.0175
1 0.24958333333333332 0.31875 0.024166666666666666 0.0375
1 0.23333333333333334 0.505 0.02 0.025