2 0.55676 0.32008995502248877 0.13079 0.1874062968515742
2 0.46276999999999996 0.2946026986506747 0.06481999999999999 0.13043478260869565
2 0.36129 0.37631184407796103 0.08214 0.15292353823088456
2 0.24080000000000001 0.6011994002998501 0.07911 0.1409295352323838
2 0.48027 0.6964017991004497 0.07981999999999999 0.10944527736131934
2 0.61625 0.7331334332833583 0.12778 0.15592203898050974
2 0.58275 0.5802098950524738 0.08279 0.11694152923538231
2 0.74825 0.7436281859070465 0.13622 0.17091454272863568
2 0.72425 0.9152923538230885 0.12222 0.13943028485757122
2 0.85524 0.5599700149925038 0.14025 0.1184407796101949
2 0.87474 0.3995502248875562 0.16925 0.18440779610194902