2 0.9247733333333333 0.5710225 0.06147 0.0641275
2 0.5648333333333333 0.8200824999999999 0.038345 0.048670000000000005
2 0.35336999999999996 0.39210500000000004 0.02158 0.023997499999999998
2 0.5397116666666667 0.9004774999999999 0.029115 0.045365
2 0.615985 0.4663675 0.026798333333333334 0.0370925
2 0.018338333333333335 0.80359 0.036675 0.0419575
2 0.9428183333333333 0.08265 0.055393333333333336 0.069005
2 0.8199899999999999 0.48821 0.05122500000000001 0.053805
2 0.7753983333333334 0.39307749999999997 0.047848333333333326 0.0555775
2 0.7430933333333334 0.47397500000000004 0.043278333333333335 0.045735
2 0.34534 0.2803325 0.024005 0.02996
2 0.45583833333333335 0.56276 0.01892833333333333 0.025475
2 0.21387666666666666 0.33759500000000003 0.027405000000000002 0.02826
2 0.6670483333333334 0.33202 0.02934166666666667 0.0344575
2 0.008666666666666666 0.7456875 0.017333333333333333 0.03519
2 0.3411266666666667 0.125945 0.026160000000000003 0.03333
2 0.7109966666666666 0.4516425 0.03735666666666666 0.043585
2 0.229125 0.5188674999999999 0.01915 0.02277
2 0.553525 0.38271499999999997 0.018336666666666664 0.023485
2 0.5024933333333333 0.9124275000000001 0.026521666666666666 0.0390375
2 0.804875 0.0519325 0.03611166666666667 0.04127
2 0.142905 0.3494975 0.025436666666666666 0.02558
2 0.895405 0.13802 0.037513333333333336 0.047072499999999996
2 0.70666 0.2821725 0.03241333333333333 0.039322499999999996
2 0.20161333333333334 0.7447425 0.02736 0.0258175
2 0.27560833333333334 0.7707200000000001 0.021201666666666667 0.022697500000000002
1 0.550905 0.27388999999999997 0.016640000000000002 0.022635000000000002
2 0.15697666666666668 0.397995 0.025188333333333333 0.0272075
2 0.370205 0.7249875 0.01787333333333333 0.02085
2 0.7819083333333333 0.750165 0.031663333333333335 0.0495525
2 0.19286833333333334 0.4314425 0.019821666666666668 0.01991
2 0.5552833333333334 0.547485 0.021121666666666667 0.0291475
2 0.8422366666666666 0.16993250000000001 0.02871166666666667 0.0337025
2 0.73225 0.14765999999999999 0.015405 0.0341525
2 0.5707133333333334 0.33347000000000004 0.013948333333333333 0.018054999999999998
2 0.4145333333333333 0.7145275 0.015715 0.02219
2 0.41039333333333333 0.6697375 0.012495 0.02081