2 0.47287581699346404 0.06859857482185273 0.04284313725490196 0.06581947743467934
2 0.5745261437908497 0.0630166270783848 0.04972222222222222 0.07472684085510689
2 0.5376960784313726 0.14054631828978623 0.04820261437908497 0.07584323040380048
2 0.5902614379084967 0.13608076009501188 0.0461764705882353 0.04907363420427553
2 0.7413888888888889 0.0407125890736342 0.03663398692810458 0.05688836104513064
2 0.8208006535947712 0.0301187648456057 0.04504901960784314 0.0602375296912114
2 0.8733496732026144 0.09703087885985749 0.058545751633986925 0.08030878859857482
2 0.829624183006536 0.1020665083135392 0.05501633986928105 0.0814251781472684
2 0.7843627450980392 0.17790973871733967 0.053496732026143794 0.07919239904988125
2 0.8921568627450981 0.15002375296912113 0.043970588235294115 0.0524228028503563
2 0.6439705882352942 0.2559857482185273 0.05080065359477124 0.06805225653206651
2 0.4958986928104575 0.29391923990498814 0.04616013071895425 0.06581947743467934
2 0.5350163398692811 0.3156532066508313 0.04310457516339869 0.06470308788598575
2 0.49052287581699344 0.38928741092636576 0.04616013071895425 0.06693586698337292
2 0.45983660130718956 0.4891211401425178 0.0382516339869281 0.06358669833729216
2 0.4851633986928105 0.485771971496437 0.04616013071895425 0.06581947743467934
2 0.5883333333333334 0.47572446555819475 0.04665032679738562 0.06581947743467934
2 0.5952450980392158 0.5287173396674585 0.04235294117647059 0.055771971496437055
2 0.7870424836601307 0.49636579572446554 0.04506535947712418 0.06914489311163895
2 0.7605718954248366 0.5180997624703088 0.04583333333333334 0.06358669833729216
2 0.8438235294117646 0.5170071258907364 0.04856209150326797 0.07249406175771972
2 0.9791993464052288 0.5536817102137767 0.04160130718954248 0.08705463182897862
2 0.8768790849673203 0.8906650831353919 0.05101307189542483 0.07581947743467934
2 0.8440522875816993 0.8480760095011877 0.06001633986928104 0.08985748218527316
2 0.8282679738562091 0.8373159144893112 0.05524509803921569 0.09266033254156769
2 0.6930555555555555 0.8466745843230403 0.05160130718954248 0.08330166270783848
2 0.6959640522875817 0.8883372921615202 0.052238562091503266 0.07862232779097388
2 0.5311274509803922 0.6809976247030879 0.03545751633986928 0.04961995249406176
2 0.5272712418300654 0.7329453681710214 0.026437908496732027 0.041187648456057005
2 0.48091503267973856 0.7877197149643705 0.03415032679738562 0.05334916864608076
2 0.4416339869281045 0.8265558194774347 0.035424836601307186 0.05054631828978622