1 0.051445 0.011586666666666665 0.0291975 0.02317333333333333
1 0.013207499999999999 0.025026666666666666 0.0264175 0.05005333333333333
1 0.0097325 0.07647 0.019465 0.04171
1 0.029225 0.17009 0.0305875 0.04171
1 0.0493875 0.19743333333333332 0.03198 0.03893
1 0.0104425 0.39116333333333336 0.020882500000000002 0.03337
1 0.09387999999999999 0.2562933333333333 0.03337 0.04356666666666666
1 0.11265 0.23358333333333334 0.03476 0.03893
1 0.237785 0.11725666666666666 0.0264175 0.03059
1 0.158185 0.2993966666666667 0.0298925 0.04078333333333333
1 0.19329249999999998 0.2604666666666667 0.0236375 0.031516666666666665
1 0.281315 0.20427333333333336 0.028 0.03381
1 0.2942575 0.26625666666666664 0.023245000000000002 0.029583333333333333
1 0.3124825 0.26027 0.024829999999999998 0.024653333333333333
1 0.3465575 0.11939333333333334 0.0253575 0.035923333333333335
1 0.27338999999999997 0.14123 0.0301125 0.03451333333333333
1 0.302445 0.1313666666666667 0.023772500000000002 0.026063333333333334
1 0.320935 0.10671333333333333 0.023772500000000002 0.031696666666666665
1 0.281315 0.05952 0.026942499999999998 0.03451333333333333
1 0.35527499999999995 0.03381 0.028 0.03803666666666666
1 0.37535 0.12291666666666666 0.0227175 0.02888
1 0.3885575 0.046136666666666666 0.025885000000000002 0.033106666666666666
1 0.4051975 0.03451333333333333 0.020075 0.02395
1 0.5240625 0.017963333333333335 0.026414999999999998 0.03451333333333333
1 0.6400225 0.009859999999999999 0.023772500000000002 0.019723333333333332
1 0.6463625 0.02395 0.025885000000000002 0.025356666666666663
1 0.7123975 0.03205 0.029055 0.03451333333333333
1 0.7295675 0.029583333333333333 0.0253575 0.03662666666666667
1 0.5087425 0.11904 0.0348675 0.04508
1 0.46885750000000004 0.14052666666666666 0.024829999999999998 0.033106666666666666
1 0.4268575 0.16905333333333333 0.0179625 0.02254
1 0.3959525 0.18032333333333334 0.0206025 0.028176666666666666
1 0.3824825 0.17891333333333334 0.0158475 0.02254
1 0.39569 0.13066333333333333 0.016905 0.021836666666666667
1 0.4131225 0.13489 0.0158475 0.020426666666666666
1 0.4717625 0.20392 0.0316975 0.04015
1 0.6740975 0.17187 0.04015 0.049306666666666665
1 0.6492675 0.22293666666666664 0.020075 0.027469999999999998
1 0.6180975 0.23068666666666665 0.021132500000000002 0.02888
1 0.37667 0.32894666666666666 0.0348675 0.04508
1 0.311955 0.38142666666666664 0.0227175 0.03029
1 0.3156525 0.554 0.031170000000000003 0.04296666666666667
1 0.3373125 0.5490700000000001 0.028 0.04015
1 0.37561500000000003 0.50258 0.0221875 0.035923333333333335
1 0.41946249999999996 0.47827666666666663 0.0221875 0.03803666666666666
1 0.4593475 0.4810966666666667 0.02166 0.03381
1 0.44297000000000003 0.47898333333333337 0.038564999999999995 0.056350000000000004
1 0.44931 0.6501466666666667 0.026942499999999998 0.039446666666666665
1 0.4751975 0.6381733333333334 0.028 0.03662666666666667
1 0.4714975 0.6578966666666667 0.025885000000000002 0.028176666666666666
1 0.50346 0.5786533333333334 0.0390925 0.04156
1 0.5198375 0.5547033333333333 0.0422625 0.05001
1 0.53146 0.4617266666666667 0.03698 0.04719333333333334
1 0.4965925 0.38142666666666664 0.0443775 0.06269
1 0.4699125 0.42615333333333333 0.035395 0.03522
1 0.464895 0.3525466666666667 0.0380375 0.04578666666666667
1 0.46304500000000004 0.31486000000000003 0.038564999999999995 0.04226333333333333
1 0.5285525 0.42052 0.0163775 0.019723333333333332
1 0.5660625 0.4081933333333333 0.0227175 0.035923333333333335
1 0.5842875000000001 0.40854333333333337 0.026414999999999998 0.029583333333333333
1 0.458555 0.27119000000000004 0.032755 0.04508
1 0.487875 0.26696333333333333 0.0364525 0.04649
1 0.5201 0.3046466666666667 0.0364525 0.04156
1 0.5517975 0.3042933333333333 0.031170000000000003 0.03803666666666666
1 0.611495 0.29267333333333334 0.023772500000000002 0.02888
1 0.795605 0.29830666666666666 0.0390925 0.05283
1 0.847905 0.27823333333333333 0.0380375 0.049306666666666665
1 0.9416749999999999 0.22927666666666668 0.025885000000000002 0.03451333333333333
1 0.8904325 0.11657666666666668 0.0364525 0.04296666666666667
1 0.972555 0.10953333333333334 0.05489 0.07396
1 0.89228 0.3219033333333333 0.055997500000000006 0.06621333333333333
1 0.801415 0.34832 0.0158475 0.019020000000000002
1 0.818585 0.37578999999999996 0.012150000000000001 0.0162
1 0.8899025 0.29056 0.0470175 0.04860333333333333
1 0.95409 0.36909666666666663 0.0179625 0.025356666666666663
1 0.9538274999999999 0.42228 0.01532 0.023243333333333335
1 0.9820650000000001 0.3303566666666667 0.0358725 0.056350000000000004
1 0.9897250000000001 0.3698033333333334 0.020552499999999998 0.029583333333333333
1 0.7786975 0.6018966666666666 0.04332 0.05283
1 0.8671875 0.7403099999999999 0.035395 0.047896666666666664
1 0.9012625000000001 0.7350266666666666 0.04015 0.04860333333333333
1 0.9363925000000001 0.7860933333333334 0.038564999999999995 0.04226333333333333
1 0.6910025000000001 0.18877666666666668 0.016905 0.02395
1 0.6733049999999999 0.28879666666666665 0.011095 0.016906666666666667
2 0.66723 0.3588833333333334 0.011622500000000001 0.0162
2 0.6851925 0.32683666666666666 0.011622500000000001 0.015496666666666667
2 0.7081725 0.30676 0.00898 0.011973333333333334
2 0.72719 0.30218 0.012150000000000001 0.018313333333333334
2 0.6772675 0.33493666666666666 0.00951 0.013383333333333332
2 0.65323 0.3680433333333334 0.007925 0.013383333333333332