2 0.50834 0.587885 0.04969333333333334 0.063355
1 0.47786833333333334 0.9734550000000001 0.044074999999999996 0.053090000000000005
2 0.5325733333333333 0.5171950000000001 0.05255 0.069875
1 0.5270933333333333 0.6437525000000001 0.05184166666666667 0.05774
1 0.5720116666666667 0.4489625 0.04237666666666667 0.056717500000000004
2 0.603815 0.5082025 0.041745 0.0659725
2 0.5917283333333333 0.5769974999999999 0.04407333333333333 0.0542575
2 0.5507633333333333 0.5762975 0.03293833333333333 0.049235
2 0.2804583333333333 0.3645825 0.035685 0.0404625
1 0.46120666666666665 0.9046675000000001 0.03551 0.045975
1 0.6091033333333333 0.79 0.032058333333333335 0.046200000000000005
2 0.49089333333333335 0.5338825 0.03315666666666667 0.05915
2 0.634975 0.23271 0.021935000000000003 0.029495
1 0.248865 0.3574425 0.034076666666666665 0.06579
2 0.5236416666666667 0.13058 0.01711 0.024045
2 0.126195 0.0134625 0.012906666666666667 0.011535
2 0.6973633333333333 0.401365 0.025515 0.02776
1 0.83222 0.6788075 0.05701166666666667 0.08394750000000001
1 0.556735 0.6119525 0.029375 0.03024