2 0.6562625000000001 0.31284999999999996 0.027260000000000003 0.03861333333333333
2 0.581875 0.03429333333333333 0.0259875 0.03817333333333333
2 0.9632975 0.47868 0.033835000000000004 0.04027333333333333
2 0.7110425 0.46776999999999996 0.026822500000000003 0.03179
1 0.6682525 0.47171 0.023739999999999997 0.033003333333333336
2 0.4944925 0.43746 0.015725 0.021853333333333336
2 0.407775 0.43197 0.0178475 0.017286666666666665
2 0.37364749999999997 0.4481233333333333 0.016122499999999998 0.022873333333333336
2 0.457265 0.49252999999999997 0.0158225 0.01762666666666667
2 0.4566275 0.5359866666666667 0.018555 0.020103333333333334
2 0.2776 0.48429333333333335 0.0172225 0.021463333333333334
2 0.384635 0.5396766666666667 0.011644999999999999 0.01466
1 0.735965 0.44982333333333335 0.0223925 0.028236666666666663
2 0.7896375 0.05209333333333333 0.021625 0.03293
2 0.430485 0.13918333333333333 0.01597 0.02171
1 0.4664225 0.25823666666666667 0.014092499999999999 0.016123333333333333
1 0.4064 0.21536333333333335 0.0094825 0.010536666666666666
1 0.37046749999999995 0.2731733333333333 0.0113675 0.019280000000000002
1 0.22578 0.18246666666666667 0.01927 0.022893333333333335
1 0.129145 0.33062 0.0180875 0.022010000000000002
1 0.2040925 0.07980666666666666 0.014855 0.02174
2 0.2157675 0.08120666666666666 0.0134375 0.02499
2 0.2566925 0.10808666666666666 0.016767499999999998 0.017893333333333334
2 0.321775 0.5378866666666667 0.01102 0.014923333333333334
2 0.26954500000000003 0.54107 0.0116625 0.014043333333333335
2 0.1456825 0.53904 0.0122025 0.014813333333333333
2 0.13561250000000002 0.6890633333333334 0.01834 0.0225
2 0.01007 0.5194933333333334 0.01461 0.014376666666666668
2 0.0267725 0.44956333333333337 0.0108675 0.01586
2 0.0621575 0.44536 0.010960000000000001 0.011083333333333334
2 0.06368 0.42982000000000004 0.00774 0.012746666666666667
2 0.0270175 0.20220333333333335 0.019945 0.021776666666666666
2 0.0051475 0.17278333333333334 0.010295 0.013723333333333334
2 0.1790025 0.18212333333333333 0.0158475 0.017246666666666667
1 0.19060749999999999 0.16888666666666668 0.019157499999999997 0.02356
2 0.7322875 0.8673266666666667 0.024255 0.03187
2 0.523875 0.7449766666666666 0.015574999999999999 0.020390000000000002
2 0.59773 0.7277933333333334 0.018977499999999998 0.022953333333333333
2 0.6908350000000001 0.6774399999999999 0.015695 0.01942
2 0.7775125 0.7471833333333334 0.019962499999999998 0.024806666666666668
2 0.6129375 0.8373366666666667 0.0217 0.028246666666666666
2 0.9384450000000001 0.93716 0.0255125 0.03177666666666667
2 0.6577975 0.56677 0.0144575 0.016806666666666668
2 0.6235700000000001 0.48933666666666664 0.0127625 0.015236666666666667