0 0.05928030303030303 0.23555555555555555 0.07763257575757576 0.10983333333333332
0 0.16414772727272728 0.17672222222222222 0.07134469696969697 0.09933333333333333
0 0.08125 0.17055555555555554 0.08787878787878788 0.13455555555555554
0 0.1844128787878788 0.10133333333333333 0.058295454545454546 0.06033333333333333
0 0.24083333333333332 0.2259722222222222 0.05081439393939394 0.08738888888888889
0 0.2848863636363636 0.23725 0.06160984848484849 0.0926388888888889
0 0.30939393939393944 0.3115833333333333 0.06606060606060607 0.07794444444444444
2 0.11988636363636362 0.3205 0.10640151515151515 0.22352777777777777
2 0.7827083333333333 0.25113888888888886 0.10964015151515151 0.20638888888888887
0 0.7066477272727273 0.09797222222222222 0.051079545454545454 0.06999999999999999
0 0.7721212121212121 0.1336388888888889 0.06395833333333334 0.07594444444444444
0 0.7918371212121211 0.05519444444444445 0.06102272727272727 0.06938888888888889
0 0.8367992424242424 0.0796388888888889 0.06740530303030304 0.07455555555555556
0 0.7361174242424243 0.09522222222222222 0.06100378787878788 0.08738888888888889