0 0.7618721461187214 0.1502777777777778 0.034703196347031964 0.03077777777777778
0 0.8152283105022831 0.1323611111111111 0.02324200913242009 0.030944444444444445
0 0.8495433789954339 0.11566666666666667 0.03276255707762557 0.04652777777777778
0 0.8942237442922375 0.10511111111111113 0.06305936073059361 0.06463888888888888
0 0.9138812785388127 0.14469444444444446 0.01641552511415525 0.03597222222222222
0 0.9455707762557078 0.1488611111111111 0.05561643835616438 0.05738888888888889
0 0.9744977168949771 0.20450000000000002 0.049018264840182645 0.04119444444444444
0 0.8235844748858447 0.1898611111111111 0.021164383561643834 0.034805555555555555
0 0.8348173515981735 0.17011111111111113 0.02084474885844749 0.017777777777777778
0 0.6877625570776256 0.3088611111111111 0.031529680365296804 0.0375
0 0.7083333333333334 0.29636111111111113 0.026712328767123285 0.026694444444444444
0 0.6674885844748859 0.2624166666666667 0.02321917808219178 0.026333333333333334
0 0.6784246575342465 0.22894444444444445 0.04776255707762558 0.06066666666666667
0 0.6290182648401826 0.2514444444444444 0.02687214611872146 0.030500000000000003
0 0.8478310502283105 0.4467777777777778 0.023972602739726026 0.029027777777777777
0 0.8405707762557078 0.4776111111111111 0.06047945205479452 0.041666666666666664
0 0.6309132420091323 0.38855555555555554 0.027968036529680364 0.02369444444444444
0 0.6061872146118721 0.2693055555555556 0.018493150684931507 0.020305555555555556
0 0.6069178082191781 0.25105555555555553 0.01990867579908676 0.022027777777777778
0 0.6268949771689497 0.27388888888888885 0.022899543378995434 0.019
0 0.6446575342465753 0.3011388888888889 0.01682648401826484 0.021527777777777778
0 0.63 0.29391666666666666 0.02997716894977169 0.020944444444444446
0 0.5482191780821918 0.4239166666666667 0.03248858447488585 0.028666666666666667
2 0.6537214611872145 0.5164166666666666 0.2130821917808219 0.26208333333333333
2 0.4655936073059361 0.44730555555555557 0.05047945205479452 0.05411111111111111
0 0.8797716894977169 0.7617222222222223 0.04070776255707762 0.028555555555555553
0 0.9091324200913242 0.7649166666666667 0.021780821917808217 0.016444444444444446
0 0.9827397260273972 0.8422499999999999 0.01723744292237443 0.024
0 0.9384474885844749 0.8188888888888889 0.01997716894977169 0.03222222222222222
0 0.9607762557077626 0.8226666666666668 0.02029680365296804 0.033
0 0.9508219178082191 0.8573333333333333 0.06015981735159818 0.06097222222222222
0 0.792054794520548 0.6048333333333333 0.015570776255707764 0.016444444444444446
0 0.7674885844748859 0.6233055555555556 0.02319634703196347 0.020416666666666666
0 0.8891780821917807 0.5644722222222223 0.0163013698630137 0.01672222222222222
0 0.9637214611872147 0.6589722222222222 0.017442922374429223 0.02272222222222222
0 0.9491780821917808 0.6726944444444444 0.011780821917808219 0.015722222222222224
0 0.28207762557077626 0.09855555555555555 0.018059360730593606 0.02725
0 0.2991780821917808 0.04097222222222222 0.022899543378995434 0.026194444444444444
0 0.2710958904109589 0.05380555555555556 0.027716894977168952 0.023
0 0.262351598173516 0.08130555555555555 0.03285388127853881 0.023
0 0.20942922374429224 0.1951111111111111 0.029817351598173517 0.026583333333333334
0 0.23659817351598172 0.16302777777777777 0.01863013698630137 0.013277777777777779
0 0.30189497716894975 0.09830555555555556 0.021552511415525114 0.02402777777777778
0 0.21495433789954338 0.16933333333333334 0.023904109589041097 0.02313888888888889