1 0.8134266666666667 0.1139525 0.04934 0.070955
1 0.11664833333333333 0.25045 0.03227666666666667 0.030705
1 0.6476483333333333 0.26477999999999996 0.045439999999999994 0.0616475
1 0.5182266666666667 0.57874 0.055926666666666666 0.07352
1 0.347015 0.416155 0.035886666666666664 0.044215000000000004
1 0.5496133333333333 0.7400575 0.039983333333333336 0.053837499999999996
1 0.16321833333333333 0.9052 0.03329833333333333 0.037770000000000005
1 0.30911500000000003 0.4859475 0.03329666666666667 0.045902500000000006
1 0.08730500000000001 0.40028250000000004 0.031926666666666666 0.03403
1 0.06223666666666667 0.1945275 0.03650333333333333 0.0379075
1 0.29728333333333334 0.4213325 0.03904 0.0592
1 0.09210666666666667 0.47552 0.029213333333333334 0.0360725
1 0.11936666666666668 0.45966250000000003 0.024313333333333333 0.0292125
1 0.2947716666666667 0.6153225 0.022493333333333334 0.02604
1 0.09584166666666666 0.4363 0.031128333333333334 0.0294875
1 0.066305 0.46205 0.022531666666666665 0.0264575
1 0.14902333333333334 0.238965 0.023930000000000003 0.034815
1 0.42311166666666666 0.4095725 0.016578333333333334 0.02804
1 0.10107166666666666 0.2081325 0.029231666666666663 0.027945
1 0.14216666666666666 0.7165325 0.018955 0.02334
1 0.3093283333333333 0.6395449999999999 0.017945 0.0255
1 0.3358333333333333 0.464375 0.016666666666666666 0.02375
1 0.32458333333333333 0.513125 0.019166666666666665 0.02125
1 0.3433333333333333 0.499375 0.013333333333333334 0.01625