2 0.6895533333333332 0.6756224999999999 0.05857166666666667 0.07206749999999999
2 0.70497 0.8853300000000001 0.034736666666666666 0.051527500000000004
2 0.33866999999999997 0.4798675 0.027996666666666666 0.04212
2 0.8267966666666666 0.0980575 0.04777666666666667 0.0657625
2 0.12490666666666668 0.6177525 0.028725 0.0323125
2 0.37332166666666666 0.49468 0.037638333333333336 0.0426
2 0.372125 0.42680250000000003 0.035511666666666664 0.04643
2 0.19271333333333332 0.8570425 0.04237666666666667 0.0538575
2 0.7633633333333334 0.0679 0.036105 0.047235
2 0.16945333333333334 0.952395 0.03891 0.054555
2 0.88647 0.32329 0.028525000000000002 0.02898
2 0.43971166666666667 0.565495 0.03696 0.048525
2 0.926585 0.7773925 0.04423833333333334 0.0458025
2 0.6716133333333333 0.8177925 0.03600166666666667 0.048924999999999996
2 0.9253483333333333 0.7307325 0.04179833333333333 0.047875
2 0.63361 0.037212499999999996 0.025298333333333332 0.0428
2 0.2641966666666667 0.49497 0.031643333333333336 0.039575000000000006
2 0.46764333333333336 0.1996325 0.03044 0.04324
2 0.40780000000000005 0.14812999999999998 0.02991833333333333 0.033485
1 0.7962183333333334 0.46863499999999997 0.032481666666666666 0.041325
2 0.6961700000000001 0.4517575 0.03495666666666667 0.03725
2 0.8516866666666667 0.5760575 0.03674 0.0403825
2 0.41029 0.5103775 0.03502 0.0400475
2 0.9905033333333334 0.7656575 0.01899333333333333 0.04052
2 0.950605 0.273575 0.03166833333333333 0.0366775
2 0.018188333333333334 0.838545 0.031996666666666666 0.032597499999999995
2 0.327555 0.36641 0.03296333333333333 0.0345475
2 0.23858333333333334 0.2956675 0.022471666666666668 0.0246725
2 0.9733283333333334 0.24427000000000001 0.037285 0.038375
2 0.77207 0.26173 0.02584166666666667 0.029065
2 0.7431883333333333 0.4200375 0.029866666666666666 0.0243475
2 0.24960666666666667 0.40771749999999995 0.022733333333333335 0.025565
2 0.6302766666666666 0.48248250000000004 0.02669 0.0444825
2 0.9448566666666667 0.314865 0.035305 0.02555
2 0.3861483333333333 0.2075025 0.025901666666666667 0.0289325
1 0.7494233333333333 0.25576499999999996 0.03302 0.0286325
2 0.7764200000000001 0.42375 0.02361 0.025165
2 0.14534833333333333 0.985735 0.028926666666666666 0.02853
2 0.273525 0.35603250000000003 0.018366666666666667 0.0271175