2 0.45148 0.2605533333333333 0.05613 0.03929333333333333
2 0.44794 0.2954466666666667 0.046990000000000004 0.027513333333333334
2 0.49489 0.4073333333333333 0.0586 0.04031333333333333
1 0.69186 0.3460533333333334 0.0504 0.036199999999999996
1 0.72636 0.35347333333333336 0.03411 0.03180666666666667
1 0.49767 0.54284 0.05644 0.037193333333333335
1 0.66477 0.58518 0.06189 0.04218
1 0.7185199999999999 0.59292 0.05921 0.04394666666666667
1 0.65128 0.5413466666666666 0.06033 0.04018
1 0.90511 0.7279266666666667 0.06892 0.04378
1 0.39238999999999996 0.59806 0.055060000000000005 0.03905333333333333
1 0.25522 0.5993533333333333 0.04819 0.03466
2 0.42 0.6590333333333332 0.06098 0.03847333333333333
2 0.73152 0.45706 0.05654 0.03854666666666667
2 0.89303 0.5462333333333333 0.05096 0.035859999999999996
1 0.8195399999999999 0.6504133333333333 0.05687 0.04188666666666666
1 0.95802 0.7912533333333334 0.07869 0.04344666666666667
1 0.90499 0.8540599999999999 0.041960000000000004 0.02681333333333333
1 0.8521299999999999 0.8299666666666667 0.05214 0.02772666666666667
2 0.86215 0.80338 0.053770000000000005 0.032319999999999995
1 0.016280000000000003 0.46976 0.032560000000000006 0.039420000000000004
2 0.22934000000000002 0.4112533333333333 0.030809999999999997 0.02402
2 0.31355 0.4996733333333333 0.048229999999999995 0.03022
1 0.11154 0.9318333333333333 0.046619999999999995 0.034486666666666665
1 0.32235 0.9088266666666667 0.04486 0.030406666666666665
1 0.16499 0.9431933333333333 0.04747 0.02641333333333333