1 0.9408333333333333 0.15375 0.06166666666666667 0.095
1 0.6825 0.44375 0.03833333333333333 0.0475
1 0.8225 0.511875 0.03333333333333333 0.04875
1 0.8941666666666667 0.681875 0.041666666666666664 0.05125
1 0.7608333333333334 0.61875 0.03 0.0475
1 0.7791666666666667 0.691875 0.03333333333333333 0.04875
1 0.798935 0.22560249999999998 0.031808333333333334 0.042409999999999996
1 0.13971833333333333 0.4757 0.033598333333333334 0.0516275
1 0.10161333333333332 0.51196 0.027861666666666663 0.0503975
1 0.33803 0.26243500000000003 0.018848333333333335 0.0356475
1 0.7842283333333333 0.1653275 0.018028333333333334 0.03073
1 0.742435 0.0946475 0.019666666666666666 0.024585
1 0.237645 0.3706025 0.03605666666666667 0.055314999999999996
1 0.18765833333333334 0.8684275 0.037695 0.0503975