0 0.07452 0.27263291139240503 0.056280000000000004 0.08713924050632912
0 0.047979999999999995 0.2151645569620253 0.0207 0.032354430379746835
0 0.07174 0.19769620253164558 0.023219999999999998 0.03853164556962026
0 0.12816 0.22177215189873417 0.028579999999999998 0.039240506329113925
0 0.11948 0.13432911392405064 0.04368 0.07321518987341773
0 0.12072 0.08420253164556961 0.01618 0.026734177215189874
0 0.15003999999999998 0.0819746835443038 0.04018 0.03784810126582278
0 0.15430000000000002 0.12030379746835444 0.01916 0.033949367088607595
0 0.17204 0.11858227848101267 0.013699999999999999 0.024759493670886073
0 0.17765999999999998 0.0630632911392405 0.02506 0.028759493670886073
0 0.1972 0.15526582278481013 0.045840000000000006 0.0779746835443038
0 0.18966 0.0909620253164557 0.02154 0.02759493670886076
0 0.21681999999999998 0.11124050632911392 0.02596 0.03308860759493671
0 0.20318 0.2644303797468355 0.07859999999999999 0.05177215189873417
0 0.17176 0.2866582278481013 0.026760000000000003 0.02721518987341772
0 0.28648 0.2350126582278481 0.0698 0.08470886075949367
0 0.26176 0.28450632911392404 0.03174 0.03151898734177215
0 0.3 0.2867341772151899 0.03774 0.03022784810126582
0 0.27676 0.31908860759493674 0.03674 0.028784810126582277
0 0.24614 0.31764556962025314 0.02452 0.03162025316455696
0 0.26274000000000003 0.34612658227848103 0.0223 0.025341772151898735
0 0.23062 0.3549873417721519 0.051 0.046151898734177216
0 0.26574000000000003 0.3960506329113924 0.048780000000000004 0.06475949367088607
0 0.2295 0.3871139240506329 0.023719999999999998 0.0250126582278481
0 0.22546000000000002 0.42043037974683545 0.03186 0.04448101265822785
0 0.20544 0.4657974683544304 0.04186 0.08344303797468354
0 0.17306 0.4119493670886076 0.018359999999999998 0.027164556962025316
0 0.1896 0.43070886075949366 0.02608 0.033392405063291136
0 0.38508 0.30665822784810126 0.0649 0.08240506329113924
0 0.42782 0.2942025316455696 0.02964 0.027924050632911392
0 0.41316 0.2641518987341772 0.03604 0.032202531645569625
0 0.42554000000000003 0.24946835443037976 0.06584000000000001 0.04716455696202532
0 0.42701999999999996 0.20273417721518988 0.05378 0.04860759493670886
0 0.4839 0.1909367088607595 0.03496 0.03767088607594937
0 0.45964 0.21660759493670886 0.03402 0.03521518987341772
0 0.50276 0.245873417721519 0.07723999999999999 0.0549620253164557
0 0.55034 0.31513924050632913 0.0254 0.04240506329113924
0 0.49760000000000004 0.3429620253164557 0.039939999999999996 0.04427848101265822
0 0.50356 0.3826075949367089 0.03564 0.03784810126582278
0 0.46652 0.4110126582278481 0.04528 0.03478481012658228
0 0.48056 0.45083544303797474 0.05584 0.05640506329113924
0 0.53896 0.4331645569620253 0.07234 0.07281012658227848
0 0.50146 0.4870886075949367 0.02234 0.05987341772151898
0 0.56794 0.4986075949367088 0.03936 0.06850632911392404
0 0.65204 0.47536708860759497 0.14618 0.24263291139240506
0 0.58608 0.33534177215189875 0.0494 0.07967088607594937
0 0.5896 0.4420759493670886 0.02644 0.02731645569620253
0 0.61586 0.5047088607594937 0.02606 0.040455696202531644
0 0.6745599999999999 0.7016962025316457 0.03386 0.07187341772151899
0 0.674 0.8707088607594937 0.03272 0.06179746835443038
0 0.73594 0.8915696202531646 0.0316 0.040227848101265826
0 0.7002999999999999 0.9271139240506329 0.02784 0.03534177215189874
0 0.7461 0.9437974683544305 0.02056 0.03255696202531645
0 0.72246 0.9292658227848102 0.02216 0.03964556962025317
0 0.71274 0.9709367088607594 0.04478 0.05810126582278481
0 0.5463600000000001 0.9404050632911392 0.04246 0.07777215189873417
0 0.5652200000000001 0.9107088607594938 0.024820000000000002 0.035417721518987345
0 0.50646 0.9446582278481013 0.04268 0.06881012658227847
0 0.5051 0.89 0.02494 0.04339240506329114
0 0.4813 0.8837468354430379 0.02936 0.0530379746835443
0 0.44877999999999996 0.8828607594936709 0.03982 0.05764556962025316
2 0.3468 0.6223797468354431 0.34836 0.5239746835443038
0 0.7336 0.8273417721518987 0.054439999999999995 0.047848101265822784