2 0.4286833333333333 0.046235 0.04702 0.0307925
2 0.4439133333333333 0.18611750000000002 0.04081 0.03056
2 0.23138 0.16492500000000002 0.03241 0.020675000000000002
2 0.59068 0.1460625 0.04434333333333333 0.037947499999999995
2 0.63818 0.14191499999999999 0.05065666666666667 0.037152500000000005
2 0.41928999999999994 0.41775999999999996 0.04156 0.026345
2 0.4335333333333333 0.3891825 0.043383333333333336 0.0266875
2 0.5502100000000001 0.39026 0.05659666666666666 0.031345
2 0.5466566666666667 0.43253250000000004 0.026293333333333332 0.03089
2 0.5654466666666667 0.4994625 0.03721 0.02657
2 0.5931033333333333 0.534975 0.04252333333333333 0.028272500000000002
2 0.6679633333333334 0.4774175 0.03224333333333333 0.02066
2 0.7638866666666666 0.36191 0.03742333333333333 0.0221425
2 0.8151066666666668 0.3500925 0.019863333333333334 0.0185075
2 0.86966 0.4035575 0.02897 0.0229375
2 0.9568733333333332 0.3577625 0.03339333333333334 0.0213475
2 0.8361999999999999 0.35460250000000004 0.02511 0.013789999999999998
2 0.8322433333333333 0.34070999999999996 0.022266666666666667 0.01451
2 0.8156566666666666 0.36440750000000005 0.026256666666666664 0.01376
2 0.8900033333333334 0.37217 0.029660000000000002 0.017245
2 0.96602 0.328975 0.03049 0.01955
2 0.98708 0.328155 0.017776666666666666 0.0156675
2 0.9903799999999999 0.31164 0.019236666666666666 0.012755
2 0.8886966666666667 0.42197250000000003 0.025356666666666663 0.016120000000000002
2 0.8546733333333333 0.42818 0.02657666666666667 0.0152275
2 0.8623666666666666 0.4375225 0.026453333333333332 0.0155425
2 0.8801666666666667 0.46141000000000004 0.030556666666666666 0.0132675
2 0.8666499999999999 0.4728275 0.028873333333333334 0.01648
2 0.85041 0.5124275 0.02818666666666667 0.01837
2 0.82898 0.5124275 0.01574 0.0120325
2 0.7373333333333333 0.5374375 0.020816666666666667 0.013269999999999999
2 0.7485833333333334 0.5529725 0.020883333333333334 0.013300000000000001
2 0.76412 0.68652 0.027930000000000003 0.017475
2 0.98167 0.7798925 0.03222333333333333 0.0173275
2 0.01006 0.5104375 0.020116666666666668 0.024755
2 0.15889333333333333 0.5228225 0.04022666666666667 0.021195