2 0.3020222222222222 0.09903333333333333 0.24242222222222223 0.16535
2 0.35404444444444444 0.26571666666666666 0.23535555555555554 0.16536666666666666
2 0.5505111111111111 0.21873333333333334 0.20608888888888888 0.17141666666666666
2 0.2530222222222222 0.20775000000000002 0.07775555555555556 0.06609999999999999
2 0.10604444444444444 0.6216333333333334 0.20602222222222222 0.15055
2 0.3370444444444444 0.7423166666666666 0.25195555555555554 0.15141666666666664
2 0.49535555555555555 0.62345 0.21133333333333332 0.07418333333333332
2 0.8904222222222222 0.6025499999999999 0.20299999999999999 0.15236666666666668
2 0.8660888888888889 0.3978333333333333 0.2028 0.14961666666666665
2 0.5081777777777778 0.9061333333333332 0.2386 0.16951666666666665
2 0.1326 0.9323499999999999 0.19864444444444446 0.1353
2 0.7368 0.6986833333333333 0.16084444444444443 0.11465000000000002