1 0.8125025 0.5317866666666666 0.0338175 0.041806666666666666
1 0.221395 0.8756299999999999 0.035545 0.04964999999999999
1 0.1899025 0.61774 0.0366275 0.04286333333333334
2 0.802725 0.5763333333333334 0.031975 0.03773
2 0.7059125 0.6059833333333333 0.018885000000000002 0.022356666666666664
2 0.6960575 0.5281966666666666 0.0176225 0.021400000000000002
2 0.8881699999999999 0.7046133333333334 0.0414375 0.04391333333333334
2 0.8467575 0.7504133333333333 0.034385 0.044153333333333336
1 0.7673475 0.7967166666666667 0.01525 0.023430000000000003
1 0.782415 0.8448933333333333 0.015075 0.02051333333333333
1 0.9043 0.8457899999999999 0.015130000000000001 0.018156666666666665
2 0.9749249999999999 0.86418 0.0340675 0.03455333333333333
2 0.8775425 0.28197666666666665 0.031127500000000002 0.030123333333333335
2 0.550735 0.2870933333333333 0.0206025 0.030123333333333335
2 0.5071025 0.3947366666666667 0.029315 0.03936666666666667
2 0.494935 0.41919999999999996 0.0251375 0.03582333333333333
2 0.2129825 0.4239133333333333 0.0284925 0.02477333333333333
2 0.013872500000000001 0.7106 0.027747499999999998 0.04532666666666666
2 0.780485 0.35198666666666667 0.017355 0.028113333333333334