2 0.6786524822695035 0.81275 0.2963593380614657 0.33405555555555555
2 0.30068557919621747 0.3758611111111111 0.2860756501182033 0.3610555555555555
0 0.023664302600472812 0.26719444444444446 0.04354609929078015 0.05547222222222222
0 0.12988179669030733 0.31925000000000003 0.061276595744680855 0.058277777777777776
0 0.13827423167848701 0.26844444444444443 0.041914893617021276 0.035111111111111114
0 0.0760756501182033 0.30127777777777776 0.03990543735224586 0.02886111111111111
0 0.07765957446808511 0.49677777777777776 0.14040189125295507 0.15188888888888888
0 0.08936170212765956 0.38127777777777777 0.12208037825059102 0.13330555555555557
0 0.22085106382978723 0.5041944444444444 0.0791016548463357 0.10138888888888889
0 0.18044917257683216 0.5434166666666667 0.05115839243498818 0.08830555555555555
0 0.4426713947990544 0.2751388888888889 0.05271867612293144 0.04847222222222222
0 0.42134751773049645 0.24780555555555553 0.029574468085106383 0.019944444444444445
0 0.30865248226950354 0.18405555555555558 0.04257683215130024 0.04638888888888889
0 0.2844208037825059 0.19625 0.02271867612293144 0.027972222222222225
0 0.5726241134751773 0.19997222222222222 0.055768321513002365 0.06808333333333334
0 0.5792671394799055 0.24780555555555553 0.0384160756501182 0.04541666666666667
0 0.5821040189125295 0.13733333333333334 0.024160756501182035 0.02988888888888889
0 0.6566430260047281 0.201 0.021773049645390074 0.024416666666666663
0 0.7198581560283688 0.19549999999999998 0.03695035460992908 0.02647222222222222
0 0.7341371158392436 0.2505277777777778 0.06243498817966903 0.06277777777777778
0 0.8242789598108747 0.09724999999999999 0.04555555555555556 0.0685
0 0.8156973995271868 0.04711111111111111 0.01723404255319149 0.01725
0 0.8059574468085107 0.014416666666666668 0.018912529550827423 0.015416666666666665
0 0.8496217494089834 0.052 0.022836879432624115 0.025222222222222222
0 0.8750354609929077 0.0205 0.02749408983451537 0.02288888888888889
0 0.9480614657210401 0.08491666666666667 0.0483451536643026 0.06347222222222222
0 0.9683451536643026 0.04791666666666667 0.0583451536643026 0.04830555555555556
0 0.9129787234042553 0.04530555555555555 0.0325531914893617 0.02972222222222222
0 0.9072813238770685 0.012722222222222222 0.03633569739952718 0.02363888888888889
0 0.8945153664302601 0.4651388888888889 0.04418439716312057 0.042861111111111114
0 0.8791489361702127 0.54625 0.021796690307328608 0.03513888888888889
0 0.9156973995271867 0.82775 0.044822695035461 0.042583333333333334
0 0.8973049645390071 0.879361111111111 0.03860520094562647 0.03147222222222222
0 0.0524113475177305 0.21733333333333332 0.10479905437352245 0.13899999999999998
0 0.5893144208037825 0.3418888888888889 0.18243498817966902 0.17419444444444446