2 0.90416 0.14869565217391306 0.02536 0.03017991004497751
2 0.92203 0.13904047976011993 0.022699999999999998 0.03206896551724138
2 0.95731 0.17962518740629685 0.023190000000000002 0.034452773613193405
2 0.94362 0.18446776611694155 0.011980000000000001 0.022938530734632683
2 0.8918400000000001 0.2691154422788606 0.02364 0.02353823088455772
2 0.97326 0.21545727136431786 0.02007 0.024317841079460268
2 0.9902000000000001 0.2379310344827586 0.01959 0.029865067466266867
2 0.83021 0.26401799100449774 0.02501 0.03556221889055472
2 0.8429 0.4438830584707646 0.02413 0.029640179910044976
2 0.87829 0.48367316341829086 0.020120000000000002 0.025367316341829087
2 0.88054 0.5110494752623688 0.01991 0.026611694152923537
2 0.86837 0.5031784107946027 0.0124 0.013898050974512743
2 0.9400299999999999 0.526191904047976 0.01425 0.017481259370314844
2 0.96253 0.5458170914542728 0.019489999999999997 0.021379310344827585
2 0.92452 0.5686806596701649 0.025670000000000002 0.020644677661169415
2 0.8355199999999999 0.5733133433283358 0.02419 0.02790104947526237
2 0.785 0.45953523238380806 0.016800000000000002 0.01853073463268366
2 0.74024 0.5107646176911544 0.01688 0.018950524737631185
2 0.76552 0.4816191904047976 0.01961 0.020269865067466267
2 0.8382200000000001 0.7011694152923539 0.0215 0.024002998500749627
2 0.95457 0.7195802098950524 0.02647 0.028500749625187408
2 0.89335 0.7479310344827587 0.02395 0.029655172413793104
2 0.91877 0.7528035982008996 0.02089 0.027271364317841083
2 0.83894 0.7402098950524738 0.01889 0.024302848575712147
2 0.82052 0.7450974512743629 0.01775 0.02095952023988006
2 0.78649 0.7309295352323838 0.018420000000000002 0.01989505247376312
2 0.79615 0.7522188905547227 0.023559999999999998 0.02541229385307346
2 0.80467 0.7897001499250375 0.016370000000000003 0.02634182908545727
2 0.85394 0.7538230884557722 0.01541 0.019445277361319343
2 0.90534 0.7821739130434783 0.019629999999999998 0.019355322338830586
2 0.99509 0.7917241379310346 0.00982 0.022293853073463266
2 0.99391 0.8127136431784109 0.01218 0.01982008995502249
2 0.92584 0.8960419790104948 0.01844 0.02487256371814093
2 0.87215 0.8501499250374812 0.01862 0.02298350824587706
2 0.89071 0.9397451274362818 0.020030000000000003 0.024407796101949028
2 0.98953 0.9855922038980509 0.02094 0.028230884557721138
2 0.70536 0.8308095952023987 0.0172 0.027751124437781112
2 0.75973 0.8153673163418291 0.01139 0.020074962518740632
2 0.7695 0.8983808095952024 0.012060000000000001 0.028545727136431782
2 0.6791200000000001 0.7613493253373314 0.017929999999999998 0.02922038980509745
2 0.7244299999999999 0.7343328335832084 0.01491 0.02265367316341829
2 0.68345 0.7049025487256372 0.017839999999999998 0.026416791604197902
2 0.68975 0.6679310344827586 0.016280000000000003 0.023193403298350825
2 0.73766 0.6544827586206897 0.01846 0.022548725637181407
2 0.7453500000000001 0.5665667166416791 0.013619999999999998 0.02044977511244378
2 0.73207 0.6229235382308845 0.012 0.01701649175412294
2 0.63301 0.5578860569715143 0.01532 0.021274362818590704
2 0.65127 0.520944527736132 0.016800000000000002 0.017091454272863568
2 0.65699 0.5474812593703149 0.01208 0.01361319340329835
2 0.79577 0.35050974512743627 0.012060000000000001 0.019670164917541227
2 0.57325 0.5523538230884558 0.016399999999999998 0.019310344827586208
2 0.44794 0.5905097451274363 0.01035 0.014812593703148427
2 0.45844999999999997 0.4873313343328336 0.00711 0.014527736131934033
2 0.45679000000000003 0.5083208395802099 0.00919 0.012053973013493252
2 0.43577999999999995 0.5295352323838081 0.00894 0.010029985007496252
2 0.38962 0.4647976011994003 0.00756 0.011859070464767616
2 0.37533999999999995 0.45179910044977517 0.00731 0.012143928035982009
2 0.37562 0.4348125937031484 0.009210000000000001 0.008455772113943027
2 0.36591 0.4838530734632684 0.00596 0.009565217391304347
2 0.31276 0.47395802098950524 0.00813 0.010989505247376312
2 0.32331 0.5659970014992504 0.009689999999999999 0.014257871064467766
2 0.36718 0.6231184407796102 0.0064800000000000005 0.009310344827586206
2 0.39072 0.5030884557721139 0.00842 0.009670164917541229
2 0.38753 0.5223538230884558 0.00743 0.0087856071964018
2 0.42762 0.573568215892054 0.00811 0.009205397301349325
2 0.40811000000000003 0.5972263868065968 0.00817 0.011079460269865067
2 0.35683 0.6389055472263868 0.0059900000000000005 0.00856071964017991
2 0.33319 0.6711094452773613 0.00856 0.009355322338830584
2 0.32326 0.6597901049475262 0.00758 0.009940029985007495
2 0.28783 0.4126836581709145 0.00679 0.011679160419790105
2 0.29937 0.4052473763118441 0.00762 0.010944527736131934
2 0.27272 0.4372413793103448 0.008230000000000001 0.010299850074962518
2 0.25617 0.44806596701649176 0.00948 0.010719640179910046
2 0.29074 0.5000149925037481 0.00587 0.010584707646176911
2 0.29502999999999996 0.5156971514242878 0.00771 0.008620689655172414
2 0.28385000000000005 0.5030434782608695 0.00679 0.010044977511244379
2 0.25581 0.4900299850074963 0.00651 0.008515742128935532
2 0.25001 0.4868515742128936 0.00525 0.007511244377811094
2 0.28829000000000005 0.42523238380809597 0.00771 0.009520239880059969