2 0.49780250000000004 0.12433333333333334 0.023747499999999998 0.03558
2 0.50919 0.15356666666666666 0.024274999999999998 0.026253333333333333
1 0.7220875 0.22420333333333334 0.028757500000000002 0.03754333333333333
1 0.886445 0.26021666666666665 0.0206725 0.026209999999999997
2 0.8576375 0.33217 0.01375 0.01542
2 0.94486 0.38011 0.01754 0.021939999999999998
2 0.9290675 0.50537 0.025275 0.029773333333333332
2 0.94678 0.49016333333333334 0.0295325 0.031219999999999998
2 0.754535 0.6798866666666666 0.0284225 0.039406666666666666
2 0.6572325 0.6796666666666666 0.028390000000000002 0.03355333333333333
2 0.6828350000000001 0.65898 0.02632 0.030846666666666668
1 0.7773724999999999 0.9801099999999999 0.025265 0.03587
1 0.970035 0.85701 0.0178625 0.02517
1 0.5613625 0.6392366666666667 0.0223425 0.024606666666666666
2 0.449455 0.8096933333333333 0.0260625 0.03581666666666667
1 0.4988825 0.8198933333333333 0.017905 0.022969999999999997
1 0.427585 0.9486600000000001 0.019725000000000003 0.03115
1 0.327 0.9362566666666666 0.0149225 0.025736666666666665
1 0.31347 0.89325 0.02309 0.029893333333333334
2 0.341645 0.82956 0.02343 0.03260333333333333
2 0.3987725 0.7811066666666667 0.02444 0.03128333333333333
2 0.39898500000000003 0.7514166666666666 0.025905 0.03147333333333333
2 0.38256999999999997 0.7403666666666666 0.0086575 0.02461
1 0.2121275 0.7500933333333334 0.018850000000000002 0.023540000000000002
1 0.23298 0.73366 0.0149375 0.023666666666666666
1 0.19687000000000002 0.7519833333333332 0.014405 0.015983333333333336
1 0.2415025 0.57772 0.020552499999999998 0.02347666666666667
1 0.326995 0.46116666666666667 0.0149125 0.014793333333333334
1 0.274495 0.60429 0.016927499999999998 0.015666666666666666
2 0.26544999999999996 0.6598266666666667 0.0123425 0.024229999999999998
2 0.2221375 0.6448433333333333 0.01299 0.01642
2 0.23491 0.64928 0.01445 0.017643333333333334
2 0.16564500000000001 0.5273133333333333 0.016372499999999998 0.021023333333333335
2 0.17407499999999998 0.5351866666666667 0.015602499999999998 0.018646666666666666
2 0.18265 0.48997333333333337 0.019212499999999997 0.02392
2 0.2554125 0.4649466666666666 0.0182425 0.022346666666666667
2 0.191885 0.45940333333333333 0.0158625 0.019576666666666666
2 0.1768175 0.44460666666666665 0.0148175 0.01769
2 0.18095 0.4086233333333333 0.01789 0.01914
2 0.3819525 0.4621766666666667 0.024045 0.02789
1 0.403325 0.5374533333333333 0.0200375 0.024673333333333332
1 0.34732999999999997 0.5301466666666667 0.0129825 0.012836666666666666
1 0.47846249999999996 0.34181 0.0269375 0.030969999999999998
1 0.49015 0.36539333333333335 0.0172225 0.01745
2 0.40575 0.32271666666666665 0.017365 0.020806666666666668
2 0.4812825 0.29333 0.0217125 0.019
1 0.6842849999999999 0.8259333333333334 0.0245275 0.02951