2 0.13836 0.03165333333333333 0.11431999999999999 0.06330666666666666
2 0.08512 0.08041333333333334 0.10276 0.05474666666666667
2 0.40332 0.148 0.10284 0.07357333333333334
2 0.47326 0.17581333333333335 0.07845999999999999 0.06245333333333334
2 0.26345999999999997 0.3041333333333333 0.10024 0.06588
2 0.17492 0.28916000000000003 0.09481999999999999 0.05646666666666667
2 0.14156 0.4838 0.10765999999999999 0.06929333333333333
2 0.309 0.5039066666666667 0.08838 0.07186666666666666
2 0.55216 0.39824 0.0849 0.06245333333333334
2 0.7311599999999999 0.31054666666666664 0.11702 0.07186666666666666
2 0.7209 0.34819999999999995 0.09136 0.05474666666666667
2 0.74912 0.42005333333333333 0.10164 0.06673333333333333
2 0.5804 0.74388 0.08748 0.06758666666666667
2 0.69202 0.6724399999999999 0.1029 0.06330666666666666
2 0.93262 0.5873200000000001 0.05292 0.05732
2 0.6291599999999999 0.7122133333333333 0.07978 0.06416
2 0.57462 0.4808 0.0862 0.04449333333333333
2 0.39882 0.5137333333333334 0.07296 0.052186666666666666
2 0.5079 0.5496666666666666 0.06822 0.052186666666666666
2 0.46362000000000003 0.749 0.0845 0.04534666666666667
2 0.70356 0.5488133333333334 0.07415999999999999 0.052186666666666666