2 0.15227000000000002 0.18535333333333331 0.02548 0.030543333333333332
1 0.09419499999999999 0.5765866666666667 0.0256225 0.03481
1 0.18782749999999998 0.5725966666666666 0.0318675 0.04146
1 0.169025 0.6611 0.023587499999999997 0.033356666666666666
2 0.2820475 0.8152233333333334 0.018445 0.024976666666666668
2 0.3588725 0.8176833333333334 0.0174075 0.024046666666666668
2 0.41092 0.7203233333333333 0.013215 0.018526666666666667
2 0.4373275 0.6734966666666666 0.012815 0.01695
1 0.405305 0.6481166666666667 0.0146525 0.018556666666666666
1 0.3292075 0.6003333333333334 0.020210000000000002 0.02774
1 0.48802749999999995 0.64234 0.0109475 0.01461
1 0.45045999999999997 0.6489833333333334 0.0112 0.01438
1 0.5278999999999999 0.6915333333333333 0.011525 0.015973333333333332
1 0.5060475 0.7215666666666666 0.01099 0.013116666666666667
1 0.511045 0.6891933333333333 0.0096425 0.006903333333333333
1 0.5610449999999999 0.6678833333333334 0.009765000000000001 0.014039999999999999
1 0.5973849999999999 0.7054233333333333 0.009272500000000001 0.013026666666666666
1 0.6013075 0.7185533333333333 0.009072499999999999 0.012936666666666667
1 0.628575 0.68377 0.0090925 0.01331
1 0.58761 0.63886 0.00977 0.01396
1 0.6234425 0.59978 0.01066 0.013483333333333335
1 0.5516575 0.59107 0.009715 0.013703333333333333
1 0.5766575 0.5637066666666666 0.0107425 0.014263333333333333
1 0.5804275 0.5392266666666667 0.009702500000000001 0.012960000000000001
1 0.55676 0.54293 0.00991 0.014650000000000002
1 0.5389025000000001 0.5380233333333333 0.009224999999999999 0.015799999999999998
1 0.42950499999999997 0.5186033333333333 0.013484999999999999 0.020806666666666668
2 0.4441125 0.5235299999999999 0.013779999999999999 0.019383333333333332
2 0.32822 0.7265133333333333 0.0146025 0.01775
1 0.3933725 0.34365 0.01934 0.022883333333333335
2 0.4403075 0.3350766666666667 0.0092175 0.010493333333333334
2 0.44756 0.39865 0.0076775 0.01086
1 0.45423250000000004 0.42343 0.013785 0.019653333333333335
2 0.467455 0.43293666666666664 0.01374 0.01881333333333333
2 0.479485 0.32667 0.0115075 0.012693333333333333
2 0.49722000000000005 0.3855033333333333 0.01062 0.013166666666666667
1 0.51093 0.44799333333333335 0.010215 0.012093333333333334
1 0.4610475 0.47884333333333334 0.01326 0.01595
1 0.46751 0.29899000000000003 0.009567500000000001 0.011433333333333332
1 0.502795 0.29608 0.008047499999999999 0.011403333333333333
2 0.5186825 0.30854666666666664 0.00872 0.011903333333333333
2 0.5239125 0.29685666666666666 0.0090525 0.01231
2 0.5279775 0.28146666666666664 0.0094675 0.012396666666666665
2 0.5486875 0.30856666666666666 0.01014 0.012266666666666665
2 0.5571375000000001 0.31634999999999996 0.009609999999999999 0.012353333333333334
2 0.5564025 0.35985 0.01062 0.013886666666666665
2 0.56248 0.3762033333333333 0.0109625 0.015086666666666667
2 0.6186174999999999 0.40801333333333334 0.00775 0.010553333333333333
1 0.539285 0.4897966666666667 0.0123375 0.01532
1 0.56089 0.50762 0.0115975 0.016813333333333333
1 0.6358125 0.4975333333333333 0.0064824999999999995 0.01372
1 0.672805 0.49951999999999996 0.0101425 0.01401
1 0.709795 0.4408266666666667 0.0118325 0.013453333333333333
1 0.7150299999999999 0.35279333333333335 0.0091875 0.010636666666666668
1 0.6943175 0.3827 0.0084825 0.01256
1 0.74151 0.38224 0.007545 0.010576666666666667
1 0.9927625 0.43318666666666666 0.014475 0.03458666666666667
1 0.9902175 0.5392033333333333 0.019567499999999998 0.03614333333333333
1 0.8952 0.09123666666666666 0.0295375 0.03752333333333333
2 0.99221 0.05153 0.01558 0.0413