2 0.7491013071895425 0.6601398601398601 0.31872549019607843 0.4664335664335664
2 0.38967320261437904 0.17538461538461536 0.3279738562091503 0.34561771561771565
0 0.7838071895424836 0.127995337995338 0.13818627450980392 0.23752913752913754
0 0.4820261437908497 0.23713286713286713 0.18356209150326797 0.18275058275058276
0 0.6229411764705882 0.16946386946386946 0.054558823529411764 0.060745920745920744
0 0.8743627450980392 0.14177156177156178 0.046209150326797385 0.05862470862470862
0 0.7737745098039216 0.2608158508158508 0.1876797385620915 0.11286713286713287
0 0.43194444444444446 0.533006993006993 0.13941176470588235 0.2117016317016317
0 0.3375653594771242 0.5321678321678321 0.11171568627450981 0.24666666666666665
0 0.024722222222222222 0.24703962703962704 0.049444444444444444 0.10046620046620047
0 0.17112745098039217 0.28118881118881117 0.051944444444444446 0.06438228438228438
0 0.17769607843137256 0.34512820512820513 0.06094771241830065 0.057459207459207455
0 0.10454248366013072 0.4193939393939394 0.04717320261437909 0.05440559440559441
0 0.05624183006535948 0.6246386946386947 0.11246732026143791 0.24104895104895105
0 0.2474673202614379 0.48433566433566433 0.11361111111111111 0.19095571095571096
0 0.19892156862745097 0.595058275058275 0.13522875816993465 0.1303962703962704
0 0.6297875816993465 0.12634032634032635 0.04723856209150327 0.041048951048951045