2 0.6308494208494208 0.5798969072164949 0.41922779922779924 0.6185567010309279
0 0.24725868725868727 0.035 0.038880308880308884 0.04912371134020618
0 0.32305019305019306 0.13469072164948453 0.09270270270270271 0.09974226804123712
0 0.25285714285714284 0.2522680412371134 0.08818532818532819 0.24556701030927836
0 0.2088030888030888 0.18902061855670105 0.04667953667953668 0.07144329896907216
0 0.18652509652509652 0.23886597938144333 0.035559845559845565 0.07592783505154639
0 0.12633204633204634 0.3676288659793814 0.18737451737451738 0.2411340206185567
0 0.03138996138996139 0.30731958762886596 0.06274131274131274 0.1324742268041237
0 0.026023166023166025 0.406340206185567 0.037953667953667954 0.06546391752577319
0 0.05888030888030888 0.4315979381443299 0.043552123552123546 0.06546391752577319
0 0.10737451737451736 0.49711340206185567 0.058069498069498064 0.08335051546391753
0 0.3152509652509653 0.438298969072165 0.09046332046332047 0.12948453608247423
0 0.26563706563706563 0.5075257731958762 0.035830115830115826 0.04463917525773196
0 0.30131274131274133 0.5424742268041237 0.04030888030888031 0.040206185567010305
0 0.3208108108108108 0.5744845360824743 0.05702702702702703 0.038711340206185565
0 0.27123552123552125 0.5685567010309278 0.03996138996138996 0.03572164948453608
0 0.5166023166023166 0.8232989690721649 0.16915057915057916 0.23577319587628867
0 0.9526254826254826 0.5578865979381443 0.05332046332046332 0.07958762886597938
0 0.976988416988417 0.5195360824742269 0.043552123552123546 0.06948453608247424
0 0.9918146718146718 0.4775773195876289 0.016409266409266408 0.03762886597938144
0 0.9780694980694981 0.436340206185567 0.030154440154440153 0.03907216494845361
0 0.9693822393822393 0.3567525773195876 0.0388030888030888 0.06510309278350516
0 0.9357915057915058 0.41969072164948457 0.03486486486486486 0.049226804123711346
0 0.8978764478764479 0.4392268041237113 0.037027027027027024 0.050670103092783504
0 0.8642857142857142 0.23443298969072163 0.054362934362934365 0.049226804123711346