2 0.61825 0.5117820324005891 0.14777 0.22827687776141384
2 0.78225 0.40427098674521356 0.17023 0.25184094256259204
1 0.10781 0.29528718703976436 0.1149 0.16936671575846834
1 0.1678 0.46097201767304863 0.08889 0.1325478645066274
1 0.07981 0.9749631811487481 0.10291 0.050073637702503684
1 0.32577999999999996 0.9219440353460973 0.11485 0.14727540500736377
1 0.53076 0.9653902798232695 0.1288 0.060382916053019146
1 0.87722 0.7334315169366715 0.13571 0.18262150220913106
1 0.58975 0.6516936671575847 0.08879000000000001 0.0780559646539028
1 0.45327 0.13917525773195877 0.09182 0.13991163475699558
1 0.81923 0.22754050073637702 0.09773 0.15463917525773196
1 0.41276999999999997 0.6774668630338734 0.10283 0.1325478645066274
1 0.9007200000000001 0.12960235640648013 0.10071 0.15316642120765833
1 0.40077999999999997 0.3873343151693667 0.060840000000000005 0.11192930780559647