2 0.14148333333333332 0.14045 0.12146666666666665 0.18087499999999998
2 0.32185 0.17352499999999998 0.11358333333333334 0.17647500000000002
2 0.1106 0.44189999999999996 0.11460000000000001 0.148525
2 0.13853333333333334 0.34485 0.07636666666666667 0.11322499999999999
2 0.2757833333333333 0.32427500000000004 0.041049999999999996 0.10147500000000001
2 0.27185000000000004 0.52795 0.0979 0.16469999999999999
2 0.36401666666666666 0.625 0.10013333333333332 0.158825
2 0.4061666666666666 0.7536750000000001 0.12563333333333332 0.16912500000000003
2 0.46645000000000003 0.68455 0.06976666666666667 0.0956
2 0.49340000000000006 0.786775 0.0606 0.123525
2 0.5595833333333333 0.85 0.12664999999999998 0.188225
2 0.6679 0.883825 0.11196666666666667 0.17059999999999997
2 0.5051666666666667 0.475 0.11941666666666667 0.1794
2 0.7036666666666667 0.7139749999999999 0.11055 0.17204999999999998
2 0.7924 0.4875 0.11591666666666667 0.18087499999999998
2 0.8252333333333333 0.594125 0.11298333333333334 0.155875
2 0.9066000000000001 0.3772 0.10516666666666667 0.1603
2 0.5718333333333334 0.358825 0.1139 0.18530000000000002
0 0.23901666666666666 0.633825 0.049883333333333335 0.0794
0 0.25765 0.975 0.022433333333333336 0.038224999999999995
0 0.2694 0.94485 0.04203333333333333 0.042649999999999993
0 0.1057 0.8896999999999999 0.032266666666666666 0.0294
0 0.3042 0.7169 0.021433333333333332 0.045599999999999995
0 0.28901666666666664 0.71765 0.016533333333333334 0.041174999999999996
0 0.3434166666666667 0.730875 0.019466666666666667 0.0353
0 0.33655 0.6544 0.056716666666666665 0.0706
0 0.8517 0.03235 0.02033333333333333 0.038224999999999995
0 0.8154166666666667 0.033825 0.02425 0.041174999999999996
0 0.8997333333333334 0.0581 0.0262 0.0397