1 0.3004966666666667 0.14623750000000002 0.018511666666666666 0.029617499999999998
1 0.150145 0.200845 0.020568333333333334 0.03147
1 0.162075 0.263475 0.01563166666666667 0.0246825
1 0.09605166666666666 0.3313475 0.019333333333333334 0.019745000000000002
1 0.034964999999999996 0.37454000000000004 0.020568333333333334 0.029617499999999998
1 0.06232 0.3399875 0.012751666666666668 0.023447500000000003
1 0.011723333333333334 0.2594625 0.021801666666666667 0.0339375
1 0.059235 0.4408725 0.024681666666666668 0.036405
1 0.07486666666666666 0.3961375 0.019745 0.0283825
1 0.13718666666666668 0.4677125 0.019333333333333334 0.027149999999999997
1 0.14973333333333333 0.400765 0.013163333333333334 0.020362500000000002
1 0.16248666666666667 0.4103275 0.018099999999999998 0.018510000000000002
1 0.20465000000000003 0.3813275 0.018511666666666666 0.0246825
1 0.21020333333333333 0.40385000000000004 0.018921666666666666 0.027767499999999997
1 0.20382666666666668 0.3347425 0.017688333333333334 0.0252975
1 0.22089833333333336 0.33505 0.017276666666666666 0.025915
1 0.250105 0.2804425 0.018921666666666666 0.029
1 0.29062333333333334 0.2856875 0.021801666666666667 0.03332
1 0.3406033333333333 0.2573025 0.03044 0.0431925
1 0.45310999999999996 0.1764725 0.02756166666666667 0.0431925
1 0.49959333333333333 0.17554750000000002 0.026738333333333336 0.042575
1 0.06334833333333333 0.5229375 0.014808333333333333 0.021595
1 0.02920666666666667 0.5578 0.02139 0.027149999999999997
1 0.04648333333333333 0.660535 0.02797166666666667 0.03517
1 0.02098 0.642025 0.02632666666666667 0.03517
1 0.13554166666666667 0.58896 0.01522 0.019127500000000002
1 0.15652166666666667 0.461235 0.014396666666666665 0.029
1 0.17009666666666667 0.4562975 0.020156666666666666 0.029
1 0.169685 0.47727749999999997 0.019333333333333334 0.0252975
1 0.15076166666666668 0.9348075 0.047306666666666664 0.074045
1 0.20074166666666668 0.8527425 0.03866833333333333 0.0617025
1 0.26861666666666667 0.8311475 0.056766666666666674 0.08515
1 0.33525499999999997 0.8990199999999999 0.051008333333333336 0.0765125
1 0.30173 0.975425 0.050596666666666665 0.04915
1 0.33422666666666667 0.9828300000000001 0.04319166666666666 0.03434
1 0.5205716666666667 0.6913875 0.034964999999999996 0.053682499999999994
1 0.31283666666666665 0.4436475 0.03085166666666667 0.05183
1 0.44015166666666666 0.4146475 0.02797166666666667 0.0419575
1 0.5172816666666666 0.464935 0.03661 0.048745
1 0.5125500000000001 0.519235 0.036199999999999996 0.048745
1 0.5133733333333333 0.5519375 0.02797166666666667 0.040107500000000004
1 0.5310616666666667 0.5834075000000001 0.023858333333333336 0.03764
1 0.530445 0.6188875 0.02756166666666667 0.0419575
1 0.5446366666666667 0.6432599999999999 0.023036666666666667 0.036405
1 0.5039116666666666 0.31839 0.024681666666666668 0.03332
1 0.5357916666666667 0.2949425 0.021801666666666667 0.0370225
1 0.6575533333333333 0.1545675 0.023446666666666668 0.03147
1 0.6871716666666666 0.28538 0.031675 0.046277500000000006
1 0.6102483333333333 0.49116000000000004 0.034964999999999996 0.0493625
1 0.6339 0.6222799999999999 0.04031333333333333 0.06849
1 0.6733916666666666 0.62876 0.04525 0.060469999999999996
1 0.7250166666666668 0.604385 0.021801666666666667 0.038872500000000004
1 0.7649183333333334 0.573535 0.02098 0.0327025
1 0.773145 0.6111725 0.026738333333333336 0.036405
1 0.7846633333333333 0.596055 0.023446666666666668 0.032085
1 0.7486700000000001 0.537745 0.02715 0.03517
1 0.7470233333333334 0.502575 0.02715 0.042575
1 0.7708833333333334 0.4769675 0.020568333333333334 0.032085
1 0.7984433333333333 0.483755 0.024681666666666668 0.030852499999999998
1 0.8186000000000001 0.45783999999999997 0.019745 0.027149999999999997
1 0.844515 0.5164575 0.02797166666666667 0.0431925
1 0.62773 0.949 0.04442666666666667 0.071575
1 0.6750366666666666 0.874955 0.03866833333333333 0.065405
1 0.7176116666666666 0.9323400000000001 0.03249666666666667 0.0481275
1 0.7371516666666666 0.9730650000000001 0.023036666666666667 0.0357875
1 0.8220966666666667 0.8974774999999999 0.026738333333333336 0.047512500000000006
1 0.9438583333333332 0.866625 0.02756166666666667 0.042575
1 0.9907483333333333 0.6176525 0.018503333333333333 0.04566
1 0.9350133333333334 0.5445325 0.028795 0.040107500000000004
1 0.7355066666666666 0.3233275 0.03455333333333333 0.0493625
1 0.7330383333333332 0.3936675 0.02715 0.0419575
1 0.7618333333333334 0.38441250000000005 0.032084999999999995 0.046895000000000006
1 0.7930966666666667 0.3822525 0.032084999999999995 0.04381
1 0.8379333333333334 0.3689875 0.023036666666666667 0.0357875
1 0.843075 0.40817000000000003 0.033319999999999995 0.0450425
1 0.8210683333333333 0.2181225 0.01563166666666667 0.0265325