1 0.8270533333333333 0.62321 0.05893166666666666 0.0654275
2 0.5529566666666667 0.5789500000000001 0.052405 0.074405
1 0.559585 0.5030425000000001 0.04066333333333333 0.06259
2 0.5091616666666666 0.60946 0.041479999999999996 0.0679275
2 0.54144 0.6553125 0.052705 0.06713
2 0.5030233333333333 0.6648 0.03253833333333333 0.0436075
2 0.5979633333333334 0.54395 0.04575166666666666 0.0694075
2 0.5964849999999999 0.61412 0.041128333333333336 0.072245
1 0.5431066666666666 0.71213 0.04937166666666667 0.055765
1 0.15941 0.5109975 0.04531166666666667 0.0785
2 0.21006333333333335 0.5053725 0.051616666666666665 0.06475
2 0.17657166666666668 0.427875 0.04130166666666667 0.0697525
2 0.11720666666666667 0.355205 0.034236666666666665 0.06055
2 0.20896166666666666 0.31963749999999996 0.031083333333333334 0.040780000000000004
2 0.2683666666666667 0.30327499999999996 0.03655666666666667 0.0530525
1 0.645265 0.90552 0.022211666666666668 0.0372475
2 0.9259933333333333 0.7392175 0.017515 0.02069
2 0.8895033333333334 0.34075 0.022359999999999998 0.0286525
2 0.8538633333333334 0.365015 0.035596666666666665 0.04445
2 0.9168483333333334 0.1545225 0.026973333333333335 0.039729999999999994
2 0.8662266666666666 0.31222750000000005 0.029796666666666666 0.055427500000000005
2 0.19846999999999998 0.02174 0.081495 0.0434825