2 0.5587783333333334 0.33 0.08030666666666667 0.12
2 0.7112366666666666 0.5725 0.06794166666666666 0.095
2 0.6037583333333334 0.76375 0.059649999999999995 0.0975
2 0.545435 0.75375 0.05300666666666667 0.0925
2 0.5637766666666666 0.695 0.06364500000000001 0.09
2 0.7145816666666667 0.57125 0.06536666666666667 0.0975
2 0.8453883333333333 0.4775 0.04042166666666667 0.055
2 0.243835 0.59375 0.04686166666666667 0.0625
1 0.7837266666666666 0.1 0.02292333333333333 0.035
1 0.7795666666666666 0.13625 0.028731666666666666 0.0375
2 0.5241666666666667 0.2675 0.08166666666666667 0.1225
1 0.4216666666666667 0.7625 0.06333333333333334 0.075