2 0.058633333333333336 0.12 0.11726666666666667 0.17
2 0.26383333333333336 0.0875 0.12685 0.175
2 0.26883333333333337 0.29 0.11685 0.17
2 0.4721333333333333 0.0475 0.09359999999999999 0.095
2 0.6321 0.265 0.097 0.145
2 0.5371166666666667 0.35375 0.11363333333333335 0.1775
2 0.5229499999999999 0.4725 0.10528333333333334 0.16
2 0.41628333333333334 0.44125 0.11138333333333333 0.1725
2 0.278 0.4 0.1052 0.14
2 0.30050000000000004 0.65125 0.1002 0.1475
2 0.71125 0.38125 0.0887 0.1475
2 0.7429166666666667 0.44125 0.09536666666666667 0.1425
2 0.028633333333333334 0.93125 0.05726666666666667 0.1375
2 0.0453 0.86375 0.0906 0.1525
2 0.23133333333333336 0.80375 0.07851666666666667 0.0675
2 0.25601666666666667 0.697925 0.09166666666666666 0.159725
2 0.32315 0.7277750000000001 0.07963333333333333 0.11109999999999999
2 0.06481666666666666 0.7527750000000001 0.11481666666666666 0.122225