1 0.10493166666666667 0.7852525 0.04969 0.06860250000000001
1 0.4300583333333333 0.0891875 0.04660833333333333 0.07897
2 0.38187 0.1537875 0.053564999999999995 0.0906725
2 0.1569883333333333 0.4957125 0.08046833333333334 0.10452249999999999
2 0.46241333333333334 0.4265675 0.07132000000000001 0.10873000000000001
2 0.26184999999999997 0.4369075 0.043524999999999994 0.07441249999999999
2 0.30397166666666664 0.492135 0.04223166666666667 0.045134999999999995
2 0.46801833333333337 0.5529275 0.03586166666666667 0.0514525
2 0.8080016666666667 0.7669 0.12583 0.164395
2 0.06390166666666668 0.11594750000000001 0.03929666666666667 0.0549925
2 0.67915 0.1366875 0.036456666666666665 0.05897
2 0.6457733333333333 0.2252075 0.038038333333333334 0.0660125
2 0.58027 0.09038 0.0387 0.0538575
2 0.5384833333333333 0.4717925 0.02679 0.0341825
2 0.23908000000000001 0.6207675 0.016316666666666667 0.0271325
2 0.050263333333333333 0.68372 0.028685000000000002 0.033037500000000004
2 0.058370000000000005 0.6553125 0.021564999999999997 0.0262225
2 0.26469000000000004 0.64838 0.024204999999999997 0.0423575
2 0.27912 0.687245 0.031935000000000005 0.039915