2 0.5580999999999999 0.0412825 0.060794999999999995 0.082565
1 0.501555 0.6319675 0.04814333333333334 0.0574625
1 0.47633333333333333 0.5841649999999999 0.03545333333333333 0.0571575
2 0.4427716666666667 0.740735 0.03481666666666667 0.0531275
1 0.54864 0.217105 0.051998333333333334 0.05717
2 0.6315233333333333 0.046799999999999994 0.047273333333333334 0.0813125
2 0.5252533333333333 0.1411925 0.05256 0.08131000000000001
2 0.5759183333333334 0.11720749999999999 0.03634833333333334 0.058155
2 0.6201833333333333 0.1251375 0.046163333333333334 0.073475
1 0.6491983333333333 0.3835025 0.032141666666666666 0.039799999999999995
1 0.89703 0.18257749999999998 0.07771833333333333 0.094305
2 0.6211616666666666 0.4032275 0.029376666666666666 0.0369175
2 0.51144 0.0774875 0.046106666666666664 0.071335
2 0.949445 0.8183374999999999 0.03378333333333333 0.054027500000000006
2 0.678955 0.550805 0.029648333333333332 0.0324425
1 0.5820766666666667 0.1797175 0.03522 0.04345
1 0.5185416666666667 0.5859425 0.027725 0.0430325
2 0.53022 0.104835 0.05766833333333333 0.0634975