0 0.3363888888888889 0.20650000000000002 0.16874074074074075 0.2837777777777778
0 0.14253703703703705 0.3125 0.14048148148148148 0.24413888888888888
0 0.11118518518518518 0.20205555555555554 0.14968518518518517 0.1441388888888889
0 0.25642592592592595 0.07763888888888888 0.1504074074074074 0.15527777777777776
0 0.44375925925925924 0.2832222222222222 0.10457407407407407 0.23133333333333334
0 0.08716666666666667 0.6708055555555555 0.11255555555555556 0.13066666666666665
0 0.041851851851851855 0.8860555555555556 0.0763888888888889 0.22786111111111113
0 0.14455555555555555 0.9046944444444445 0.16266666666666668 0.18261111111111109
0 0.10455555555555555 0.7830277777777778 0.07977777777777778 0.1884722222222222
0 0.25483333333333336 0.7257777777777777 0.1297962962962963 0.20791666666666664
0 0.4111111111111111 0.8061388888888888 0.12427777777777778 0.23141666666666666
0 0.2768333333333334 0.5696388888888889 0.12148148148148147 0.1636388888888889
0 0.24607407407407406 0.40252777777777776 0.14931481481481482 0.22155555555555556
0 0.9302592592592592 0.579 0.1298888888888889 0.19541666666666666
0 0.5538333333333333 0.5475 0.10033333333333333 0.17819444444444446
0 0.6010185185185185 0.5272777777777777 0.11685185185185186 0.1825
0 0.49748148148148147 0.37816666666666665 0.0922037037037037 0.16627777777777777
0 0.5607962962962962 0.04375 0.12755555555555556 0.0875
0 0.4613703703703703 0.059805555555555556 0.08318518518518518 0.11961111111111111
0 0.13535185185185186 0.512361111111111 0.11522222222222223 0.18308333333333332
0 0.5111481481481481 0.7842222222222222 0.10646296296296297 0.20391666666666666
0 0.9530925925925925 0.9115277777777777 0.06442592592592593 0.11866666666666667
0 0.7286296296296296 0.5963888888888889 0.10135185185185185 0.2171111111111111
0 0.8244444444444444 0.6116111111111111 0.086 0.16586111111111113
0 0.33440740740740743 0.8601388888888888 0.14298148148148146 0.15311111111111111
0 0.5667962962962962 0.25908333333333333 0.07835185185185185 0.13405555555555554
0 0.7022777777777778 0.2768333333333333 0.16194444444444445 0.10744444444444444
0 0.6584074074074074 0.3407777777777778 0.10881481481481481 0.16008333333333333