2 0.4650597609561753 0.6928279883381924 0.20111553784860556 0.23069970845481047
2 0.36173306772908365 0.7916326530612244 0.1803784860557769 0.06548104956268222
2 0.2948207171314741 0.7128571428571429 0.1350996015936255 0.16708454810495627
2 0.169601593625498 0.7228862973760932 0.19233067729083664 0.2000583090379009
2 0.6593426294820718 0.665597667638484 0.07619521912350598 0.11142857142857142
2 0.5741235059760956 0.7465014577259476 0.06326693227091634 0.11224489795918367
2 0.10304780876494023 0.5698833819241983 0.06585657370517929 0.11434402332361515
2 0.4598804780876494 0.3821282798833819 0.0645816733067729 0.09518950437317784
2 0.41344621513944224 0.18195335276967928 0.06689243027888446 0.11268221574344023
2 0.48316733067729084 0.5584548104956268 0.0602589641434263 0.07533527696793003
2 0.45258964143426295 0.5363848396501457 0.03892430278884462 0.06355685131195335
2 0.20758964143426292 0.5466763848396501 0.03587649402390439 0.08416909620991254
2 0.5789641434262948 0.47335276967930034 0.06591633466135459 0.08650145772594753
2 0.6078286852589642 0.4259475218658892 0.07053784860557769 0.10180758017492712