2 0.40856666666666663 0.46722499999999995 0.05595 0.079625
2 0.25666666666666665 0.449325 0.03965 0.050075
2 0.10788333333333334 0.20365 0.03791666666666667 0.055575
2 0.09613333333333333 0.365075 0.05193333333333333 0.056600000000000004
2 0.0064333333333333334 0.22267499999999998 0.012883333333333333 0.05635
2 0.060583333333333336 0.0719 0.045399999999999996 0.057699999999999994
2 0.3902333333333333 0.241775 0.03388333333333333 0.0475
2 0.5136333333333334 0.41865 0.039016666666666665 0.05745
2 0.6315 0.5004 0.04765 0.061575
2 0.6262333333333333 0.559775 0.044116666666666665 0.057175000000000004
2 0.9128666666666667 0.7026749999999999 0.04371666666666667 0.06615
2 0.9153666666666667 0.792875 0.04248333333333333 0.059050000000000005
2 0.9253166666666668 0.504225 0.04153333333333334 0.056749999999999995
2 0.39668333333333333 0.11137499999999999 0.03426666666666667 0.055425
2 0.13951666666666665 0.211875 0.022016666666666667 0.0533
2 0.3052833333333333 0.4543 0.038983333333333335 0.060025
2 0.34373333333333334 0.36167499999999997 0.028383333333333337 0.043525
2 0.41381666666666667 0.7927500000000001 0.04355 0.065025
2 0.4736666666666666 0.894525 0.029916666666666664 0.04045
2 0.22138333333333335 0.99495 0.04201666666666667 0.010075
2 0.3673166666666666 0.99105 0.03805 0.0179
2 0.7425333333333333 0.09505000000000001 0.03015 0.054000000000000006
2 0.66615 0.40897500000000003 0.029483333333333337 0.025625