2 0.745295 0.21126750000000002 0.059495000000000006 0.0832475
2 0.28631500000000004 0.5999075 0.034001666666666666 0.04917
2 0.4527966666666667 0.5134725 0.031655 0.03953
1 0.8885683333333333 0.31991250000000004 0.035311666666666665 0.030955
2 0.8489383333333334 0.3000825 0.031118333333333335 0.031875
2 0.5427016666666666 0.528455 0.03044166666666667 0.04441
2 0.14036500000000002 0.5394175 0.03865833333333333 0.04099
1 0.7364283333333332 0.5121950000000001 0.016526666666666665 0.0231725
2 0.8291133333333334 0.3322875 0.03172833333333334 0.031445
2 0.036045 0.4115 0.028638333333333335 0.0341025
2 0.18199166666666666 0.03446 0.04563 0.060774999999999996
2 0.7848866666666666 0.474885 0.021246666666666667 0.0185925
2 0.91243 0.3483675 0.02643833333333333 0.025335
2 0.544455 0.43533499999999997 0.022768333333333335 0.033174999999999996
2 0.14535833333333334 0.4900925 0.019875 0.024065
2 0.8825483333333334 0.1955075 0.019398333333333333 0.019622499999999998
2 0.9519483333333333 0.231625 0.017645 0.015595000000000001
1 0.7958099999999999 0.2581475 0.021085 0.024285
2 0.7532833333333333 0.3011425 0.014056666666666667 0.0205475
2 0.043379999999999995 0.13804249999999998 0.026358333333333334 0.0438325