2 0.23676 0.3175712143928036 0.01776 0.020869565217391303
2 0.24595 0.2537181409295352 0.013859999999999999 0.018365817091454274
2 0.39066 0.16524737631184408 0.016030000000000003 0.018365817091454274
2 0.5225700000000001 0.24412293853073466 0.01709 0.02587706146926537
2 0.53092 0.3901799100449775 0.01853 0.022533733133433282
2 0.48723 0.40019490254872564 0.01796 0.02754122938530735
2 0.47664999999999996 0.4294152923538231 0.01684 0.029205397301349325
2 0.5234099999999999 0.43650674662668665 0.02131 0.026701649175412293
2 0.35114 0.6668515742128935 0.016239999999999997 0.023373313343328334
2 0.20337 0.7657571214392803 0.012289999999999999 0.01752623688155922
2 0.83711 0.5794452773613193 0.014410000000000001 0.021469265367316342
1 0.78352 0.7713943028485757 0.01656 0.02667166416791604
2 0.96989 0.3012743628185907 0.00984 0.016911544227886054
2 0.92498 0.4245727136431784 0.00942 0.013658170914542727
2 0.9065599999999999 0.5667766116941529 0.0112 0.015907046476761617