2 0.41677 0.3448275862068966 0.08483 0.12893553223388307
2 0.28629000000000004 0.5449775112443778 0.08986 0.12743628185907047
2 0.1598 0.7023988005997002 0.09889 0.13943028485757122
2 0.43527 0.8575712143928036 0.07981999999999999 0.12293853073463268
2 0.41578 0.9730134932533733 0.08915000000000001 0.053973013493253376
2 0.02418 0.9160419790104948 0.04836 0.1469265367316342
2 0.18030000000000002 0.4550224887556222 0.08988 0.12143928035982009
2 0.12481 0.17091454272863568 0.0549 0.07496251874062969
2 0.11181 0.08995502248875563 0.0569 0.08995502248875563
2 0.25429 0.17766116941529236 0.05987 0.0944527736131934
2 0.32577999999999996 0.1656671664167916 0.06285 0.0734632683658171
2 0.52176 0.6266866566716641 0.0828 0.11094452773613193
2 0.42928 0.6431784107946027 0.08816 0.1199400299850075
2 0.30379 0.6649175412293853 0.05086 0.09145427286356822