1 0.06375 0.205625 0.029166666666666667 0.04125
1 0.8570833333333333 0.24875 0.0225 0.0225
2 0.11208333333333333 0.32125 0.030833333333333334 0.035
2 0.01375 0.235 0.0275 0.0425
2 0.17583333333333334 0.303125 0.023333333333333334 0.02625
2 0.43 0.589375 0.03166666666666667 0.04375
2 0.5295833333333333 0.485 0.029166666666666667 0.0575
2 0.4979166666666667 0.655625 0.029166666666666667 0.03625
2 0.7379166666666667 0.611875 0.03916666666666667 0.05125
2 0.9370833333333334 0.273125 0.035833333333333335 0.04125
2 0.9766666666666667 0.25375 0.041666666666666664 0.0425
1 0.905 0.129375 0.03166666666666667 0.04125
2 0.8733333333333333 0.145 0.03 0.035
2 0.15625 0.534375 0.019166666666666665 0.02625
2 0.13125 0.39375 0.020833333333333332 0.0275
2 0.21375 0.4 0.0175 0.015
1 0.6116666666666667 0.690625 0.023333333333333334 0.03375
1 0.23708333333333334 0.36875 0.015833333333333335 0.02
1 0.7041666666666667 0.308125 0.02666666666666667 0.02875
2 0.87625 0.21125 0.020833333333333332 0.0275
2 0.8916666666666667 0.316875 0.018333333333333333 0.01875