2 0.027916666666666666 0.24625 0.030833333333333334 0.05
2 0.12291666666666666 0.145625 0.0225 0.02625
2 0.3591666666666667 0.04375 0.03666666666666667 0.0425
2 0.41333333333333333 0.07125 0.02666666666666667 0.0375
2 0.33875 0.16875 0.029166666666666667 0.0375
2 0.24541666666666667 0.268125 0.0225 0.02875
2 0.22833333333333333 0.321875 0.03333333333333333 0.03625
2 0.09041666666666667 0.2525 0.025833333333333333 0.0375
2 0.0125 0.206875 0.025 0.03375
2 0.037083333333333336 0.7325 0.060833333333333336 0.085
2 0.041666666666666664 0.811875 0.051666666666666666 0.06375
2 0.11291666666666667 0.91625 0.04083333333333333 0.0725
2 0.13958333333333334 0.874375 0.04083333333333333 0.05375
2 0.17416666666666666 0.934375 0.051666666666666666 0.07375
2 0.23083333333333333 0.948125 0.043333333333333335 0.06625
2 0.17916666666666667 0.98625 0.043333333333333335 0.0275
2 0.25416666666666665 0.8175 0.035 0.0525
2 0.27125 0.79375 0.030833333333333334 0.04
2 0.2991666666666667 0.815 0.03166666666666667 0.0475
2 0.4558333333333333 0.908125 0.051666666666666666 0.08625
2 0.43 0.645625 0.041666666666666664 0.05875
2 0.3908333333333333 0.64375 0.02666666666666667 0.04
2 0.36833333333333335 0.60125 0.013333333333333334 0.0275
2 0.38666666666666666 0.529375 0.028333333333333332 0.03125
2 0.38708333333333333 0.60125 0.015833333333333335 0.025
2 0.4033333333333333 0.3925 0.04833333333333333 0.0675
2 0.3516666666666667 0.395625 0.018333333333333333 0.02625
2 0.35125 0.363125 0.0225 0.03625
2 0.5308333333333334 0.495 0.051666666666666666 0.075
2 0.4658333333333333 0.55875 0.043333333333333335 0.0575
2 0.51375 0.58 0.0575 0.0775
2 0.6820833333333334 0.6075 0.019166666666666665 0.0275
2 0.7091666666666666 0.578125 0.015 0.01875
2 0.6979166666666666 0.61625 0.020833333333333332 0.0275
2 0.6320833333333333 0.245 0.020833333333333332 0.0275
2 0.6275 0.19 0.018333333333333333 0.025
1 0.6741666666666667 0.4125 0.016666666666666666 0.0275
1 0.6954166666666667 0.32125 0.0225 0.04
1 0.7058333333333333 0.345625 0.021666666666666667 0.02875
1 0.6791666666666667 0.1625 0.05 0.0725
1 0.7166666666666667 0.179375 0.03 0.04125
1 0.73625 0.213125 0.0325 0.03875
1 0.7679166666666667 0.250625 0.050833333333333335 0.07375
1 0.7941666666666667 0.279375 0.043333333333333335 0.04875
1 0.8133333333333334 0.246875 0.055 0.06625
1 0.8145833333333333 0.450625 0.04583333333333333 0.05625
1 0.9275 0.28 0.051666666666666666 0.0725
1 0.90875 0.405625 0.04083333333333333 0.04875
1 0.9495833333333333 0.40875 0.034166666666666665 0.05
1 0.9016666666666666 0.48875 0.03666666666666667 0.045
1 0.9791666666666666 0.454375 0.041666666666666664 0.05875
1 0.9520833333333333 0.506875 0.034166666666666665 0.04125
1 0.8958333333333334 0.58 0.025 0.035
1 0.9633333333333334 0.549375 0.03666666666666667 0.05625
1 0.9658333333333333 0.604375 0.03666666666666667 0.05125
1 0.9866666666666667 0.5775 0.02666666666666667 0.045
2 0.8620833333333333 0.541875 0.014166666666666666 0.02125
2 0.8966666666666666 0.665 0.016666666666666666 0.0225
1 0.8629166666666667 0.706875 0.0325 0.03375
1 0.5116666666666667 0.256875 0.056666666666666664 0.07625