2 0.0922925 0.34408333333333335 0.02578 0.028560000000000002
2 0.1673075 0.36325 0.014175 0.02520666666666667
2 0.20638 0.45599333333333336 0.028695000000000002 0.03113
2 0.2922925 0.4764966666666667 0.01214 0.014416666666666666
2 0.30979500000000004 0.4966833333333333 0.008664999999999999 0.010969999999999999
2 0.3708375 0.5330233333333333 0.0185225 0.023793333333333333
2 0.403255 0.5139066666666666 0.0200275 0.025106666666666666
2 0.41304 0.55593 0.0179525 0.023646666666666667
2 0.40996 0.6139133333333333 0.019010000000000003 0.02525
2 0.35617000000000004 0.5811666666666667 0.0172425 0.021753333333333336
2 0.24299500000000002 0.66434 0.0241675 0.03418666666666667
2 0.152995 0.94411 0.030945 0.04327333333333333
2 0.30016750000000003 0.9182666666666667 0.01426 0.019373333333333333
2 0.42941250000000003 0.9919666666666667 0.013824999999999999 0.016066666666666667
2 0.44916500000000004 0.9874233333333333 0.01806 0.021943333333333332
2 0.3671825 0.6178966666666666 0.0168225 0.02146
2 0.3755075 0.62244 0.0122225 0.01968666666666667
2 0.43903 0.6476066666666667 0.0181925 0.0184
2 0.4865525 0.57036 0.01427 0.019373333333333333
2 0.6131749999999999 0.6391266666666667 0.027829999999999997 0.03827
2 0.6239975 0.40731666666666666 0.0222225 0.02968
2 0.7213275 0.58982 0.0282075 0.034776666666666664
2 0.852505 0.6305066666666667 0.0319275 0.03599
2 0.6926475000000001 0.7493166666666666 0.015224999999999999 0.026709999999999998
2 0.7094475 0.8301833333333334 0.023175 0.029186666666666666
2 0.8570549999999999 0.7381666666666666 0.03381 0.04716666666666667
2 0.8450449999999999 0.7820133333333333 0.017007500000000002 0.011940000000000001
2 0.7769874999999999 0.8097300000000001 0.0211775 0.02355
2 0.6849675 0.9060466666666667 0.017505 0.03341333333333333
2 0.7916925 0.9472466666666666 0.0329525 0.04526666666666667
2 0.783515 0.19007333333333334 0.027015 0.03264
2 0.54037 0.28653333333333336 0.023305 0.03181333333333333
2 0.9715900000000001 0.38423 0.024195 0.019020000000000002
2 0.2512025 0.8179 0.0088875 0.012183333333333332