2 0.18880000000000002 0.24062968515742128 0.03889 0.05547226386806597
2 0.19531 0.29235382308845576 0.0421 0.053973013493253376
2 0.11931 0.34182908545727136 0.03591 0.050974512743628186
2 0.20331 0.41754122938530736 0.0441 0.06146926536731634
2 0.20981 0.4827586206896552 0.04111 0.053973013493253376
2 0.17431 0.46551724137931033 0.041890000000000004 0.05547226386806597
2 0.14031 0.5 0.0339 0.05247376311844078
2 0.18231 0.525487256371814 0.040100000000000004 0.05847076461769116
2 0.21281 0.5269865067466267 0.03911 0.05247376311844078
2 0.09981999999999999 0.6379310344827587 0.04308 0.05847076461769116
2 0.06082 0.631184407796102 0.040920000000000005 0.06296851574212893
2 0.02332 0.7278860569715142 0.03993 0.05547226386806597
2 0.11682 0.7061469265367316 0.037090000000000005 0.05697151424287856
2 0.24930000000000002 0.6559220389805097 0.053869999999999994 0.0734632683658171
2 0.024820000000000002 0.5997001499250375 0.03693 0.047976011994003
2 0.04933 0.7128935532233883 0.03807 0.06746626686656672
2 0.43277 0.856071964017991 0.060829999999999995 0.09295352323838081
2 0.39527999999999996 0.7008995502248876 0.04784 0.06746626686656672
2 0.78574 0.3830584707646177 0.06523999999999999 0.09145427286356822
2 0.65225 0.6401799100449775 0.05178 0.08695652173913043
2 0.5047699999999999 0.4257871064467766 0.05281 0.08095952023988005
2 0.61825 0.651424287856072 0.04579 0.07946026986506746
2 0.54077 0.8245877061469266 0.05718 0.07796101949025487
2 0.57926 0.8403298350824587 0.04819 0.0944527736131934
2 0.54227 0.9152923538230885 0.04818 0.06146926536731634
2 0.43627999999999995 0.6694152923538231 0.042159999999999996 0.05547226386806597
2 0.29329 0.7091454272863568 0.03187 0.050974512743628186
2 0.36178 0.8388305847076462 0.03485 0.07646176911544228
2 0.40528 0.9077961019490255 0.03384 0.07946026986506746
2 0.38077999999999995 0.9062968515742129 0.01685 0.07646176911544228
2 0.32729 0.9737631184407796 0.04586 0.046476761619190406
2 0.2528 0.9332833583208395 0.05911 0.08845577211394302
2 0.01333 0.8395802098950524 0.02206 0.05697151424287856
2 0.00618 0.6401799100449775 0.01236 0.050974512743628186
2 0.08031999999999999 0.676911544227886 0.03792 0.046476761619190406
2 0.18730000000000002 0.5772113943028486 0.02989 0.041979010494752625
2 0.34579000000000004 0.6889055472263869 0.040850000000000004 0.05847076461769116
2 0.70424 0.7286356821589205 0.05577 0.06596701649175413
2 0.48727 0.4962518740629685 0.05017 0.07496251874062969
2 0.38727999999999996 0.5 0.05584 0.0734632683658171
2 0.41178 0.6079460269865068 0.052829999999999995 0.06446776611694154
2 0.32179 0.6454272863568216 0.02886 0.06146926536731634
2 0.38177999999999995 0.3365817091454273 0.03284 0.049475262368815595
2 0.64675 0.43853073463268366 0.048780000000000004 0.0704647676161919
2 0.56726 0.45577211394302847 0.04819 0.06596701649175413
2 0.7317400000000001 0.3748125937031484 0.04276 0.050974512743628186
2 0.66375 0.7106446776611695 0.032780000000000004 0.047976011994003
2 0.85872 0.2773613193403298 0.048729999999999996 0.07796101949025487
2 0.92122 0.23613193403298352 0.05571 0.0734632683658171
2 0.97521 0.22488755622188905 0.0417 0.07196401799100449
2 0.99218 0.17991004497751126 0.01564 0.053973013493253376
2 0.9542200000000001 0.9760119940029985 0.04628 0.047976011994003
2 0.36928 0.7533733133433284 0.047850000000000004 0.04047976011994003
2 0.36828 0.5622188905547226 0.01585 0.047976011994003
2 0.39527999999999996 0.5584707646176912 0.035840000000000004 0.06446776611694154
2 0.69925 0.6281859070464768 0.052219999999999996 0.06896551724137931
2 0.11882 0.6476761619190404 0.037079999999999995 0.050974512743628186