2 0.93049 0.036931732933233305 0.13902 0.07386346586646661
2 0.7915399999999999 0.09232558139534883 0.12262999999999999 0.10024006001500375
2 0.62771 0.022160540135033758 0.07898000000000001 0.04431357839459865
2 0.58269 0.13030757689422354 0.08698 0.0685821455363841
2 0.62419 0.16618904726181546 0.09162999999999999 0.0664741185296324
2 0.25365 0.3286796699174794 0.13509000000000002 0.10657164291072768
2 0.25645999999999997 0.4326106526631658 0.09853 0.07174793698424606
2 0.14958000000000002 0.4468567141785446 0.08161 0.0559264816204051
2 0.35278 0.4220630157539385 0.09997 0.06330832708177045
2 0.02923 0.2745236309077269 0.05846 0.0736834208552138
0 0.22362 0.10863465866466616 0.0209 0.017591897974493623
0 0.24358000000000002 0.07582895723930982 0.024059999999999998 0.01474118529632408
0 0.23439 0.09081020255063765 0.01333 0.008559639909977495
0 0.33799 0.08914478619654914 0.05063 0.0423105776444111
0 0.36334 0.10934733683420854 0.01654 0.0104576144036009
0 0.38456999999999997 0.07654913728432108 0.019719999999999998 0.011410352588147037
0 0.40358 0.03945986496624156 0.012119999999999999 0.00951237809452363
0 0.53252 0.05158289572393099 0.0128 0.011882970742685671
0 0.40136 0.123615903975994 0.0343 0.015213803450862717
0 0.32754 0.1267066766691673 0.01589 0.01948987246811703
0 0.39502 0.3427906976744186 0.01022 0.008559639909977495
0 0.55343 0.27480120030007504 0.01408 0.0104576144036009
0 0.65101 0.22060015003750938 0.03693 0.04088522130532633
0 0.47708 0.2510277569392348 0.02355 0.02377344336084021
0 0.64309 0.37132033008252063 0.01728 0.01711927981995499
0 0.46789 0.3632333083270818 0.049530000000000005 0.018064516129032256
0 0.45744 0.5598274568642161 0.09831999999999999 0.08035258814703676
0 0.5588200000000001 0.6154538634658665 0.040060000000000005 0.037561890472618154
0 0.55059 0.5767066766691673 0.09708 0.05800450112528131
0 0.5696 0.5593548387096774 0.08188 0.06513878469617404
0 0.51764 0.5400975243810953 0.05779 0.04468867216804201
0 0.47834 0.5308252063015754 0.019530000000000002 0.028049512378094523
0 0.38932 0.7326481620405101 0.04697 0.03423105776444111
0 0.38550999999999996 0.7024606151537884 0.04682 0.028049512378094523
0 0.35985 0.6741710427606902 0.04112 0.028529632408102027
0 0.40706 0.6779744936234059 0.05458 0.03138034508627156
0 0.22774 0.7050787696924231 0.039299999999999995 0.03138034508627156
0 0.64688 0.8132408102025506 0.17915 0.1592723180795199
0 0.40864 0.7723480870217554 0.047439999999999996 0.03470367591897974
0 0.20173 0.8624456114028508 0.03682 0.025671417854463616
0 0.92992 0.6682295573893473 0.11414 0.09936984246061516