2 0.46343666666666666 0.25759249999999995 0.06169666666666667 0.09669
2 0.39918333333333333 0.6990625 0.05985833333333333 0.0796275
2 0.20377333333333336 0.661335 0.04903833333333334 0.064175
1 0.26761 0.69139 0.05171 0.0767875
2 0.22476166666666667 0.72889 0.051015 0.051785
2 0.194945 0.61929 0.04396 0.055085
2 0.34872000000000003 0.576905 0.04559833333333333 0.060315
2 0.41801 0.5559400000000001 0.035845 0.065885
2 0.4204366666666666 0.7613325 0.05069666666666667 0.06417
1 0.36539000000000005 0.7984349999999999 0.06227333333333333 0.0808725
2 0.5653366666666667 0.0258725 0.05116833333333333 0.0517475
2 0.6528583333333333 0.78673 0.04054 0.047465
2 0.675885 0.8157075 0.043405 0.04458
2 0.6595266666666666 0.7388325 0.04387666666666667 0.0591725
2 0.7040716666666668 0.7583799999999999 0.04369833333333333 0.061735
2 0.6993416666666668 0.696505 0.03851 0.062015
1 0.801745 0.6556525000000001 0.03831333333333333 0.0528125
1 0.18604333333333334 0.5863375 0.04357833333333334 0.039177500000000004