2 0.020866666666666665 0.18985 0.04173333333333333 0.12272500000000001
2 0.19758333333333333 0.248325 0.0444 0.060625
2 0.28178333333333333 0.2779 0.055016666666666665 0.062075
2 0.23463333333333333 0.37534999999999996 0.052783333333333335 0.08085
2 0.2866 0.378975 0.0531 0.076525
2 0.24906666666666666 0.41435 0.04538333333333333 0.08085
2 0.2837166666666667 0.511775 0.05308333333333334 0.0794
2 0.020866666666666665 0.5385 0.04173333333333333 0.08372500000000001
2 0.29141666666666666 0.6431749999999999 0.0531 0.07075000000000001
2 0.28275 0.5731499999999999 0.05308333333333334 0.040425
2 0.15716666666666665 0.7304999999999999 0.04438333333333333 0.063525
2 0.37753333333333333 0.88715 0.06371666666666666 0.099625
2 0.19469999999999998 0.8164 0.06556666666666668 0.073625
2 0.2077 0.88715 0.06653333333333333 0.076525
2 0.06095 0.9225249999999999 0.06359999999999999 0.08372500000000001
2 0.0122 0.8698250000000001 0.0244 0.062075