1 0.6014566666666666 0.499095 0.037426666666666664 0.053262500000000004
1 0.51347 0.2749525 0.033645 0.046615000000000004
2 0.3976583333333333 0.25171 0.032753333333333336 0.0416075
2 0.4704083333333333 0.5112375 0.03170666666666667 0.047542499999999994
2 0.3957016666666667 0.5279425 0.03777333333333333 0.0523225
1 0.42603833333333335 0.6152175 0.030086666666666668 0.0407825
2 0.4885366666666666 0.4370775 0.02672666666666667 0.038145000000000005
2 0.9007850000000001 0.7593799999999999 0.028231666666666665 0.02757
2 0.8527933333333334 0.9814775 0.019746666666666666 0.037045
2 0.16439166666666666 0.2411925 0.026633333333333335 0.03399
2 0.8656683333333334 0.016954999999999998 0.016705 0.0339075
2 0.9786633333333332 0.9711625 0.02662 0.03712
2 0.8972083333333334 0.572495 0.03435333333333333 0.03166
1 0.3975683333333333 0.6641 0.021946666666666666 0.037255
2 0.8836166666666666 0.113205 0.02442 0.0258075
2 0.10352499999999999 0.602975 0.05083 0.062725
1 0.6841383333333333 0.21138749999999998 0.01864 0.022967500000000002
2 0.6511283333333333 0.7612475 0.024275 0.0212325
2 0.14465 0.4189975 0.028988333333333335 0.024307500000000003
2 0.5361833333333333 0.552825 0.02647666666666667 0.040302500000000005
2 0.466675 0.5899075 0.028798333333333332 0.0274725
2 0.8505100000000001 0.14282 0.022023333333333332 0.016995
1 0.13078666666666666 0.4382175 0.03073 0.03164
2 0.39707333333333333 0.6142875 0.03289833333333333 0.04718
2 0.8029200000000001 0.644505 0.016795 0.0327025
2 0.7610433333333334 0.15638999999999997 0.018948333333333334 0.0202225
2 0.4099066666666667 0.44812 0.026926666666666668 0.032345
2 0.35297666666666666 0.6379775 0.029709999999999997 0.044115
2 0.9222233333333334 0.052524999999999995 0.02947666666666667 0.030175
2 0.923 0.7595925 0.023981666666666665 0.0270775
2 0.8663266666666667 0.9632474999999999 0.028013333333333335 0.035245
2 0.80042 0.6798525 0.016148333333333334 0.0201075
2 0.9073266666666667 0.119695 0.017941666666666668 0.02125
2 0.2673083333333333 0.1925225 0.022181666666666666 0.02633
2 0.8726866666666666 0.08902 0.013745 0.0183975
2 0.8371333333333334 0.142695 0.018221666666666667 0.01727
2 0.88066 0.991085 0.022148333333333332 0.01783
1 0.8440483333333333 0.292705 0.018975 0.02366
2 0.8496416666666667 0.1792775 0.012718333333333333 0.0148625
2 0.7343016666666667 0.79827 0.022109999999999998 0.02079
2 0.40455 0.7415075000000001 0.016075 0.023485
1 0.6744783333333333 0.16776249999999998 0.014960000000000001 0.019414999999999998
1 0.07147166666666667 0.47545 0.015875 0.039095
1 0.0608 0.49727 0.014963333333333334 0.03356
1 0.34421166666666664 0.6713450000000001 0.033718333333333336 0.0368075
1 0.4534566666666666 0.46747000000000005 0.039785 0.06067
2 0.8837283333333333 0.016337499999999998 0.01899333333333333 0.032674999999999996
2 0.8687549999999999 0.041890000000000004 0.02546 0.0219125
2 0.8698299999999999 0.06387 0.013276666666666666 0.020550000000000002
2 0.7607349999999999 0.0832725 0.013871666666666668 0.017565