0 0.21233333333333335 0.2763888888888889 0.13854166666666667 0.12616666666666668
0 0.31916666666666665 0.23672222222222222 0.16108333333333333 0.09258333333333332
0 0.3920416666666667 0.35780555555555554 0.18916666666666665 0.13866666666666666
0 0.7648333333333334 0.3825277777777778 0.12104166666666667 0.08027777777777777
0 0.7642916666666667 0.30380555555555555 0.19345833333333334 0.08622222222222221
0 0.6164166666666666 0.3343333333333333 0.128125 0.07863888888888888
0 0.513375 0.4150555555555555 0.19162500000000002 0.11919444444444444
0 0.3219583333333333 0.6362777777777778 0.24020833333333333 0.17597222222222222
0 0.16441666666666668 0.6531944444444444 0.14079166666666668 0.052972222222222226
0 0.44975 0.7021388888888889 0.1673333333333333 0.08877777777777777
0 0.571875 0.5536666666666666 0.23508333333333334 0.14802777777777779
0 0.7927916666666667 0.5724722222222223 0.1720833333333333 0.11044444444444444
0 0.7258333333333333 0.6521666666666667 0.239125 0.12933333333333333
0 0.8243333333333334 0.7068888888888889 0.122375 0.08522222222222223
0 0.6777083333333334 0.7328888888888888 0.15266666666666667 0.10452777777777779
0 0.6330416666666667 0.4265 0.16624999999999998 0.129