1 0.128085 0.22636333333333333 0.051015 0.06216666666666667
1 0.24382749999999997 0.24428333333333335 0.0444325 0.054123333333333336
1 0.5990075 0.1503 0.0175525 0.02706
1 0.609705 0.18211666666666668 0.020295 0.024866666666666665
1 0.6420675 0.2508666666666667 0.0192 0.021943333333333332
1 0.6401475000000001 0.27683 0.0164575 0.018283333333333335
1 0.2323075 0.38105333333333335 0.0367525 0.04242
1 0.27207749999999997 0.6322866666666667 0.0296225 0.034376666666666666
1 0.27098 0.4786933333333333 0.0351075 0.03583666666666667
1 0.27866 0.5042933333333334 0.023039999999999998 0.02852333333333333
1 0.32528500000000005 0.4439533333333333 0.036205 0.04973333333333333
1 0.31788 0.51051 0.0499175 0.06143666666666667
1 0.385625 0.38032333333333335 0.0537575 0.06728666666666668
1 0.37383249999999996 0.6509366666666666 0.040042499999999995 0.04827333333333333
1 0.36286 0.7343133333333334 0.030170000000000002 0.03510666666666666
1 0.3661525 0.7639366666666666 0.035655 0.04754
1 0.39879000000000003 0.72115 0.04169 0.05266
1 0.5318125 0.7507699999999999 0.035655 0.04900333333333333
1 0.562255 0.6063233333333333 0.028525 0.04242
1 0.585295 0.7182233333333333 0.036205 0.04973333333333333
1 0.616835 0.7068866666666667 0.0367525 0.04607666666666666
1 0.5811799999999999 0.49076333333333333 0.03785 0.05266
1 0.5927 0.5024633333333334 0.0367525 0.04827333333333333
1 0.86368 0.4615066666666667 0.04553 0.05997333333333333
1 0.9111275000000001 0.5390333333333333 0.0570475 0.07021333333333332
1 0.9890249999999999 0.6300933333333333 0.02195 0.07826
1 0.967355 0.7617433333333333 0.054305 0.06802
1 0.979425 0.8271999999999999 0.041147500000000004 0.0629
1 0.9122250000000001 0.8140366666666667 0.030717500000000002 0.04242
1 0.975585 0.9328866666666666 0.0488275 0.07094333333333334