1 0.05 0.44 0.06666666666666667 0.0725
1 0.05875 0.714375 0.029166666666666667 0.03125
1 0.3095833333333333 0.659375 0.0375 0.05125
1 0.76875 0.050625 0.07583333333333334 0.10125
1 0.8504166666666667 0.174375 0.059166666666666666 0.08625
1 0.32458333333333333 0.139375 0.0425 0.06625
1 0.20541666666666666 0.406875 0.030833333333333334 0.04125
2 0.09935833333333333 0.34107499999999996 0.020556666666666668 0.0256975
2 0.09810333333333333 0.39572250000000003 0.021241666666666666 0.029464999999999998
2 0.11717499999999999 0.388015 0.01873 0.020215
2 0.10564000000000001 0.36985500000000004 0.017131666666666667 0.0209
1 0.11546166666666666 0.3511825 0.01576 0.0185025
1 0.167655 0.34964249999999997 0.035175000000000005 0.048995
1 0.11649000000000001 0.40651499999999996 0.015531666666666666 0.0167875
2 0.009136666666666666 0.32977 0.015531666666666666 0.02501
2 0.04419833333333333 0.1762775 0.024439999999999996 0.031177499999999997
1 0.115005 0.1915225 0.017588333333333334 0.019872499999999998
1 0.11409333333333332 0.69333 0.016671666666666668 0.0175425
1 0.025506666666666667 0.6582425 0.02364 0.023515
1 0.004478333333333333 0.64238 0.008958333333333334 0.031355
1 0.237205 0.34443250000000003 0.02387 0.0287175