1 0.08497249999999999 0.30488666666666664 0.012825 0.016566666666666667
1 0.0454925 0.45158333333333334 0.01964 0.021376666666666665
1 0.040482500000000005 0.5264033333333333 0.0112225 0.013893333333333334
1 0.11784 0.5002166666666666 0.013627499999999999 0.020306666666666667
1 0.0967975 0.5068966666666667 0.012425 0.015496666666666667
1 0.12825999999999999 0.5071633333333333 0.01443 0.020306666666666667
1 0.0460925 0.6108399999999999 0.013627499999999999 0.01817
1 0.0599225 0.5942733333333333 0.01483 0.016033333333333333
1 0.0751525 0.6239333333333333 0.0132275 0.015496666666666667
1 0.11303 0.6172533333333333 0.016032499999999998 0.01817
1 0.14048500000000003 0.5953433333333333 0.016432500000000003 0.01817
1 0.13266999999999998 0.6063000000000001 0.01523 0.015496666666666667
1 0.08857999999999999 0.6543966666666667 0.01523 0.015496666666666667
1 0.213835 0.6551966666666666 0.017235 0.021376666666666665
1 0.297605 0.6853933333333333 0.0156325 0.018703333333333332
1 0.3956025 0.7447133333333333 0.02004 0.029393333333333337
1 0.40642500000000004 0.6661533333333334 0.021645 0.029393333333333337
1 0.21483750000000001 0.6116433333333333 0.016032499999999998 0.020843333333333335
1 0.194595 0.5750333333333333 0.0188375 0.021376666666666665
1 0.1835725 0.5205233333333333 0.017635 0.022446666666666667
1 0.189385 0.50556 0.016432500000000003 0.020306666666666667
1 0.19920500000000002 0.4897966666666667 0.01523 0.019773333333333334
1 0.27255250000000003 0.4430333333333333 0.01443 0.020306666666666667
1 0.3382875 0.3297366666666667 0.024050000000000002 0.03206666666666667
1 0.3412925 0.24209333333333333 0.0284575 0.038476666666666666
1 0.357325 0.21964666666666668 0.03006 0.03741
1 0.390795 0.16860999999999998 0.0328675 0.052906666666666664
1 0.42045499999999997 0.17769333333333334 0.0384775 0.04435666666666666
1 0.36434 0.10528 0.060925 0.07054333333333333
1 0.4068275 0.01443 0.04489 0.02886
1 0.4765675 0.06840666666666667 0.028057500000000003 0.033133333333333334
1 0.44971249999999996 0.016833333333333332 0.0384775 0.03367
1 0.43789 0.10608333333333334 0.03968 0.0497
1 0.39640499999999995 0.33802 0.025652499999999998 0.03580666666666667
1 0.45292 0.35298333333333337 0.02966 0.04222
1 0.4094325 0.42807 0.0260525 0.034203333333333336
1 0.450915 0.38852333333333333 0.024050000000000002 0.03206666666666667
1 0.411435 0.5464433333333333 0.0212425 0.025116666666666666
1 0.4096325 0.5809133333333333 0.0208425 0.030996666666666665
1 0.4316775 0.6538633333333334 0.025652499999999998 0.03901333333333334
1 0.4493125 0.6124433333333333 0.024050000000000002 0.033133333333333334
1 0.44811 0.58225 0.0184375 0.028323333333333332
1 0.4268675 0.5950766666666667 0.024050000000000002 0.026186666666666667
1 0.558735 0.21376666666666666 0.01924 0.02565333333333333
1 0.219245 0.29072333333333333 0.02004 0.021376666666666665
1 0.8531325000000001 0.07214666666666666 0.03487 0.04703
1 0.90123 0.04275333333333333 0.036475 0.05130333333333333
1 0.9236775 0.023513333333333334 0.03407 0.04382333333333333
1 0.8729724999999999 0.10715 0.0432875 0.056113333333333335
1 0.9489275 0.09592666666666666 0.0356725 0.0497
1 0.824075 0.24209333333333333 0.0384775 0.05451
1 0.839505 0.28351 0.032465 0.03901333333333334
1 0.8870025 0.22071666666666667 0.0376775 0.04488999999999999
1 0.9098474999999999 0.2559866666666667 0.03928 0.049166666666666664
1 0.9687675 0.30328333333333335 0.0376775 0.04435666666666666
1 0.94512 0.33294333333333337 0.0408825 0.05023666666666667
1 0.60042 0.8916766666666668 0.028057500000000003 0.036873333333333334
1 0.6166525 0.8932800000000001 0.0212425 0.034736666666666666
1 0.5427025 0.8401066666666667 0.028057500000000003 0.038476666666666666
1 0.5577325 0.8240733333333332 0.03006 0.033133333333333334
1 0.58078 0.6602733333333333 0.0264525 0.04115
1 0.5972124999999999 0.6551966666666666 0.0304625 0.04061666666666666
1 0.6146475 0.6640166666666667 0.02926 0.04222
1 0.598215 0.7308166666666666 0.02445 0.037943333333333336
1 0.6160525 0.7201299999999999 0.02966 0.036873333333333334
1 0.686395 0.5614066666666667 0.03407 0.043286666666666675
1 0.702025 0.5015533333333334 0.0308625 0.04435666666666666
1 0.66455 0.51331 0.03928 0.04008
1 0.662145 0.4772366666666667 0.028057500000000003 0.033133333333333334
1 0.607635 0.3890566666666667 0.033667499999999996 0.04703
1 0.6382975 0.3936 0.032465 0.045426666666666664
1 0.6894 0.4192533333333333 0.0360725 0.0497
1 0.7833925 0.47509999999999997 0.03006 0.03954666666666667