2 0.72224 0.1558734939759036 0.10975 0.13704819277108435
2 0.48727 0.4269578313253012 0.07781 0.11897590361445783
2 0.54477 0.4924698795180723 0.08118 0.10843373493975904
2 0.57577 0.375 0.07919 0.09939759036144578
2 0.59775 0.5301204819277109 0.09079000000000001 0.12951807228915663
2 0.66875 0.4864457831325301 0.08721 0.09939759036144578
2 0.49328 0.7492469879518072 0.08417 0.10391566265060241
2 0.7357400000000001 0.7371987951807228 0.09675 0.11897590361445783
2 0.82424 0.7921686746987951 0.10024 0.11746987951807229
2 0.75074 0.8606927710843374 0.07075 0.10391566265060241
2 0.86773 0.8426204819277109 0.06926 0.10090361445783133
2 0.90872 0.973644578313253 0.06272 0.05271084337349398
2 0.86622 0.4796686746987952 0.08372 0.10692771084337349
2 0.9721799999999999 0.6701807228915663 0.05564 0.08433734939759036
2 0.72424 0.04442771084337349 0.08376 0.07379518072289157