0 0.49444444444444446 0.4034666666666667 0.19724444444444444 0.1597333333333333
0 0.35764444444444443 0.6708444444444445 0.2013777777777778 0.15835555555555555
0 0.41804444444444444 0.5291555555555556 0.22502222222222223 0.2111111111111111
0 0.45764444444444446 0.6277777777777778 0.056933333333333336 0.08613333333333333
0 0.8784888888888889 0.7020888888888889 0.09582222222222221 0.11248888888888889
0 0.6583555555555556 0.6069333333333333 0.13333333333333333 0.15555555555555556
0 0.6520888888888888 0.49444444444444446 0.06804444444444445 0.05280000000000001
0 0.7756888888888889 0.4124888888888889 0.16528888888888887 0.2222222222222222
0 0.5694666666666667 0.25555555555555554 0.27497777777777777 0.2
0 0.5750222222222222 0.07986666666666666 0.25555555555555554 0.1597333333333333
0 0.7 0.0396 0.08333333333333333 0.04862222222222222
0 0.7930666666666667 0.08057777777777778 0.09168888888888889 0.16111111111111112
0 0.9437333333333333 0.3250222222222222 0.11248888888888889 0.15555555555555556
0 0.4958222222222222 0.9402666666666667 0.14444444444444443 0.11946666666666667
0 0.5291555555555556 0.6347111111111111 0.09724444444444444 0.12777777777777777
0 0.5798666666666666 0.5541777777777778 0.0736 0.1028
0 0.6694666666666667 0.6958222222222222 0.18057777777777778 0.09724444444444444