1 0.5149625 0.38515 0.0280325 0.03228333333333333
1 0.5733425 0.56642 0.029555 0.04036666666666666
1 0.56877 0.7689266666666668 0.0329625 0.04375666666666667
1 0.5548675 0.8992366666666667 0.023415 0.03206666666666667
1 0.871795 0.9526533333333334 0.0297375 0.040016666666666666
1 0.8500599999999999 0.8915599999999999 0.018215 0.03497
1 0.9020475 0.7091966666666667 0.028245 0.037566666666666665
2 0.8394275 0.7471333333333333 0.0176825 0.031213333333333333
2 0.9015700000000001 0.3758633333333333 0.0321525 0.033613333333333335
2 0.7321124999999999 0.37033666666666665 0.026295000000000002 0.03535666666666666
2 0.7336625 0.2987 0.028435 0.036699999999999997
2 0.7116475 0.3713266666666667 0.02184 0.03221666666666667
2 0.8131525000000001 0.19326333333333331 0.030962499999999997 0.03699
2 0.829405 0.16505 0.0298775 0.03175666666666666
1 0.8510275 0.1966966666666667 0.0241675 0.03361666666666666
2 0.784855 0.16252 0.0290775 0.03565333333333333
2 0.786255 0.038413333333333334 0.029615 0.03629333333333333
1 0.214895 0.4656133333333333 0.022335 0.029573333333333333
2 0.4068325 0.2518266666666667 0.018435 0.024493333333333336
2 0.31965750000000004 0.32362 0.016212499999999998 0.02051
1 0.2903525 0.31215333333333334 0.0179675 0.020576666666666667
2 0.353385 0.29262 0.006595 0.00738
2 0.358005 0.27144 0.00667 0.005976666666666667
2 0.17339500000000002 0.34418 0.0088025 0.011330000000000002
2 0.246585 0.28246333333333334 0.0075025000000000005 0.00934
2 0.23426 0.26676666666666665 0.007155 0.009373333333333334
2 0.1691825 0.24718666666666664 0.00792 0.010646666666666667
2 0.09765 0.44309 0.0103775 0.012246666666666668
2 0.149535 0.40665333333333337 0.0090475 0.011953333333333333
2 0.0706125 0.5122899999999999 0.00858 0.009073333333333333
2 0.0136425 0.3891133333333333 0.009439999999999999 0.009206666666666667
2 0.0688975 0.24886666666666668 0.0100025 0.011853333333333334
1 0.25866500000000003 0.50944 0.01442 0.019039999999999998
2 0.27165750000000005 0.5215299999999999 0.0192375 0.02565333333333333
2 0.285085 0.52756 0.0178825 0.02061666666666667
2 0.2388625 0.5332866666666667 0.0180925 0.02095
2 0.30891 0.6125566666666666 0.020875 0.028329999999999998
2 0.167835 0.6662266666666666 0.0171575 0.0165
2 0.22015 0.6434033333333333 0.015475 0.014763333333333333
2 0.2248975 0.70343 0.018385000000000002 0.021286666666666666
2 0.2611025 0.6998233333333332 0.0174125 0.02223
1 0.2387775 0.7228466666666666 0.0127925 0.017696666666666666
2 0.217275 0.7210500000000001 0.008315 0.013876666666666667
1 0.18589250000000002 0.8472033333333334 0.020345 0.02596666666666667
1 0.2063675 0.8589333333333334 0.0213125 0.02873
2 0.402295 0.8031866666666666 0.0199525 0.021406666666666668
1 0.4091925 0.7811466666666667 0.01771 0.025566666666666668
1 0.271175 0.9655833333333333 0.017945 0.026686666666666668
2 0.60568 0.34029 0.015655 0.021576666666666668