0 0.23027777777777778 0.3831388888888889 0.050166666666666665 0.088
0 0.26711111111111113 0.3390833333333333 0.027999999999999997 0.042388888888888886
0 0.2635 0.39366666666666666 0.027296296296296298 0.03719444444444445
0 0.3418333333333333 0.4256111111111111 0.027111111111111114 0.03572222222222222
0 0.33742592592592596 0.45488888888888884 0.027462962962962963 0.049555555555555554
0 0.38492592592592595 0.5858888888888889 0.026129629629629628 0.03602777777777778
0 0.35035185185185186 0.66925 0.08337037037037037 0.1635
0 0.39011111111111113 0.6808888888888889 0.03972222222222222 0.03213888888888889
0 0.3811666666666667 0.6270555555555556 0.03166666666666667 0.03988888888888889
0 0.44979629629629625 0.6349166666666667 0.02514814814814815 0.03602777777777778
0 0.5037777777777778 0.47158333333333335 0.17668518518518517 0.26166666666666666
0 0.6254814814814814 0.43327777777777776 0.0322962962962963 0.07388888888888889
0 0.42983333333333335 0.7551666666666667 0.057129629629629634 0.051055555555555555
0 0.4241481481481481 0.8656944444444444 0.122 0.14791666666666667
0 0.49733333333333335 0.8228333333333334 0.05407407407407407 0.04563888888888889
0 0.4461296296296296 0.8275833333333333 0.04831481481481482 0.048833333333333326
0 0.5039074074074075 0.730138888888889 0.03972222222222222 0.05655555555555555
0 0.5520925925925926 0.69375 0.08596296296296296 0.11447222222222223
0 0.6103703703703705 0.6581111111111111 0.03477777777777778 0.0758611111111111
0 0.5341111111111111 0.7706111111111111 0.03059259259259259 0.042222222222222223
0 0.6760925925925926 0.41758333333333336 0.04201851851851852 0.0785
0 0.6681111111111111 0.5755833333333333 0.02824074074074074 0.11016666666666666
0 0.635537037037037 0.5540277777777778 0.024092592592592593 0.03438888888888889
0 0.6411851851851852 0.6464444444444445 0.02666666666666667 0.042722222222222224
0 0.6707777777777778 0.6861111111111111 0.030574074074074076 0.051444444444444445
0 0.6894074074074074 0.7897222222222222 0.049055555555555554 0.07111111111111111
0 0.7531481481481481 0.6592777777777777 0.16125925925925927 0.18936111111111112
0 0.6878703703703704 0.8558888888888889 0.039 0.06125
0 0.6536111111111111 0.8651944444444445 0.04933333333333333 0.07172222222222223
0 0.7991296296296296 0.8060555555555555 0.11494444444444445 0.19033333333333333
0 0.7356111111111111 0.7288055555555556 0.02598148148148148 0.04733333333333333
0 0.7714074074074074 0.7368333333333333 0.025685185185185182 0.03725
0 0.8778333333333332 0.7277777777777777 0.13177777777777777 0.22175