2 0.3686233333333333 0.5406425 0.03742 0.02871
2 0.32985 0.496055 0.04519 0.02489
2 0.17839666666666668 0.32331 0.03625333333333333 0.021625
2 0.08308666666666667 0.3619875 0.032736666666666664 0.0255625
2 0.11743333333333333 0.36334750000000005 0.03629333333333333 0.02514
2 0.056043333333333334 0.4433825 0.02549 0.0155525
2 0.5318233333333333 0.59264 0.036796666666666665 0.025055
2 0.64937 0.6105575 0.04615 0.02755
2 0.9424566666666666 0.6027224999999999 0.04219666666666667 0.0265525
2 0.19426 0.1925925 0.03367 0.022045000000000002
2 0.26881333333333335 0.214235 0.03634 0.031665
2 0.20601999999999998 0.22105000000000002 0.036873333333333334 0.0284575
2 0.28137 0.26633999999999997 0.024050000000000002 0.0228475
2 0.31504 0.27375499999999997 0.020843333333333335 0.016835
2 0.36447333333333337 0.238285 0.02886 0.0228475
2 0.36447333333333337 0.214035 0.033133333333333334 0.02485
2 0.39467 0.2503075 0.030463333333333332 0.0204425
2 0.4505166666666667 0.267745 0.030996666666666665 0.021645
2 0.4742966666666667 0.2577225 0.029393333333333337 0.022445
2 0.47483000000000003 0.2346775 0.030463333333333332 0.023647500000000002
2 0.6201933333333333 0.25592 0.020843333333333335 0.016432500000000003
2 0.6613433333333333 0.29239499999999996 0.019773333333333334 0.0140275
2 0.6848566666666667 0.33949 0.028323333333333332 0.0184375
2 0.7655566666666667 0.3507125 0.024050000000000002 0.01924
2 0.7810533333333333 0.31945 0.018703333333333332 0.01523
2 0.7556700000000001 0.2986075 0.022446666666666667 0.016835
2 0.52079 0.292995 0.021910000000000002 0.016835
2 0.6964266666666667 0.7780825 0.03044 0.020980000000000002
2 0.7622433333333334 0.7259425 0.033729999999999996 0.02283
2 0.8280599999999999 0.746305 0.03537666666666667 0.02283
2 0.9654533333333334 0.7972100000000001 0.03702333333333333 0.027149999999999997
2 0.9387166666666666 0.8147949999999999 0.03455333333333333 0.021595
2 0.97039 0.898095 0.032086666666666666 0.020362500000000002
2 0.5738433333333334 0.852125 0.03044 0.027149999999999997
2 0.35459 0.608705 0.027973333333333333 0.02283
2 0.3809166666666667 0.60963 0.023036666666666667 0.0246825
2 0.06992999999999999 0.5578 0.03949 0.0283825
2 0.11518 0.50381 0.036199999999999996 0.019127500000000002
2 0.14767666666666665 0.5213949999999999 0.02386 0.0160425
2 0.21056 0.411435 0.01817 0.01483
2 0.2581233333333333 0.3747625 0.016033333333333333 0.012025000000000001
2 0.27736333333333335 0.366745 0.01924 0.01523
2 0.09539333333333333 0.390795 0.03367 0.02004
2 0.44864333333333334 0.34991 0.025116666666666666 0.021645
2 0.68379 0.40221749999999995 0.016566666666666667 0.0140275
2 0.8395733333333333 0.4469075 0.024583333333333332 0.0208425
2 0.9531366666666666 0.46795 0.030463333333333332 0.0188375
2 0.97184 0.35772750000000003 0.034736666666666666 0.022045000000000002
2 0.9109166666666667 0.37376 0.024050000000000002 0.0140275
2 0.88687 0.3803725 0.024050000000000002 0.01523
2 0.87805 0.5899975 0.03634 0.022445
2 0.86656 0.56635 0.024050000000000002 0.0208425
2 0.8505266666666667 0.6296799999999999 0.024050000000000002 0.016835
2 0.7433766666666667 0.6244675 0.01924 0.01042
2 0.6832533333333334 0.647715 0.01443 0.0112225
2 0.61939 0.6382975 0.020306666666666667 0.0092175
2 0.59 0.6819850000000001 0.021376666666666665 0.0188375
2 0.5031566666666667 0.6928075 0.027256666666666665 0.0188375
2 0.6976833333333334 0.8226725 0.013359999999999999 0.0108225
2 0.7874666666666666 0.8719724999999999 0.019773333333333334 0.0188375
2 0.94218 0.9184650000000001 0.01924 0.0140275
2 0.9630233333333333 0.9186675 0.022446666666666667 0.017635
2 0.98253 0.9312925 0.024050000000000002 0.0132275
2 0.50476 0.952735 0.025116666666666666 0.01924
2 0.38584999999999997 0.8946175 0.021376666666666665 0.016032499999999998
2 0.2829733333333333 0.5396974999999999 0.029393333333333337 0.0204425
2 0.18330666666666665 0.5164500000000001 0.020306666666666667 0.0180375
2 0.19238999999999998 0.5932050000000001 0.027790000000000002 0.013627499999999999
2 0.21029333333333333 0.6314825 0.019773333333333334 0.0140275
2 0.17101333333333332 0.5984149999999999 0.016033333333333333 0.012825
2 0.018436666666666667 0.6415025000000001 0.024050000000000002 0.0156325
2 0.038746666666666665 0.5891975 0.027256666666666665 0.0208425
2 0.09673 0.6190575 0.022446666666666667 0.01002
2 0.11436666666666667 0.6873975 0.022446666666666667 0.012025000000000001
2 0.05958666666666666 0.7539325 0.019773333333333334 0.012025000000000001
2 0.07401666666666668 0.7379 0.012289999999999999 0.01443
2 0.10367666666666665 0.7338899999999999 0.0171 0.01924
2 0.07482 0.764955 0.012826666666666665 0.0132275
2 0.05637999999999999 0.7661575 0.009086666666666667 0.012425
2 0.28858666666666666 0.5825825 0.016033333333333333 0.012425
2 0.25759 0.5441050000000001 0.022446666666666667 0.0108225
2 0.34363000000000005 0.5795775 0.014963333333333334 0.0112225
2 0.5453733333333333 0.5521225 0.017636666666666665 0.0204425
2 0.44597333333333333 0.5176525000000001 0.015496666666666667 0.011622500000000001
2 0.46360999999999997 0.5623425 0.026186666666666667 0.012825
2 0.013359999999999999 0.337685 0.01817 0.011622500000000001
2 0.08043 0.27395749999999996 0.03367 0.0260525
2 0.35245 0.302615 0.018703333333333332 0.016835
2 0.33187333333333335 0.29259500000000005 0.013893333333333334 0.012825
2 0.35298333333333337 0.38839 0.018703333333333332 0.00962
2 0.38558333333333333 0.391795 0.011223333333333333 0.011622500000000001
2 0.59668 0.435485 0.015496666666666667 0.007615
2 0.6466466666666667 0.5413 0.014963333333333334 0.01002
2 0.53896 0.3607325 0.025116666666666666 0.01443
2 0.7049 0.26293500000000003 0.01817 0.016032499999999998
2 0.7105100000000001 0.27596 0.016566666666666667 0.012425
2 0.7099766666666666 0.22686 0.015496666666666667 0.013627499999999999
2 0.8849966666666665 0.2695475 0.016033333333333333 0.0212425
2 0.93844 0.2819725 0.02565333333333333 0.017235
2 0.9141233333333333 0.21744249999999998 0.019773333333333334 0.0156325
2 0.6340866666666667 0.2625325 0.019773333333333334 0.0112225
2 0.8051033333333333 0.26533999999999996 0.020843333333333335 0.01443