2 0.20927308447937132 0.2331268436578171 0.01656188605108055 0.023451327433628318
2 0.06654223968565814 0.2330088495575221 0.0193713163064833 0.02884955752212389
2 0.12269155206286837 0.32262536873156344 0.016719056974459724 0.027050147492625368
2 0.709410609037328 0.12112094395280237 0.018349705304518665 0.03138643067846608
2 0.7260314341846759 0.1366961651917404 0.020019646365422396 0.027994100294985252
2 0.7463261296660118 0.11979351032448378 0.019508840864440078 0.027610619469026546
2 0.9076424361493124 0.23970501474926256 0.021021611001964636 0.03088495575221239
2 0.04907662082514735 0.14345132743362832 0.018349705304518665 0.02793510324483776
2 0.06518664047151276 0.14548672566371681 0.017288801571709235 0.030176991150442478
2 0.09660117878192535 0.11510324483775812 0.019214145383104123 0.030619469026548676
2 0.039666011787819255 0.06867256637168143 0.018349705304518665 0.02831858407079646
2 0.18280943025540275 0.13064896755162242 0.01638506876227898 0.027787610619469025
2 0.22768172888015717 0.22766961651917406 0.015717092337917484 0.026666666666666665
2 0.19222003929273085 0.22026548672566373 0.016404715127701374 0.02601769911504425
2 0.4071905697445972 0.2594985250737463 0.013005893909626719 0.01958702064896755
2 0.3981925343811395 0.22451327433628318 0.013850687622789784 0.01752212389380531
2 0.16222003929273082 0.06737463126843658 0.014754420432220038 0.025722713864306787
2 0.3609233791748527 0.14056047197640117 0.007897838899803536 0.01551622418879056
2 0.35316306483300586 0.13722713864306785 0.007445972495088409 0.014513274336283185
2 0.33575638506876226 0.16734513274336282 0.009096267190569744 0.013421828908554572
2 0.6253045186640471 0.27578171091445425 0.016149312377210217 0.0243952802359882
2 0.6440667976424361 0.2902064896755162 0.01699410609037328 0.026371681415929202
2 0.743064833005894 0.5260766961651917 0.018722986247544204 0.030442477876106197
2 0.6685461689587426 0.5807374631268437 0.01587426326129666 0.02640117994100295
2 0.8097053045186641 0.5433923303834809 0.015461689587426327 0.02648967551622419
2 0.7733791748526522 0.6032153392330384 0.01705304518664047 0.025132743362831857
2 0.7593123772102162 0.6565486725663716 0.01106090373280943 0.02607669616519174
2 0.776777996070727 0.6658112094395281 0.015088408644400786 0.02536873156342183
2 0.7687819253438114 0.6876401179941003 0.016620825147347744 0.025132743362831857
2 0.6942436149312378 0.6343657817109145 0.012652259332023576 0.01784660766961652
2 0.7075442043222003 0.6722418879056047 0.01675834970530452 0.018820058997050148
2 0.7309037328094302 0.7163716814159292 0.015304518664047152 0.022684365781710916
2 0.7534381139489195 0.6037758112094396 0.016974459724950885 0.024188790560471973
2 0.8850491159135561 0.6249852507374631 0.01669941060903733 0.025634218289085544
2 0.7091159135559921 0.22129793510324483 0.015068762278978388 0.021533923303834808
2 0.6658349705304519 0.1826843657817109 0.016895874263261296 0.026342182890855458
2 0.6758349705304518 0.13218289085545723 0.014420432220039293 0.02424778761061947
2 0.6742632612966601 0.15362831858407078 0.016090373280943024 0.016460176991150443
2 0.6398821218074656 0.19206489675516225 0.014774066797642435 0.018554572271386433
2 0.675049115913556 0.31026548672566373 0.01601178781925344 0.023392330383480826
2 0.8487033398821219 0.25796460176991154 0.01632612966601179 0.02492625368731563
2 0.9753045186640472 0.051091445427728616 0.01730844793713163 0.028525073746312683
2 0.9887819253438115 0.058731563421828906 0.018408644400785854 0.02619469026548673
2 0.7990176817288801 0.009380530973451328 0.01719056974459725 0.018761061946902656
2 0.9596070726915521 0.42572271386430677 0.0212573673870334 0.031002949852507376
2 0.9831237721021612 0.35348082595870206 0.017111984282907663 0.022064896755162242
2 0.8842632612966601 0.34755162241887905 0.01774066797642436 0.02982300884955752
2 0.8532416502946955 0.32669616519174044 0.01225933202357564 0.01672566371681416
2 0.9350884086444008 0.5769026548672567 0.01738703339882122 0.024513274336283187
2 0.8337917485265226 0.5448967551622419 0.01650294695481336 0.028259587020648968
2 0.9121807465618861 0.6654867256637168 0.015736738703339883 0.026843657817109144
2 0.9077406679764244 0.6373451327433628 0.0118664047151277 0.017315634218289085
2 0.901237721021611 0.678259587020649 0.013909626719056975 0.01772861356932153
2 0.8791748526522594 0.645221238938053 0.016974459724950885 0.01799410029498525
2 0.9086247544204322 0.5722713864306784 0.014636542239685659 0.024218289085545724
2 0.83475442043222 0.5797935103244838 0.016404715127701374 0.024218289085545724
2 0.8165422396856582 0.5782300884955752 0.008113948919449901 0.01504424778761062
2 0.7924557956777997 0.58 0.01612966601178782 0.0156047197640118
2 0.8042829076620825 0.7719174041297935 0.020962671905697446 0.024660766961651915
2 0.8138899803536346 0.8507079646017699 0.018408644400785854 0.017168141592920357
2 0.8496856581532417 0.8838938053097345 0.014518664047151277 0.01958702064896755
2 0.8658742632612967 0.8815339233038347 0.011611001964636542 0.02262536873156342
2 0.8150294695481336 0.9160176991150442 0.01612966601178782 0.02569321533923304
2 0.769901768172888 0.7758407079646017 0.010589390962671905 0.015280235988200589
2 0.9528094302554028 0.07657817109144543 0.017976424361493125 0.021504424778761064
2 0.9921611001964636 0.14436578171091444 0.014223968565815325 0.02817109144542773
2 0.8029666011787819 0.10439528023598821 0.012593320235756385 0.022153392330383482
2 0.9400196463654225 0.21766961651917405 0.016463654223968567 0.026932153392330387
2 0.638369351669941 0.34651917404129795 0.009410609037328094 0.014218289085545724
2 0.6346168958742632 0.5725368731563422 0.009155206286836935 0.01457227138643068
2 0.6508840864440079 0.5594395280235989 0.01106090373280943 0.018672566371681416
2 0.6598821218074656 0.5510324483775811 0.012888015717092338 0.0212094395280236
2 0.8153634577603143 0.796047197640118 0.013379174852652258 0.0171976401179941
2 0.9268958742632614 0.9845427728613569 0.01544204322200393 0.021179941002949853
2 0.9294302554027505 0.6713569321533923 0.01968565815324165 0.02209439528023599
2 0.9571905697445973 0.6318289085545723 0.014754420432220038 0.02297935103244838
2 0.8794695481335952 0.43206489675516224 0.018290766208251475 0.023893805309734513
2 0.9256188605108054 0.42625368731563423 0.0143811394891945 0.027315634218289087
2 0.3370923379174853 0.07728613569321534 0.009056974459724951 0.02103244837758112
2 0.22540275049115915 0.08410029498525075 0.01212180746561886 0.02445427728613569
2 0.26277013752455797 0.23469026548672567 0.016660117878192535 0.024690265486725663
2 0.26102161100196464 0.2858702064896755 0.010903732809430255 0.018200589970501474
2 0.23807465618860513 0.2855457227138643 0.011453831041257367 0.014188790560471976
2 0.12903732809430257 0.34162241887905603 0.016444007858546168 0.02262536873156342
2 0.11019646365422398 0.32861356932153396 0.014990176817288802 0.025486725663716816
2 0.050609037328094304 0.3606194690265487 0.014734774066797643 0.024867256637168142
2 0.05593320235756385 0.4653982300884956 0.017465618860510807 0.027050147492625368
2 0.14353634577603144 0.4614454277286136 0.018290766208251475 0.024188790560471973
2 0.22326129666011788 0.5502359882005899 0.0112573673870334 0.01817109144542773
2 0.22654223968565815 0.3793510324483776 0.008781925343811394 0.01985250737463127
2 0.24269155206286838 0.3911799410029499 0.01049115913555992 0.016283185840707964
2 0.2679567779960707 0.34643067846607667 0.013477406679764244 0.025398230088495573
2 0.3100785854616896 0.33651917404129794 0.011630648330058939 0.015811209439528025
2 0.4039685658153242 0.279882005899705 0.009174852652259332 0.01471976401179941
2 0.4346954813359528 0.29477876106194695 0.009489194499017682 0.017345132743362832
2 0.43864440078585465 0.3121533923303835 0.00868369351669941 0.01424778761061947
2 0.45681728880157174 0.3138938053097345 0.009528487229862475 0.01471976401179941
2 0.40229862475442046 0.4596165191740413 0.011493123772102161 0.015427728613569322
2 0.43768172888015716 0.39129793510324484 0.008664047151277015 0.011415929203539824
2 0.4413555992141454 0.40380530973451323 0.010019646365422396 0.013628318584070797
2 0.4209233791748527 0.4369616519174041 0.010255402750491159 0.014365781710914455
2 0.4316895874263261 0.45991150442477874 0.0112573673870334 0.014542772861356931
2 0.11388998035363458 0.16058997050147492 0.017878192534381138 0.02607669616519174
2 0.09082514734774066 0.20675516224188792 0.012514734774066798 0.02492625368731563
2 0.18184675834970532 0.40053097345132743 0.017897838899803536 0.01457227138643068
2 0.12958742632612966 0.36991150442477877 0.015304518664047152 0.024778761061946902
2 0.10962671905697445 0.43147492625368733 0.01612966601178782 0.02377581120943953
2 0.3246954813359529 0.32887905604719764 0.009155206286836935 0.014100294985250738
2 0.3062475442043222 0.1616519174041298 0.014145383104125737 0.01463126843657817
2 0.322475442043222 0.4227138643067847 0.011532416502946955 0.018141592920353982
2 0.3230648330058939 0.379882005899705 0.00931237721021611 0.014129793510324484
2 0.32654223968565815 0.40053097345132743 0.010589390962671905 0.01457227138643068
2 0.2774852652259332 0.40463126843657815 0.00986247544204322 0.012566371681415929
2 0.3233202357563851 0.45634218289085543 0.009823182711198428 0.017374631268436577
2 0.3745776031434185 0.4325663716814159 0.009273084479371316 0.012359882005899707
2 0.10402750491159136 0.57976401179941 0.014027504911591354 0.024483775811209443
2 0.13231827111984282 0.5538643067846607 0.015108055009823183 0.023687315634218286
2 0.16738703339882122 0.5926548672566372 0.015009823182711197 0.02648967551622419
2 0.17966601178781927 0.7106784660766962 0.02031434184675835 0.020766961651917406
2 0.21895874263261297 0.7148082595870207 0.011709233791748527 0.01407079646017699
2 0.23548133595284873 0.7427433628318584 0.008526522593320235 0.013834808259587023
2 0.2243614931237721 0.5248672566371682 0.011198428290766208 0.016755162241887906
2 0.23719056974459726 0.4900884955752212 0.013359528487229861 0.015191740412979353
2 0.26640471512770136 0.5041887905604719 0.012593320235756385 0.017905604719764014
2 0.25913555992141457 0.5269321533923303 0.011669941060903733 0.015722713864306785
2 0.3052848722986247 0.49333333333333335 0.009980353634577603 0.014896755162241888
2 0.3143811394891945 0.4960766961651917 0.009214145383104127 0.015339233038348082
2 0.33579567779960706 0.4913569321533923 0.008703339882121807 0.012654867256637168
2 0.3455992141453831 0.5003834808259587 0.00781925343811395 0.013097345132743365
2 0.3856581532416503 0.49581120943952806 0.008801571709233793 0.01303834808259587
2 0.3851080550098232 0.3771091445427729 0.009941060903732809 0.01702064896755162
2 0.40078585461689586 0.34277286135693213 0.008447937131630648 0.013008849557522125
2 0.34982318271119844 0.3889085545722714 0.008447937131630648 0.013480825958702066
2 0.3524557956777996 0.6370206489675516 0.010353634577603143 0.016607669616519175
2 0.2866208251473477 0.6447197640117994 0.012298624754420432 0.016666666666666666
2 0.08282907662082514 0.7873746312684367 0.02143418467583497 0.02657817109144543
2 0.12477406679764243 0.8497050147492625 0.014734774066797643 0.02710914454277286
2 0.20933202357563852 0.8528613569321534 0.008310412573673872 0.014660766961651917
2 0.2151277013752456 0.8470501474926253 0.008408644400785856 0.013923303834808259
2 0.29424361493123774 0.7929203539823009 0.009410609037328094 0.01551622418879056
2 0.31607072691552063 0.8265781710914454 0.010039292730844794 0.013126843657817109
2 0.3080353634577603 0.8212684365781712 0.00756385068762279 0.014424778761061945
2 0.29762278978389 0.8462241887905605 0.00762278978388998 0.013834808259587023
2 0.30426326129666015 0.8335693215339233 0.007917485265225933 0.008407079646017699
2 0.3139685658153242 0.7487905604719765 0.008074656188605108 0.01566371681415929
2 0.25646365422396855 0.6654277286135694 0.010844793713163063 0.013864306784660767
2 0.23703339882121807 0.6552802359882005 0.011611001964636542 0.014041297935103244
2 0.24612966601178782 0.6579941002949853 0.008664047151277015 0.01457227138643068
2 0.21630648330058938 0.5851622418879057 0.009803536345776033 0.018289085545722714
2 0.6016895874263262 0.4562241887905605 0.0056974459724950886 0.008348082595870207
2 0.319705304518664 0.561150442477876 0.00787819253438114 0.014837758112094396
2 0.3263064833005894 0.5592035398230089 0.0059724950884086445 0.016342182890855456
2 0.2857367387033399 0.5283480825958703 0.009842829076620825 0.013333333333333332
2 0.28430255402750493 0.4699410029498525 0.009273084479371316 0.013480825958702066
2 0.29536345776031436 0.4712684365781711 0.006404715127701375 0.013893805309734513
2 0.4010609037328094 0.48235988200589974 0.00825147347740668 0.01448377581120944
2 0.22100196463654223 0.7761946902654867 0.009744597249508841 0.012359882005899707
2 0.018015717092337916 0.73952802359882 0.016581532416502946 0.024188790560471973