2 0.03021 0.18280359820089956 0.05639 0.047466266866566714
2 0.27146 0.1872863568215892 0.15042 0.2206446776611694
2 0.29969 0.37392803598200897 0.10251 0.15778110944527735
2 0.57473 0.2790104947526237 0.11355 0.13212893553223387
2 0.5610499999999999 0.17574212893553223 0.08276 0.06157421289355322
2 0.67611 0.28991004497751127 0.08187 0.09749625187406297
2 0.62478 0.5176011994002999 0.11097 0.1808695652173913
2 0.69709 0.4855322338830585 0.12089 0.18857571214392804
2 0.47124 0.5734032983508246 0.14136 0.2180809595202399
2 0.36984 0.5682758620689655 0.12473000000000001 0.15650674662668665
2 0.30312 0.6760269865067466 0.14702 0.19497751124437782
2 0.5315599999999999 0.5849475262368816 0.10285 0.15136431784107945
2 0.45327999999999996 0.7055322338830584 0.11566 0.17703148425787107
2 0.39682 0.7472263868065967 0.11222 0.1860119940029985
2 0.5786100000000001 0.6805247376311845 0.08575 0.1398200899550225
2 0.51873 0.7401649175412294 0.08231999999999999 0.12827586206896552
2 0.5692 0.8357421289355323 0.07891 0.12443778110944528
2 0.59615 0.7735232383808097 0.07293000000000001 0.11545727136431785
2 0.517 0.833808095952024 0.08023000000000001 0.12058470764617692
2 0.84864 0.14107946026986506 0.09126000000000001 0.15493253373313343
2 0.94653 0.14800599700149925 0.09014 0.1443328335832084