2 0.6512407407407408 0.5158055555555555 0.19274074074074074 0.3010555555555555
2 0.5191481481481481 0.6091388888888889 0.18687037037037035 0.28677777777777774
0 0.5179444444444444 0.3874166666666667 0.019925925925925927 0.03027777777777778
0 0.4726296296296296 0.35544444444444445 0.014148148148148148 0.020694444444444446
0 0.4710185185185185 0.31122222222222223 0.010925925925925926 0.021111111111111112
0 0.49212962962962964 0.3178888888888889 0.01690740740740741 0.01983333333333333
0 0.5517407407407408 0.36669444444444443 0.02387037037037037 0.025944444444444444
0 0.5110185185185185 0.2230277777777778 0.01933333333333333 0.026333333333333334
0 0.49527777777777776 0.2837777777777778 0.017037037037037035 0.020555555555555556
0 0.4172962962962963 0.30086111111111113 0.013092592592592593 0.018944444444444444
0 0.4445 0.3803333333333333 0.019759259259259258 0.02275
0 0.43987037037037036 0.35450000000000004 0.01935185185185185 0.02013888888888889