2 0.028306666666666667 0.3200675 0.033069999999999995 0.0206925
2 0.14101666666666668 0.3085625 0.02051333333333333 0.016217500000000003
2 0.11739666666666666 0.3364025 0.023993333333333335 0.01728
2 0.3188166666666667 0.35834750000000004 0.03150666666666666 0.022155
2 0.51302 0.3358475 0.02979333333333333 0.0210475
2 0.19049666666666668 0.43788 0.023246666666666665 0.0173725
2 0.31544666666666665 0.4632375 0.021689999999999997 0.01276
2 0.38825 0.5012300000000001 0.02863 0.01923
2 0.48807 0.548375 0.02411 0.018920000000000003
2 0.28591666666666665 0.587785 0.03463 0.021665
2 0.44411666666666666 0.5526525 0.02332666666666667 0.014794999999999999
2 0.19960333333333333 0.6161575 0.031053333333333332 0.019892499999999997
2 0.058396666666666666 0.65003 0.017826666666666664 0.0115625
2 0.114 0.7231775 0.03670333333333333 0.0213125
2 0.18101 0.73672 0.03158 0.018165
2 0.031026666666666668 0.7879225 0.035910000000000004 0.023039999999999998
2 0.30734666666666666 0.7689275 0.03197333333333333 0.021135
2 0.28733333333333333 0.7883225 0.02706333333333333 0.016035
2 0.3136733333333333 0.8615825 0.026420000000000003 0.0211375
2 0.38650666666666667 0.9127625 0.02384 0.01719
2 0.37411999999999995 0.93271 0.023776666666666665 0.018075
2 0.49856333333333336 0.7190525 0.025589999999999998 0.0189175
2 0.5755366666666666 0.81368 0.018283333333333335 0.014085
2 0.53306 0.8500525 0.020456666666666665 0.0175875
2 0.5107733333333333 0.86568 0.020096666666666665 0.014705
2 0.5750933333333333 0.8876675 0.0239 0.0177175
2 0.5974666666666667 0.88102 0.01848 0.0141725
2 0.5265566666666667 0.90376 0.020456666666666665 0.0147925
2 0.9311633333333332 0.35653250000000003 0.022196666666666667 0.0176475
2 0.9712233333333333 0.66283 0.03317666666666667 0.021735
2 0.9564699999999999 0.76988 0.017776666666666666 0.0125425
2 0.9910766666666667 0.8481675 0.017849999999999998 0.0156675
2 0.98649 0.879385 0.027020000000000002 0.0167225
2 0.8310933333333334 0.8063674999999999 0.0196 0.01461
2 0.5488133333333334 0.38854500000000003 0.010849999999999999 0.0061200000000000004
2 0.5879133333333333 0.36078750000000004 0.008103333333333332 0.0054875
2 0.58165 0.3730725 0.008243333333333333 0.005825
2 0.5963866666666667 0.3736425 0.006926666666666667 0.005105
2 0.5422533333333334 0.393875 0.007640000000000001 0.0051675
2 0.5704166666666667 0.38704500000000003 0.00762 0.00405
2 0.8163299999999999 0.9421124999999999 0.025406666666666668 0.0155275
2 0.25294666666666665 0.3755525 0.023343333333333334 0.013637499999999999
2 0.27549666666666667 0.3719075 0.02072 0.01337
2 0.22418 0.579335 0.030973333333333335 0.0199425
2 0.4735066666666667 0.7803150000000001 0.015460000000000002 0.011967499999999999
2 0.4735366666666666 0.7597125 0.014176666666666667 0.0091225
2 0.5432633333333333 0.8168150000000001 0.020376666666666668 0.013295
2 0.41458 0.7947925 0.013363333333333335 0.009627499999999999
2 0.4023733333333333 0.7897225 0.01452 0.01059
2 0.41877333333333333 0.804885 0.012323333333333334 0.009625
2 0.36624 0.8864675 0.021913333333333333 0.0171475
2 0.068 0.8324400000000001 0.017416666666666667 0.01325
2 0.1191 0.6224 0.015973333333333332 0.011095