2 0.9456000000000001 0.1791225 0.028006666666666666 0.02075
2 0.8764333333333334 0.2187175 0.03168666666666667 0.022324999999999998
2 0.7057033333333333 0.2119025 0.02305 0.0182875
2 0.7147899999999999 0.2795725 0.030123333333333335 0.021755
2 0.5937066666666666 0.2905525 0.024866666666666665 0.018727499999999998
2 0.6579533333333333 0.2932025 0.02934666666666667 0.018475000000000002
1 0.89326 0.36119 0.03169333333333333 0.022572500000000002
2 0.8988999999999999 0.41378 0.035563333333333336 0.0208675
2 0.7096166666666667 0.35134750000000003 0.025323333333333333 0.019545000000000003
2 0.6271133333333333 0.3658575 0.02875 0.020805
2 0.6641733333333333 0.37245249999999996 0.02854333333333333 0.020145
2 0.6551933333333333 0.34117000000000003 0.021396666666666665 0.014955
2 0.5697633333333333 0.3948025 0.02607 0.016715
2 0.6026133333333333 0.5136225 0.02925 0.02171
2 0.68676 0.5468624999999999 0.030423333333333333 0.0232675
2 0.9583833333333334 0.4968175 0.033843333333333336 0.02417
2 0.78304 0.4798075 0.02701 0.0172025
2 0.6516 0.5682999999999999 0.034646666666666666 0.0237625
2 0.5689 0.553545 0.03276333333333334 0.0213025
2 0.56114 0.5939375 0.01986 0.015112500000000001
2 0.6672566666666666 0.683495 0.029896666666666665 0.02241
2 0.7033299999999999 0.6727975 0.029906666666666665 0.0208525
2 0.6310166666666667 0.7236825 0.024746666666666663 0.0207275
2 0.8068566666666667 0.7433150000000001 0.03496666666666667 0.0257275
2 0.79073 0.7122075 0.026763333333333337 0.01581
2 0.4364266666666667 0.5351425000000001 0.013083333333333334 0.0106475
2 0.4530133333333333 0.5351625 0.013796666666666667 0.0097875
2 0.4376 0.59025 0.01292 0.0086375
2 0.4901833333333333 0.57572 0.015996666666666666 0.010645
2 0.4040666666666667 0.5173125 0.01329 0.0110575
2 0.5401833333333333 0.40478250000000005 0.018609999999999998 0.01323
2 0.3877933333333334 0.35986250000000003 0.009600000000000001 0.0063475
2 0.4637366666666667 0.5947025 0.01088 0.0087975
2 0.47947666666666666 0.5915825 0.009016666666666668 0.00605
1 0.6066266666666668 0.59001 0.019843333333333334 0.013952500000000001
1 0.49444 0.64503 0.016460000000000002 0.0117575
1 0.5214066666666667 0.6234075 0.016116666666666668 0.01271
1 0.54423 0.6328975 0.019656666666666666 0.013672499999999999
2 0.5235933333333334 0.6475025000000001 0.017386666666666665 0.0126275