0 0.9358085106382978 0.08522222222222223 0.07846808510638298 0.1490277777777778
0 0.8731702127659574 0.14713888888888887 0.05580851063829787 0.06377777777777778
0 0.8691276595744681 0.10147222222222223 0.050234042553191485 0.05411111111111111
0 0.9212978723404255 0.19180555555555553 0.06195744680851064 0.08441666666666667
0 0.7494893617021277 0.22530555555555556 0.1688936170212766 0.24619444444444444
0 0.7246170212765958 0.37608333333333327 0.26185106382978723 0.22094444444444447
0 0.9113617021276595 0.43869444444444444 0.17727659574468083 0.4671111111111111
0 0.7509574468085106 0.7424722222222223 0.35708510638297875 0.3557222222222222
0 0.9004255319148936 0.7909722222222222 0.11280851063829787 0.21416666666666664
0 0.9540638297872341 0.7443333333333333 0.08778723404255319 0.17980555555555558
0 0.7249574468085107 0.5483055555555555 0.09731914893617022 0.07852777777777778
0 0.6246595744680851 0.5624444444444444 0.10446808510638299 0.10675
0 0.5630425531914893 0.4975833333333333 0.08887234042553192 0.08488888888888889
0 0.19363829787234044 0.6410277777777778 0.23368085106382977 0.23777777777777775
0 0.24727659574468086 0.47019444444444447 0.1332127659574468 0.15752777777777777
0 0.347531914893617 0.4606111111111111 0.05334042553191489 0.06974999999999999
0 0.33091489361702126 0.3981944444444444 0.050148936170212766 0.043000000000000003
0 0.3330851063829787 0.5598333333333333 0.05948936170212766 0.11788888888888888
0 0.4197872340425532 0.43830555555555556 0.07270212765957447 0.09052777777777779
0 0.297 0.0985 0.09748936170212766 0.08083333333333334
0 0.5179787234042553 0.1695 0.10389361702127659 0.10522222222222223
0 0.31627659574468087 0.03313888888888889 0.16182978723404257 0.06625