1 0.0377575 0.14868666666666666 0.0502525 0.057863333333333336
1 0.12476000000000001 0.13505 0.0467575 0.06392333333333333
1 0.15686000000000003 0.10633999999999999 0.051545 0.06349666666666667
1 0.3714475 0.23618333333333333 0.0626325 0.08286
1 0.5789225 0.5103433333333334 0.05008 0.06785000000000001
1 0.4154325 0.42913333333333337 0.06559999999999999 0.07876
1 0.451915 0.3625433333333334 0.058565 0.07558333333333334
1 0.4872525 0.3343666666666667 0.05076 0.07411000000000001
1 0.34632999999999997 0.45921000000000006 0.0673975 0.08224333333333333
1 0.6995650000000001 0.35769666666666666 0.033865 0.07921666666666667
1 0.7925375 0.3898166666666667 0.07981 0.09679333333333333
1 0.89971 0.38254333333333335 0.0541575 0.06891333333333334
1 0.4159425 0.64428 0.04412 0.04239
1 0.29831 0.6767033333333333 0.0588575 0.08057
1 0.26029250000000004 0.63648 0.0553225 0.07011666666666666
1 0.23279 0.7165533333333333 0.060315 0.07359666666666666
1 0.2309125 0.44830000000000003 0.0390625 0.040426666666666666
1 0.077705 0.18179 0.0226475 0.03407333333333333
1 0.111175 0.25504666666666664 0.01709 0.02392
1 0.29223000000000005 0.21444333333333335 0.0641975 0.06271
2 0.43174 0.8267766666666666 0.05117 0.07132000000000001
2 0.53562 0.9807100000000001 0.043475 0.038579999999999996
1 0.044855 0.19830666666666666 0.0230525 0.02622666666666667
1 0.115835 0.4057266666666667 0.02141 0.02861
1 0.0927075 0.30421333333333334 0.0176525 0.025586666666666667
2 0.2426175 0.19467 0.0224725 0.0265