0 0.14333333333333334 0.3324166666666667 0.2759111111111111 0.4932777777777778
0 0.13177777777777777 0.22805555555555554 0.13257777777777777 0.13752777777777778
0 0.3578 0.18480555555555556 0.39315555555555554 0.3696111111111111
0 0.32937777777777777 0.4929722222222222 0.1391777777777778 0.13052777777777777
0 0.31691111111111114 0.73525 0.3852 0.5075277777777778
0 0.5156666666666667 0.6107777777777778 0.09313333333333333 0.18525
0 0.5666 0.4222777777777778 0.11415555555555555 0.20930555555555555
0 0.5212666666666667 0.28191666666666665 0.11202222222222222 0.13083333333333333
0 0.4693111111111111 0.7103055555555555 0.08124444444444445 0.11694444444444445
0 0.26335555555555556 0.5803888888888888 0.12382222222222222 0.0775
0 0.23922222222222222 0.49788888888888894 0.08173333333333334 0.09697222222222221
0 0.634 0.3081388888888889 0.08864444444444444 0.07544444444444444
0 0.6160444444444445 0.3515833333333333 0.07277777777777777 0.050083333333333334