1 0.3604675 0.03571 0.076825 0.07142
1 0.5924349999999999 0.03154333333333333 0.0928925 0.06308666666666667
1 0.790775 0.14110999999999999 0.0787875 0.10937666666666666
2 0.6722899999999999 0.12118666666666666 0.054314999999999995 0.07953
1 0.18954 0.04346 0.02632 0.04408
1 0.14425 0.06512666666666667 0.028237500000000002 0.03408
1 0.2223875 0.13421666666666665 0.022010000000000002 0.03226
1 0.2002825 0.20330666666666666 0.0253 0.030436666666666667
1 0.28251 0.30247 0.0222575 0.0321
1 0.2272175 0.32966666666666666 0.019170000000000003 0.02316
1 0.610405 0.4975433333333334 0.053045 0.07224333333333333
1 0.47572250000000005 0.5616333333333333 0.0336825 0.04709000000000001
1 0.4524225 0.6498133333333334 0.037085 0.043449999999999996
1 0.962565 0.8239733333333333 0.0748675 0.09510666666666666
1 0.451495 0.09743333333333334 0.0188425 0.024229999999999998
2 0.510375 0.14874333333333334 0.024092500000000003 0.033793333333333335
2 0.268 0.34143666666666667 0.0232625 0.028103333333333334
2 0.572935 0.50968 0.01837 0.03092666666666667