1 0.5120833333333333 0.13125 0.0475 0.0675
1 0.47041666666666665 0.12375 0.0325 0.0625
1 0.3804166666666667 0.098125 0.0325 0.06625
1 0.5079166666666667 0.079375 0.0325 0.04375
1 0.9408333333333333 0.223125 0.023333333333333334 0.02625
1 0.93875 0.27375 0.0225 0.0275
1 0.9866666666666667 0.35125 0.02 0.04
1 0.8866666666666667 0.676875 0.043333333333333335 0.05125
1 0.9704166666666667 0.898125 0.035833333333333335 0.05875
1 0.9833333333333333 0.978125 0.03333333333333333 0.04375
1 0.18416666666666667 0.46875 0.025 0.035
1 0.035 0.1675 0.03166666666666667 0.04
1 0.30875 0.603125 0.0325 0.04625
1 0.4125 0.523125 0.035 0.04625
1 0.7366666666666667 0.02875 0.023333333333333334 0.035
1 0.020416666666666666 0.355625 0.024166666666666666 0.03125
1 0.26375 0.629375 0.030833333333333334 0.04375
1 0.8770116666666666 0.047905 0.018786666666666667 0.0255775
1 0.876435 0.11445 0.01763 0.025145
1 0.9817283333333333 0.0919225 0.027506666666666665 0.037012500000000004