1 0.029583333333333333 0.1225 0.0525 0.065
1 0.5679166666666666 0.313125 0.04583333333333333 0.07625
1 0.4170833333333333 0.56125 0.034166666666666665 0.05
1 0.6483333333333333 0.21125 0.04833333333333333 0.0725
1 0.9845833333333334 0.505 0.030833333333333334 0.045
1 0.35 0.015 0.035 0.03
1 0.34958333333333336 0.056875 0.0225 0.03125
1 0.02666666666666667 0.0775 0.04666666666666667 0.05
1 0.6133333333333333 0.775 0.03166666666666667 0.0475
1 0.5229166666666667 0.800625 0.024166666666666666 0.03375
1 0.49125 0.726875 0.020833333333333332 0.02625
1 0.7620833333333333 0.17125 0.0625 0.095