0 0.50299 0.4776761619190405 0.14961000000000002 0.24724137931034482
0 0.22731 0.3824887556221889 0.03825 0.0801799100449775
0 0.26791000000000004 0.34046476761619193 0.02169 0.046101949025487254
0 0.26468 0.39460269865067465 0.02411 0.03778110944527736
0 0.34029000000000004 0.4248275862068966 0.02644 0.03490254872563718
0 0.33676 0.45275862068965517 0.025070000000000002 0.03916041979010495
0 0.38424 0.5875562218890554 0.02544 0.030524737631184407
0 0.34823000000000004 0.6647226386806597 0.09342 0.15487256371814093
0 0.39044999999999996 0.6842578710644678 0.03547 0.032623688155922044
0 0.381 0.6264017991004498 0.02786 0.03158920539730135
0 0.42671 0.7533883058470765 0.039490000000000004 0.04113943028485757
0 0.45086000000000004 0.6348875562218891 0.02757 0.04188905547226387
0 0.5559700000000001 0.6958470764617691 0.08001000000000001 0.11383808095952025
0 0.50732 0.7275712143928036 0.03384 0.04734632683658171
0 0.53207 0.7732983508245876 0.027780000000000003 0.04109445277361319
0 0.49827999999999995 0.8233583208395802 0.05314 0.04425787106446777
0 0.44919 0.8267616191904049 0.038990000000000004 0.048875562218890556
0 0.44949 0.7799700149925037 0.0404 0.0455472263868066
0 0.42569999999999997 0.8650824587706146 0.11608 0.13073463268365818
0 0.64961 0.8573613193403299 0.03618 0.060389805097451274
0 0.6838 0.8603148425787107 0.04432 0.0636431784107946
0 0.6894600000000001 0.7943628185907047 0.05144 0.07431784107946027
0 0.75886 0.6531334332833583 0.13691 0.17500749625187406
0 0.8826499999999999 0.7338380809595203 0.12885 0.21662668665667167
0 0.7387999999999999 0.7352923538230884 0.023469999999999998 0.056131934032983506
0 0.7669900000000001 0.7401349325337332 0.02683 0.04745127436281859
0 0.77896 0.7824587706146926 0.018449999999999998 0.02608695652173913
0 0.7927000000000001 0.7449025487256372 0.026809999999999997 0.05205397301349325
0 0.64077 0.6484407796101949 0.02962 0.039010494752623685
0 0.67067 0.686071964017991 0.02614 0.042308845577211394
0 0.61056 0.6555472263868066 0.03143 0.0732383808095952
0 0.6226799999999999 0.7220389805097451 0.03322 0.0869865067466267
0 0.63506 0.5554422788605697 0.02487 0.04626686656671664
0 0.66006 0.577856071964018 0.04736 0.09547226386806597
0 0.6489 0.48911544227886056 0.02144 0.03353823088455772
0 0.67506 0.41815592203898055 0.03376 0.08154422788605697
0 0.69436 0.4947076461769116 0.020989999999999998 0.035217391304347825
0 0.62471 0.43095952023988005 0.03749 0.07715142428785607