1 0.9177094972067039 0.18433333333333335 0.033743016759776534 0.05466666666666666
1 0.9514245810055866 0.18216666666666667 0.03488826815642458 0.045125
1 0.8883240223463686 0.19433333333333333 0.030810055865921785 0.05379166666666667
1 0.8301675977653631 0.17525000000000002 0.03198324022346369 0.05204166666666667
1 0.6321508379888269 0.3999166666666667 0.031396648044692735 0.043375000000000004
1 0.591731843575419 0.39166666666666666 0.03315642458100559 0.04945833333333333
1 0.40941340782122904 0.49404166666666666 0.029078212290502795 0.04425
1 0.7726256983240224 0.797125 0.03606145251396648 0.048125
1 0.8974301675977653 0.90825 0.03511173184357542 0.043875
1 0.8945810055865921 0.5642083333333333 0.027513966480446926 0.03820833333333333
1 0.5006703910614525 0.8317916666666666 0.03131284916201118 0.03820833333333333
1 0.4176256983240223 0.33766666666666667 0.028463687150837986 0.03258333333333333
1 0.3649441340782123 0.7079166666666666 0.03131284916201118 0.042458333333333334
1 0.3269832402234637 0.11466666666666667 0.021843575418994413 0.03116666666666667