0 0.4738404452690167 0.5964444444444444 0.24844155844155844 0.3774166666666667
0 0.33087198515769944 0.23472222222222222 0.09781076066790352 0.11147222222222222
0 0.36788497217068644 0.09427777777777777 0.07142857142857142 0.09525
0 0.4218552875695733 0.20255555555555557 0.05278293135435992 0.0896111111111111
0 0.5035621521335807 0.21458333333333332 0.0699443413729128 0.07447222222222222
0 0.6395361781076067 0.41641666666666666 0.20877551020408164 0.48791666666666667
0 0.6711873840445268 0.3116111111111111 0.05816326530612245 0.11813888888888889
0 0.7315213358070501 0.35150000000000003 0.05658627087198516 0.10969444444444446
0 0.6634508348794064 0.4706944444444444 0.05578849721706865 0.07033333333333333
0 0.7190723562152134 0.5264722222222222 0.0775139146567718 0.08058333333333334
0 0.7803339517625232 0.7458888888888888 0.05818181818181818 0.0815
0 0.8245454545454546 0.661 0.0789239332096475 0.11758333333333333
0 0.8123376623376624 0.7530277777777777 0.045788497217068645 0.07616666666666667
0 0.9296103896103897 0.7487222222222223 0.07517625231910947 0.09369444444444444
0 0.8351020408163266 0.8901388888888888 0.15899814471243043 0.21969444444444444
0 0.49434137291280145 0.45019444444444445 0.08641929499072355 0.11430555555555555
0 0.9415584415584416 0.07652777777777778 0.053246753246753244 0.12183333333333334