1 0.5191666666666667 0.456875 0.041666666666666664 0.07625
1 0.44916666666666666 0.533125 0.041666666666666664 0.05625
1 0.46375 0.591875 0.035833333333333335 0.05125
1 0.4920833333333333 0.608125 0.034166666666666665 0.05125
2 0.16625 0.2825 0.0125 0.0225
2 0.3620833333333333 0.29 0.009166666666666667 0.0125
2 0.361 0.26694249999999997 0.00855 0.012825
2 0.3813083333333333 0.18697999999999998 0.0064133333333333325 0.0092175
1 0.351915 0.2344775 0.012826666666666665 0.016032499999999998
1 0.33655 0.34850749999999997 0.006144999999999999 0.0084175
2 0.3879883333333333 0.2941975 0.005345 0.0080175
2 0.375295 0.312835 0.004008333333333333 0.0060125000000000005
1 0.6916716666666666 0.28076999999999996 0.008283333333333334 0.0108225
1 0.72347 0.31444 0.008818333333333333 0.011622500000000001
2 0.6418366666666666 0.3134375 0.006946666666666667 0.0112225
1 0.7461833333333334 0.32506 0.008818333333333333 0.012025000000000001
1 0.7365633333333333 0.33007 0.006679999999999999 0.0108225
1 0.7654216666666667 0.3114325 0.007748333333333334 0.01042
1 0.7795833333333333 0.341495 0.006679999999999999 0.00962
1 0.7230683333333333 0.410835 0.006946666666666667 0.0088175
1 0.7027616666666666 0.395805 0.007481666666666667 0.0092175
1 0.6795133333333333 0.44570499999999996 0.006946666666666667 0.00962
1 0.7002233333333333 0.4905975 0.007215 0.01042
1 0.7077049999999999 0.4911975 0.005076666666666667 0.01002
1 0.72721 0.47416250000000004 0.005611666666666667 0.0088175
1 0.7329549999999999 0.4663475 0.007481666666666667 0.01002
2 0.6196583333333333 0.32045 0.005345 0.011622500000000001
1 0.6934083333333333 0.3603325 0.00855 0.01042
2 0.7345583333333334 0.3936 0.008016666666666667 0.012025000000000001
2 0.7632833333333333 0.35952999999999996 0.008283333333333334 0.01042
2 0.7888016666666667 0.346705 0.006946666666666667 0.0112225
2 0.7964183333333333 0.346505 0.007215 0.0092175
1 0.7539316666666667 0.322855 0.006679999999999999 0.011622500000000001
2 0.7361616666666667 0.174755 0.009085 0.0112225
2 0.7194616666666668 0.1785625 0.007748333333333334 0.0108225
2 0.7252066666666667 0.1911875 0.008016666666666667 0.0112225
2 0.73536 0.1951975 0.010153333333333334 0.0112225
2 0.7424416666666666 0.17575749999999998 0.005611666666666667 0.01002
2 0.7659566666666666 0.19219 0.006679999999999999 0.01002
2 0.7729033333333334 0.1935925 0.007215 0.00962
2 0.8219366666666666 0.2352775 0.006946666666666667 0.01042
2 0.6527933333333333 0.1316675 0.008016666666666667 0.011622500000000001
2 0.678845 0.13307 0.007748333333333334 0.0080175