2 0.51507 0.16010494752623688 0.03723 0.06103448275862069
2 0.50413 0.3086656671664168 0.03893 0.0647376311844078
2 0.6818 0.3738830584707646 0.030629999999999998 0.051604197901049476
2 0.6374500000000001 0.3192653673163418 0.01964 0.035982008995502246
2 0.6587999999999999 0.4043478260869565 0.02488 0.04176911544227886
2 0.66287 0.4630434782608696 0.034409999999999996 0.053028485757121435
2 0.59713 0.46910044977511245 0.03339 0.04848575712143929
2 0.44024 0.40775112443778116 0.02914 0.04442278860569715
2 0.40866 0.43967016491754124 0.02289 0.03542728635682159
2 0.44971 0.49875562218890557 0.020309999999999998 0.0308095952023988
2 0.50227 0.43712143928035985 0.03382 0.038650674662668666
2 0.57186 0.4109745127436282 0.02588 0.03419790104947526
2 0.42945 0.5764167916041979 0.0381 0.0571064467766117
2 0.40387 0.5994452773613194 0.02996 0.04698650674662669
2 0.41223000000000004 0.6766266866566717 0.03469 0.055307346326836586
2 0.45179 0.6792203898050975 0.039380000000000005 0.05773613193403298
2 0.64379 0.5897451274362818 0.030940000000000002 0.037976011994002995
2 0.6659299999999999 0.6262068965517241 0.02471 0.03683658170914543
2 0.69909 0.6234182908545727 0.02634 0.03874062968515742
2 0.75755 0.6877811094452774 0.028050000000000002 0.04053973013493253
2 0.76581 0.7301649175412294 0.027600000000000003 0.032848575712143925
2 0.88263 0.7359820089955023 0.02144 0.034977511244377806
2 0.77619 0.5568215892053973 0.02231 0.026251874062968517
2 0.6143200000000001 0.8098050974512744 0.03308 0.055697151424287855
2 0.6875399999999999 0.8735682158920539 0.02545 0.041709145427286355
2 0.6699400000000001 0.875697151424288 0.01523 0.035547226386806595
2 0.55416 0.8762218890554724 0.03351 0.055322338830584704
2 0.40626999999999996 0.8810944527736133 0.02643 0.03802098950524738
2 0.42756 0.753808095952024 0.02043 0.0352623688155922
2 0.46526 0.7291154422788606 0.019489999999999997 0.03166416791604198
2 0.31415 0.6349025487256372 0.022629999999999997 0.03467766116941529
2 0.3267 0.6675862068965517 0.01889 0.02689655172413793
2 0.3039 0.7032983508245877 0.022940000000000002 0.034122938530734635
2 0.40907 0.7280809595202399 0.01955 0.03373313343328336
2 0.29975999999999997 0.7856821589205396 0.016059999999999998 0.028260869565217395
2 0.2932 0.8478710644677661 0.03487 0.046506746626686656
2 0.36645999999999995 0.9453073463268366 0.025920000000000002 0.03326836581709146
2 0.38116 0.9839430284857571 0.02241 0.028875562218890555
2 0.39355 0.9872263868065967 0.01566 0.025547226386806596
2 0.28301 0.9660269865067467 0.03253 0.037241379310344824
2 0.11152 0.8741679160419791 0.030989999999999997 0.04499250374812594
2 0.26992 0.9882608695652173 0.027170000000000003 0.02346326836581709
2 0.00843 0.8598800599700149 0.01359 0.055952023988006
2 0.04872 0.8283808095952023 0.02893 0.04706146926536732
2 0.2615 0.4120539730134932 0.031149999999999997 0.055097451274362816
2 0.19443000000000002 0.22389805097451274 0.030260000000000002 0.04922038980509745
2 0.20929 0.15958020989505248 0.03083 0.04542728635682159
2 0.25497 0.22007496251874062 0.027800000000000002 0.04362818590704648
2 0.3564 0.27413793103448275 0.02939 0.04146926536731634
2 0.36788 0.33694152923538234 0.03293 0.025577211394302846
2 0.27857 0.46668665667166415 0.03613 0.049910044977511246
2 0.30526 0.49964017991004495 0.02986 0.044407796101949025
2 0.34046 0.4795952023988006 0.01835 0.02787106446776612
2 0.33125 0.5006896551724138 0.02506 0.025667166416791606
2 0.37721 0.5462368815592203 0.01968 0.02587706146926537
2 0.35986 0.6225637181409296 0.01273 0.024557721139430284
2 0.07244 0.4194302848575712 0.04167 0.07191904047976012
2 0.06736 0.5433433283358321 0.01902 0.02842578710644678
2 0.17538 0.6359970014992503 0.02131 0.02853073463268366
2 0.09643 0.13580209895052472 0.03135 0.049880059970014996
2 0.21375 0.03419790104947526 0.03143 0.05062968515742129
2 0.05185 0.2351274362818591 0.02964 0.04043478260869565
2 0.03542 0.3172263868065967 0.03979 0.04649175412293853