0 0.614 0.5958611111111111 0.06985185185185185 0.12252777777777778
0 0.659962962962963 0.6350277777777779 0.05427777777777777 0.1175
0 0.5499814814814815 0.5986944444444444 0.06227777777777778 0.08947222222222223
0 0.43064814814814817 0.63775 0.04448148148148148 0.12741666666666665
0 0.4876481481481481 0.6011666666666666 0.06957407407407408 0.11449999999999999
0 0.4380925925925926 0.4914444444444444 0.05742592592592593 0.11880555555555557
0 0.5036851851851852 0.4798611111111111 0.04618518518518519 0.06116666666666667
0 0.5478703703703705 0.438 0.04562962962962963 0.05491666666666666
0 0.634 0.9470833333333333 0.06625925925925927 0.10441666666666667
0 0.6707222222222222 0.9139722222222222 0.05633333333333334 0.10919444444444446
0 0.8716851851851851 0.7626388888888889 0.0661851851851852 0.11072222222222222
0 0.9551111111111111 0.8724166666666666 0.07551851851851853 0.11241666666666666
0 0.9649259259259259 0.9575833333333333 0.07016666666666667 0.08483333333333333
0 0.8562592592592593 0.3939166666666667 0.060148148148148145 0.08302777777777778
0 0.9307777777777778 0.3363055555555555 0.08525925925925926 0.10297222222222223
0 0.758 0.09816666666666668 0.06412962962962963 0.09988888888888889
0 0.48277777777777775 0.23205555555555557 0.051 0.05658333333333333
0 0.42418518518518517 0.20794444444444443 0.06305555555555555 0.11716666666666667
0 0.8658703703703704 0.20491666666666666 0.10042592592592592 0.14316666666666666
0 0.23961111111111108 0.6825833333333333 0.05031481481481482 0.05405555555555556
0 0.24096296296296296 0.7433055555555554 0.06955555555555556 0.059166666666666666
0 0.3191851851851852 0.6383611111111112 0.05183333333333333 0.09911111111111111
0 0.3592037037037037 0.7545277777777778 0.07466666666666667 0.10258333333333333
0 0.3898888888888889 0.8750555555555555 0.06992592592592592 0.0938611111111111
0 0.46931481481481485 0.8553888888888889 0.039370370370370375 0.06211111111111111
0 0.36779629629629634 0.3690277777777778 0.05998148148148148 0.09141666666666666
0 0.6745925925925925 0.24022222222222223 0.05340740740740741 0.0475
0 0.7813333333333333 0.2778055555555556 0.06657407407407408 0.09372222222222223
0 0.9579444444444444 0.4831111111111111 0.053148148148148146 0.06583333333333333