1 0.782715 0.5469233333333333 0.032990000000000005 0.03940333333333333
1 0.6340275000000001 0.5409766666666667 0.02428 0.03055333333333333
1 0.619815 0.5450566666666667 0.016392499999999997 0.02654
1 0.60148 0.56504 0.0219375 0.02391333333333333
1 0.62425 0.5753433333333333 0.024122499999999998 0.03234666666666667
1 0.644475 0.5851633333333334 0.026705 0.03016333333333333
1 0.631015 0.6133766666666667 0.020535 0.028503333333333335
1 0.6132025 0.5936333333333333 0.014055 0.019280000000000002
1 0.569345 0.53987 0.0249875 0.03138
1 0.593855 0.5371033333333333 0.023697500000000003 0.03
1 0.5470675 0.5617566666666667 0.02804 0.036013333333333335
1 0.541335 0.6303166666666666 0.026015 0.03580333333333333
1 0.607235 0.6597733333333333 0.019760000000000003 0.030823333333333335
1 0.6515075 0.7187566666666667 0.023559999999999998 0.03317333333333333
1 0.783855 0.6027933333333334 0.0307075 0.035526666666666665
1 0.7940225000000001 0.6900599999999999 0.0259375 0.03663
1 0.799285 0.7452399999999999 0.021635 0.031373333333333336
1 0.8456575000000001 0.5109666666666667 0.025385 0.028339999999999997
1 0.49683 0.6061833333333333 0.023719999999999998 0.030133333333333335
1 0.501835 0.52158 0.024085000000000002 0.027856666666666665
1 0.5175275 0.5565 0.0279775 0.03684333333333333
1 0.42761 0.6916833333333334 0.0210525 0.029233333333333333
1 0.5010575 0.72695 0.01734 0.0237
1 0.5274075 0.6975266666666666 0.022745 0.03275666666666666
1 0.582 0.70624 0.01835 0.026396666666666666
1 0.28496249999999995 0.5602666666666667 0.023280000000000002 0.03262333333333334
1 0.3084325 0.5600266666666667 0.018879999999999997 0.02757666666666667
2 0.32689999999999997 0.5521766666666666 0.02345 0.029443333333333332
1 0.26377249999999997 0.59453 0.024155000000000003 0.027713333333333333
1 0.2263475 0.6675166666666666 0.020149999999999998 0.03109666666666667
2 0.20546999999999999 0.67367 0.0183275 0.016023333333333334
2 0.2083475 0.6890566666666667 0.011287499999999999 0.021663333333333333
2 0.2652025 0.5424 0.0235275 0.02777
1 0.0582375 0.6014666666666667 0.0311475 0.03795
1 0.026787500000000002 0.5921933333333333 0.0318475 0.027406666666666666
1 0.1921675 0.21634666666666666 0.0290125 0.03468
2 0.0866225 0.15961333333333333 0.01438 0.015266666666666666