2 0.128285 0.32612 0.03155 0.03622666666666667
2 0.160375 0.36315333333333333 0.021655 0.027203333333333333
2 0.19923249999999998 0.45959666666666665 0.0253375 0.03256333333333333
2 0.22247 0.46926999999999996 0.0291175 0.037316666666666665
2 0.170405 0.4907133333333334 0.0400925 0.04213666666666666
2 0.2928725 0.37468999999999997 0.02063 0.02951
2 0.4779325 0.32961 0.016647500000000003 0.021266666666666666
2 0.5776849999999999 0.24557 0.018672499999999998 0.02579
2 0.1769975 0.57057 0.0313375 0.0351
2 0.13684749999999998 0.7749233333333333 0.027835000000000002 0.026646666666666666
2 0.1495125 0.7824033333333333 0.0214375 0.026876666666666667
2 0.0165975 0.86681 0.0199175 0.026376666666666666
2 0.153655 0.93064 0.024149999999999998 0.037013333333333336
2 0.3531825 0.9737266666666666 0.0271525 0.04127333333333333
2 0.4352975 0.8530833333333333 0.0203525 0.025943333333333332
2 0.4772475 0.7941766666666668 0.02844 0.03469666666666667
2 0.408195 0.7697066666666667 0.0208875 0.023793333333333333
2 0.0347775 0.84996 0.013487500000000001 0.01754
2 0.18757 0.8929766666666666 0.0151825 0.02458666666666667
2 0.318395 0.8170466666666666 0.0288875 0.024856666666666666
2 0.38191 0.9870599999999999 0.0275625 0.022586666666666668
2 0.4748775 0.7005266666666666 0.02819 0.0345
2 0.31784500000000004 0.67094 0.029984999999999998 0.03250666666666666
2 0.7771950000000001 0.36322000000000004 0.0265825 0.029883333333333335
2 0.6170650000000001 0.39575333333333335 0.0295325 0.03530333333333333
2 0.5415125000000001 0.6092566666666667 0.02605 0.029873333333333335
2 0.6606725 0.62539 0.0306325 0.03083
2 0.6911525000000001 0.67792 0.025607500000000002 0.031503333333333335
2 0.7120974999999999 0.7007266666666666 0.026447500000000002 0.031733333333333336
2 0.76058 0.6990333333333333 0.0291375 0.02452333333333333
2 0.7585700000000001 0.7401066666666667 0.024002500000000003 0.02913
2 0.84363 0.6348133333333333 0.019657499999999998 0.02283
2 0.5725625 0.8773233333333332 0.0288775 0.03664666666666667
2 0.610135 0.88234 0.0279725 0.03475
2 0.75621 0.8372266666666666 0.0225975 0.034589999999999996
2 0.7741625 0.8278866666666667 0.020892499999999998 0.023963333333333333
2 0.7393225 0.8415 0.0197225 0.03418
2 0.7898200000000001 0.47147333333333336 0.0248425 0.028650000000000002
2 0.804505 0.4339 0.017045 0.025203333333333335
2 0.80287 0.4039933333333333 0.0224725 0.026543333333333332
2 0.8289325 0.39019 0.019245 0.026353333333333333
2 0.8589175 0.33263 0.0254375 0.029326666666666668
2 0.77907 0.3882733333333333 0.025485 0.022520000000000002
2 0.7494275 0.4151133333333333 0.020767499999999998 0.02347666666666667
2 0.72223 0.4182266666666667 0.0241025 0.02970666666666667
2 0.7778275 0.2937166666666667 0.014305 0.018976666666666666
2 0.7610575 0.3540533333333334 0.0147675 0.02578
2 0.6596525000000001 0.5283166666666667 0.02152 0.02846
2 0.8260149999999999 0.5165266666666667 0.018155 0.017533333333333335
2 0.555125 0.45422333333333337 0.029935 0.029996666666666665
2 0.6058150000000001 0.46881666666666666 0.020605000000000002 0.028606666666666666
2 0.43217500000000003 0.6129333333333333 0.023645 0.03953
2 0.8770225 0.9842766666666667 0.0237425 0.031013333333333334
2 0.5825 0.3251866666666666 0.0178825 0.023786666666666668
2 0.5831575 0.3433333333333333 0.016565 0.0264
2 0.5030249999999999 0.5295 0.022045000000000002 0.029713333333333335
2 0.21722 0.8577966666666667 0.0291025 0.03700333333333333
2 0.268615 0.8684833333333333 0.0215475 0.025886666666666665