2 0.3569607843137255 0.035490196078431374 0.08702614379084966 0.07095588235294117
2 0.3716830065359477 0.10644607843137255 0.08081699346405229 0.11517156862745098
2 0.17279411764705882 0.03838235294117647 0.09395424836601307 0.0767892156862745
2 0.08243464052287582 0.08551470588235294 0.058839869281045745 0.07794117647058824
2 0.05374183006535948 0.08725490196078432 0.05109477124183007 0.0628186274509804
2 0.09212418300653595 0.02676470588235294 0.059607843137254896 0.0442156862745098
2 0.12199346405228757 0.2070833333333333 0.08540849673202615 0.11865196078431371
2 0.04792483660130719 0.27455882352941174 0.051879084967320264 0.08840686274509804
2 0.10687908496732025 0.32399509803921567 0.04584967320261438 0.06399509803921569
2 0.23869281045751636 0.27338235294117647 0.07352941176470588 0.11399509803921568
2 0.6074183006535948 0.27105392156862745 0.11763071895424836 0.17683823529411766
2 0.6287581699346405 0.3495833333333333 0.12354575163398693 0.1686764705882353
2 0.5213398692810458 0.3565686274509804 0.10990196078431373 0.16634803921568628
2 0.5318300653594772 0.5543382352941176 0.12351307189542485 0.1826470588235294
2 0.33522875816993464 0.4897549019607843 0.09133986928104575 0.13727941176470587
2 0.28715686274509805 0.5653921568627451 0.07429738562091504 0.11865196078431371
2 0.4445751633986928 0.5700245098039215 0.11302287581699347 0.19776960784313724
2 0.4069607843137255 0.5485049019607843 0.09985294117647059 0.1686764705882353
2 0.12665032679738564 0.6497303921568627 0.06833333333333333 0.09191176470588236
2 0.1138562091503268 0.5665441176470588 0.07066993464052287 0.0953921568627451
2 0.6326633986928104 0.7334803921568627 0.09988562091503268 0.15473039215686274
2 0.7951470588235294 0.7654656862745098 0.11495098039215686 0.18379901960784312
2 0.739297385620915 0.67125 0.11769607843137254 0.2117156862745098
2 0.6912254901960784 0.8347058823529412 0.10562091503267974 0.18963235294117647
2 0.9808660130718954 0.7916421568627451 0.038267973856209156 0.1686764705882353
2 0.9777614379084967 0.7224264705882353 0.04446078431372549 0.11865196078431371
2 0.9149509803921569 0.3676225490196079 0.09870915032679738 0.13727941176470587
2 0.5204738562091503 0.9419117647058823 0.055604575163398694 0.08149509803921569