2 0.02007 0.013406666666666666 0.04014 0.02681333333333333
2 0.0786725 0.21124666666666667 0.03803 0.049593333333333336
2 0.254315 0.07872 0.0464775 0.06021
2 0.3619475 0.020210000000000002 0.04312 0.040420000000000005
2 0.34165249999999997 0.22109666666666666 0.0333825 0.04397666666666667
2 0.4097525 0.30743666666666664 0.032445 0.04646666666666667
2 0.302905 0.35592999999999997 0.0466075 0.035146666666666666
2 0.0801925 0.3034733333333333 0.031575 0.04416333333333334
2 0.3959325 0.5809433333333333 0.031177499999999997 0.03649666666666666
2 0.0411225 0.7283999999999999 0.029965 0.031823333333333335
2 0.37789999999999996 0.7738566666666667 0.02887 0.035526666666666665
2 0.507355 0.6403666666666666 0.0282775 0.03579
2 0.5301549999999999 0.6650766666666666 0.0221175 0.03153
2 0.602165 0.6032233333333333 0.0132475 0.020576666666666667
2 0.5418575 0.5993233333333333 0.0139475 0.02965333333333333
2 0.5153724999999999 0.37476 0.027432500000000002 0.04467666666666667
1 0.6357200000000001 0.40941 0.02656 0.03802666666666667
2 0.8023374999999999 0.4378633333333333 0.0306675 0.03867
2 0.89476 0.18533 0.029857500000000002 0.03854333333333333
2 0.6101125 0.17554666666666666 0.031255 0.041486666666666665
2 0.5796125 0.23817 0.0251075 0.027483333333333335
2 0.6474525 0.26304666666666665 0.0211625 0.02717333333333333