1 0.3328083333333333 0.2519675 0.04710833333333333 0.069305
1 0.895775 0.5357124999999999 0.056376666666666665 0.0767925
1 0.8521683333333334 0.5982675000000001 0.037496666666666664 0.049405000000000004
1 0.47249 0.09185750000000001 0.04813666666666667 0.069085
2 0.297765 0.4877025 0.035353333333333334 0.0432725
2 0.24953666666666668 0.5389525 0.027231666666666664 0.0407725
2 0.36713166666666663 0.334695 0.039088333333333336 0.0447575
2 0.521095 0.32782 0.04034833333333333 0.0585075
2 0.2892033333333333 0.2742975 0.04489833333333333 0.056465
2 0.9554033333333334 0.1096425 0.026473333333333335 0.030670000000000003
1 0.7506716666666666 0.49811 0.04538333333333334 0.06831