1 0.47398190045248867 0.14166666666666666 0.1334841628959276 0.1638888888888889
1 0.3914027149321267 0.2 0.09954751131221719 0.11944444444444445
1 0.23076923076923078 0.375 0.09728506787330317 0.12777777777777777
1 0.36934389140271495 0.4895833333333333 0.12782805429864252 0.15694444444444444
1 0.5084841628959276 0.4576388888888889 0.10972850678733032 0.14305555555555555
1 0.6176470588235294 0.4576388888888889 0.09954751131221719 0.13194444444444445
1 0.5016968325791855 0.5847222222222223 0.10294117647058823 0.11944444444444445
1 0.4813348416289593 0.7069444444444445 0.1436651583710407 0.17222222222222222
1 0.27205882352941174 0.5520833333333334 0.11199095022624435 0.12361111111111112
1 0.6447963800904978 0.7256944444444444 0.06787330316742081 0.08472222222222223
1 0.7505656108597285 0.69375 0.07352941176470588 0.10416666666666667
1 0.7748868778280543 0.6277777777777778 0.07918552036199095 0.1361111111111111
1 0.7002262443438914 0.4152777777777778 0.06334841628959276 0.06944444444444445
1 0.6340497737556561 0.37569444444444444 0.07352941176470588 0.07083333333333333
1 0.7816742081447964 0.38125 0.042986425339366516 0.059722222222222225