0 0.08856299212598426 0.11997222222222222 0.04427165354330708 0.0943611111111111
0 0.10740157480314962 0.052361111111111115 0.02921259842519685 0.04083333333333333
0 0.14208661417322835 0.02822222222222222 0.05015748031496063 0.05644444444444444
0 0.0998228346456693 0.03233333333333333 0.03437007874015748 0.06463888888888888
0 0.2062007874015748 0.04463888888888889 0.03637795275590551 0.05483333333333333
0 0.22377952755905514 0.01597222222222222 0.0535236220472441 0.03194444444444444
0 0.20236220472440944 0.13044444444444445 0.05698818897637795 0.05136111111111111
0 0.08202755905511812 0.27133333333333337 0.05216535433070866 0.05388888888888888
0 0.20883858267716537 0.2969722222222222 0.041653543307086614 0.07908333333333332
0 0.3368503937007874 0.10555555555555556 0.03830708661417323 0.07861111111111112
0 0.3781692913385827 0.1 0.03988188976377953 0.08380555555555556
0 0.41253937007874014 0.12738888888888888 0.06043307086614173 0.08686111111111111
0 0.3774212598425197 0.1963888888888889 0.0708267716535433 0.05441666666666667
0 0.5933070866141732 0.2538888888888889 0.08970472440944882 0.08205555555555555
0 0.6975787401574803 0.1421111111111111 0.034881889763779525 0.04713888888888888
0 0.31110236220472437 0.5752222222222223 0.14661417322834647 0.1911111111111111
0 0.43781496062992126 0.5663611111111111 0.1522244094488189 0.2028611111111111
0 0.24183070866141732 0.7515277777777778 0.04751968503937008 0.05752777777777778
0 0.3027362204724409 0.6485833333333334 0.03492125984251968 0.050305555555555555
0 0.2421062992125984 0.8045 0.03541338582677165 0.059472222222222225
0 0.5413385826771654 0.7723333333333334 0.04200787401574803 0.08211111111111111
0 0.616023622047244 0.8223055555555555 0.08421259842519685 0.21988888888888888
0 0.5346062992125984 0.8881388888888889 0.04557086614173228 0.14055555555555557
0 0.7118897637795275 0.8731111111111111 0.08007874015748032 0.066
0 0.7823031496062992 0.8703888888888888 0.07354330708661418 0.08127777777777778
0 0.8844881889763779 0.5931111111111111 0.07996062992125984 0.12561111111111112
0 0.7923228346456693 0.5607222222222222 0.03909448818897638 0.11313888888888889
0 0.9368110236220472 0.6704166666666667 0.07720472440944881 0.08091666666666666
0 0.567244094488189 0.33766666666666667 0.07295275590551181 0.06175
0 0.6837795275590551 0.3393888888888889 0.08072834645669291 0.09527777777777777
0 0.6786614173228346 0.3713055555555555 0.04734251968503937 0.043277777777777776
2 0.4593503937007874 0.5500277777777778 0.29023622047244096 0.4316111111111111