1 0.5039666666666667 0.022735 0.03572666666666667 0.04547
1 0.5602633333333333 0.0235475 0.027066666666666666 0.030855
1 0.577585 0.0584625 0.04114 0.0584625
1 0.58327 0.09419 0.03735166666666667 0.053590000000000006
1 0.6187266666666666 0.0625225 0.04980166666666667 0.0747025
1 0.6696099999999999 0.0568375 0.05629666666666666 0.068205
1 0.5367166666666667 0.16888999999999998 0.035185 0.0568375
1 0.5808333333333333 0.16686 0.037891666666666664 0.049530000000000005
1 0.100685 0.09419 0.027066666666666666 0.03735
1 0.09391833333333333 0.1242325 0.027606666666666665 0.038975
1 0.20407666666666668 0.2517125 0.05196666666666667 0.076325
1 0.17322166666666666 0.359705 0.038974999999999996 0.060085
1 0.042223333333333335 0.5647300000000001 0.02814833333333333 0.041409999999999995
1 0.129105 0.5700075 0.03193833333333333 0.048717500000000004
1 0.195415 0.70723 0.03139666666666666 0.0438475
1 0.23926166666666665 0.7794975 0.029231666666666663 0.042222499999999996
1 0.30097166666666664 0.7596025 0.029231666666666663 0.041409999999999995
1 0.20461833333333335 0.5497075 0.03031333333333333 0.0438475
1 0.26335166666666665 0.54037 0.035185 0.051155
1 0.27959 0.5562024999999999 0.03410333333333333 0.0438475
1 0.2882516666666667 0.3381875 0.043846666666666666 0.0625225
1 0.2766133333333333 0.42507 0.037891666666666664 0.0625225
1 0.32316666666666666 0.44658749999999997 0.034645 0.053590000000000006
1 0.31071666666666664 0.531845 0.034645 0.0568375
1 0.326685 0.50383 0.03735166666666667 0.05765
1 0.34590166666666666 0.3686375 0.027066666666666666 0.0438475
1 0.35348 0.348745 0.025983333333333334 0.041409999999999995
1 0.37296833333333335 0.38041 0.03356166666666667 0.043035
1 0.41410833333333336 0.3848775 0.023818333333333334 0.038975
1 0.396515 0.3008375 0.02436 0.034915
1 0.3957033333333333 0.13357 0.025983333333333334 0.03329
1 0.4652616666666667 0.072265 0.03626833333333333 0.06171
1 0.6322583333333334 0.3544275 0.04547 0.072265
1 0.6303633333333333 0.45998500000000003 0.04493 0.0625225
1 0.5843516666666667 0.5152 0.041681666666666665 0.0608975
1 0.6441683333333333 0.4957125 0.04114 0.06577
1 0.557015 0.9774425 0.04114 0.045115
1 0.6750233333333333 0.98272 0.03572666666666667 0.03456
1 0.651475 0.8416125 0.041681666666666665 0.06577
1 0.66176 0.78031 0.028689999999999997 0.048717500000000004
1 0.6761050000000001 0.750265 0.040056666666666664 0.0584625
1 0.9399983333333333 0.9114425 0.026525 0.041409999999999995
1 0.7822033333333334 0.7263125 0.037891666666666664 0.0560275
1 0.8003383333333333 0.683685 0.030855 0.0519675
1 0.7776033333333333 0.6296875 0.041681666666666665 0.052777500000000005
1 0.8111649999999999 0.5805625 0.030855 0.038975
1 0.7943833333333333 0.5253475 0.035185 0.047095
1 0.7776033333333333 0.47784750000000004 0.035185 0.052777500000000005
1 0.7946533333333333 0.4571425 0.03681 0.038975
1 0.9820433333333334 0.6195375000000001 0.03591333333333333 0.0584625
1 0.9602966666666666 0.475005 0.040056666666666664 0.060085
1 0.8964216666666667 0.384065 0.03139666666666666 0.042222499999999996
1 0.9424333333333333 0.0231425 0.03572666666666667 0.0462825
1 0.98222 0.0276075 0.029771666666666665 0.042222499999999996
1 0.9814083333333333 0.0836325 0.03031333333333333 0.0438475
1 0.9815016666666667 0.131135 0.036996666666666664 0.0462825
1 0.9102250000000001 0.211925 0.021111666666666667 0.02923