2 0.04108 0.05580838323353294 0.03928 0.05949101796407186
2 0.0684 0.08949101796407186 0.0497 0.06377245508982037
2 0.10729999999999999 0.131437125748503 0.047240000000000004 0.06026946107784431
2 0.06768 0.02248502994011976 0.046479999999999994 0.04497005988023952
2 0.123 0.09700598802395209 0.05154 0.06305389221556885
2 0.03342 0.17005988023952096 0.039200000000000006 0.042934131736526944
2 0.00862 0.21038922155688622 0.01722 0.05368263473053892
2 0.06196 0.3941916167664671 0.05366 0.0744311377245509
2 0.14474 0.40029940119760477 0.0508 0.07083832335329342
2 0.1198 0.47314371257485033 0.04516 0.06841317365269461
2 0.01124 0.5689820359281437 0.02248 0.07730538922155689
2 0.23626 0.6597305389221557 0.038079999999999996 0.047664670658682635
2 0.20498 0.7087425149700599 0.04708 0.06999999999999999
2 0.17192 0.7691017964071856 0.04622 0.05526946107784431
2 0.0251 0.9700299401197605 0.04314 0.059970059880239526
2 0.33756 0.7812275449101796 0.03648 0.051107784431137726
2 0.3712 0.8045808383233534 0.0308 0.04715568862275449
2 0.38858 0.7377544910179641 0.04164 0.04925149700598802
2 0.47954 0.912814371257485 0.05306 0.07161676646706587
2 0.2711 0.37422155688622755 0.04882 0.06281437125748503
2 0.33164 0.43353293413173655 0.051179999999999996 0.06440119760479042
2 0.3048 0.12802395209580839 0.0446 0.06520958083832336
2 0.41302 0.11218562874251496 0.046340000000000006 0.06823353293413173
2 0.43576 0.08610778443113773 0.03915999999999999 0.060209580838323354
2 0.4625 0.32802395209580837 0.05266 0.0807185628742515
2 0.49738 0.268562874251497 0.04032 0.05634730538922156
2 0.49456 0.1012874251497006 0.03258 0.052754491017964075
2 0.61338 0.21784431137724553 0.032299999999999995 0.04317365269461078
2 0.62174 0.28661676646706585 0.038520000000000006 0.05464071856287425
2 0.62012 0.3870958083832335 0.0437 0.05709580838323353
2 0.67238 0.7131137724550899 0.0502 0.07559880239520958
2 0.4147 0.44778443113772454 0.0564 0.06182634730538922
2 0.45589999999999997 0.4806586826347305 0.048960000000000004 0.058383233532934134
2 0.38527999999999996 0.4001497005988024 0.03294 0.04532934131736527
2 0.39576 0.3074550898203593 0.0407 0.05592814371257485
2 0.41316 0.34125748502994013 0.0439 0.0661377245508982
2 0.31938 0.31676646706586825 0.04222 0.04877245508982036
2 0.8167000000000001 0.978682634730539 0.04318 0.04263473053892216
2 0.45794 0.017754491017964072 0.038579999999999996 0.03553892215568862
2 0.48584 0.023592814371257483 0.0312 0.04595808383233533