2 0.59955 0.13715986394557825 0.18898333333333334 0.19260204081632654
2 0.8211166666666667 0.17654761904761906 0.17121666666666668 0.18093537414965988
2 0.23568333333333333 0.29401360544217686 0.17598333333333335 0.1736394557823129
2 0.13346666666666665 0.4304421768707483 0.14305 0.14299319727891155
2 0.3843666666666667 0.5209013605442178 0.15030000000000002 0.16051020408163263
2 0.5316333333333334 0.5274659863945578 0.15606666666666666 0.15904761904761905
2 0.41866666666666663 0.39906462585034014 0.14991666666666667 0.12693877551020408
2 0.8089833333333333 0.6288775510204081 0.1619 0.14006802721088435
2 0.9356666666666666 0.725187074829932 0.12865 0.14299319727891155
2 0.8053833333333333 0.7062074829931972 0.14263333333333333 0.13423469387755102
2 0.9562166666666667 0.3560204081632653 0.08756666666666667 0.21302721088435375