1 0.6915300000000001 0.408215 0.07604333333333334 0.056799999999999996
1 0.5057433333333333 0.7587200000000001 0.04446666666666667 0.0353075
1 0.20418 0.2647525 0.041343333333333336 0.032375
1 0.46668666666666664 0.5472 0.04978333333333333 0.033755
1 0.7272733333333334 0.6749425 0.07723 0.0503575
2 0.7192466666666666 0.45777999999999996 0.06997333333333333 0.0502375
2 0.39951666666666663 0.1367475 0.030623333333333336 0.020825
1 0.23386 0.0945825 0.03224666666666667 0.034295
2 0.8979266666666668 0.1509925 0.04508 0.044712499999999995
2 0.8284133333333332 0.1557275 0.03764 0.0431325
1 0.6851966666666667 0.25642750000000003 0.051236666666666666 0.0297775
1 0.6299666666666667 0.1667825 0.022886666666666666 0.02892
2 0.8816166666666666 0.056909999999999995 0.054573333333333335 0.04288
2 0.46086666666666665 0.2033925 0.054419999999999996 0.0339475
2 0.07213333333333334 0.51812 0.04605666666666666 0.022482500000000002
1 0.09734666666666668 0.35078 0.02143 0.013117499999999999
1 0.2531066666666667 0.37448000000000004 0.022016666666666667 0.01618
1 0.3452933333333334 0.4573125 0.016646666666666667 0.0129325
1 0.3015366666666667 0.293065 0.04915 0.02707
1 0.5322333333333333 0.6808575 0.03958 0.028545
1 0.13085 0.6854724999999999 0.04558 0.033115
1 0.13195 0.656175 0.042146666666666666 0.0231525
2 0.3106333333333333 0.9476975 0.03352666666666666 0.029995