1 0.11236666666666667 0.16927250000000002 0.04186666666666666 0.0628
1 0.21655333333333332 0.1324575 0.039459999999999995 0.06424500000000001
1 0.12030666666666667 0.038979999999999994 0.064485 0.072185
1 0.21799666666666667 0.23135 0.038498333333333336 0.0628
1 0.30052833333333334 0.177935 0.033205 0.0498075
1 0.3315666666666667 0.1948975 0.03464833333333333 0.046197499999999996
1 0.307265 0.1591675 0.02454333333333333 0.0339275
1 0.2685266666666667 0.2555325 0.04427333333333333 0.060635
1 0.012993333333333332 0.393765 0.025986666666666665 0.045475
1 0.09071166666666666 0.393765 0.03128 0.04259
1 0.16554333333333332 0.5291125 0.03079833333333333 0.0418675
1 0.21534999999999999 0.59877 0.02454333333333333 0.041145
1 0.27069166666666666 0.5756699999999999 0.027430000000000003 0.0382575
1 0.217035 0.35623 0.03753666666666667 0.0555825
1 0.237005 0.370305 0.034166666666666665 0.046197499999999996
1 0.2752633333333333 0.31689 0.03368666666666667 0.056305
1 0.263955 0.35117750000000003 0.03513 0.04692
1 0.56761 0.1357075 0.04571666666666667 0.07795999999999999
1 0.585175 0.256255 0.04427333333333333 0.0736275
1 0.5618350000000001 0.34395749999999997 0.027430000000000003 0.04259
1 0.59889 0.30498000000000003 0.037055000000000005 0.0498075
1 0.41265333333333337 0.23243250000000001 0.014918333333333334 0.02743
1 0.51708 0.7777875000000001 0.03224166666666666 0.0498075
1 0.6111616666666666 0.6464099999999999 0.04042333333333333 0.06424500000000001
1 0.6337783333333333 0.5883025000000001 0.045235000000000004 0.0476425
1 0.6337783333333333 0.54463 0.03464833333333333 0.04692
1 0.6417200000000001 0.7832 0.03128 0.060635
1 0.9059133333333332 0.7157074999999999 0.021655 0.036815
1 0.7394083333333333 0.5312775000000001 0.03994166666666667 0.0519725
1 0.7336333333333334 0.43888 0.028393333333333336 0.05053
1 0.7649133333333332 0.487605 0.03128 0.048362499999999996
1 0.9470583333333334 0.4193925 0.04042333333333333 0.05053
1 0.7447016666666667 0.28440750000000004 0.038016666666666664 0.05053
1 0.7601016666666666 0.3277175 0.038016666666666664 0.056305
1 0.7757416666666667 0.3771625 0.03368666666666667 0.04259
1 0.8799283333333333 0.18406999999999998 0.03128 0.049085000000000004
1 0.765155 0.2652775 0.03464833333333333 0.041145
1 0.9906133333333333 0.2107775 0.018773333333333333 0.0346475
2 0.8565883333333333 0.07435 0.01155 0.0144375
2 0.8361350000000001 0.07110250000000001 0.011068333333333333 0.0122725
2 0.8279549999999999 0.0797625 0.009143333333333333 0.018045000000000002
2 0.7969149999999999 0.072905 0.0077 0.0129925
2 0.8695816666666666 0.0830125 0.012511666666666666 0.011550000000000001