0 0.8292487046632123 0.25 0.15111398963730568 0.1246111111111111
0 0.7969170984455959 0.31230555555555556 0.04300518134715026 0.05994444444444444
0 0.8682642487046631 0.30519444444444443 0.08567357512953368 0.07097222222222223
0 0.7652849740932642 0.4368888888888889 0.14673575129533678 0.20819444444444446
0 0.6946891191709844 0.3903611111111111 0.135 0.1876944444444444
0 0.8704663212435233 0.388 0.10774611398963732 0.06308333333333334
0 0.8167875647668393 0.41877777777777775 0.08272020725388601 0.12775
0 0.5402849740932643 0.5520555555555556 0.07966321243523317 0.07255555555555555
0 0.5395336787564766 0.6025277777777778 0.08702072538860105 0.04730555555555556
0 0.5086528497409326 0.6001388888888889 0.03994818652849741 0.02997222222222222
0 0.5056994818652849 0.6340555555555555 0.04582901554404145 0.04416666666666667
0 0.24243523316062177 0.6656111111111112 0.057512953367875645 0.05994444444444444
0 0.13360103626943004 0.5891111111111111 0.09277202072538861 0.05519444444444445
0 0.07256476683937824 0.6143333333333333 0.03520725388601036 0.04575