0 0.11498148148148149 0.27272222222222225 0.0604074074074074 0.13130555555555556
0 0.2016666666666667 0.2891388888888889 0.08900000000000001 0.12375
0 0.07457407407407408 0.39772222222222225 0.08061111111111112 0.11869444444444444
0 0.12846296296296297 0.3888888888888889 0.06753703703703703 0.08080555555555556
0 0.1276111111111111 0.4608611111111111 0.07931481481481481 0.09847222222222222
0 0.33885185185185185 0.4671666666666667 0.05698148148148148 0.08080555555555556
0 0.23701851851851852 0.5101111111111111 0.038481481481481485 0.07575
0 0.23112962962962963 0.4318055555555555 0.06037037037037037 0.050499999999999996
0 0.5854444444444444 0.39647222222222217 0.2639444444444444 0.35858333333333337
0 0.5417037037037037 0.5732222222222223 0.22418518518518518 0.3080833333333333
0 0.712537037037037 0.17930555555555555 0.06696296296296296 0.08080555555555556
0 0.8051296296296296 0.1540277777777778 0.05348148148148148 0.09597222222222221
0 0.859 0.18433333333333332 0.061 0.08586111111111111
0 0.8766666666666666 0.1388888888888889 0.06605555555555556 0.09597222222222221
0 0.8345925925925926 0.25505555555555554 0.06603703703703703 0.08586111111111111
0 0.7782037037037037 0.2714722222222222 0.06435185185185185 0.11869444444444444
0 0.8101851851851852 0.32322222222222224 0.060981481481481484 0.08080555555555556
0 0.7563148148148149 0.33838888888888885 0.013092592592592593 0.04544444444444444
0 0.7992407407407407 0.06944444444444445 0.19733333333333333 0.1388888888888889