2 0.9497777777777777 0.07023333333333333 0.10044444444444445 0.14048333333333335
2 0.3913333333333333 0.19285 0.18991111111111109 0.14284999999999998
2 0.6008444444444444 0.2904833333333333 0.17200000000000001 0.15238333333333334
2 0.43577777777777776 0.3345166666666667 0.1772 0.14048333333333335
2 0.8547777777777777 0.4392833333333333 0.15306666666666666 0.12143333333333334
2 0.8627111111111112 0.5988166666666667 0.1879777777777778 0.13094999999999998
2 0.5532444444444444 0.8381000000000001 0.19737777777777776 0.13333333333333333
2 0.4215333333333333 0.7071500000000001 0.19415555555555555 0.13333333333333333
2 0.2532888888888889 0.8619 0.156 0.11905000000000002
2 0.11995555555555555 0.925 0.07891111111111111 0.05
2 0.2278666666666667 0.6095166666666666 0.19948888888888888 0.12381666666666667
2 0.05453333333333333 0.4761833333333333 0.10906666666666666 0.12856666666666666
2 0.5437333333333334 0.6166666666666667 0.22277777777777777 0.061900000000000004