1 0.7801475 0.18126 0.0750325 0.09877
1 0.5933099999999999 0.3896133333333333 0.0301675 0.038579999999999996
1 0.6113200000000001 0.47439000000000003 0.026695 0.03207
1 0.5848949999999999 0.50928 0.0256775 0.03109666666666667
1 0.5694675 0.39765333333333336 0.019502500000000002 0.02998
1 0.73668 0.4059933333333333 0.019497499999999997 0.025266666666666666
2 0.189885 0.40053 0.0291625 0.03573333333333333
1 0.5659875 0.3057 0.031055 0.03858333333333333
1 0.5655375 0.33763333333333334 0.02522 0.030056666666666666
1 0.5944325 0.28431 0.0213025 0.032003333333333335
1 0.68368 0.03431666666666667 0.0282625 0.03880666666666667
2 0.158915 0.16785333333333333 0.0252275 0.0311
2 0.25664499999999996 0.35999333333333333 0.0183 0.023763333333333334
2 0.1620575 0.5028833333333333 0.0191725 0.02324
2 0.33841750000000004 0.4986566666666667 0.0177125 0.019723333333333332
2 0.48196 0.57678 0.0271325 0.029526666666666666
2 0.49186250000000004 0.6847766666666666 0.030895 0.03490666666666667
2 0.2383075 0.6816733333333334 0.028515000000000002 0.033633333333333335
1 0.8218375 0.4780566666666667 0.017042500000000002 0.021303333333333334
2 0.55033 0.51175 0.01578 0.021226666666666668