2 0.15713 0.061693333333333336 0.04604 0.026099999999999998
2 0.32796 0.028473333333333333 0.06734 0.030846666666666668
2 0.45964 0.6175533333333334 0.08154 0.05576666666666667
2 0.60645 0.5962 0.08399 0.048646666666666664
2 0.07173 0.6911133333333334 0.12476999999999999 0.07237333333333333
2 0.376 0.47518 0.07089 0.04152666666666666
2 0.66784 0.82222 0.05732 0.03796666666666667
2 0.51303 0.8441666666666666 0.06439 0.04627333333333333
2 0.34576 0.8797600000000001 0.06434000000000001 0.04627333333333333
2 0.2897 0.8797600000000001 0.05845 0.048646666666666664
2 0.3075 0.8358599999999999 0.06913 0.03203333333333333
2 0.07173 0.77832 0.08206000000000001 0.03796666666666667
2 0.01834 0.7456933333333333 0.0354 0.07712000000000001