2 0.5305675 0.41311333333333333 0.0484075 0.037165000000000004
2 0.190675 0.4138766666666667 0.03642 0.020748333333333334
2 0.47723000000000004 0.5194133333333333 0.0370525 0.032545000000000004
2 0.23917 0.63997 0.0593075 0.028855
2 0.0218325 0.7086416666666667 0.041265 0.04439333333333333
2 0.289215 0.529195 0.041185 0.024963333333333334
2 0.214005 0.4413766666666667 0.036105 0.021615
2 0.80891 0.4879433333333333 0.0240675 0.016284999999999997
2 0.7746675000000001 0.48201 0.023565000000000003 0.018833333333333334
2 0.18176499999999998 0.5164683333333333 0.0441275 0.022146666666666665
2 0.10391500000000001 0.8389566666666667 0.049565 0.039455
2 0.36863999999999997 0.4288616666666667 0.0252575 0.023096666666666668
2 0.16951249999999998 0.35764333333333337 0.020112500000000002 0.013211666666666667
2 0.169375 0.4052233333333334 0.0244675 0.013316666666666668