1 0.5947816666666667 0.2842925 0.028481666666666666 0.040085
1 0.5167200000000001 0.3264875 0.017933333333333332 0.0253175
1 0.500545 0.34996 0.013713333333333334 0.02268
1 0.7171483333333334 0.1701 0.016526666666666665 0.02901
1 0.7989016666666666 0.558035 0.023208333333333334 0.0316475
1 0.8152533333333334 0.58098 0.020746666666666667 0.02268
1 0.9207416666666667 0.6498125 0.02215333333333333 0.027427499999999997
1 0.9443016666666667 0.65535 0.020043333333333333 0.023735
1 0.6253733333333333 0.9137975 0.03270166666666667 0.0543275
1 0.5367616666666667 0.781145 0.028481666666666666 0.03692
1 0.679875 0.3615625 0.02215333333333333 0.032174999999999995
1 0.6188683333333334 0.319895 0.019691666666666666 0.030065
1 0.7463333333333333 0.32385 0.014416666666666666 0.0200425
1 0.3005 0.61525 0.029666666666666668 0.0435
1 0.4555 0.673 0.021 0.031
1 0.14933333333333335 0.58325 0.024666666666666667 0.0305
1 0.10633333333333334 0.568 0.021333333333333333 0.027
1 0.3345 0.3775 0.021 0.03
1 0.44916666666666666 0.632 0.01633333333333333 0.028
1 0.9813333333333333 0.34425 0.037333333333333336 0.0655
1 0.951 0.4175 0.051333333333333335 0.056
1 0.6918333333333333 0.145 0.019666666666666666 0.025
2 0.697 0.38125 0.02 0.0285
2 0.6775 0.3955 0.023 0.031
2 0.6193333333333333 0.2555 0.024666666666666667 0.037
2 0.19868499999999997 0.558745 0.032571666666666665 0.044414999999999996
2 0.33341166666666666 0.08882999999999999 0.034348333333333335 0.055075000000000006
2 0.41720833333333335 0.1483475 0.021911666666666666 0.0532975
2 0.43378999999999995 0.14213 0.027833333333333335 0.049745
2 0.518475 0.15278999999999998 0.029018333333333337 0.0479675
1 0.6002 0.1878775 0.023096666666666668 0.038197499999999995
1 0.621815 0.17588499999999999 0.02132 0.03731
1 0.5889483333333333 0.2189675 0.020726666666666668 0.027537500000000003
1 0.7180483333333333 0.0173225 0.017173333333333336 0.023985
1 0.6004966666666667 0.04708 0.016581666666666665 0.033755
2 0.7192333333333333 0.12392 0.025464999999999998 0.038197499999999995
2 0.16137666666666667 0.2607175 0.03138666666666667 0.038197499999999995
2 0.24991 0.1692225 0.03316333333333333 0.034645
1 0.0456 0.4632525 0.028426666666666666 0.0328675
2 0.23481 0.372645 0.03730833333333333 0.0453025
2 0.21556333333333336 0.361985 0.024873333333333334 0.027537500000000003
2 0.25968166666666664 0.31757 0.029018333333333337 0.043527500000000004
2 0.2718216666666667 0.425055 0.023688333333333332 0.03642
1 0.3186066666666667 0.646245 0.020135 0.029315
2 0.3159416666666667 0.35399 0.02665 0.0328675
2 0.3473283333333333 0.33356 0.023096666666666668 0.029315
1 0.503375 0.2904775 0.017766666666666667 0.0248725
1 0.30350499999999997 0.1923175 0.01599 0.027537500000000003
2 0.3778266666666667 0.16566999999999998 0.013028333333333334 0.02043
2 0.3899666666666667 0.1687775 0.012436666666666667 0.0195425
2 0.8000700000000001 0.808805 0.03553166666666667 0.04708
1 0.68 0.66375 0.02 0.03
2 0.75 0.173125 0.023333333333333334 0.03375
1 0.6445833333333333 0.38375 0.0175 0.0225