2 0.4480666666666666 0.49926666666666664 0.33088333333333336 0.4474
2 0.7985833333333333 0.5392666666666667 0.36301666666666665 0.48
0 0.107 0.3814888888888889 0.14876666666666669 0.20593333333333333
0 0.5941666666666666 0.35184444444444446 0.13643333333333332 0.21482222222222222
0 0.9556999999999999 0.28055555555555556 0.0243 0.02688888888888889
0 0.9652833333333333 0.3095555555555556 0.020116666666666668 0.028444444444444446
0 0.9863666666666667 0.2942222222222222 0.022283333333333332 0.022222222222222223
0 0.8281000000000001 0.22193333333333334 0.03256666666666667 0.05146666666666667
0 0.8150833333333334 0.2717555555555556 0.0301 0.03944444444444444
0 0.8203333333333334 0.3 0.0301 0.04111111111111111
0 0.8482833333333334 0.2657333333333333 0.03788333333333333 0.05213333333333334
0 0.8811333333333332 0.2809333333333333 0.061950000000000005 0.05982222222222223
0 0.9870166666666668 0.3183777777777778 0.025983333333333334 0.051133333333333336