2 0.0715 0.1886 0.019066666666666666 0.022375
2 0.05918333333333333 0.117675 0.01145 0.021025000000000002
2 0.0628 0.14855000000000002 0.015833333333333335 0.02315
2 0.15028333333333332 0.14855000000000002 0.0163 0.02315
2 0.12765 0.1217 0.016416666666666666 0.02265
2 0.12625 0.097375 0.0179 0.022949999999999998
2 0.6278833333333333 0.201125 0.011033333333333334 0.01765
2 0.6039 0.19760000000000003 0.011283333333333333 0.01695
2 0.5420833333333334 0.272075 0.011083333333333334 0.016975
2 0.485 0.325325 0.010433333333333333 0.014950000000000001
2 0.1738 0.095925 0.0137 0.020075
2 0.25593333333333335 0.18864999999999998 0.011966666666666665 0.020375
2 0.63595 0.36315 0.009666666666666667 0.015425
2 0.6465333333333334 0.3317 0.011033333333333334 0.017525
2 0.6737000000000001 0.201325 0.009616666666666666 0.013125
2 0.8417666666666667 0.17827500000000002 0.008966666666666666 0.015325
2 0.7899333333333333 0.25175000000000003 0.006816666666666666 0.013625
2 0.5215333333333334 0.28235 0.0099 0.01355
2 0.26705 0.279975 0.011116666666666667 0.019975
2 0.2336 0.10157500000000001 0.013533333333333331 0.019799999999999998
2 0.20773333333333333 0.10252499999999999 0.0101 0.01795