1 0.1048575 0.06571 0.1180475 0.13142
1 0.27018000000000003 0.10035333333333334 0.040097499999999994 0.05453333333333333
1 0.3758775 0.21361000000000002 0.02649 0.031043333333333333
1 0.4074125 0.22936666666666666 0.022940000000000002 0.03077333333333333
1 0.6485325000000001 0.33163666666666664 0.0268025 0.040433333333333335
1 0.7509375 0.49466333333333334 0.0516125 0.059820000000000005
1 0.9002775000000001 0.5577666666666666 0.030289999999999997 0.04269666666666667
1 0.878285 0.54277 0.0288075 0.039363333333333334
1 0.58733 0.40406000000000003 0.0218975 0.03194333333333333
1 0.6044925 0.45974 0.021675 0.02664
1 0.5260125 0.22080666666666665 0.021765 0.02877
2 0.9099400000000001 0.26936333333333334 0.07462 0.08922000000000001
2 0.0524725 0.33913666666666664 0.1049425 0.12543
2 0.1889625 0.51027 0.09529 0.11684333333333333
1 0.12533 0.6289033333333334 0.07289749999999999 0.08829666666666666
1 0.07935500000000001 0.64875 0.053447499999999995 0.08799333333333334
1 0.222665 0.6048133333333333 0.03993 0.03321333333333333
2 0.5992025 0.03975 0.026857500000000003 0.033343333333333336
1 0.951755 0.027376666666666664 0.0567525 0.05475333333333333
1 0.779405 0.3707266666666667 0.03105 0.031946666666666665
2 0.6166174999999999 0.47001333333333334 0.0141975 0.015416666666666667
2 0.6891975 0.45725666666666664 0.0138575 0.016383333333333333
1 0.6857274999999999 0.42597333333333337 0.011362500000000001 0.016073333333333332
1 0.6886224999999999 0.33964 0.021385 0.03405333333333333
1 0.714565 0.34493999999999997 0.0213775 0.02938
2 0.6174275 0.20478000000000002 0.0203775 0.03598333333333333
1 0.8908200000000001 0.10962999999999999 0.016565 0.03308666666666667
2 0.3749475 0.6097233333333334 0.0140075 0.018013333333333333
2 0.365495 0.5379866666666667 0.0131825 0.017963333333333335
2 0.46247750000000004 0.40253666666666665 0.017325 0.01462
2 0.45238999999999996 0.2827266666666666 0.01613 0.02087
1 0.42076749999999996 0.22424333333333335 0.01887 0.030453333333333332
1 0.2739 0.41252999999999995 0.039700000000000006 0.040633333333333334
1 0.03643 0.45426 0.02891 0.030223333333333335
2 0.581395 0.98062 0.021615 0.031933333333333334
2 0.35135 0.8102733333333334 0.015099999999999999 0.023863333333333334
2 0.429595 0.42418999999999996 0.0146175 0.016226666666666667