2 0.6536686390532545 0.495 0.14899408284023669 0.22526785714285716
2 0.5979289940828402 0.61125 0.12355029585798816 0.18178571428571427
2 0.8264497041420118 0.5275892857142858 0.081301775147929 0.12482142857142857
2 0.9262130177514794 0.7775 0.08721893491124261 0.11491071428571428
2 0.8266863905325444 0.9255357142857142 0.07106508875739645 0.09928571428571428
2 0.8793491124260355 0.8866071428571428 0.07538461538461538 0.0825
2 0.7881656804733728 0.6914285714285714 0.07366863905325444 0.09526785714285714
2 0.7066863905325445 0.6516071428571429 0.05272189349112426 0.07741071428571429
2 0.4845562130177515 0.2669642857142857 0.06467455621301775 0.09705357142857142
2 0.5633727810650887 0.27366071428571426 0.06946745562130177 0.10723214285714286
2 0.5758579881656805 0.041875 0.06905325443786982 0.08366071428571428