2 0.08094499999999999 0.20133333333333334 0.044020000000000004 0.051076666666666666
2 0.33227249999999997 0.015296666666666667 0.024175000000000002 0.030593333333333333
2 0.5142599999999999 0.05219666666666667 0.0271475 0.03852333333333333
2 0.3160675 0.38581000000000004 0.024210000000000002 0.03127
1 0.45924 0.3551533333333333 0.02218 0.030846666666666668
2 0.1572425 0.45633999999999997 0.036777500000000005 0.04352333333333333
2 0.26428250000000003 0.36751 0.02076 0.027453333333333333
2 0.2424025 0.37644999999999995 0.026185 0.026603333333333333
2 0.1465025 0.24152333333333334 0.031105 0.026076666666666668
2 0.0735975 0.9160466666666667 0.036352499999999996 0.03318
2 0.093715 0.9283966666666666 0.0358275 0.040483333333333336
2 0.5143775 0.71757 0.0221175 0.032016666666666665
2 0.5341024999999999 0.66988 0.019407499999999998 0.02094666666666667
1 0.5545625 0.46974 0.024715 0.026423333333333333
2 0.47472000000000003 0.44373666666666667 0.020217500000000003 0.023106666666666664
2 0.316 0.40448666666666666 0.02773 0.021693333333333332
2 0.5281174999999999 0.3757466666666667 0.019497499999999997 0.025076666666666667
2 0.6399400000000001 0.37909666666666664 0.0199925 0.019606666666666668
2 0.7947625 0.43684999999999996 0.0152025 0.01745
1 0.8092625 0.4460733333333333 0.0156425 0.018203333333333332
2 0.71575 0.6228666666666667 0.0164225 0.021623333333333335
2 0.9222875 0.6589499999999999 0.015655 0.02076
2 0.90474 0.5824166666666667 0.0120075 0.016460000000000002
2 0.9383575 0.5042866666666667 0.010265 0.01167
2 0.366105 0.07206666666666667 0.0213425 0.028873333333333334
2 0.3840025 0.28672666666666663 0.022905000000000002 0.032766666666666666
2 0.7841625 0.37138333333333334 0.016642499999999998 0.021316666666666668
2 0.54862 0.20618666666666666 0.020739999999999998 0.021406666666666668
2 0.7357400000000001 0.36863333333333337 0.016364999999999998 0.021003333333333332
2 0.78171 0.29058666666666666 0.009242499999999999 0.014146666666666667
2 0.8208799999999999 0.27094 0.006945000000000001 0.009
2 0.8154125 0.19874 0.0091075 0.012276666666666667
2 0.8206325000000001 0.21651666666666666 0.0086125 0.01181
2 0.8179125 0.15585666666666667 0.0070325 0.012280000000000001
2 0.6708925 0.19318333333333332 0.012105000000000001 0.01403
2 0.8653125 0.21261666666666668 0.007275 0.009156666666666667
1 0.8329500000000001 0.36085666666666666 0.007375 0.008236666666666666
2 0.6811 0.43322333333333335 0.0106925 0.014036666666666666
2 0.6065 0.46558666666666665 0.01056 0.010496666666666666
2 0.67868 0.5088033333333334 0.008895 0.01031
2 0.6733574999999999 0.4856366666666667 0.0073725 0.010203333333333333
2 0.7538475 0.4814366666666666 0.009 0.008286666666666666
2 0.75039 0.49264 0.00817 0.007989999999999999
2 0.26908499999999996 0.5604 0.008602499999999999 0.014
2 0.32936 0.6055433333333333 0.017535 0.016513333333333335
2 0.31399 0.68557 0.0118375 0.022973333333333335
2 0.3720375 0.7081433333333332 0.014164999999999999 0.019456666666666667
2 0.1876 0.4170933333333333 0.01806 0.0189
2 0.2970075 0.43100333333333335 0.01253 0.020466666666666668
2 0.23886000000000002 0.00941 0.0209125 0.01882
2 0.17745249999999999 0.10826333333333334 0.0277625 0.036449999999999996
2 0.1571525 0.03222 0.018085 0.019303333333333332
2 0.3486 0.19336333333333333 0.0118925 0.016766666666666666
2 0.5022175 0.208 0.0180225 0.02583