2 0.6286833333333333 0.116175 0.054683333333333334 0.08234999999999999
2 0.8614999999999999 0.126475 0.05756666666666666 0.08234999999999999
2 0.8766833333333334 0.25515 0.0409 0.06912499999999999
2 0.97665 0.09045 0.0467 0.083825
2 0.5767166666666667 0.391175 0.05078333333333333 0.08234999999999999
2 0.5772166666666666 0.486775 0.05371666666666666 0.088225
2 0.6478 0.244125 0.04781666666666667 0.0706
2 0.5938833333333333 0.253675 0.04195 0.075
2 0.8404166666666667 0.538975 0.0664 0.10147500000000001
2 0.9237333333333333 0.74045 0.04285 0.075
2 0.7845500000000001 0.8014749999999999 0.03896666666666666 0.0706
2 0.8218 0.7897 0.043383333333333336 0.0706
2 0.7757166666666667 0.711025 0.0375 0.054400000000000004
2 0.6865166666666667 0.98015 0.050749999999999997 0.0397
2 0.6291666666666667 0.918375 0.028216666666666668 0.057350000000000005
2 0.5796666666666667 0.866175 0.023333333333333334 0.041174999999999996
2 0.8232666666666666 0.131625 0.039933333333333335 0.083825
2 0.7884666666666666 0.054400000000000004 0.035050000000000005 0.04705
2 0.6703666666666667 0.32015 0.0463 0.0625
2 0.7763833333333333 0.3493 0.03426666666666667 0.048600000000000004
2 0.76435 0.40972499999999995 0.03796666666666667 0.05