2 0.18655750000000001 0.3018133333333334 0.0244075 0.028329999999999998
2 0.2220975 0.5714833333333333 0.02521 0.02724
2 0.18247 0.6608266666666667 0.027677499999999997 0.02942
2 0.218425 0.6684533333333333 0.02953 0.03377666666666666
2 0.3765175 0.3998733333333333 0.0169825 0.023969999999999998
2 0.28827749999999996 0.56658 0.0219175 0.02179
2 0.39040499999999995 0.5186366666666667 0.02188 0.02615
2 0.500375 0.39518666666666663 0.026535 0.029646666666666665
2 0.5351875 0.41924 0.023192499999999998 0.02629
2 0.5236475 0.36190333333333335 0.019175 0.0179
2 0.308505 0.7725866666666668 0.0105275 0.019266666666666665
2 0.36003250000000003 0.7344833333333333 0.0166075 0.021836666666666667
2 0.34655 0.79207 0.008265 0.010276666666666667
2 0.2869275 0.9640133333333333 0.026245 0.03619666666666667
2 0.5985199999999999 0.85093 0.01764 0.02363