1 0.5345833333333333 0.514375 0.034166666666666665 0.05625
1 0.47125 0.560625 0.024166666666666666 0.03875
1 0.49041666666666667 0.58125 0.025833333333333333 0.0375
1 0.5166666666666667 0.589375 0.023333333333333334 0.03875
2 0.7301766666666667 0.13849250000000002 0.009103333333333333 0.013654999999999999
2 0.7747166666666667 0.004877500000000001 0.009753333333333334 0.009752499999999999
2 0.7935716666666667 0.00512 0.011053333333333332 0.01024
2 0.80235 0.00439 0.008453333333333334 0.0087775
2 0.7789433333333333 0.0199925 0.009753333333333334 0.01268
2 0.7878833333333334 0.0217 0.008128333333333335 0.0141425
2 0.7912966666666666 0.028285 0.008453333333333334 0.013654999999999999
2 0.8260816666666666 0.0180425 0.007801666666666667 0.011702500000000001
2 0.8343716666666666 0.020725 0.006826666666666667 0.0121925
2 0.8847633333333333 0.07461 0.008778333333333334 0.01268
2 0.7617116666666668 0.1811625 0.008453333333333334 0.0131675
1 0.7758533333333333 0.1882325 0.007476666666666666 0.013654999999999999
1 0.7865816666666666 0.1862825 0.010078333333333333 0.015605
1 0.79666 0.17848 0.008778333333333334 0.01268
1 0.8095016666666667 0.165315 0.008453333333333334 0.011702500000000001
2 0.7664266666666667 0.2601625 0.009428333333333334 0.0121925
2 0.7261133333333334 0.2287075 0.008128333333333335 0.013654999999999999
2 0.803325 0.2145675 0.007801666666666667 0.009752499999999999
2 0.8413616666666667 0.2031075 0.008453333333333334 0.0131675
1 0.7527716666666667 0.27332999999999996 0.008778333333333334 0.01024
1 0.7031933333333333 0.3223375 0.008453333333333334 0.009752499999999999
1 0.7573233333333332 0.334285 0.006826666666666667 0.01024
1 0.7498466666666667 0.343795 0.006826666666666667 0.0087775
1 0.7231883333333333 0.353305 0.007476666666666666 0.01024
1 0.73294 0.26577 0.007476666666666666 0.0087775
1 0.13119333333333333 0.1764325 0.01131 0.0147025
1 0.134775 0.2027275 0.010178333333333333 0.011875
1 0.146085 0.20244499999999999 0.010178333333333333 0.01244
1 0.35625666666666667 0.193115 0.006031666666666666 0.0073525
2 0.19000333333333333 0.16257749999999999 0.01131 0.01753
2 0.3807616666666667 0.14533000000000001 0.01131 0.0158325
2 0.3817033333333333 0.177845 0.010933333333333333 0.014137499999999999
2 0.4096016666666667 0.25758 0.007916666666666667 0.011875
2 0.416765 0.235525 0.007916666666666667 0.013005000000000001