2 0.49256535947712415 0.4927696078431373 0.01343137254901961 0.016715686274509804
2 0.5285130718954248 0.5354656862745099 0.014558823529411765 0.01607843137254902
2 0.49645424836601304 0.4582352941176471 0.012598039215686275 0.017941176470588235
2 0.47893790849673207 0.4572303921568628 0.011993464052287581 0.01735294117647059
2 0.47374183006535947 0.4036519607843137 0.010212418300653595 0.016323529411764705
2 0.4516339869281045 0.32443627450980395 0.01272875816993464 0.01566176470588235
2 0.20738562091503268 0.3431372549019608 0.009068627450980391 0.012867647058823529
2 0.22034313725490196 0.3322058823529412 0.010114379084967321 0.012549019607843137
2 0.2470098039215686 0.30855392156862743 0.008937908496732025 0.016862745098039214
2 0.24901960784313726 0.3304901960784314 0.010114379084967321 0.013406862745098039
2 0.277859477124183 0.2880637254901961 0.013284313725490198 0.01607843137254902
2 0.3143300653594771 0.2600735294117647 0.01165032679738562 0.016004901960784315
2 0.3622875816993464 0.2468627450980392 0.014820261437908497 0.025441176470588238
2 0.3516830065359477 0.23276960784313724 0.010816993464052288 0.015857843137254902
2 0.43099673202614375 0.2825735294117647 0.016486928104575162 0.017965686274509805
2 0.5044444444444445 0.2754656862745098 0.010408496732026144 0.015220588235294118
2 0.3223202614379085 0.3103676470588235 0.011862745098039215 0.014926470588235295
2 0.3075816993464052 0.34044117647058825 0.009967320261437908 0.015024509803921568
2 0.3322058823529412 0.32705882352941174 0.010915032679738562 0.017279411764705883
2 0.2937091503267974 0.2786764705882353 0.013039215686274511 0.013872549019607843
2 0.30400326797385624 0.2283088235294118 0.011830065359477124 0.018431372549019606
2 0.16362745098039216 0.3734558823529412 0.009444444444444445 0.013823529411764705
2 0.2029248366013072 0.36504901960784314 0.01130718954248366 0.013823529411764705
2 0.2137581699346405 0.35142156862745094 0.010016339869281046 0.015122549019607842
2 0.22580065359477125 0.36252450980392154 0.008333333333333333 0.010441176470588235
2 0.5191830065359477 0.09392156862745098 0.010898692810457517 0.013700980392156862
2 0.5536274509803921 0.14607843137254903 0.01184640522875817 0.01855392156862745
2 0.5436111111111112 0.2091421568627451 0.012042483660130719 0.014852941176470588
2 0.5288071895424836 0.24504901960784314 0.010751633986928105 0.011446078431372549
2 0.611421568627451 0.2128921568627451 0.010980392156862745 0.015073529411764706
2 0.20088235294117646 0.11019607843137255 0.013251633986928104 0.01713235294117647
2 0.18563725490196079 0.09095588235294118 0.014313725490196078 0.012598039215686275
2 0.7118464052287581 0.45595588235294116 0.010718954248366013 0.013627450980392156
2 0.7226797385620914 0.4318872549019608 0.008153594771241831 0.01213235294117647
2 0.6701307189542484 0.5594117647058824 0.00892156862745098 0.015024509803921568