1 0.77683 0.6767166666666667 0.0763225 0.09111
1 0.161395 0.6353633333333333 0.030627500000000002 0.03755
1 0.19663999999999998 0.7244133333333332 0.033975 0.04492666666666667
1 0.23259 0.7485 0.039345 0.02974
1 0.34003500000000003 0.7752333333333332 0.024079999999999997 0.03413666666666666
1 0.4181925 0.7778333333333334 0.0211225 0.028933333333333332
1 0.5517575 0.60792 0.0181125 0.024303333333333333
1 0.37570749999999997 0.46876 0.040775 0.03954333333333333
1 0.41706 0.36830666666666667 0.05321 0.0739
1 0.48865 0.37176 0.02931 0.03292333333333333
1 0.513845 0.38132 0.0296025 0.03540333333333333
1 0.455675 0.48711999999999994 0.0299375 0.038786666666666664
1 0.637085 0.3445533333333334 0.0263725 0.03434333333333334
1 0.662385 0.6296966666666667 0.018785 0.024829999999999998
1 0.5532849999999999 0.5162366666666667 0.027377500000000003 0.037053333333333334
1 0.3226275 0.5287466666666667 0.0315075 0.04626
1 0.27870999999999996 0.5572933333333334 0.0377925 0.043070000000000004
1 0.32059 0.6868333333333333 0.0207575 0.027433333333333334
1 0.29041500000000003 0.70287 0.0130325 0.016023333333333334
1 0.5005149999999999 0.7523233333333332 0.017445 0.024016666666666665
1 0.498255 0.5780233333333333 0.02117 0.027136666666666667
1 0.1415 0.7274833333333333 0.0138825 0.016833333333333332
1 0.2802675 0.7042166666666667 0.0093125 0.01575666666666667
1 0.06122 0.08267666666666666 0.048487499999999996 0.057659999999999996
2 0.12288249999999999 0.06282333333333333 0.053457500000000005 0.07097333333333333
2 0.2840875 0.15374666666666667 0.0539375 0.06471333333333333
2 0.4706125 0.04727666666666667 0.032155 0.04998
2 0.6389625 0.17354999999999998 0.026095 0.03614333333333333
2 0.610595 0.28963666666666665 0.0242775 0.0335
2 0.4961175 0.33826666666666666 0.031085 0.03608
2 0.6901775 0.4619633333333334 0.02816 0.03981333333333333
1 0.7059075 0.38050666666666666 0.017075 0.03598666666666667
2 0.624435 0.81994 0.0214775 0.024589999999999997
2 0.35660250000000004 0.6292433333333334 0.0585275 0.06900666666666667
1 0.19905 0.89881 0.0222925 0.031026666666666668
2 0.22517250000000003 0.9080833333333334 0.0193875 0.02273
2 0.2495625 0.81718 0.0216475 0.02528
2 0.136805 0.30598333333333333 0.0416975 0.04997
1 0.051185 0.25100666666666666 0.034225 0.038489999999999996
1 0.0650675 0.2901433333333333 0.029235 0.030276666666666667
2 0.060965000000000005 0.4406733333333333 0.012975 0.014816666666666667
2 0.17390250000000002 0.39292666666666665 0.0156575 0.01679
2 0.1278125 0.5881 0.013275 0.014873333333333332
1 0.1209625 0.64476 0.012205 0.017496666666666667
1 0.11846999999999999 0.6804733333333334 0.0130875 0.015526666666666666
2 0.9211699999999999 0.5761133333333333 0.05875 0.06938
1 0.7029924999999999 0.7134633333333333 0.012525 0.01937
1 0.52852 0.4794066666666667 0.0270575 0.03750666666666667
1 0.5464475 0.43718666666666667 0.025355 0.03384
2 0.40368 0.5052166666666666 0.040955 0.05197333333333333
2 0.43637 0.28225 0.0269225 0.047060000000000005
1 0.337335 0.3044266666666667 0.0420925 0.05264