2 0.36284 0.165435 0.04533 0.03556
2 0.5269566666666666 0.12964250000000002 0.053566666666666665 0.03897
2 0.6944833333333332 0.062825 0.051949999999999996 0.045337499999999996
2 0.75616 0.033735 0.055909999999999994 0.0467025
2 0.73343 0.2230475 0.04984 0.040784999999999995
2 0.6897866666666667 0.24622999999999998 0.04922333333333333 0.0421475
2 0.8259433333333334 0.50043 0.06487333333333334 0.040545000000000005
2 0.9359633333333333 0.42310000000000003 0.07824333333333333 0.06339
2 0.9767533333333334 0.5983825 0.04649 0.05145
2 0.39049666666666666 0.6540625 0.05064333333333334 0.0378125
2 0.2135 0.5835525 0.04998333333333333 0.0242925
2 0.08658666666666666 0.51719 0.04615333333333334 0.0365675
2 0.24608 0.6564500000000001 0.04847666666666667 0.037585
2 0.4408066666666667 0.6453125 0.037930000000000005 0.0303125
2 0.47164666666666666 0.580995 0.04294 0.03168
2 0.5011966666666666 0.42275999999999997 0.03537333333333333 0.0277075
2 0.4083333333333333 0.76991 0.04571666666666667 0.035195
2 0.33365666666666666 0.7671475 0.04396666666666667 0.032534999999999994
2 0.25361333333333336 0.770695 0.040209999999999996 0.0295325
2 0.04329 0.61919 0.020303333333333333 0.014525
2 0.01471 0.5522425 0.019203333333333333 0.0187575
2 0.031093333333333334 0.432505 0.03195 0.0180125
2 0.34598333333333336 0.366065 0.03513 0.024765000000000002
2 0.33315 0.464645 0.033486666666666665 0.0282425
2 0.49615000000000004 0.490305 0.03517666666666667 0.0315175
2 0.58418 0.71402 0.023056666666666666 0.0135
2 0.5020133333333333 0.834955 0.02288 0.016642499999999998
2 0.42866 0.8206575 0.020309999999999998 0.016575
2 0.4209233333333333 0.84178 0.024856666666666666 0.0152775
2 0.2668433333333333 0.9210475 0.028996666666666664 0.019162500000000002
2 0.25487666666666664 0.9408375 0.03108666666666667 0.0287175
2 0.24099666666666666 0.9722649999999999 0.033356666666666666 0.0300125
2 0.16432 0.8688049999999999 0.030146666666666665 0.02128
2 0.09356 0.817485 0.01875 0.014732499999999999
2 0.07667666666666667 0.8842625000000001 0.027026666666666668 0.0176625
2 0.012063333333333332 0.8415075000000001 0.024126666666666664 0.0183
2 0.08746333333333332 0.9591625 0.034583333333333334 0.024825
2 0.058886666666666664 0.97561 0.033479999999999996 0.02469
2 0.013066666666666667 0.9883875000000001 0.02613 0.0232225
2 0.09927333333333332 0.6749149999999999 0.036180000000000004 0.0313825
2 0.9555133333333333 0.7557125 0.05578666666666667 0.0357075