2 0.45323 0.4604375 0.049025 0.07181
2 0.48399499999999995 0.58285 0.04942166666666666 0.07906999999999999
2 0.8240366666666668 0.549025 0.030823333333333335 0.037935
2 0.46038833333333334 0.1602575 0.023275 0.0356375
2 0.7190783333333334 0.5776125 0.03140166666666667 0.038125
2 0.5453716666666667 0.0238125 0.026048333333333333 0.0349225
2 0.9676133333333334 0.5848150000000001 0.032605 0.03434
2 0.8776016666666666 0.21080500000000002 0.022873333333333336 0.024175000000000002
2 0.45356 0.2909775 0.023656666666666666 0.029185
2 0.8386966666666668 0.07342749999999999 0.050865 0.047450000000000006
2 0.56516 0.224515 0.025593333333333333 0.036047499999999996
1 0.47463000000000005 0.2784975 0.011738333333333335 0.0201625