0 0.30375 0.30238578680203043 0.12140625 0.16741116751269033
0 0.58984375 0.09593908629441623 0.1442578125 0.17649746192893404
0 0.310859375 0.05822335025380711 0.11609375 0.11639593908629442
0 0.2257421875 0.6678680203045685 0.1020703125 0.17187817258883248
0 0.354921875 0.6952791878172588 0.074140625 0.12233502538071067
0 0.4942578125 0.6657868020304568 0.1044921875 0.16451776649746191
0 0.5508203125 0.5831979695431472 0.09796875 0.11040609137055837
0 0.726015625 0.6232994923857869 0.040625 0.044670050761421325
0 0.7822265625 0.7054314720812183 0.0740234375 0.10517766497461928
0 0.825234375 0.21705583756345176 0.0975 0.1649746192893401
2 0.6087109375 0.3725888324873097 0.255234375 0.3586294416243655
0 0.09140625 0.5821827411167513 0.0776171875 0.12111675126903552
0 0.1994921875 0.22279187817258883 0.076875 0.09588832487309645
0 0.8973046875 0.880761421319797 0.0487890625 0.048832487309644665
0 0.79421875 0.6261928934010152 0.057421875 0.05045685279187817
0 0.7453125 0.26137055837563455 0.0353125 0.05045685279187817
0 0.9372265625 0.045888324873096444 0.113125 0.09177664974619289
0 0.331640625 0.18203045685279187 0.098671875 0.1081725888324873
0 0.28671875 0.736243654822335 0.0884765625 0.12604060913705584