2 0.71268 0.4494011976047904 0.011890000000000001 0.01847305389221557
2 0.7208 0.4594461077844312 0.01041 0.01470059880239521
2 0.72861 0.4484431137724551 0.011890000000000001 0.019955089820359283
2 0.61846 0.5189670658682635 0.01908 0.025598802395209584
2 0.6093 0.6093862275449101 0.02596 0.03336826347305389
2 0.58528 0.6130239520958084 0.019420000000000003 0.025104790419161676
2 0.54871 0.6591616766467066 0.02854 0.03973053892215569
2 0.5613400000000001 0.6711377245508982 0.020300000000000002 0.03061377245508982
2 0.57086 0.7165718562874251 0.01726 0.03585329341317365
2 0.56623 0.4192814371257485 0.01911 0.03031437125748503
2 0.5431 0.5308982035928144 0.02696 0.035029940119760475
2 0.51224 0.5546556886227545 0.026010000000000002 0.03592814371257485
2 0.65912 0.3913922155688623 0.01592 0.02558383233532934
2 0.61627 0.333877245508982 0.01494 0.021781437125748503
2 0.6781699999999999 0.34627245508982035 0.00882 0.01190119760479042
2 0.58814 0.45402694610778443 0.01478 0.02437125748502994
2 0.51136 0.653308383233533 0.01758 0.030224550898203594
2 0.49193000000000003 0.6587275449101796 0.01872 0.024431137724550897
2 0.46799 0.6881586826347306 0.023469999999999998 0.031137724550898204
2 0.44842000000000004 0.7119011976047904 0.02286 0.03205089820359282
2 0.48552999999999996 0.7596407185628743 0.028149999999999998 0.03543413173652695
2 0.56971 0.7954940119760479 0.01273 0.027275449101796405
2 0.58163 0.7987125748502993 0.013810000000000001 0.019520958083832335
2 0.5836 0.7883532934131736 0.01459 0.016332335329341318
2 0.697 0.8215269461077844 0.01833 0.027200598802395212
2 0.73664 0.8389520958083831 0.02126 0.027664670658682635
2 0.6931 0.8669610778443114 0.01941 0.02711077844311377
2 0.71794 0.8809131736526947 0.01351 0.01838323353293413
2 0.65291 0.8501197604790419 0.01758 0.024491017964071854
2 0.6040800000000001 0.8463622754491018 0.02293 0.02696107784431138
2 0.6567000000000001 0.9174401197604791 0.014039999999999999 0.02600299401197605
2 0.67189 0.9259730538922155 0.01634 0.0212874251497006
2 0.68496 0.9165119760479042 0.02018 0.020808383233532936
2 0.6639400000000001 0.9424850299401198 0.013710000000000002 0.01729041916167665
2 0.6049500000000001 0.9132784431137725 0.01579 0.023233532934131735
2 0.59001 0.8845359281437126 0.01333 0.021212574850299402
2 0.60364 0.8808832335329341 0.01168 0.01944610778443114
2 0.5729299999999999 0.911497005988024 0.019190000000000002 0.031856287425149704
2 0.58715 0.915808383233533 0.01463 0.027200598802395212
2 0.52212 0.8920508982035928 0.01167 0.016272455089820358
2 0.47256 0.8812125748502994 0.01779 0.02787425149700599
2 0.49352999999999997 0.8902395209580838 0.018969999999999997 0.02595808383233533
2 0.5014700000000001 0.9082634730538922 0.01778 0.021197604790419163
2 0.52311 0.970314371257485 0.0144 0.024146706586826345
2 0.53525 0.9634580838323353 0.01393 0.020628742514970058
2 0.55449 0.9540119760479041 0.01565 0.021467065868263472
2 0.52795 0.9460179640718563 0.011470000000000001 0.013248502994011976
2 0.50413 0.9763473053892217 0.01126 0.015119760479041915
2 0.46168 0.9904940119760479 0.03012 0.01901197604790419
2 0.606 0.9780838323353294 0.023809999999999998 0.03080838323353293
2 0.6259199999999999 0.9941017964071855 0.0275 0.011796407185628742
2 0.49063999999999997 0.7977694610778443 0.02071 0.02676646706586826
2 0.47833 0.8180988023952096 0.02078 0.028128742514970058
2 0.45285000000000003 0.8551047904191618 0.01769 0.022410179640718564
2 0.43782 0.8205688622754491 0.02241 0.02844311377245509
2 0.41448 0.8092215568862274 0.023559999999999998 0.03118263473053892
2 0.43554000000000004 0.7839520958083832 0.019350000000000003 0.029176646706586824
2 0.45679000000000003 0.7714221556886227 0.02247 0.03531437125748503
2 0.39115 0.8060928143712576 0.0232 0.03532934131736527
2 0.38132 0.8839970059880239 0.02671 0.03396706586826347
2 0.39525 0.9577994011976048 0.028329999999999998 0.042904191616766466
2 0.33888999999999997 0.7999999999999999 0.018269999999999998 0.025449101796407185
2 0.26344999999999996 0.7884281437125747 0.02176 0.02655688622754491
2 0.23762 0.7158832335329341 0.01797 0.03401197604790419
2 0.25076 0.7190868263473055 0.02445 0.03122754491017964
2 0.26829000000000003 0.6369011976047904 0.019100000000000002 0.02281437125748503
2 0.27659 0.6122155688622755 0.01794 0.01965568862275449
2 0.48058999999999996 0.5840119760479042 0.02993 0.03491017964071856
2 0.43341 0.556122754491018 0.027440000000000003 0.039206586826347305
2 0.47362 0.6080389221556887 0.02141 0.03097305389221557
2 0.38314 0.4369760479041916 0.02339 0.03898203592814371
2 0.39856 0.3954041916167665 0.01641 0.028637724550898202
2 0.43376 0.392559880239521 0.0127 0.020643712574850297
2 0.43092 0.4238922155688623 0.016280000000000003 0.022065868263473055
2 0.48236 0.3801197604790419 0.01727 0.02348802395209581
2 0.48915 0.36070359281437125 0.01772 0.01817365269461078
2 0.48101 0.4907634730538922 0.01225 0.021766467065868263
2 0.44309 0.2726796407185629 0.01669 0.025868263473053894
2 0.48613999999999996 0.27399700598802396 0.02252 0.02848802395209581
2 0.46288 0.28339820359281437 0.0115 0.014940119760479043
2 0.42312 0.3083682634730539 0.013810000000000001 0.017514970059880237
2 0.5904299999999999 0.3409730538922156 0.011869999999999999 0.012215568862275449
2 0.40238999999999997 0.6276347305389222 0.018969999999999997 0.025733532934131737
2 0.31785 0.5334131736526946 0.01681 0.026302395209580838
2 0.34251 0.5547754491017963 0.019059999999999997 0.025793413173652694
2 0.33653 0.5820059880239521 0.01351 0.01938622754491018
2 0.34320999999999996 0.4982934131736527 0.019739999999999997 0.02726047904191617
2 0.31764 0.5064071856287424 0.020030000000000003 0.023278443113772456
2 0.29099 0.471062874251497 0.02134 0.025718562874251498
2 0.24214 0.49582335329341315 0.02262 0.02519461077844311
2 0.30519 0.4497455089820359 0.01825 0.02348802395209581
2 0.33767 0.4780389221556886 0.01638 0.018517964071856286
2 0.31439 0.47782934131736526 0.01738 0.027694610778443114
2 0.22931 0.4284730538922156 0.02366 0.027200598802395212
2 0.21550999999999998 0.4432485029940119 0.015619999999999998 0.023008982035928143
2 0.18017 0.5228892215568862 0.02318 0.026437125748502995
2 0.07635 0.4974550898203593 0.02457 0.02655688622754491
2 0.12654 0.5756736526946108 0.023420000000000003 0.02616766467065868
2 0.09148 0.5837874251497006 0.01757 0.022185628742514972
2 0.11889 0.6539970059880239 0.023530000000000002 0.03658682634730539
2 0.14464 0.6650598802395209 0.0217 0.03369760479041917
2 0.15922999999999998 0.6802994011976048 0.0256 0.029146706586826346
2 0.12856 0.6886377245508982 0.028730000000000002 0.03465568862275449
2 0.15672999999999998 0.7669610778443114 0.02146 0.025838323353293415
2 0.174 0.7500748502994012 0.016149999999999998 0.03248502994011976
2 0.16436 0.8084580838323353 0.02257 0.024176646706586823
2 0.20571 0.7448952095808383 0.02109 0.028847305389221558
2 0.26542 0.5707035928143713 0.0197 0.022964071856287425
2 0.26782 0.583937125748503 0.016649999999999998 0.01311377245508982
2 0.27087 0.5510329341317365 0.01581 0.022095808383233533
2 0.28824 0.546497005988024 0.01263 0.01977544910179641
2 0.29157 0.5598652694610778 0.01156 0.01218562874251497
2 0.06641 0.692125748502994 0.02205 0.029146706586826346
2 0.09567 0.7466017964071856 0.027219999999999998 0.0312874251497006
2 0.06185 0.7655538922155688 0.020640000000000002 0.023997005988023953
2 0.05518 0.7887275449101796 0.024640000000000002 0.03187125748502994
2 0.05862 0.8241167664670659 0.02768 0.037200598802395214
2 0.07665999999999999 0.8164970059880239 0.02199 0.03929640718562874
2 0.04213 0.847005988023952 0.019760000000000003 0.028158682634730536
2 0.07508 0.8692215568862275 0.023969999999999998 0.03794910179640719
2 0.09598999999999999 0.8806137724550899 0.020149999999999998 0.03091317365269461
2 0.1026 0.9089221556886227 0.02896 0.03465568862275449
2 0.19488999999999998 0.9024101796407185 0.02195 0.027365269461077847
2 0.18975 0.9204491017964072 0.0258 0.029760479041916168
2 0.20903 0.9850149700598803 0.0258 0.029985029940119763
2 0.18852000000000002 0.9871706586826346 0.019489999999999997 0.0256437125748503
2 0.17131 0.9958383233532935 0.01592 0.008338323353293414
2 0.08443 0.7718113772455091 0.01439 0.024955089820359284
2 0.07227 0.5622155688622754 0.01955 0.024955089820359284
2 0.05068 0.5655538922155688 0.01756 0.020748502994011975
2 0.04715 0.5452694610778444 0.01473 0.020089820359281436
2 0.03184 0.5579790419161677 0.02166 0.030104790419161677
2 0.0583 0.43447604790419164 0.01764 0.026107784431137728
2 0.09132 0.3977694610778443 0.011619999999999998 0.017080838323353293
2 0.06365 0.36853293413173654 0.0185 0.014550898203592816
2 0.17381 0.3423802395209581 0.015470000000000001 0.01964071856287425
2 0.2209 0.32583832335329344 0.02426 0.034595808383233534
2 0.2422 0.31423652694610776 0.020210000000000002 0.023173652694610778
2 0.24373 0.3284580838323353 0.02579 0.02092814371257485
2 0.24874000000000002 0.29164670658682634 0.01815 0.0287874251497006
2 0.27044999999999997 0.3001197604790419 0.020989999999999998 0.03574850299401197
2 0.15331 0.25925149700598804 0.02232 0.029281437125748502
2 0.19181 0.29263473053892214 0.01635 0.023502994011976048
2 0.25766 0.1918562874251497 0.019030000000000002 0.021437125748502994
2 0.28954 0.27967065868263474 0.018600000000000002 0.023877245508982035
2 0.03408 0.25766467065868265 0.019489999999999997 0.027020958083832338
2 0.017070000000000002 0.19260479041916168 0.01332 0.021122754491017963
2 0.14254 0.17305389221556886 0.0135 0.026437125748502995
2 0.15838 0.1622305389221557 0.02036 0.027455089820359282
2 0.15396 0.18911676646706588 0.02259 0.026437125748502995
2 0.17603 0.20122754491017963 0.0181 0.031092814371257483
2 0.12175 0.23139221556886228 0.02038 0.03339820359281437
2 0.12249 0.2090269461077844 0.019440000000000002 0.029491017964071855