1 0.034935 0.054485 0.023598333333333332 0.031232500000000003
1 0.09185 0.0138825 0.021748333333333335 0.0277625
1 0.11383 0.08918999999999999 0.02406166666666667 0.031232500000000003
1 0.06293 0.1238925 0.025911666666666666 0.04234
1 0.10203 0.13673500000000002 0.025449999999999997 0.034705
1 0.42015 0.029845 0.03239 0.045810000000000003
1 0.28850666666666663 0.0805125 0.034703333333333336 0.041645
1 0.48608833333333334 0.0506675 0.041181666666666665 0.0694075
1 0.560585 0.046502499999999995 0.048584999999999996 0.0694075
1 0.49372333333333335 0.127365 0.04072 0.046502499999999995
1 0.39770833333333333 0.233905 0.036555000000000004 0.0624675
1 0.49349166666666666 0.1860125 0.028226666666666667 0.047197499999999996
1 0.5189416666666666 0.2103075 0.03285333333333333 0.047197499999999996
1 0.5330533333333334 0.17699 0.03054 0.045810000000000003
1 0.5207916666666667 0.24987 0.03285333333333333 0.041645
1 0.49765499999999996 0.3210125 0.033778333333333334 0.0589975
1 0.5194033333333333 0.3005375 0.025449999999999997 0.0360925
1 0.5749299999999999 0.30019 0.016195 0.029845
1 0.5858033333333333 0.30262 0.01850833333333333 0.0291525
1 0.592745 0.265485 0.019435 0.032622500000000006
1 0.6033866666666667 0.2130825 0.04257 0.0694075
1 0.6436433333333333 0.49245 0.044421666666666665 0.067325
1 0.62097 0.58511 0.04812333333333334 0.070795
1 0.14182333333333333 0.51015 0.041181666666666665 0.048585
1 0.12100166666666666 0.5771275 0.04303333333333333 0.0659375
1 0.18809666666666666 0.45705250000000003 0.05599 0.07843000000000001
1 0.28318499999999996 0.5295825 0.05275 0.0735725
1 0.23367333333333332 0.4664225 0.04072 0.05275
1 0.04557833333333334 0.8158925 0.041181666666666665 0.0576075
1 0.14668166666666668 0.7690425000000001 0.04257 0.05969
1 0.13974166666666668 0.9578325 0.03239 0.048585
1 0.26328833333333335 0.9768325 0.03979333333333333 0.046332500000000006
1 0.23876333333333333 0.7496075 0.047196666666666665 0.06802
1 0.24339166666666665 0.6000325000000001 0.03886833333333334 0.0617725
1 0.26722166666666664 0.624325 0.04210833333333333 0.06455
1 0.30585833333333334 0.6340425000000001 0.041645 0.0617725
1 0.2792516666666667 0.7284375 0.04303333333333333 0.0631625
1 0.31627 0.6958150000000001 0.04025666666666666 0.0576075
1 0.6487333333333334 0.2148175 0.054601666666666666 0.0728775
1 0.7040283333333334 0.1644975 0.021748333333333335 0.0277625
1 0.7875500000000001 0.1006425 0.029613333333333335 0.0430325
1 0.8123049999999999 0.0624675 0.024525 0.0402575
1 0.90832 0.08814749999999999 0.03886833333333334 0.048585
1 0.8007383333333333 0.1433275 0.028226666666666667 0.0395625
1 0.8178583333333332 0.15131 0.022673333333333334 0.0402575
1 0.8268816666666666 0.19295500000000002 0.026838333333333332 0.04442
1 0.8509433333333333 0.215165 0.028688333333333333 0.0388675
1 0.832665 0.23321 0.030076666666666668 0.045810000000000003
1 0.749375 0.6083624999999999 0.026375 0.03401
1 0.7380383333333332 0.716985 0.03239 0.045810000000000003
1 0.6228216666666666 0.9085525 0.03424166666666666 0.0430325
1 0.6505850000000001 0.8884225 0.03424166666666666 0.0555275
1 0.68714 0.85962 0.044421666666666665 0.068715
1 0.7695033333333334 0.8099925 0.037018333333333334 0.061079999999999995
1 0.769735 0.7634875 0.025449999999999997 0.04442
1 0.8726900000000001 0.9352725000000001 0.029613333333333335 0.0395625
1 0.7706616666666667 0.881135 0.030076666666666668 0.049280000000000004
1 0.9254416666666666 0.6645825 0.029613333333333335 0.046502499999999995
1 0.8604283333333332 0.5316649999999999 0.0273 0.04442
1 0.8914316666666667 0.4084675 0.023598333333333332 0.0367875
1 0.9152616666666666 0.4317175 0.027763333333333334 0.0388675
1 0.9925666666666666 0.49592 0.014868333333333332 0.053445
1 0.9478833333333334 0.22384 0.026375 0.04095
1 0.75354 0.33767 0.022673333333333334 0.031232500000000003
1 0.7854683333333334 0.31268250000000003 0.022673333333333334 0.029845
1 0.7799149999999999 0.237375 0.021748333333333335 0.030539999999999998