2 0.05613 0.08813852813852814 0.02995 0.06164502164502165
2 0.061630000000000004 0.16547619047619047 0.03595 0.07787878787878787
2 0.12082999999999999 0.042727272727272725 0.02444 0.04867965367965368
2 0.13857 0.06435064935064935 0.019030000000000002 0.04435064935064935
2 0.21525999999999998 0.05352813852813853 0.02442 0.04218614718614718
2 0.24399 0.017835497835497836 0.02305 0.03567099567099567
2 0.19403 0.06976190476190476 0.017929999999999998 0.03569264069264069
2 0.18253 0.09896103896103896 0.01893 0.031363636363636364
2 0.012580000000000001 0.2330735930735931 0.025160000000000002 0.05515151515151515
2 0.03165 0.4758874458874459 0.02996 0.04543290043290043
2 0.15181 0.52995670995671 0.04342 0.07354978354978355
2 0.17754 0.564025974025974 0.03602 0.052987012987012985
2 0.25373 0.49318181818181817 0.0344 0.08867965367965368
2 0.18703 0.829004329004329 0.03592 0.06164502164502165
2 0.1703 0.8847186147186148 0.02453 0.04326839826839827
2 0.28270999999999996 0.5175324675324675 0.033549999999999996 0.0767965367965368
2 0.31168 0.5348268398268399 0.03639 0.07246753246753246
2 0.26098000000000005 0.40179653679653676 0.03704 0.0767965367965368
2 0.37838 0.29634199134199135 0.02588 0.05623376623376623
2 0.44483 0.350974025974026 0.02586 0.0703030303030303
2 0.42385 0.45101731601731604 0.02687 0.05406926406926407
2 0.3519 0.31203463203463205 0.01889 0.03785714285714285
2 0.3559 0.16331168831168832 0.02189 0.04976190476190476
2 0.39737 0.16926406926406928 0.02509 0.04435064935064935
2 0.29445 0.13303030303030303 0.0229 0.0475974025974026
2 0.32393 0.02378787878787879 0.0229 0.04757575757575758
2 0.47181 0.11573593073593073 0.02386 0.0475974025974026
2 0.45308 0.2676839826839827 0.019370000000000002 0.04218614718614718
2 0.49704000000000004 0.5002164502164502 0.03135 0.06164502164502165
2 0.4963 0.5613203463203463 0.030109999999999998 0.0583982683982684
2 0.44583 0.5461904761904762 0.02087 0.04976190476190476
2 0.47331 0.47372294372294377 0.011869999999999999 0.0411038961038961
2 0.46482 0.8333333333333334 0.03186 0.06164502164502165
2 0.40961000000000003 0.24606060606060606 0.02238 0.04002164502164502
2 0.55275 0.12707792207792207 0.02084 0.04435064935064935
2 0.57624 0.14764069264069263 0.02513 0.04435064935064935
2 0.58523 0.2952597402597403 0.02613 0.04976190476190476
2 0.37389 0.1022077922077922 0.01589 0.04002164502164502
2 0.956 0.23127705627705628 0.030989999999999997 0.05285714285714286
2 0.85862 0.02577922077922078 0.02918 0.051536796536796534
2 0.90563 0.26365800865800865 0.02428 0.05948051948051948
2 0.88854 0.3 0.028210000000000002 0.05816017316017316
2 0.92792 0.31056277056277054 0.02855 0.04757575757575758
2 0.76491 0.25902597402597405 0.02859 0.05816017316017316
2 0.7768200000000001 0.29935064935064937 0.02452 0.06476190476190477
2 0.73805 0.2603463203463203 0.03123 0.07136363636363637
2 0.68341 0.24647186147186148 0.02206 0.06476190476190477
2 0.6675399999999999 0.21476190476190476 0.03655 0.07796536796536797
2 0.65166 0.15 0.03656 0.05417748917748918
2 0.63854 0.057489177489177486 0.02862 0.03569264069264069
2 0.66449 0.06608225108225109 0.033049999999999996 0.029069264069264068
2 0.72034 0.598008658008658 0.02494 0.056818181818181816
2 0.69898 0.45 0.02494 0.056818181818181816
2 0.6812699999999999 0.6931818181818182 0.026170000000000002 0.06740259740259741
2 0.6586799999999999 0.7196103896103896 0.02495 0.03833333333333334
2 0.60527 0.4526406926406927 0.02802 0.056818181818181816
2 0.73073 0.787012987012987 0.02512 0.05417748917748918
2 0.7279800000000001 0.7255627705627705 0.03306 0.06344155844155844
2 0.7072200000000001 0.7433982683982684 0.024329999999999997 0.051536796536796534
2 0.6882999999999999 0.790974025974026 0.033049999999999996 0.06476190476190477
2 0.61839 0.8702597402597403 0.02741 0.04361471861471861
2 0.80765 0.8682900432900432 0.03469 0.04493506493506494
2 0.77743 0.8755627705627705 0.02208 0.05948051948051948
2 0.92395 0.81012987012987 0.019399999999999997 0.04493506493506494
2 0.98164 0.8154112554112555 0.03007 0.03435064935064935
2 0.9776699999999999 0.5782034632034632 0.03404 0.06212121212121212
2 0.93647 0.5557359307359307 0.02884 0.05948051948051948
2 0.99254 0.49493506493506495 0.01492 0.06740259740259741
2 0.81192 0.6535281385281385 0.0298 0.06740259740259741
2 0.86198 0.5054978354978354 0.027350000000000003 0.04361471861471861
2 0.86687 0.4671861471861472 0.023940000000000003 0.04361471861471861
2 0.8650399999999999 0.5352380952380953 0.025160000000000002 0.02642857142857143
2 0.97187 0.4116666666666667 0.02366 0.051536796536796534
2 0.99651 0.4328138528138528 0.0069900000000000006 0.03569264069264069
2 0.92944 0.01850649350649351 0.02456 0.03701298701298702
2 0.65563 0.3198268398268398 0.02511 0.05816017316017316
2 0.61046 0.2445021645021645 0.02143 0.0608008658008658
2 0.48817 0.39935064935064934 0.01874 0.033463203463203466
2 0.52312 0.3287878787878788 0.016050000000000002 0.04363636363636364
2 0.2748 0.8481601731601732 0.0235 0.06982683982683982
2 0.39308 0.0982034632034632 0.01954 0.05090909090909091