2 0.0449725 0.34481666666666666 0.0221825 0.02922
2 0.2454025 0.3222433333333333 0.0305425 0.044070000000000005
2 0.5886950000000001 0.50527 0.039627499999999996 0.05679
2 0.62927 0.57148 0.035775 0.04254333333333333
2 0.7209325 0.6586766666666667 0.0366 0.046933333333333334
2 0.5750824999999999 0.8665766666666667 0.0329425 0.05129333333333333
2 0.646515 0.9284966666666666 0.036172499999999996 0.05302
2 0.6675675 0.9275433333333334 0.0223175 0.04698
2 0.62249 0.9709 0.039167499999999994 0.05374666666666667
2 0.38897750000000003 0.8143466666666667 0.02558 0.04292666666666667
2 0.32802499999999996 0.8285866666666667 0.0327975 0.04538333333333334
2 0.2548525 0.7314033333333333 0.027585000000000002 0.04320333333333334
2 0.2574475 0.96949 0.03878 0.05293
2 0.1001125 0.7958733333333333 0.039415 0.05803
2 0.35822750000000003 0.5285333333333333 0.0256375 0.03584
2 0.059225 0.60301 0.02971 0.05067
2 0.498635 0.4103833333333334 0.028835 0.04444