2 0.0893968253968254 0.3734984984984985 0.1716031746031746 0.30405405405405406
2 0.04280423280423281 0.6681681681681682 0.0856058201058201 0.2777777777777778
2 0.2824814814814815 0.4241741741741742 0.1926904761904762 0.2852852852852853
2 0.19655555555555557 0.68506006006006 0.2013835978835979 0.29654654654654655
2 0.32615608465608464 0.9016516516516516 0.14853174603174604 0.1966966966966967
2 0.31029100529100534 0.11073573573573574 0.19613492063492063 0.22147147147147148
2 0.48883068783068784 0.3622372372372372 0.21471693121693122 0.25900900900900903
2 0.5695026455026454 0.12387387387387387 0.19623280423280423 0.22522522522522523
2 0.6858835978835979 0.33783783783783783 0.20685449735449735 0.3078078078078078
2 0.7797804232804233 0.11073573573573574 0.20953439153439152 0.22147147147147148
2 0.8538412698412698 0.549924924924925 0.20956349206349206 0.30405405405405406
2 0.6157883597883598 0.6719219219219219 0.17773280423280424 0.2627627627627628
2 0.4306031746031746 0.6512762762762763 0.18205555555555555 0.28153153153153154
2 0.5483333333333333 0.9298048048048048 0.10100264550264551 0.1403903903903904
2 0.7136507936507936 0.896021021021021 0.15132010582010583 0.20795795795795796