2 0.7393825 0.65561 0.0680075 0.03785666666666666
2 0.3589425 0.3559 0.078315 0.05049666666666667
2 0.376065 0.7384683333333334 0.054395000000000006 0.03723666666666667
2 0.40021749999999995 0.515305 0.0402625 0.03243833333333333
2 0.579065 0.6733916666666666 0.0523475 0.03308333333333333
2 0.335295 0.18486833333333333 0.037875 0.029406666666666668
2 0.0935875 0.4988866666666667 0.0563675 0.037315
2 0.310645 0.14831666666666665 0.040465 0.032448333333333336
2 0.8726975 0.04962166666666667 0.061439999999999995 0.043195000000000004
2 0.551015 0.6471966666666666 0.037329999999999995 0.031016666666666665
2 0.6000525 0.7814333333333334 0.023497499999999998 0.01792833333333333
2 0.666265 0.4708716666666667 0.04821 0.027871666666666666
2 0.73533 0.19849333333333333 0.0487425 0.03616166666666667
2 0.65128 0.7231550000000001 0.021945 0.015636666666666667
2 0.250595 0.09218833333333333 0.039917499999999995 0.029093333333333332
2 0.30710750000000003 0.3028633333333333 0.0226675 0.022439999999999998
2 0.7659125 0.18004666666666666 0.0422175 0.030586666666666668
2 0.31682499999999997 0.596725 0.014135 0.011725
2 0.3669375 0.408025 0.0506225 0.027325