1 0.083109375 0.20702777777777778 0.125125 0.19658333333333333
1 0.151640625 0.49780555555555556 0.13348437500000002 0.20627777777777778
1 0.383359375 0.66775 0.12632812499999999 0.22588888888888886
1 0.46984375 0.5189166666666667 0.133859375 0.23538888888888887
1 0.49615625 0.6947777777777778 0.12601562500000002 0.22333333333333336
1 0.27940624999999997 0.43988888888888894 0.11695312499999999 0.18844444444444444
1 0.23907812499999997 0.18666666666666668 0.119046875 0.2016388888888889
2 0.40934375 0.2446111111111111 0.119484375 0.21944444444444444
1 0.5216093749999999 0.31375000000000003 0.07378124999999999 0.15841666666666668
1 0.5981875 0.37963888888888886 0.109453125 0.19022222222222224
1 0.569734375 0.17024999999999998 0.111234375 0.20475
1 0.66628125 0.2870833333333333 0.10192187500000001 0.19233333333333333
1 0.6973281250000001 0.07316666666666667 0.10171875 0.1463611111111111
1 0.76096875 0.5120833333333333 0.113171875 0.1628888888888889
1 0.387484375 0.8278333333333333 0.1180625 0.15536111111111112
1 0.031421875 0.5359722222222222 0.062828125 0.15530555555555556