2 0.4368916666666667 0.2007525 0.05651 0.0892325
2 0.4070416666666667 0.5125325000000001 0.06014333333333333 0.09529
2 0.5143966666666667 0.5879325 0.05152 0.0785925
1 0.07818666666666667 0.28395499999999996 0.056196666666666666 0.06896250000000001
1 0.36147333333333337 0.01402 0.04585833333333333 0.02804
2 0.20854666666666666 0.642925 0.048584999999999996 0.0669025
2 0.9591200000000001 0.3320225 0.06458 0.07737000000000001
2 0.6100483333333333 0.6132675000000001 0.038253333333333334 0.087585
2 0.6715716666666667 0.7644575 0.021301666666666667 0.0283775
2 0.6116016666666667 0.8974650000000001 0.039695 0.0668925
2 0.72859 0.3571375 0.043669999999999994 0.070325
2 0.4620316666666667 0.42821499999999996 0.03722333333333333 0.05998
2 0.310455 0.436625 0.01906666666666667 0.0318
2 0.9907250000000001 0.3661125 0.01855 0.0682775
2 0.6699016666666666 0.13844499999999998 0.025373333333333335 0.055442500000000006