2 0.40076666666666666 0.5456 0.09296666666666667 0.1206
2 0.2954 0.45439999999999997 0.0962 0.094125
2 0.3110833333333333 0.4 0.07855000000000001 0.105875
2 0.23755 0.37060000000000004 0.08418333333333333 0.11765
2 0.10521666666666667 0.18087499999999998 0.07245 0.1
2 0.17921666666666666 0.049275 0.08321666666666666 0.09852499999999999
2 0.06895 0.054400000000000004 0.08829999999999999 0.108825
2 0.05963333333333334 0.16469999999999999 0.05973333333333334 0.1
2 0.0286 0.20072500000000001 0.057216666666666666 0.09265000000000001
2 0.34635 0.7021999999999999 0.07828333333333333 0.10735
2 0.3630333333333333 0.7375 0.0668 0.086775
2 0.4189 0.66545 0.07465 0.10439999999999999
2 0.27626666666666666 0.70735 0.06751666666666667 0.09117499999999999
2 0.18755 0.756625 0.07831666666666667 0.09265000000000001
2 0.23020000000000002 0.8411750000000001 0.055983333333333336 0.07352500000000001
2 0.49095 0.4294 0.08511666666666667 0.123525
2 0.5404666666666667 0.36765000000000003 0.06684999999999999 0.108825
2 0.69925 0.538225 0.0684 0.09117499999999999
2 0.6909166666666667 0.433825 0.07329999999999999 0.09705
2 0.8600166666666667 0.35955 0.07816666666666666 0.10439999999999999
2 0.9409 0.3331 0.07576666666666666 0.10735
2 0.8580666666666668 0.301475 0.08991666666666667 0.094125
1 0.7801333333333333 0.4728 0.07131666666666667 0.10439999999999999
2 0.38705 0.94485 0.059949999999999996 0.080875