2 0.374975 0.25817999999999997 0.0272425 0.03515333333333333
2 0.2972125 0.32943 0.022565 0.02434666666666667
2 0.385885 0.3537266666666667 0.022690000000000002 0.03074
2 0.41912 0.26620333333333335 0.019535 0.021663333333333333
2 0.4377025 0.2614066666666667 0.019780000000000002 0.02614
2 0.46227999999999997 0.22870666666666667 0.0214675 0.02122
2 0.57359 0.37066666666666664 0.020445 0.022426666666666668
2 0.36102 0.48606333333333335 0.023497499999999998 0.020503333333333332
2 0.5250825 0.5093033333333333 0.032085 0.036680000000000004
2 0.5626074999999999 0.5062666666666666 0.02802 0.037636666666666665
2 0.737915 0.5390933333333333 0.029464999999999998 0.03719
2 0.443985 0.5775166666666667 0.0264 0.03194333333333333
2 0.35186 0.5828233333333334 0.016875 0.029003333333333336
2 0.4593325 0.59596 0.0292825 0.025743333333333333
2 0.2621075 0.29545333333333335 0.00932 0.01687
2 0.66672 0.6789166666666666 0.02527 0.03271666666666667
2 0.747145 0.60431 0.023662500000000003 0.02978
2 0.7706900000000001 0.62285 0.0159025 0.024663333333333332
2 0.58538 0.85774 0.02504 0.030293333333333332
2 0.49961 0.7853366666666668 0.0258275 0.03317333333333333
1 0.45546499999999995 0.7562800000000001 0.0258625 0.03247
2 0.2809975 0.8849400000000001 0.02178 0.027030000000000002
2 0.27469 0.9147 0.022879999999999998 0.028883333333333334
2 0.30291250000000003 0.8923566666666667 0.019197500000000003 0.024986666666666664
2 0.3361 0.7544899999999999 0.0180575 0.020706666666666665
2 0.377485 0.7261666666666666 0.0225775 0.03132
2 0.23396250000000002 0.9198466666666667 0.0247625 0.026513333333333337
2 0.23669749999999998 0.7399433333333333 0.015460000000000002 0.015526666666666666
2 0.26041250000000005 0.7219466666666667 0.02175 0.025946666666666666
2 0.30645 0.709 0.018887499999999998 0.021153333333333333
2 0.6464875 0.8519033333333333 0.017055 0.019853333333333334
2 0.832525 0.84375 0.018607500000000003 0.027766666666666665