2 0.3300925925925926 0.125 0.03981481481481482 0.058333333333333334
2 0.2657407407407407 0.5131944444444444 0.05185185185185185 0.05138888888888889
2 0.3675925925925926 0.7861111111111111 0.046296296296296294 0.06111111111111111
1 0.022685185185185187 0.16805555555555557 0.04537037037037037 0.07777777777777778
1 0.07175925925925926 0.20625 0.04537037037037037 0.07083333333333333
1 0.022685185185185187 0.2361111111111111 0.04351851851851852 0.06111111111111111
1 0.2101851851851852 0.3784722222222222 0.046296296296296294 0.06527777777777778
1 0.19953703703703704 0.44930555555555557 0.049074074074074076 0.06527777777777778
1 0.2625 0.46875 0.041666666666666664 0.04861111111111111
1 0.22824074074074074 0.6027777777777777 0.062037037037037036 0.08055555555555556
1 0.2898148148148148 0.66875 0.044444444444444446 0.06805555555555555
1 0.3074074074074074 0.5951388888888889 0.04814814814814815 0.05694444444444444
1 0.3287037037037037 0.65 0.044444444444444446 0.07777777777777778
1 0.37546296296296294 0.6583333333333333 0.049074074074074076 0.06944444444444445
1 0.425462962962963 0.7673611111111112 0.04351851851851852 0.059722222222222225
1 0.4546296296296296 0.65625 0.040740740740740744 0.0625
1 0.37777777777777777 0.2722222222222222 0.040740740740740744 0.058333333333333334
1 0.38333333333333336 0.3034722222222222 0.03888888888888889 0.043055555555555555
1 0.2912037037037037 0.1423611111111111 0.03796296296296296 0.05416666666666667
1 0.18564814814814815 0.02638888888888889 0.03796296296296296 0.05277777777777778
1 0.14537037037037037 0.027777777777777776 0.05 0.05555555555555555
1 0.5481481481481482 0.03680555555555556 0.046296296296296294 0.05416666666666667
1 0.6689814814814815 0.11944444444444445 0.03981481481481482 0.058333333333333334
1 0.6930555555555555 0.18055555555555555 0.03611111111111111 0.05555555555555555
1 0.7231481481481481 0.17569444444444443 0.04259259259259259 0.06527777777777778
1 0.7305555555555555 0.41388888888888886 0.07222222222222222 0.10555555555555556
1 0.762962962962963 0.5527777777777778 0.06666666666666667 0.10277777777777777
1 0.6958333333333333 0.5881944444444445 0.075 0.10694444444444444
1 0.6782407407407407 0.5180555555555556 0.08055555555555556 0.09722222222222222
1 0.737037037037037 0.6104166666666667 0.05 0.07916666666666666
1 0.6569444444444444 0.9131944444444444 0.04537037037037037 0.08472222222222223
1 0.9814814814814815 0.7361111111111112 0.037037037037037035 0.12222222222222222
1 0.9402777777777778 0.3298611111111111 0.026851851851851852 0.04861111111111111
1 0.7736111111111111 0.2604166666666667 0.03611111111111111 0.04861111111111111
1 0.5671296296296297 0.28958333333333336 0.03796296296296296 0.04583333333333333
1 0.5467592592592593 0.34652777777777777 0.03796296296296296 0.04861111111111111
1 0.4787037037037037 0.11736111111111111 0.02962962962962963 0.04583333333333333
1 0.5138888888888888 0.10069444444444445 0.024074074074074074 0.043055555555555555
1 0.4564814814814815 0.05277777777777778 0.05 0.058333333333333334