0 0.100875 0.3873333333333333 0.16003125 0.22808333333333333
0 0.15918749999999998 0.418375 0.043437500000000004 0.04654166666666667
0 0.1273125 0.45675000000000004 0.03503125 0.03679166666666667
0 0.15234375 0.081 0.048375 0.08016666666666666
0 0.591625 0.35537500000000005 0.151125 0.225
0 0.628125 0.3924583333333333 0.036625000000000005 0.04595833333333333
0 0.58440625 0.28191666666666665 0.0213125 0.03966666666666666
0 0.0570625 0.690625 0.05315625 0.05575
0 0.8165625000000001 0.2697083333333333 0.03128125 0.04083333333333334
0 0.82509375 0.22016666666666668 0.03390625 0.03791666666666667
0 0.88553125 0.285125 0.044187500000000005 0.06533333333333333
2 0.44559375 0.5052916666666667 0.34703125 0.4671666666666667
2 0.799625 0.5610416666666667 0.35365625 0.46645833333333336
2 0.62628125 0.727625 0.16271875 0.13616666666666666