2 0.245 0.436875 0.03333333333333333 0.04625
2 0.41833333333333333 0.503125 0.041666666666666664 0.04125
2 0.5158333333333334 0.454375 0.03166666666666667 0.04875
2 0.5179166666666667 0.5975 0.034166666666666665 0.05
2 0.46416666666666667 0.67375 0.03 0.0475
1 0.7620833333333333 0.453125 0.0325 0.04375
2 0.6424166666666666 0.335125 0.014833333333333334 0.02125
2 0.6301666666666667 0.379625 0.013666666666666667 0.01825
2 0.63225 0.393625 0.013166666666666667 0.01375
2 0.6844166666666667 0.311125 0.009166666666666667 0.01175
1 0.6795 0.336875 0.013666666666666667 0.01125
2 0.6188333333333333 0.31325 0.013333333333333334 0.0145
2 0.7185 0.554 0.017666666666666667 0.0185
2 0.6176666666666667 0.582875 0.011 0.01325
2 0.5784166666666667 0.560375 0.0095 0.01475
1 0.30625 0.5115 0.024833333333333332 0.0325
2 0.34641666666666665 0.4775 0.0235 0.0355
2 0.31925 0.498125 0.0175 0.03575
2 0.35875 0.482625 0.019833333333333335 0.02975
1 0.32175 0.4025 0.016166666666666666 0.036
2 0.27341666666666664 0.426875 0.022166666666666668 0.03625
2 0.364035 0.20897 0.029663333333333333 0.0509375
2 0.37579833333333335 0.1540425 0.020048333333333335 0.0251625
2 0.5619133333333334 0.249055 0.012193333333333332 0.0199925
2 0.6731533333333334 0.84241 0.014358333333333334 0.02575
2 0.6222333333333333 0.7756025 0.013541666666666667 0.022965
2 0.31386000000000003 0.7119249999999999 0.019021666666666666 0.018095
1 0.41601333333333335 0.84745 0.020008333333333333 0.035015
1 0.32138833333333333 0.7334425 0.023065 0.033765
1 0.2820666666666667 0.69155 0.026121666666666665 0.0366825