2 0.8648408710217754 0.7332871972318339 0.11815745393634842 0.22622837370242213
2 0.01698492462311558 0.06256055363321798 0.03396984924623116 0.12508650519031142
2 0.16857621440536014 0.15837370242214535 0.14567839195979898 0.3007612456747405
2 0.16921273031825795 0.4059169550173011 0.1469681742043551 0.27948096885813145
2 0.07581239530988275 0.8716955017301038 0.12760469011725295 0.22093425605536332
2 0.1492462311557789 0.9485121107266437 0.07611390284757119 0.10301038062283736
2 0.1865996649916248 0.6521107266435986 0.06581239530988274 0.09048442906574394
2 0.24070351758793967 0.8384429065743945 0.04522613065326633 0.07986159169550172
2 0.17113902847571189 0.7785467128027682 0.04519262981574539 0.07719723183391003
2 0.2271859296482412 0.9302768166089966 0.059396984924623114 0.08782006920415225
2 0.3611390284757119 0.5270242214532872 0.07711892797319933 0.18100346020761246
2 0.3862814070351759 0.636159169550173 0.05557788944723618 0.18633217993079584
2 0.49125628140703514 0.6614186851211072 0.07706867671691792 0.17301038062283736
2 0.5054271356783919 0.8104844290657439 0.07448911222780569 0.15173010380622837
2 0.5814405360134003 0.7599307958477509 0.07187604690117252 0.18366782006920415
2 0.7250921273031826 0.1437370242214533 0.09435510887772194 0.18633217993079584
2 0.8365159128978225 0.31539792387543253 0.08467336683417084 0.15173010380622837
2 0.8158961474036851 0.9431833910034602 0.08983249581239532 0.11366782006920416
2 0.6162144053601339 0.10647058823529412 0.10020100502512563 0.19162629757785468