2 0.021585 0.45877999999999997 0.020309999999999998 0.020986666666666667
2 0.055915 0.51601 0.0178725 0.02215
2 0.1221875 0.47341666666666665 0.016975 0.019046666666666667
2 0.1521425 0.47619999999999996 0.016980000000000002 0.01768
2 0.1380725 0.5045266666666667 0.0183175 0.018840000000000003
2 0.083365 0.5848766666666667 0.0181525 0.02000333333333333
2 0.044445 0.7536833333333334 0.01661 0.018896666666666666
1 0.07978 0.69777 0.016890000000000002 0.018260000000000002
1 0.11134999999999999 0.7143233333333333 0.0160275 0.018786666666666667
1 0.22824 0.6434366666666667 0.0105075 0.012270000000000001
1 0.1722 0.56519 0.0085425 0.01069
1 0.1643775 0.5836366666666667 0.007634999999999999 0.010586666666666668
2 0.18350999999999998 0.3773566666666666 0.01382 0.01652
2 0.082245 0.19031333333333336 0.014175 0.01815
1 0.097005 0.29423333333333335 0.0098825 0.01212
1 0.20901750000000002 0.4796233333333333 0.01368 0.017583333333333333
1 0.18885749999999998 0.59533 0.010642500000000001 0.013163333333333334
1 0.22769999999999999 0.5521333333333334 0.009425000000000001 0.012320000000000001
1 0.3425725 0.45591333333333334 0.014605 0.01872
2 0.2539225 0.64205 0.011585000000000002 0.012963333333333334
1 0.257905 0.6071300000000001 0.00914 0.011330000000000002
1 0.2878575 0.5256233333333333 0.0083575 0.012476666666666667
2 0.27091000000000004 0.4976133333333333 0.01072 0.01069
1 0.2623975 0.42401666666666665 0.01119 0.013886666666666665
1 0.37996749999999996 0.46019666666666664 0.0157 0.020353333333333334
1 0.4002075 0.46408666666666665 0.0154275 0.018883333333333332
1 0.24677000000000002 0.31511 0.0085475 0.009946666666666666
2 0.0415825 0.6625666666666666 0.0113575 0.018163333333333333
2 0.37776 0.56104 0.01302 0.01626
2 0.43745249999999997 0.6469600000000001 0.020555 0.026253333333333333
2 0.469655 0.60668 0.0207975 0.030086666666666668
2 0.460945 0.5445133333333333 0.022449999999999998 0.028290000000000003
2 0.3955625 0.29175666666666666 0.0139375 0.017573333333333333
1 0.4244325 0.25289666666666666 0.0153225 0.01962
1 0.5498075 0.28942 0.021565 0.034863333333333336
1 0.49878500000000003 0.29596333333333336 0.0227025 0.025983333333333334
1 0.4858375 0.35150666666666663 0.020217500000000003 0.016843333333333335
1 0.4122925 0.3651966666666666 0.015162499999999999 0.019946666666666668
1 0.649445 0.32499333333333336 0.02489 0.032023333333333334
1 0.5931425 0.20791 0.03107 0.03600333333333333
1 0.535735 0.6611199999999999 0.0142325 0.01874
1 0.5430275 0.6326666666666667 0.011474999999999999 0.011536666666666667
1 0.572135 0.52993 0.020267499999999997 0.025713333333333335
1 0.584175 0.6041566666666667 0.0174725 0.018099999999999998
1 0.69753 0.7234733333333334 0.025685 0.02437
1 0.5410375000000001 0.5619066666666667 0.0170325 0.02377333333333333
1 0.56096 0.5642433333333333 0.018082499999999998 0.0282
1 0.5435 0.5419633333333334 0.017625 0.01741
1 0.477995 0.5825566666666667 0.0201375 0.023459999999999998
2 0.68748 0.36876333333333333 0.022925 0.03170666666666667
2 0.5924725 0.25949 0.0245275 0.03164666666666666
2 0.776435 0.4430266666666666 0.0338275 0.04242666666666667
2 0.797545 0.2846633333333333 0.0372525 0.045173333333333336
1 0.8297 0.25434 0.033107500000000005 0.04081333333333333
2 0.87052 0.21641000000000002 0.0303125 0.03645333333333333
2 0.9156675 0.20558666666666667 0.0281925 0.03458666666666667
1 0.9188575 0.26485 0.031149999999999997 0.04054
1 0.972565 0.3187566666666667 0.034735 0.043379999999999995
1 0.7795725 0.53493 0.027552499999999997 0.03151
1 0.5795 0.8723766666666667 0.0210425 0.03703666666666667
1 0.6016475 0.9408733333333333 0.0265425 0.03559333333333333
1 0.6077425 0.8682266666666666 0.0216175 0.028739999999999998
1 0.65774 0.82404 0.0212075 0.02859666666666667
1 0.4673925 0.84015 0.0170325 0.021266666666666666
1 0.398 0.71088 0.0164425 0.02056
1 0.36739 0.6254033333333333 0.0112475 0.016983333333333333
1 0.3780025 0.6313666666666666 0.01256 0.020736666666666667
2 0.3811625 0.3853166666666667 0.009315 0.017756666666666667