2 0.029052287581699348 0.11022580645161291 0.051666666666666666 0.10216129032258064
2 0.03223856209150327 0.2056451612903226 0.06449346405228758 0.12635483870967743
2 0.017941176470588235 0.26748387096774195 0.035898692810457516 0.10483870967741936
2 0.017941176470588235 0.35751612903225805 0.035898692810457516 0.0967741935483871
2 0.0440359477124183 0.37232258064516127 0.03818627450980392 0.07796774193548388
2 0.013186274509803923 0.47445161290322585 0.026356209150326795 0.11558064516129031
2 0.03313725490196079 0.8655806451612903 0.046209150326797385 0.10751612903225806
2 0.0868954248366013 0.6760645161290323 0.0747875816993464 0.1532258064516129
2 0.11071895424836602 0.6102258064516128 0.07614379084967321 0.07525806451612903
2 0.1679248366013072 0.7110322580645161 0.10359477124183006 0.1693548387096774
2 0.2114705882352941 0.4449032258064516 0.0434313725490196 0.07258064516129033
2 0.2046732026143791 0.5080645161290323 0.05160130718954248 0.05912903225806451
2 0.2652450980392157 0.49732258064516127 0.052941176470588235 0.10751612903225806
2 0.23258169934640524 0.8481290322580646 0.08047385620915033 0.16396774193548386
2 0.31697712418300655 0.6854838709677419 0.08287581699346405 0.1559032258064516
2 0.43883986928104574 0.6854838709677419 0.09008169934640524 0.17203225806451614
2 0.3816666666666667 0.7970322580645162 0.0846078431372549 0.1532258064516129
2 0.6477941176470589 0.8333225806451613 0.06913398692810457 0.1559032258064516
2 0.7458169934640523 0.7473225806451612 0.0827124183006536 0.1559032258064516
2 0.7002124183006535 0.7970322580645162 0.035081699346405225 0.10483870967741936