2 0.30295 0.15372915276851234 0.04575 0.039513008672448294
2 0.26893 0.1644362908605737 0.040909999999999995 0.03212808539026017
2 0.37829 0.186711140760507 0.02684 0.02217478318879253
2 0.36017 0.19498999332888595 0.032229999999999995 0.024329553035356905
2 0.5443 0.2654169446297532 0.0228 0.018118745830553704
2 0.37124 0.2957104736490994 0.02971 0.021114076050700467
2 0.40182999999999996 0.3153635757171448 0.03707 0.02287525016677785
2 0.47895 0.29713142094729816 0.02314 0.01264843228819213
2 0.5631499999999999 0.2802801867911941 0.0135 0.009746497665110073
2 0.50541 0.3957638425617078 0.037509999999999995 0.024803202134756504
2 0.48813 0.41946631087391595 0.03842 0.02695130086724483
2 0.38977999999999996 0.3947098065376918 0.03749 0.017551701134089392
2 0.23519 0.4013075383589059 0.03971 0.02867911941294196
2 0.17573 0.38519679786524347 0.024079999999999997 0.016010673782521682
2 0.18442 0.44388925950633756 0.013710000000000002 0.00895930620413609
2 0.21791 0.48776517678452297 0.0252 0.01751834556370914
2 0.28637999999999997 0.4414609739826551 0.03264 0.01849232821881254
2 0.26424000000000003 0.4531487658438959 0.022269999999999998 0.011014009339559707
2 0.2662 0.48671114076050703 0.013890000000000001 0.01030020013342228
2 0.22169999999999998 0.4177118078719146 0.02044 0.008018679119412942
2 0.5686 0.4162108072048032 0.03286 0.020446964643095394
2 0.61654 0.4119146097398266 0.023899999999999998 0.015957304869913275
2 0.57035 0.44477651767845233 0.03637 0.02409606404269513
2 0.57845 0.46188792528352235 0.02607 0.01573048699132755
2 0.6093200000000001 0.4518812541694463 0.01871 0.013622414943295531
2 0.674 0.45237491661107404 0.0197 0.013575717144763176
2 0.51283 0.26199466310873915 0.023059999999999997 0.015396931287525015
2 0.6924600000000001 0.5253235490326885 0.02929 0.020640426951300868
2 0.71456 0.5250366911274182 0.02053 0.019006004002668445
2 0.74172 0.5545163442294864 0.02608 0.018352234823215477
2 0.78976 0.5576917945296864 0.02811 0.018539026017344896
2 0.67998 0.5545163442294864 0.02901 0.018352234823215477
2 0.6583300000000001 0.6008005336891261 0.02887 0.018358905937291527
2 0.63461 0.6084189459639759 0.02305 0.0171447631754503
2 0.5478500000000001 0.5542561707805204 0.02836 0.018865910607071382
2 0.61464 0.5363775850567044 0.02935 0.019099399599733155
2 0.61285 0.49425617078052037 0.02732 0.019186124082721814
2 0.57178 0.4945163442294863 0.02535 0.01867244829886591
2 0.49249 0.4832955303535691 0.02555 0.016797865243495663
2 0.49981 0.5082121414276184 0.02632 0.019326217478318877
2 0.47858 0.5415677118078719 0.023940000000000003 0.01713809206137425
2 0.50815 0.5781254169446297 0.030670000000000003 0.024429619746497662
2 0.45233999999999996 0.5207404936624417 0.03157 0.0176450967311541
2 0.53177 0.6274116077384924 0.036270000000000004 0.02428285523682455
2 0.60205 0.7022148098732488 0.02885 0.02989993328885924
2 0.45515 0.7033355570380253 0.0484 0.023915943962641763
2 0.42164999999999997 0.748679119412942 0.04111 0.032334889926617746
2 0.50238 0.7718879252835223 0.04224 0.03453635757171448
2 0.41205 0.8445830553702468 0.04349 0.035943962641761175
2 0.79292 0.7751834556370913 0.03443 0.0195263509006004
2 0.5641799999999999 0.6685990660440294 0.02094 0.022321547698465644
2 0.55329 0.8816410940627084 0.04232 0.04116077384923282
2 0.60662 0.842768512341561 0.03798 0.028205470313542362