1 0.3344155844155844 0.38472222222222224 0.1326530612244898 0.1638888888888889
1 0.3492578849721707 0.4548611111111111 0.12337662337662338 0.12638888888888888
1 0.05241187384044527 0.23541666666666666 0.10482374768089053 0.1625
1 0.10111317254174397 0.16875 0.07606679035250463 0.10138888888888889
1 0.2852504638218924 0.10833333333333334 0.10482374768089053 0.12222222222222222
1 0.5180890538033395 0.05486111111111111 0.10482374768089053 0.10972222222222222
1 0.7059369202226345 0.35833333333333334 0.09647495361781076 0.12222222222222222
1 0.8891465677179963 0.36875 0.1326530612244898 0.1625
1 0.8061224489795918 0.7 0.12430426716141002 0.1527777777777778
1 0.5556586270871985 0.7875 0.08905380333951762 0.10833333333333334
1 0.4290352504638219 0.8270833333333333 0.08998144712430427 0.12083333333333333