2 0.44249 0.12350666666666667 0.023467500000000002 0.03125666666666667
2 0.511665 0.13139666666666666 0.018664999999999998 0.028936666666666666
2 0.530095 0.11842 0.022205 0.030956666666666667
2 0.5294175 0.15118 0.023575 0.028576666666666667
2 0.7921875 0.16094 0.019442499999999998 0.025496666666666664
2 0.837715 0.12145 0.01592 0.02220666666666667
2 0.797095 0.20981666666666668 0.02309 0.02946
2 0.8255675 0.21172333333333332 0.0245025 0.031626666666666664
2 0.86181 0.2863266666666667 0.02384 0.026013333333333336
2 0.98549 0.2636266666666667 0.02225 0.023546666666666667
2 0.9095825 0.4107766666666666 0.025929999999999998 0.0299
1 0.9845900000000001 0.44608 0.022925 0.028103333333333334
2 0.8209675 0.3580133333333333 0.020235 0.024739999999999998
2 0.7889875 0.37001666666666666 0.017982500000000002 0.014193333333333332
2 0.7929700000000001 0.3444766666666667 0.0111375 0.01741
2 0.8533375 0.4346733333333333 0.0183375 0.01352
2 0.7907274999999999 0.5089033333333334 0.0189925 0.022116666666666666
2 0.6370475 0.5689633333333334 0.018914999999999998 0.022123333333333335
2 0.625125 0.5675066666666667 0.013582499999999999 0.01756
2 0.5914349999999999 0.5979833333333333 0.0214825 0.020923333333333335
2 0.5728375 0.5611466666666667 0.0126675 0.0213
2 0.694945 0.7197399999999999 0.01871 0.02421
2 0.756435 0.7913533333333334 0.023665 0.026076666666666668
2 0.80802 0.7648033333333333 0.0214925 0.023833333333333335
2 0.8628899999999999 0.7575866666666667 0.0251 0.03079
2 0.8427475 0.6805133333333333 0.019372499999999997 0.02638
2 0.9906625 0.8075833333333333 0.0153225 0.02054
2 0.944855 0.46646333333333334 0.013792500000000001 0.016216666666666667
2 0.5618650000000001 0.7598766666666668 0.015404999999999999 0.02220666666666667
2 0.55864 0.7784233333333334 0.015125 0.016523333333333334
2 0.5469149999999999 0.79009 0.013887499999999999 0.02011
2 0.5094925 0.8069566666666667 0.0180275 0.023776666666666665
2 0.264185 0.7521333333333333 0.0161 0.03140333333333333
2 0.2432025 0.6304866666666666 0.02103 0.02340333333333333
2 0.1465825 0.56175 0.027370000000000002 0.03866
2 0.14475749999999998 0.8383999999999999 0.0141875 0.01636
2 0.012065 0.34952666666666665 0.02413 0.02843
2 0.046387500000000005 0.4150433333333334 0.0173675 0.01704
2 0.22945 0.3812733333333333 0.01821 0.02025666666666667
1 0.24361750000000001 0.29463 0.0179325 0.02153
2 0.4353475 0.5777533333333333 0.01044 0.017733333333333334
2 0.3862875 0.48597333333333337 0.0090875 0.008826666666666667
2 0.43272750000000004 0.4758866666666667 0.0114025 0.009040000000000001
2 0.4311225 0.4937433333333333 0.0081925 0.01182