1 0.3152225 0.50848 0.02157 0.027823333333333332
1 0.2249025 0.2858866666666667 0.02334 0.029496666666666664
1 0.2429625 0.40119666666666665 0.023195 0.0213
1 0.47708249999999996 0.17346999999999999 0.0156375 0.02296666666666667
1 0.535655 0.34964666666666666 0.017405 0.02222666666666667
1 0.374415 0.6877633333333333 0.01469 0.018636666666666666
1 0.5330750000000001 0.61634 0.0221325 0.02963
1 0.6282875 0.7387733333333334 0.023559999999999998 0.029823333333333334
1 0.6476425 0.7293166666666666 0.020145 0.027180000000000003
1 0.709615 0.70298 0.014794999999999999 0.024163333333333332
1 0.279605 0.4990266666666666 0.02066 0.02503333333333333
1 0.235445 0.7042733333333334 0.01805 0.01943
1 0.35379 0.23194 0.017392499999999998 0.021233333333333333
2 0.766895 0.12968333333333334 0.0205675 0.02622666666666667
2 0.786325 0.40432666666666667 0.0220675 0.027556666666666667
2 0.86273 0.34395666666666663 0.01115 0.013776666666666666
2 0.6058375 0.42250666666666664 0.0193125 0.025826666666666668
2 0.551135 0.3105266666666667 0.019795 0.02603
2 0.37915249999999995 0.5620266666666667 0.019767499999999997 0.02649
2 0.42246249999999996 0.7181566666666666 0.025075 0.032543333333333334
2 0.4561375 0.7873866666666666 0.014405 0.01863333333333333
2 0.153695 0.81376 0.039155 0.05379666666666666
2 0.10478749999999999 0.66419 0.0270525 0.03595666666666667
2 0.3815175 0.15810333333333335 0.01932 0.025586666666666667
2 0.3835 0.18293666666666664 0.0191325 0.0233
2 0.362245 0.15915666666666667 0.018699999999999998 0.02426
2 0.36896249999999997 0.17497333333333331 0.019282499999999998 0.022949999999999998
2 0.46792 0.33631333333333335 0.01777 0.022073333333333334
2 0.458 0.15553333333333333 0.014815 0.013590000000000001
2 0.634575 0.19583333333333333 0.021155 0.022856666666666664
2 0.6543825000000001 0.14043 0.01966 0.028133333333333337
2 0.7217625000000001 0.12306333333333333 0.01979 0.02671666666666667
2 0.2200625 0.45405 0.01166 0.014159999999999999