2 0.44482 0.502728 0.09218000000000001 0.094912
2 0.52991 0.48316000000000003 0.08164 0.075424
2 0.17243 0.68688 0.06859 0.055184000000000004
2 0.30863 0.525784 0.0518 0.086624
2 0.25926 0.326432 0.08506 0.075112
2 0.71111 0.436544 0.06876 0.090544
2 0.7739299999999999 0.624624 0.07041 0.063512
2 0.6702 0.573496 0.06694 0.066848
2 0.6162799999999999 0.802888 0.05111 0.06484
2 0.37418 0.47807200000000005 0.0589 0.0424
2 0.027239999999999997 0.6139359999999999 0.054490000000000004 0.064528
2 0.039689999999999996 0.506 0.05407 0.042544
2 0.18888999999999997 0.02924 0.03968 0.058472