2 0.44556250000000003 0.49875 0.3443125 0.4722222222222222
2 0.795 0.5643888888888889 0.362125 0.47727777777777775
0 0.10095833333333333 0.39141666666666663 0.16266666666666665 0.23233333333333334
0 0.15777083333333333 0.4217222222222222 0.03766666666666666 0.04041666666666667
0 0.12464583333333333 0.4583333333333333 0.051333333333333335 0.05302777777777778
0 0.15397916666666667 0.08333333333333333 0.04522916666666667 0.07069444444444445
0 0.145375 0.14327777777777778 0.029958333333333333 0.03036111111111111
0 0.2055 0.21869444444444447 0.025 0.03319444444444444
0 0.5938125 0.35238888888888886 0.17575 0.23080555555555557
0 0.5876458333333333 0.2895277777777778 0.03358333333333333 0.05563888888888889
0 0.6224166666666666 0.2895277777777778 0.032875 0.04738888888888888
0 0.6286041666666667 0.39358333333333334 0.03904166666666666 0.049444444444444444
0 0.6309166666666666 0.44408333333333333 0.0375 0.043277777777777776
0 0.05222916666666667 0.6511666666666667 0.0260625 0.03297222222222222
0 0.0591875 0.6903333333333334 0.05583333333333333 0.06183333333333334
0 0.0955 0.6738333333333334 0.026479166666666668 0.02886111111111111
0 0.5001041666666667 0.979638888888889 0.029333333333333333 0.04075
0 0.8282708333333333 0.2246388888888889 0.0324375 0.05416666666666667
0 0.8163125 0.27349999999999997 0.0324375 0.03930555555555556
0 0.8465833333333334 0.265 0.040854166666666664 0.05841666666666667
0 0.883625 0.28147222222222223 0.07191666666666667 0.07222222222222222
0 0.8676875000000001 0.32661111111111113 0.0400625 0.041416666666666664
0 0.9548541666666667 0.28008333333333335 0.024395833333333335 0.026055555555555557
0 0.9644166666666667 0.30972222222222223 0.022145833333333333 0.026583333333333334
0 0.987125 0.3199722222222222 0.025770833333333333 0.07036111111111111
0 0.9279583333333333 0.9055833333333333 0.0399375 0.07319444444444445
0 0.9513750000000001 0.8815277777777778 0.03510416666666667 0.04088888888888889