2 0.7302087682672234 0.5630277777777778 0.1823590814196242 0.24519444444444444
0 0.7207098121085596 0.3661944444444445 0.08968684759916493 0.11297222222222222
0 0.3735490605427975 0.7000555555555555 0.05603340292275574 0.07808333333333334
0 0.27613778705636743 0.6702777777777779 0.04540709812108559 0.05447222222222222
0 0.3408350730688935 0.6144166666666666 0.054467640918580376 0.04733333333333333
0 0.4720250521920668 0.7691388888888888 0.07123173277661794 0.11819444444444444
0 0.5524008350730689 0.7918055555555555 0.0627348643006263 0.08158333333333334
0 0.6590814196242171 0.7663333333333333 0.07448851774530271 0.10602777777777778
0 0.6932985386221294 0.7071944444444445 0.06187891440501044 0.07275000000000001
0 0.8162839248434238 0.7398888888888889 0.030292275574112733 0.04005555555555555
0 0.5249478079331942 0.5108888888888888 0.08373695198329854 0.11475
0 0.5281837160751566 0.3353611111111111 0.07056367432150312 0.10033333333333333
0 0.46035490605427976 0.3095833333333333 0.07 0.07166666666666667
0 0.43931106471816284 0.40919444444444447 0.029457202505219205 0.03883333333333334
0 0.44647181628392485 0.4586944444444444 0.06480167014613779 0.07272222222222222
0 0.6142379958246347 0.2624722222222222 0.04828810020876827 0.09286111111111112
0 0.5672651356993738 0.22080555555555553 0.05110647181628392 0.059166666666666666
0 0.4599791231732777 0.5566944444444444 0.020730688935281835 0.025194444444444446
0 0.5470772442588727 0.6277777777777778 0.03521920668058455 0.03244444444444444
0 0.86160751565762 0.7388055555555556 0.03361169102296451 0.03422222222222222
0 0.8446972860125261 0.7684166666666666 0.032442588726513566 0.04691666666666667
0 0.8632567849686847 0.8065555555555556 0.03538622129436326 0.05052777777777778
0 0.8366805845511481 0.7957222222222222 0.01987473903966597 0.04875
0 0.9710855949895615 0.8372777777777778 0.05784968684759917 0.07138888888888889
0 0.9285386221294363 0.9187777777777778 0.032233820459290186 0.029666666666666668
0 0.8777661795407098 0.45355555555555555 0.06475991649269311 0.10275000000000001
0 0.964634655532359 0.32105555555555554 0.054279749478079335 0.09838888888888889
0 0.8244467640918581 0.48305555555555557 0.01987473903966597 0.026833333333333334
0 0.5526931106471816 0.0811111111111111 0.06977035490605428 0.07294444444444445
0 0.44461377870563673 0.07405555555555556 0.03897703549060543 0.058833333333333335
0 0.46085594989561585 0.10872222222222222 0.04862212943632568 0.06413888888888888
0 0.3912526096033403 0.022694444444444444 0.06308977035490605 0.04541666666666667
0 0.6672442588726514 0.022222222222222223 0.038893528183716074 0.032749999999999994
0 0.6735699373695198 0.08233333333333334 0.02941544885177453 0.03661111111111111
0 0.7665344467640919 0.11388888888888889 0.06609603340292275 0.07647222222222222
0 0.8163465553235908 0.050944444444444445 0.06081419624217119 0.08244444444444445
0 0.6143006263048016 0.08872222222222223 0.060083507306889355 0.07419444444444445
0 0.5714613778705637 0.11958333333333332 0.053569937369519836 0.05475
0 0.5094780793319416 0.1156388888888889 0.043966597077244256 0.05983333333333333
0 0.5441753653444676 0.43866666666666665 0.06553235908141962 0.09008333333333333
0 0.46488517745302715 0.3750833333333333 0.060855949895615866 0.06216666666666666
0 0.6243423799582464 0.20122222222222222 0.044029227557411274 0.041749999999999995