0 0.4823046092184369 0.35105555555555557 0.2729659318637275 0.29180555555555554
0 0.345811623246493 0.32816666666666666 0.18152304609218436 0.2721944444444444
0 0.24567134268537075 0.1917222222222222 0.049579158316633266 0.05486111111111111
0 0.22432865731462925 0.24044444444444446 0.07294589178356713 0.06733333333333333
0 0.2127054108216433 0.24394444444444444 0.042625250501002 0.051444444444444445
0 0.25064128256513024 0.3099722222222222 0.052484969939879764 0.05605555555555555
0 0.30599198396793587 0.2423611111111111 0.03823647294589178 0.051583333333333335
0 0.33268537074148297 0.5234444444444445 0.09633266533066133 0.07777777777777778
0 0.4001603206412826 0.6498611111111111 0.09216432865731464 0.128
0 0.47871743486973944 0.5548611111111111 0.18797595190380761 0.2615277777777778
0 0.6128456913827656 0.4596388888888889 0.09551102204408816 0.11030555555555556
0 0.5381362725450901 0.4275555555555555 0.049839679358717436 0.08533333333333333
0 0.794128256513026 0.5405277777777778 0.09735470941883767 0.11194444444444443
0 0.7272945891783568 0.5108888888888888 0.05094188376753507 0.08208333333333334
0 0.6232865731462925 0.6746666666666666 0.24609218436873748 0.3933055555555556
0 0.5412024048096192 0.7339444444444445 0.06302605210420842 0.09352777777777778
0 0.7340480961923848 0.6008333333333333 0.050300601202404815 0.0626388888888889