2 0.2834275 0.25906666666666667 0.020032499999999998 0.024296666666666668
2 0.3618325 0.2511366666666667 0.02258 0.02818666666666667
2 0.32656999999999997 0.26385333333333333 0.0224025 0.020706666666666665
2 0.3575675 0.16389333333333334 0.01652 0.023180000000000003
2 0.437935 0.19033333333333333 0.010655 0.015176666666666666
2 0.46940750000000003 0.18102333333333334 0.0217725 0.027816666666666667
2 0.5135599999999999 0.13599666666666668 0.0187575 0.02662
2 0.3048575 0.36085666666666666 0.020935 0.027136666666666667
2 0.33215249999999996 0.36952999999999997 0.02246 0.024743333333333336
2 0.3707225 0.3395033333333333 0.019385000000000003 0.018983333333333335
2 0.27316 0.3963066666666667 0.0192425 0.019056666666666666
2 0.294565 0.55318 0.021325 0.0284
2 0.2650825 0.6068800000000001 0.0253 0.0272
2 0.32831 0.6197433333333333 0.023412500000000003 0.029893333333333334
2 0.35092 0.5908 0.024204999999999997 0.02795
2 0.274955 0.6595333333333333 0.0178975 0.02061666666666667
2 0.175485 0.56365 0.011470000000000001 0.01643333333333333
2 0.2022175 0.58837 0.011872500000000001 0.01486
2 0.2160475 0.5872466666666667 0.011147500000000001 0.012616666666666667
2 0.2053325 0.6645833333333333 0.010695 0.014266666666666665
2 0.240285 0.6414366666666667 0.0114925 0.01569
1 0.2443525 0.7354499999999999 0.013457499999999999 0.016133333333333333
2 0.267495 0.73541 0.016550000000000002 0.017706666666666666
2 0.333535 0.8244400000000001 0.0208425 0.027156666666666666
2 0.35064249999999997 0.7683466666666666 0.022602499999999998 0.029926666666666667
2 0.379855 0.7507033333333334 0.0204425 0.024640000000000002
2 0.44547250000000005 0.8297266666666666 0.0266425 0.035026666666666664
2 0.42646 0.49994999999999995 0.016002500000000003 0.023286666666666667
2 0.4913175 0.4186833333333333 0.0209575 0.028453333333333334
1 0.484585 0.35401666666666665 0.019665 0.026243333333333334
2 0.5259375 0.5164566666666667 0.021222500000000002 0.0279
2 0.5728325 0.44057 0.01967 0.023536666666666668
2 0.6121224999999999 0.45652333333333334 0.023184999999999997 0.029746666666666664
1 0.5957275 0.54704 0.0218425 0.028203333333333334
2 0.6166174999999999 0.6185333333333333 0.027107500000000003 0.027833333333333335
2 0.6895675 0.61555 0.026945 0.031336666666666665
2 0.6817325 0.3511533333333334 0.025475 0.028636666666666664
2 0.7479275 0.34565333333333337 0.02499 0.02980333333333333
2 0.8148825000000001 0.30674 0.022982500000000003 0.027713333333333333
2 0.9081675 0.19701333333333332 0.02089 0.024646666666666667
2 0.77315 0.14261 0.0206625 0.02403333333333333
2 0.65358 0.23103666666666667 0.0107575 0.015606666666666666
2 0.8411425 0.4229266666666667 0.0156575 0.016653333333333332
1 0.800495 0.70684 0.028695000000000002 0.034036666666666666
2 0.7863300000000001 0.7543933333333332 0.026735 0.037180000000000005
2 0.6082424999999999 0.87039 0.027785 0.03385666666666667
2 0.7440675 0.9576499999999999 0.0263975 0.03391333333333333
2 0.8192775 0.9913099999999999 0.02264 0.01738
1 0.9245975 0.7807933333333333 0.022305 0.023716666666666667
1 0.9466375 0.7867866666666667 0.01973 0.02894333333333333
1 0.97253 0.8136833333333334 0.017755 0.02187
2 0.73738 0.8683000000000001 0.0176375 0.015906666666666666
2 0.780495 0.8896633333333333 0.01811 0.022359999999999998
2 0.44980000000000003 0.7920433333333333 0.019067499999999998 0.024576666666666667
1 0.9261625 0.99266 0.026449999999999998 0.014676666666666668