2 0.5529166666666666 0.536875 0.035833333333333335 0.05625
2 0.225 0.554375 0.043333333333333335 0.05375
2 0.3204166666666667 0.423125 0.0375 0.06125
2 0.255 0.393125 0.03333333333333333 0.04125
2 0.4608333333333333 0.629375 0.025 0.03125
2 0.33666666666666667 0.611875 0.03 0.04125
2 0.79 0.14 0.03666666666666667 0.05
2 0.7583333333333333 0.165 0.03166666666666667 0.0425
2 0.8108333333333333 0.769375 0.03333333333333333 0.05125
2 0.8358333333333333 0.8275 0.03833333333333333 0.0425
2 0.9058333333333334 0.678125 0.02666666666666667 0.04625
2 0.7158333333333333 0.03625 0.025 0.0375
2 0.74 0.115625 0.02 0.02625
2 0.5425 0.218125 0.025 0.03625
2 0.5970833333333333 0.099375 0.014166666666666666 0.02125
2 0.4533333333333333 0.144375 0.021666666666666667 0.04375
2 0.8233333333333334 0.3175 0.015 0.025
2 0.9445833333333333 0.245 0.019166666666666665 0.02