2 0.11328333333333333 0.44207500000000005 0.01955 0.030475
2 0.018616666666666667 0.529725 0.01945 0.031325
2 0.029333333333333336 0.608625 0.024566666666666667 0.03545
2 0.03841666666666667 0.6281 0.020133333333333333 0.031875
2 0.05215 0.505225 0.017300000000000003 0.027625
2 0.0289 0.45535 0.02005 0.02735
2 0.006966666666666666 0.4462 0.013916666666666666 0.028925
2 0.007483333333333334 0.38625 0.014966666666666668 0.031200000000000002
2 0.02705 0.355 0.02581666666666667 0.031200000000000002
2 0.0592 0.32899999999999996 0.021933333333333332 0.0332
2 0.09921666666666668 0.33340000000000003 0.026833333333333334 0.031875
2 0.10513333333333333 0.492425 0.02826666666666667 0.040549999999999996
2 0.12161666666666666 0.48007500000000003 0.01795 0.034175
2 0.13695000000000002 0.47332500000000005 0.01643333333333333 0.032025
2 0.1355333333333333 0.439175 0.0224 0.027774999999999998
2 0.1584 0.45252499999999996 0.02145 0.033025
2 0.17781666666666665 0.4771 0.024283333333333334 0.033875
2 0.15201666666666666 0.4964 0.023816666666666667 0.03275
2 0.15541666666666668 0.47275 0.0205 0.023075000000000002
2 0.18265 0.3594 0.022883333333333335 0.033875
2 0.24268333333333336 0.418075 0.02213333333333333 0.0387
2 0.26855 0.4138 0.022 0.032325
2 0.29141666666666666 0.460675 0.024183333333333334 0.032325
2 0.36116666666666664 0.57135 0.015933333333333334 0.0235
2 0.3624 0.52035 0.0157 0.0245
2 0.37703333333333333 0.540175 0.015449999999999998 0.0265
2 0.33891666666666664 0.43597499999999995 0.0229 0.037000000000000005
2 0.4389166666666667 0.5304249999999999 0.010433333333333333 0.024075000000000003
2 0.42016666666666663 0.34057499999999996 0.027066666666666662 0.0431
2 0.40998333333333337 0.51055 0.017133333333333334 0.029900000000000003
2 0.3206333333333333 0.31322500000000003 0.01966666666666667 0.035275
2 0.36263333333333336 0.2797 0.026600000000000002 0.036975
2 0.4152333333333333 0.20157499999999998 0.025566666666666668 0.036975
2 0.4 0.29605 0.020066666666666667 0.0384
2 0.20888333333333334 0.284975 0.025333333333333333 0.035
2 0.22341666666666668 0.30735 0.022666666666666665 0.02965
2 0.19656666666666667 0.22920000000000001 0.02155 0.032850000000000004
2 0.08035 0.264175 0.0244 0.0375
2 0.11876666666666667 0.2937 0.020466666666666664 0.03325
2 0.10375 0.3016 0.020816666666666667 0.0353
2 0.14554999999999998 0.270175 0.024533333333333334 0.0281
2 0.15866666666666668 0.2495 0.02245 0.0304
2 0.18481666666666666 0.239225 0.027200000000000002 0.04095
2 0.22814999999999996 0.46775 0.01668333333333333 0.031025
2 0.1679 0.435525 0.017883333333333334 0.029325
2 0.37420000000000003 0.44789999999999996 0.01591666666666667 0.022725
2 0.12066666666666667 0.06835 0.0249 0.03695
2 0.045533333333333335 0.1367 0.025516666666666667 0.02965
2 0.0366 0.176725 0.023633333333333333 0.0291
2 0.05788333333333333 0.2498 0.02161666666666667 0.029500000000000002
2 0.2589833333333333 0.1378 0.022633333333333335 0.03525
2 0.22936666666666666 0.04555 0.025166666666666667 0.03435
2 0.5159666666666667 0.165075 0.025583333333333333 0.039025
2 0.5706833333333333 0.06255 0.02341666666666667 0.043025
2 0.5665833333333333 0.1883 0.028300000000000002 0.03915
2 0.5424166666666667 0.17550000000000002 0.023066666666666666 0.033275
2 0.5337666666666666 0.071475 0.024116666666666668 0.035175
2 0.6219 0.012325 0.030283333333333336 0.0227
2 0.6081833333333334 0.080175 0.030533333333333332 0.032075
2 0.6157333333333334 0.12027499999999999 0.020833333333333332 0.023975
2 0.6351166666666667 0.029575 0.020866666666666665 0.015925
2 0.6883666666666667 0.019299999999999998 0.0196 0.03315
2 0.7152833333333334 0.125025 0.024283333333333334 0.0304
2 0.7641166666666667 0.06245 0.020999999999999998 0.033275
2 0.7865166666666668 0.021675 0.031566666666666666 0.04335
2 0.8424666666666667 0.08495 0.022733333333333335 0.035
2 0.9095000000000001 0.020375 0.021633333333333334 0.02215
2 0.9931 0.060225 0.013783333333333333 0.027075000000000002
2 0.8004666666666667 0.22977499999999998 0.02515 0.035475
2 0.7237 0.23879999999999998 0.025583333333333333 0.038575
2 0.6661666666666667 0.29375 0.026833333333333334 0.040475000000000004
2 0.5994333333333334 0.33625 0.026316666666666665 0.03405
2 0.6143833333333333 0.377675 0.026633333333333335 0.0373
2 0.6205833333333334 0.4189 0.024316666666666667 0.036475
2 0.6433166666666666 0.410125 0.022166666666666668 0.027575
2 0.5336833333333333 0.27497499999999997 0.0178 0.031175
2 0.6810833333333333 0.10515000000000001 0.021233333333333333 0.03055
2 0.6638333333333334 0.07690000000000001 0.019466666666666667 0.029625
2 0.9233 0.30574999999999997 0.0193 0.03125
2 0.9872833333333333 0.321175 0.0243 0.03215
2 0.9472666666666667 0.3669 0.020716666666666664 0.022250000000000002
2 0.9216166666666668 0.4685 0.023683333333333334 0.02605
2 0.9204833333333333 0.504775 0.022933333333333333 0.0321
2 0.9427333333333333 0.5194 0.021583333333333333 0.0334
2 0.9651666666666667 0.510675 0.02213333333333333 0.032575
2 0.9908666666666667 0.48924999999999996 0.01815 0.03595
2 0.9920000000000001 0.2659 0.016 0.026324999999999998
2 0.9805666666666667 0.17934999999999998 0.018616666666666667 0.0227
2 0.8284333333333334 0.27190000000000003 0.019866666666666668 0.028450000000000003
2 0.1025 0.133525 0.01941666666666667 0.026625
2 0.11511666666666666 0.1954 0.02298333333333333 0.027875
2 0.35045000000000004 0.4843 0.012083333333333333 0.02205
2 0.4301 0.45685000000000003 0.013083333333333332 0.022949999999999998
2 0.40108333333333335 0.45792499999999997 0.013283333333333333 0.0159
2 0.4305666666666666 0.50695 0.016333333333333335 0.02685
2 0.5656333333333333 0.34085 0.021716666666666665 0.02015
2 0.5815666666666667 0.305975 0.015683333333333334 0.02685
2 0.6365666666666666 0.330225 0.0189 0.0313
2 0.50215 0.125825 0.021533333333333335 0.02535
2 0.31271666666666664 0.13317500000000002 0.020816666666666667 0.02465
2 0.31333333333333335 0.17350000000000002 0.011783333333333333 0.025699999999999997
2 0.3105 0.00975 0.02298333333333333 0.019475
2 0.04028333333333334 0.040325 0.028933333333333332 0.0348
2 0.09453333333333333 0.099025 0.026 0.021675
2 0.0677 0.13442500000000002 0.018183333333333333 0.030600000000000002
2 0.049716666666666666 0.5383749999999999 0.016283333333333334 0.030275
2 0.08181666666666668 0.4105 0.01778333333333333 0.0242