1 0.38477 0.32214 0.04362666666666667 0.03423
1 0.66359 0.3094325 0.05132333333333333 0.0404625
1 0.26865 0.366325 0.03924333333333333 0.0350425
1 0.3887333333333334 0.502305 0.04593 0.041174999999999996
1 0.25425333333333333 0.43357249999999997 0.059873333333333334 0.0361625
1 0.3526566666666667 0.6515025000000001 0.04129 0.032595
1 0.29511000000000004 0.660085 0.03871666666666667 0.0307725
1 0.27548 0.7020625 0.033209999999999996 0.0398325
1 0.6926533333333333 0.32312 0.048086666666666666 0.0425225
1 0.7592233333333334 0.3671125 0.04004666666666667 0.040842500000000004
1 0.35752666666666666 0.42455750000000003 0.04611666666666667 0.0255125
1 0.34140333333333334 0.7619375 0.04929666666666666 0.0268975
1 0.10474000000000001 0.8151325 0.052379999999999996 0.0347125
2 0.19873000000000002 0.6074425 0.03414333333333334 0.03075
2 0.16552999999999998 0.487555 0.029056666666666668 0.031505
2 0.14787999999999998 0.4515675 0.04720666666666667 0.03381
2 0.20262333333333332 0.46762 0.04350666666666667 0.03172
2 0.20648333333333335 0.36584750000000005 0.03864666666666666 0.0262575
2 0.2934966666666667 0.33972 0.047610000000000006 0.0270625
2 0.32165 0.3665975 0.050153333333333334 0.040625
2 0.029163333333333333 0.8574775 0.05083666666666666 0.03804
2 0.35922000000000004 0.716285 0.04478666666666667 0.037997500000000003
2 0.35225 0.6842275 0.028203333333333334 0.032744999999999996
2 0.29102666666666666 0.73586 0.030006666666666664 0.0318675
2 0.7718999999999999 0.5317025 0.0275 0.0175275
2 0.7368133333333333 0.555265 0.02651 0.014472500000000001
2 0.7505233333333334 0.500125 0.027723333333333332 0.016892499999999998
2 0.80068 0.460915 0.020986666666666667 0.00949
2 0.6978366666666668 0.5271775 0.013196666666666667 0.00763
2 0.5953833333333334 0.5432325 0.01185 0.013797499999999999
2 0.55106 0.518885 0.013933333333333332 0.011035
1 0.5584566666666666 0.4545625 0.041503333333333337 0.03102
2 0.7981033333333333 0.39371 0.01917 0.017329999999999998
2 0.77188 0.4153075 0.027876666666666664 0.0172375
2 0.8067399999999999 0.40460250000000003 0.013766666666666665 0.008195000000000001