2 0.04619444444444444 0.07358333333333333 0.09236111111111112 0.14720833333333333
2 0.08452777777777777 0.17174999999999999 0.16902777777777778 0.24533333333333335
2 0.28961111111111115 0.10808333333333334 0.17386111111111113 0.21620833333333334
2 0.45363888888888887 0.08433333333333333 0.10136111111111111 0.15025000000000002
2 0.6749166666666666 0.154875 0.07997222222222222 0.11041666666666666
2 0.04005555555555555 0.46920833333333334 0.0801111111111111 0.223875
2 0.3824722222222222 0.5435833333333334 0.13111111111111112 0.207
2 0.27975 0.6830833333333334 0.14025 0.21620833333333334
2 0.28894444444444445 0.7666666666666667 0.11369444444444445 0.131875
2 0.21588888888888888 0.8670833333333333 0.11058333333333334 0.14875000000000002
2 0.5182222222222223 0.46508333333333335 0.08669444444444445 0.12133333333333333
2 0.7367222222222223 0.567375 0.059805555555555556 0.1005
2 0.6962777777777778 0.5036666666666666 0.07169444444444444 0.1005
2 0.9241666666666666 0.041041666666666664 0.06069444444444445 0.082125
2 0.8776111111111111 0.04475 0.0455 0.08945833333333333
2 0.6489166666666667 0.31554166666666666 0.06713888888888889 0.10908333333333334