2 0.24361666666666665 0.110275 0.0174 0.026275
2 0.2661 0.12342499999999999 0.015366666666666667 0.020575
2 0.18611666666666668 0.126275 0.01838333333333333 0.017150000000000002
2 0.19601666666666667 0.17370000000000002 0.016866666666666665 0.025150000000000002
2 0.21848333333333333 0.193125 0.019166666666666665 0.027425
2 0.17049999999999998 0.209125 0.020666666666666667 0.027425
2 0.27181666666666665 0.20684999999999998 0.02375 0.032
2 0.25315 0.25255 0.02298333333333333 0.029725
2 0.2546666666666667 0.277125 0.02146666666666667 0.019424999999999998
2 0.23829999999999998 0.25655 0.012816666666666667 0.024
2 0.19983333333333334 0.26285000000000003 0.01055 0.018275
2 0.11375 0.24170000000000003 0.012116666666666666 0.017150000000000002
2 0.1069 0.270275 0.012116666666666666 0.01485
2 0.2603833333333333 0.3394 0.022216666666666666 0.034275
2 0.20973333333333333 0.39027500000000004 0.02145 0.026275
2 0.18116666666666667 0.3497 0.01305 0.025150000000000002
2 0.15526666666666666 0.3697 0.011516666666666666 0.019424999999999998
2 0.14231666666666667 0.386275 0.02065 0.027425
2 0.1286 0.40112499999999995 0.01455 0.020575
2 0.033016666666666666 0.3354 0.01985 0.019424999999999998
2 0.05663333333333333 0.40112499999999995 0.018333333333333333 0.022850000000000002
2 0.03605 0.38282499999999997 0.018233333333333334 0.018275
2 0.19296666666666668 0.4274 0.01665 0.022850000000000002
2 0.268 0.43424999999999997 0.017383333333333334 0.029725
2 0.16288333333333335 0.4714 0.018949999999999998 0.026275
2 0.04825 0.467975 0.018233333333333334 0.024
2 0.025766666666666667 0.438825 0.0129 0.018275
2 0.03643333333333333 0.48455 0.01746666666666667 0.025150000000000002
2 0.07833333333333334 0.5034000000000001 0.012883333333333333 0.021724999999999998
2 0.20923333333333335 0.58905 0.019383333333333336 0.023
2 0.21393333333333336 0.537825 0.024816666666666667 0.0334
2 0.12115 0.542275 0.012416666666666666 0.01855
2 0.10828333333333333 0.527425 0.018266666666666667 0.02895
2 0.09863333333333334 0.543775 0.0148 0.023
2 0.0843 0.556 0.014883333333333333 0.020775000000000002
2 0.40295000000000003 0.623925 0.020933333333333335 0.027475
2 0.5826166666666667 0.900075 0.01595 0.023
2 0.5803833333333334 0.8318000000000001 0.01643333333333333 0.027475
2 0.5227499999999999 0.8132250000000001 0.020866666666666665 0.023
2 0.5328833333333334 0.71265 0.016416666666666666 0.022275
2 0.4658333333333333 0.6558499999999999 0.014916666666666665 0.0245
2 0.45248333333333335 0.6091 0.021833333333333333 0.02895
2 0.4826666666666667 0.57235 0.02283333333333333 0.03415
2 0.5187833333333333 0.560475 0.021849999999999998 0.0297
2 0.6172500000000001 0.6733 0.018933333333333333 0.0282
2 0.6521333333333333 0.6681 0.01845 0.0297
2 0.6662333333333333 0.72155 0.01795 0.025249999999999998
2 0.6927 0.735275 0.015483333333333332 0.027475
2 0.6808666666666666 0.604625 0.013433333333333334 0.027475
2 0.6395500000000001 0.625425 0.011933333333333334 0.025975
2 0.7145166666666666 0.6091 0.0174 0.030425
2 0.7236666666666667 0.590525 0.018883333333333332 0.025975
2 0.7394999999999999 0.592025 0.016916666666666667 0.031925
2 0.7545999999999999 0.52445 0.015433333333333334 0.027475
2 0.7427166666666667 0.53485 0.0174 0.02895
2 0.6902666666666667 0.5600999999999999 0.019366666666666664 0.025975
2 0.7815666666666666 0.4365 0.012966666666666666 0.031175
2 0.7338166666666667 0.40865 0.009483333333333333 0.021525
2 0.7224333333333333 0.413475 0.014433333333333333 0.0297
2 0.6098666666666667 0.517775 0.0228 0.02895
2 0.5316833333333333 0.523725 0.022766666666666668 0.02895
2 0.63485 0.502575 0.021333333333333336 0.031175
2 0.6138166666666667 0.481775 0.017766666666666667 0.019299999999999998
2 0.62 0.442425 0.013316666666666668 0.025249999999999998
2 0.6128333333333333 0.3849 0.018766666666666668 0.027475
2 0.6271833333333333 0.36672499999999997 0.012816666666666667 0.026725
2 0.6962166666666667 0.350375 0.0164 0.026725
2 0.7169833333333333 0.35707500000000003 0.015416666666666667 0.031175
2 0.69645 0.376725 0.016900000000000002 0.025975
2 0.6709666666666666 0.477325 0.008466666666666667 0.020775000000000002
2 0.6657833333333334 0.308825 0.016883333333333334 0.025249999999999998
2 0.5618666666666666 0.32104999999999995 0.01685 0.031925
2 0.5769666666666666 0.31215 0.013383333333333332 0.030425
2 0.5462833333333333 0.33665 0.01635 0.030425
2 0.9713499999999999 0.4673 0.01645 0.021525
2 0.9767833333333334 0.357425 0.015449999999999998 0.02005
2 0.9122166666666668 0.3979 0.009983333333333334 0.013349999999999999
2 0.92385 0.312525 0.013266666666666666 0.017825
2 0.8902 0.344825 0.012283333333333334 0.017075
2 0.48808333333333337 0.431675 0.017916666666666668 0.0245
2 0.50665 0.344825 0.02238333333333333 0.030425
2 0.4542 0.38155 0.021183333333333335 0.0297
2 0.45271666666666666 0.400875 0.019383333333333336 0.02375
2 0.4282166666666667 0.433525 0.020866666666666665 0.02375
2 0.37998333333333334 0.4725 0.019366666666666664 0.027475
2 0.38121666666666665 0.433525 0.014916666666666665 0.017825
2 0.3433666666666667 0.3233 0.018366666666666667 0.030425
2 0.42969999999999997 0.36262500000000003 0.01591666666666667 0.01855
2 0.4079333333333333 0.30695 0.018883333333333332 0.025975
2 0.38121666666666665 0.26575 0.02085 0.0297
2 0.41733333333333333 0.22865 0.021849999999999998 0.0282
2 0.36093333333333333 0.19857500000000003 0.02085 0.030425
2 0.52595 0.16555 0.0214 0.0297
2 0.4512333333333334 0.17037500000000003 0.012466666666666668 0.015600000000000001
2 0.45666666666666667 0.14252499999999999 0.01445 0.02375
2 0.47176666666666667 0.09574999999999999 0.017916666666666668 0.026725
2 0.45616666666666666 0.07795 0.021183333333333335 0.031175