2 0.08547385620915034 0.4987745098039216 0.11421568627450981 0.15441176470588236
2 0.1786111111111111 0.34068627450980393 0.09818627450980393 0.14215686274509803
2 0.22109477124183008 0.46200980392156865 0.09820261437908497 0.12990196078431374
2 0.23088235294117648 0.5416666666666666 0.08187908496732026 0.08333333333333333
2 0.3199183006535948 0.29044117647058826 0.04106209150326797 0.07598039215686274
2 0.27988562091503266 0.23651960784313725 0.06513071895424836 0.07598039215686274
2 0.4465196078431372 0.15931372549019607 0.042205882352941176 0.06862745098039216
2 0.4236601307189542 0.2708333333333333 0.048741830065359475 0.07598039215686274
2 0.5780392156862745 0.16176470588235295 0.05686274509803921 0.08823529411764706
2 0.5380065359477124 0.39950980392156865 0.07483660130718954 0.11764705882352941
2 0.6082679738562091 0.4105392156862745 0.059150326797385626 0.09068627450980392
2 0.6548366013071896 0.36151960784313725 0.05753267973856209 0.09558823529411764
2 0.7593790849673203 0.2818627450980392 0.07390522875816993 0.08823529411764706
2 0.9007026143790849 0.6507352941176471 0.19321895424836602 0.30637254901960786
2 0.5976470588235294 0.821078431372549 0.0640359477124183 0.0784313725490196
2 0.8091993464052288 0.508578431372549 0.048594771241830065 0.0661764705882353
2 0.9567647058823529 0.8688725490196079 0.08645424836601306 0.1642156862745098