2 0.5362524654832347 0.5571893491124261 0.12130177514792899 0.18736686390532545
2 0.08927021696252466 0.07150887573964497 0.06560157790927021 0.08381656804733727
2 0.181301775147929 0.040680473372781065 0.07869822485207101 0.08136094674556213
2 0.3579487179487179 0.03698224852071006 0.08027613412228797 0.07396449704142012
2 0.3661735700197239 0.10970414201183432 0.07370808678500985 0.11588757396449705
2 0.11966469428007889 0.22559171597633135 0.08694280078895464 0.1651775147928994
2 0.04982248520710059 0.27736686390532544 0.052465483234714005 0.09615384615384616
2 0.23964497041420119 0.2724260355029586 0.07047337278106508 0.12079881656804733
2 0.6085601577909271 0.2650295857988166 0.10812623274161735 0.1602662721893491
2 0.5058579881656805 0.3463905325443787 0.04735700197238659 0.15038461538461537
2 0.3324852071005917 0.49431952662721895 0.0917948717948718 0.1651775147928994
2 0.28810650887573963 0.5645857988165681 0.07538461538461538 0.11340236686390533
2 0.11309664694280079 0.5534911242603551 0.050788954635108484 0.06656804733727811
2 0.12706114398422091 0.6447337278106509 0.0688560157790927 0.07642011834319526
2 0.6323865877712032 0.7273076923076923 0.10317554240631165 0.1577810650887574
2 0.9134122287968442 0.3599704142011834 0.09650887573964496 0.13807692307692307
2 0.7950887573964497 0.7655325443786982 0.10970414201183432 0.18985207100591717
2 0.6282840236686391 0.7273076923076923 0.10483234714003944 0.1528698224852071
2 0.7441420118343195 0.6903254437869822 0.11629191321499013 0.18736686390532545
2 0.6923865877712032 0.8530473372781064 0.10224852071005917 0.16272189349112426
2 0.9785996055226824 0.7667751479289941 0.042800788954635106 0.1972485207100592
2 0.1303550295857988 0.650887573964497 0.05899408284023669 0.0986094674556213
2 0.1098224852071006 0.5448816568047337 0.047514792899408284 0.05917159763313609
2 0.23798816568047337 0.2687278106508876 0.06388560157790928 0.12328402366863905
2 0.5206508875739646 0.9344082840236686 0.04078895463510848 0.08381656804733727
2 0.9750295857988165 0.7803254437869822 0.04554240631163708 0.23423076923076924