2 0.70726 0.2991297824456114 0.11401 0.0764516129032258
2 0.60903 0.3252213053263316 0.05929 0.04393098274568642
2 0.54384 0.3209227306826707 0.05862 0.044343585896474115
2 0.4787 0.35152288072018 0.055670000000000004 0.03885971492873218
2 0.5159900000000001 0.4339759939984996 0.05097 0.03615903975993999
2 0.3221 0.3098649662415604 0.04997 0.04024756189047262
2 0.37414 0.3318154538634659 0.04536 0.034793698424606154
2 0.12373999999999999 0.23588897224306077 0.06883 0.047284321080270066
2 0.04541 0.29504126031507877 0.05151 0.035828957239309824
2 0.02845 0.21758439609902477 0.05689 0.04491372843210802
2 0.17962 0.19284321080270067 0.03561 0.020667666916729183
2 0.24273 0.6902175543885971 0.04977 0.038634658664666165
2 0.12233 0.8045386346586647 0.06122 0.04921230307576894
2 0.91741 0.5145011252813204 0.15234 0.10530382595648913
2 0.9746699999999999 0.6419279819954989 0.05066 0.07000750187546886
2 0.7634299999999999 0.26384096024006 0.09422 0.05993248312078019
0 0.84014 0.2848087021755439 0.05264 0.04591147786946737
0 0.68088 0.1609377344336084 0.02225 0.013443360840210054
0 0.68656 0.14757689422355588 0.01438 0.01654913728432108
0 0.7025399999999999 0.14989497374343586 0.01524 0.015408852213053263
0 0.9230700000000001 0.21232558139534882 0.060289999999999996 0.029632408102025505
0 0.9773200000000001 0.09152288072018004 0.0136 0.013173293323330832
0 0.99041 0.08804951237809452 0.01541 0.014883720930232557
0 0.95333 0.1076219054763691 0.04642 0.03959489872468117
0 0.92453 0.14431357839459866 0.03755 0.028312078019504878
0 0.87048 0.16312078019504875 0.037200000000000004 0.027441860465116277
0 0.87133 0.13744936234058514 0.053 0.028049512378094523
0 0.92648 0.16970742685671417 0.01966 0.01078019504876219
0 0.98213 0.10595648912228058 0.01681 0.013173293323330832
0 0.01984 0.8673668417104277 0.03013 0.019512378094523632
0 0.019969999999999998 0.8491147786946736 0.03518 0.025671417854463616
0 0.06809 0.9108702175543887 0.02252 0.020810202550637657
0 0.09264 0.9096849212303075 0.0253 0.023120780195048762
0 0.49457 0.9812078019504876 0.028399999999999998 0.035236309077269316
0 0.5296000000000001 0.9863015753938484 0.04296 0.02739684921230308
0 0.48769 0.8155513878469618 0.05325 0.034028507126781696
0 0.46667000000000003 0.7803525881470368 0.023510000000000003 0.0122655663915979
0 0.48514999999999997 0.7893173293323331 0.01731 0.014351087771942985
0 0.76595 0.6730007501875469 0.054979999999999994 0.033090772693173294
0 0.75048 0.537741935483871 0.04243 0.03627906976744186
0 0.6402 0.5834583645911477 0.03541 0.025866466616654163
0 0.90052 0.7064066016504126 0.04836 0.03942985746436609
0 0.96314 0.8209152288072018 0.02086 0.014898724681170292
0 0.99297 0.8215678919729933 0.014060000000000001 0.019384846211552887
0 0.60934 0.7153788447111779 0.05855 0.034028507126781696
0 0.6084400000000001 0.7531357839459865 0.03977 0.02892723180795199
0 0.53024 0.6625206301575394 0.02903 0.025926481620405104
0 0.64788 0.43220555138784694 0.03239 0.028912228057014253
0 0.65688 0.4924156039009752 0.03367 0.02038259564891223
0 0.73203 0.44385596399099775 0.03381 0.027801950487621907
0 0.5588099999999999 0.6103900975243811 0.02395 0.02033008252063016
0 0.70612 0.697629407351838 0.03149 0.027186796699174794
2 0.89967 0.7468117029257314 0.03535 0.021582895723930982
2 0.77364 0.7851762940735184 0.03925 0.0335933983495874
0 0.64025 0.6728582145536384 0.01288 0.00840960240060015
0 0.63248 0.6234358589647412 0.01573 0.012468117029257314
0 0.62171 0.6082670667666917 0.01541 0.012895723930982747
0 0.53683 0.5298574643660915 0.016739999999999998 0.017321830457614405
0 0.57205 0.5876069017254313 0.02215 0.010817704426106526
0 0.59404 0.6391597899474869 0.01804 0.02057014253563391
0 0.5945199999999999 0.6138634658664666 0.01193 0.011357839459864967
0 0.60166 0.41848462115528884 0.026199999999999998 0.02162040510127532
0 0.5727000000000001 0.4031732933233308 0.026260000000000002 0.022340585146286573
2 0.25533 0.8345086271567893 0.04181 0.037209302325581395
0 0.16844 0.9724456114028507 0.023559999999999998 0.017066766691672917