0 0.05333333333333334 0.272875816993464 0.03534313725490196 0.04631808278867103
0 0.08125816993464052 0.26651416122004357 0.025947712418300656 0.033594771241830065
0 0.028823529411764706 0.2815032679738562 0.01900326797385621 0.032679738562091505
0 0.1816830065359477 0.7287145969498912 0.030522875816993464 0.03542483660130719
0 0.16431372549019607 0.758235294117647 0.04483660130718954 0.04359477124183007
0 0.1816830065359477 0.7990849673202614 0.030751633986928106 0.04176470588235295
0 0.21130718954248365 0.819520697167756 0.0382516339869281 0.037233115468409586
0 0.21096405228758172 0.7863834422657952 0.03485294117647059 0.04176470588235295
0 0.23411764705882354 0.7736601307189542 0.022598039215686275 0.04176470588235295
0 0.2174346405228758 0.7523311546840958 0.020294117647058824 0.024509803921568627
0 0.20823529411764705 0.7277995642701525 0.023709150326797386 0.029956427015250545
0 0.3222875816993464 0.6424400871459695 0.028431372549019604 0.04087145969498911
0 0.2862091503267974 0.616557734204793 0.04478758169934641 0.04359477124183007
0 0.3188888888888889 0.5752505446623094 0.028431372549019604 0.03542483660130719
0 0.3083333333333333 0.5834204793028323 0.023676470588235295 0.031786492374727665
0 0.3515686274509804 0.5825054466230937 0.01616013071895425 0.029956427015250545
0 0.36960784313725487 0.5816122004357298 0.023643790849673205 0.02633986928104575
0 0.3893627450980392 0.5534640522875817 0.03725490196078431 0.04631808278867103
0 0.4094607843137255 0.5443790849673202 0.0342483660130719 0.0444880174291939
0 0.5416503267973857 0.5292592592592593 0.17700980392156862 0.23082788671023965
0 0.45102941176470585 0.505359477124183 0.05926470588235295 0.057363834422657946
0 0.4950653594771242 0.3482788671023965 0.040816993464052286 0.06830065359477125
0 0.5227124183006535 0.3127668845315904 0.0305718954248366 0.05464052287581699
0 0.558578431372549 0.3400871459694989 0.04318627450980392 0.0628322440087146
0 0.5841830065359477 0.4220479302832244 0.032957516339869285 0.0355119825708061
0 0.5995424836601307 0.45004357298474945 0.028872549019607847 0.036884531590413945
0 0.5780392156862745 0.45891067538126357 0.026830065359477125 0.04098039215686274
0 0.5734477124183006 0.31008714596949893 0.06598039215686274 0.15348583877995645
0 0.934330065359477 0.5336165577342048 0.05204248366013072 0.0784313725490196
0 0.9912418300653595 0.5532244008714597 0.017532679738562092 0.03239651416122004
0 0.9752450980392158 0.5677342047930283 0.018790849673202614 0.0340958605664488
0 0.9904084967320261 0.6325054466230937 0.01919934640522876 0.0340958605664488
0 0.9733169934640522 0.6001089324618736 0.032859477124183 0.04091503267973857
0 0.9624673202614379 0.6427450980392156 0.029771241830065357 0.04433551198257081
0 0.9356209150326797 0.6802396514161221 0.0323202614379085 0.030697167755991284
0 0.9285784313725489 0.6487145969498911 0.03104575163398693 0.0392156862745098
0 0.9234640522875817 0.5975599128540304 0.017532679738562092 0.0289760348583878
0 0.9055718954248366 0.6214161220043574 0.04821895424836602 0.04261437908496732
0 0.6556372549019608 0.6666013071895426 0.02915032679738562 0.047734204793028326
2 0.16923202614379085 0.4500871459694989 0.28643790849673206 0.3307407407407407
2 0.8020424836601308 0.4884531590413943 0.322483660130719 0.40065359477124185
0 0.9471241830065359 0.33331154684095865 0.05277777777777777 0.052854030501089326
2 0.5527614379084967 0.31455337690631807 0.2814705882352941 0.29152505446623095
2 0.3961111111111111 0.18838779956427015 0.12640522875816992 0.19605664488017427