1 0.4793725 0.5685566666666667 0.0285125 0.03607333333333333
1 0.514165 0.72657 0.0281075 0.03969333333333333
1 0.6258025 0.66765 0.028052499999999998 0.03459333333333334
1 0.47376999999999997 0.6749333333333333 0.02035 0.03108666666666667
1 0.4898375 0.8231466666666667 0.031184999999999997 0.03539333333333333
1 0.643 0.8542833333333333 0.030172499999999998 0.03951
1 0.67189 0.8663933333333332 0.0341925 0.044796666666666665
1 0.6534 0.8919966666666665 0.0296675 0.03785
1 0.7129924999999999 0.33133 0.0159775 0.028206666666666668
2 0.96657 0.18607 0.03322 0.039273333333333334
2 0.9907025 0.16421333333333332 0.018595 0.03749
2 0.86888 0.15330333333333335 0.032130000000000006 0.03595333333333333
2 0.799805 0.15290333333333334 0.0273125 0.039213333333333336
2 0.5928125 0.22768666666666665 0.019055 0.02784
2 0.5461024999999999 0.11608 0.013994999999999999 0.01794
2 0.3864425 0.40168666666666664 0.026699999999999998 0.03333
1 0.4133325 0.49479333333333336 0.021975 0.03314333333333334
2 0.31047 0.44481000000000004 0.02595 0.035493333333333335
1 0.258485 0.39289 0.0207525 0.027896666666666667
1 0.2723875 0.4181933333333333 0.021965 0.018733333333333334
2 0.18227000000000002 0.22086 0.009640000000000001 0.014086666666666666
2 0.15019749999999998 0.2519633333333333 0.0116 0.0145
2 0.10109749999999999 0.30033666666666664 0.0068525 0.008926666666666668
2 0.150925 0.4015 0.011529999999999999 0.014723333333333333
2 0.39446749999999997 0.96303 0.02417 0.039683333333333334
2 0.36089 0.6825133333333333 0.019682500000000002 0.027756666666666666