2 0.8023868312757201 0.13555555555555554 0.2684362139917696 0.27115942028985507
2 0.6456378600823045 0.47545893719806764 0.1740329218106996 0.2208695652173913
0 0.26897119341563785 0.6735265700483091 0.22761316872427984 0.30782608695652175
0 0.15358024691358024 0.42816425120772944 0.1340329218106996 0.17782608695652175
0 0.46781893004115227 0.4782125603864734 0.07938271604938271 0.13628019323671497
0 0.3508230452674897 0.31758454106280193 0.24596707818930041 0.18531400966183575
0 0.3806172839506173 0.6335265700483091 0.10049382716049383 0.13922705314009662
0 0.28341563786008234 0.4603864734299517 0.11386831275720165 0.08120772946859903
0 0.5837860082304527 0.48227053140096615 0.14012345679012345 0.3226570048309179
0 0.4368312757201646 0.373768115942029 0.0640329218106996 0.078743961352657
0 0.40415637860082304 0.24217391304347827 0.17427983539094652 0.19555555555555554
0 0.2048971193415638 0.33396135265700483 0.09127572016460905 0.0763768115942029