1 0.833845 0.31733249999999996 0.06493333333333334 0.069525
1 0.6829066666666666 0.6794600000000001 0.06530666666666667 0.0916675
1 0.7006683333333333 0.8550599999999999 0.046189999999999995 0.06830750000000001
1 0.19113166666666667 0.451455 0.023891666666666665 0.027975
1 0.48451666666666665 0.4771125 0.031468333333333334 0.0444925
1 0.11014166666666667 0.3264625 0.026768333333333335 0.033185
1 0.07044500000000001 0.4211375 0.03735666666666666 0.0357625
1 0.45052833333333336 0.5483724999999999 0.039695 0.044762500000000004
1 0.2621 0.2849275 0.026138333333333336 0.0310825
1 0.08561833333333334 0.36189499999999997 0.029116666666666666 0.035925
1 0.12497833333333333 0.12899750000000001 0.029685000000000003 0.03626
1 0.30097666666666667 0.33001749999999996 0.025449999999999997 0.0280125
1 0.3113166666666667 0.9356025 0.028968333333333332 0.039865000000000005
1 0.27285333333333334 0.45705250000000003 0.025324999999999997 0.026675
1 0.2730916666666667 0.5272325 0.022515 0.030465
1 0.16825833333333332 0.19457249999999998 0.029574999999999997 0.025775
1 0.44333333333333336 0.48112 0.03302833333333333 0.048737499999999996
1 0.151375 0.8139924999999999 0.02532166666666667 0.0420325
1 0.057238333333333336 0.07417499999999999 0.030143333333333334 0.038384999999999996
1 0.12637833333333334 0.385925 0.03794666666666667 0.032067500000000006
1 0.15066166666666667 0.31574 0.029536666666666666 0.03545
1 0.2781383333333333 0.48797500000000005 0.023015 0.026414999999999998
1 0.149215 0.3910575 0.03668166666666667 0.0337325
1 0.30229666666666666 0.7481525 0.019356666666666668 0.023875
1 0.2950216666666667 0.5126675 0.02044 0.0253075
1 0.42761166666666667 0.6650325 0.022205 0.0253525
1 0.16935333333333333 0.164385 0.023008333333333335 0.03061
1 0.2544016666666667 0.5120375 0.018099999999999998 0.0234175
1 0.3229783333333333 0.31997000000000003 0.015731666666666668 0.02221