2 0.9737254901960783 0.7689230769230769 0.010588235294117648 0.014307692307692308
2 0.9374019607843138 0.8256153846153846 0.010343137254901961 0.014051282051282052
2 0.835 0.7833846153846153 0.01065359477124183 0.016153846153846154
2 0.8095588235294118 0.7785128205128206 0.010604575163398694 0.017256410256410257
2 0.7933006535947712 0.7733846153846154 0.012565359477124184 0.01646153846153846
2 0.8314869281045751 0.6664871794871795 0.011388888888888888 0.016307692307692308
2 0.8787581699346404 0.6671794871794872 0.00854575163398693 0.013666666666666667
2 0.8965196078431372 0.6255897435897436 0.01218954248366013 0.015692307692307693
2 0.9004901960784314 0.5779487179487179 0.009754901960784313 0.015076923076923076
2 0.8904575163398694 0.5805384615384616 0.011013071895424838 0.014846153846153846
2 0.8838725490196078 0.5941025641025641 0.009281045751633986 0.01353846153846154
2 0.8232843137254903 0.5743846153846154 0.011356209150326797 0.01605128205128205
2 0.8131045751633987 0.5759487179487179 0.008218954248366014 0.017846153846153845
2 0.7963888888888888 0.5647435897435897 0.011862745098039215 0.015692307692307693
2 0.7494281045751634 0.5682820512820512 0.010163398692810457 0.016
2 0.8922712418300655 0.4248974358974359 0.009297385620915033 0.014333333333333333
2 0.8560457516339869 0.498948717948718 0.011699346405228758 0.013871794871794872
2 0.842173202614379 0.4931794871794872 0.010392156862745099 0.01441025641025641
2 0.8378267973856209 0.44551282051282054 0.006094771241830065 0.012358974358974359
2 0.8041666666666666 0.4186923076923077 0.010343137254901961 0.015743589743589744
2 0.7648692810457517 0.4693846153846154 0.008823529411764706 0.011743589743589744
2 0.7553594771241829 0.4632051282051282 0.006830065359477124 0.011487179487179488
2 0.8133660130718954 0.5153589743589744 0.008937908496732025 0.01558974358974359
2 0.8259640522875817 0.5294615384615385 0.008790849673202615 0.010948717948717948
2 0.7656535947712418 0.7012820512820512 0.009068627450980391 0.014538461538461538
2 0.7518464052287581 0.6682051282051282 0.008937908496732025 0.01541025641025641
2 0.7413071895424836 0.6048205128205129 0.009215686274509803 0.018025641025641026
2 0.6340032679738562 0.8021538461538461 0.012875816993464052 0.017487179487179486
2 0.7739869281045751 0.5012307692307693 0.011111111111111112 0.014820512820512822
2 0.7935130718954249 0.4032051282051282 0.006258169934640523 0.011128205128205127
2 0.7243300653594772 0.367025641025641 0.009101307189542484 0.013923076923076922
2 0.6579084967320261 0.7017948717948718 0.009509803921568628 0.014769230769230769
2 0.6642320261437908 0.7241282051282052 0.011977124183006536 0.015974358974358976
2 0.6592320261437908 0.7521794871794872 0.010049019607843138 0.019358974358974358
2 0.6680882352941176 0.775 0.007516339869281045 0.012461538461538463
2 0.6784477124183006 0.7812820512820513 0.010016339869281046 0.012051282051282051
2 0.5725163398692811 0.5907179487179487 0.011176470588235295 0.01730769230769231
2 0.6096078431372549 0.4463333333333333 0.011437908496732025 0.015743589743589744
2 0.591764705882353 0.4468461538461539 0.00988562091503268 0.01146153846153846
2 0.6277614379084967 0.5312820512820513 0.010261437908496733 0.016153846153846154
2 0.5762908496732027 0.699025641025641 0.011911764705882353 0.01805128205128205
2 0.5850326797385621 0.6715384615384615 0.008905228758169934 0.013025641025641025
2 0.578186274509804 0.7215641025641026 0.012271241830065359 0.016743589743589745
2 0.5300490196078431 0.708025641025641 0.010343137254901961 0.01464102564102564
2 0.5089542483660131 0.7212051282051282 0.009101307189542484 0.01423076923076923
2 0.6240522875816994 0.7796666666666666 0.010457516339869282 0.017333333333333333
2 0.6388562091503268 0.7652307692307693 0.010833333333333334 0.020256410256410257
2 0.5768627450980393 0.8103333333333332 0.01076797385620915 0.01764102564102564
2 0.5536111111111112 0.7725641025641026 0.009738562091503268 0.015307692307692307
2 0.5338725490196079 0.8112564102564103 0.008905228758169934 0.01417948717948718
2 0.5625490196078431 0.5029230769230769 0.009428104575163397 0.014461538461538461
2 0.4245098039215687 0.5927948717948718 0.010751633986928105 0.014307692307692308
2 0.41504901960784313 0.6021538461538462 0.010016339869281046 0.013410256410256411
2 0.33658496732026144 0.6744102564102563 0.008823529411764706 0.011641025641025642
2 0.2980718954248366 0.6365384615384615 0.011405228758169935 0.01441025641025641
2 0.3149019607843137 0.5851282051282051 0.00980392156862745 0.015051282051282052
2 0.3227614379084967 0.5435641025641026 0.009591503267973856 0.012205128205128205
2 0.32702614379084965 0.5597179487179487 0.012434640522875818 0.012358974358974359
2 0.3484640522875817 0.5970000000000001 0.009852941176470589 0.015615384615384614
2 0.28236928104575165 0.5817179487179487 0.011813725490196079 0.01535897435897436
2 0.2826470588235294 0.5193589743589744 0.011241830065359478 0.011948717948717949
2 0.2718790849673202 0.6471794871794871 0.009019607843137253 0.01423076923076923
2 0.2572058823529412 0.665 0.011503267973856209 0.01423076923076923
2 0.2685457516339869 0.6618461538461539 0.010147058823529412 0.013487179487179486
2 0.28560457516339866 0.687923076923077 0.01258169934640523 0.015461538461538462
2 0.26312091503267976 0.7308205128205127 0.013104575163398692 0.015615384615384614
2 0.2558496732026144 0.7940769230769231 0.01107843137254902 0.017256410256410257
2 0.28049019607843134 0.7626410256410256 0.01145424836601307 0.016846153846153848
2 0.2672222222222222 0.8132051282051281 0.01107843137254902 0.01628205128205128
2 0.2584150326797386 0.8191282051282051 0.009068627450980391 0.01741025641025641
2 0.24209150326797385 0.8124102564102563 0.00968954248366013 0.014666666666666666
2 0.24875816993464053 0.8204358974358975 0.00880718954248366 0.019230769230769232
2 0.23202614379084968 0.8136666666666666 0.011176470588235295 0.015384615384615385
2 0.25727124183006533 0.496 0.00823529411764706 0.011615384615384616
2 0.161421568627451 0.580025641025641 0.00977124183006536 0.015538461538461537
2 0.15629084967320261 0.5928461538461539 0.008643790849673203 0.012615384615384615
2 0.15055555555555555 0.6475641025641026 0.010816993464052288 0.015051282051282052
2 0.15183006535947713 0.737051282051282 0.014477124183006534 0.020974358974358974
2 0.1393954248366013 0.6564871794871794 0.013496732026143791 0.015051282051282052
2 0.11668300653594771 0.5931538461538461 0.012401960784313725 0.01682051282051282
2 0.08315359477124183 0.6372307692307693 0.011470588235294116 0.014538461538461538
2 0.09294117647058824 0.4653076923076923 0.00926470588235294 0.016256410256410257
2 0.11161764705882353 0.4381538461538461 0.009117647058823529 0.015435897435897435
2 0.1286437908496732 0.45217948717948714 0.010212418300653595 0.014948717948717948
2 0.07931372549019608 0.44456410256410256 0.01272875816993464 0.013974358974358975
2 0.03011437908496732 0.445025641025641 0.009836601307189542 0.011384615384615385
2 0.15540849673202614 0.49341025641025643 0.01145424836601307 0.013564102564102565
2 0.13730392156862745 0.49507692307692314 0.010473856209150327 0.015102564102564102