1 0.09783 0.35507333333333335 0.026879999999999998 0.035563333333333336
1 0.0316225 0.3886133333333333 0.0162075 0.022473333333333335
1 0.16348249999999998 0.3752733333333333 0.0238175 0.02845666666666667
1 0.2157175 0.25962 0.027335 0.02579
1 0.059445 0.5422433333333333 0.0206325 0.023883333333333336
1 0.1948125 0.17057666666666668 0.025695 0.02725
1 0.2666675 0.15967666666666666 0.02427 0.03069
1 0.46447750000000004 0.17899333333333334 0.0210825 0.02725
1 0.4181225 0.5435133333333333 0.02429 0.03104
1 0.3306625 0.6376 0.024795 0.03411
1 0.2480475 0.8363033333333333 0.023627500000000003 0.02597666666666667
1 0.1472475 0.9112266666666666 0.016385 0.026063333333333334
2 0.5733175 0.7821466666666667 0.0179075 0.027043333333333332
2 0.6484975 0.7940133333333333 0.01671 0.023516666666666665
1 0.6998475 0.7047666666666668 0.01478 0.020503333333333332
1 0.6966175 0.6285 0.0177925 0.02325
1 0.74221 0.6323000000000001 0.0109775 0.01507
2 0.7253474999999999 0.6589866666666667 0.0137075 0.017943333333333332
1 0.8256875 0.6846933333333333 0.0131825 0.017603333333333335
1 0.8000875 0.7152666666666667 0.01359 0.014993333333333332
1 0.7823325 0.62939 0.01122 0.017453333333333335
1 0.8628775000000001 0.6632733333333333 0.0103975 0.012633333333333333
1 0.89578 0.6330166666666667 0.010875 0.01289
1 0.90651 0.7071166666666666 0.01008 0.014476666666666667
1 0.9125125000000001 0.7221833333333334 0.010985 0.013043333333333334
1 0.9453524999999999 0.6851833333333334 0.0120225 0.014156666666666666
1 0.94168 0.59176 0.013457499999999999 0.014843333333333333
1 0.8859525 0.54935 0.0129975 0.01644666666666667
1 0.841665 0.5208200000000001 0.0104525 0.01694
1 0.86168 0.5252233333333334 0.011314999999999999 0.016166666666666666
1 0.891215 0.5223966666666667 0.0112125 0.01493
1 0.8421175 0.46689 0.013852499999999998 0.016906666666666667
1 0.95941 0.47714 0.0084175 0.014676666666666668
2 0.9405800000000001 0.37423333333333336 0.0100475 0.01212
2 0.8707125 0.3409333333333333 0.013762499999999999 0.015586666666666665
2 0.8635725 0.3238933333333333 0.012735 0.014326666666666666
2 0.864735 0.27638999999999997 0.011269999999999999 0.014636666666666666
2 0.8534674999999999 0.26771 0.01099 0.013056666666666668
2 0.8171775 0.27075666666666665 0.0103675 0.012836666666666666
2 0.823235 0.25714 0.010735 0.013093333333333334
2 0.828315 0.24008333333333334 0.0113375 0.013349999999999999
2 0.7990675 0.2574866666666667 0.0087075 0.008386666666666667
2 0.7732875 0.2941566666666667 0.0120625 0.01482
2 0.7922575000000001 0.35564666666666667 0.01071 0.01408
2 0.7629575 0.40662 0.015075 0.019450000000000002
1 0.747725 0.39679 0.015855 0.02125
1 0.7543624999999999 0.4550766666666667 0.0154025 0.01789
1 0.71994 0.4967966666666667 0.015375 0.020536666666666665
2 0.73523 0.5015 0.0143425 0.019289999999999998
2 0.479215 0.6252466666666666 0.0221625 0.029763333333333336
2 0.4962575 0.5399966666666667 0.0284125 0.037873333333333335
2 0.6215625 0.57453 0.019809999999999998 0.02575