2 0.5579500000000001 0.5409745127436282 0.10529999999999999 0.14742128935532234
0 0.0496 0.12058470764617692 0.03896 0.05368815592203898
0 0.08513 0.13781109445277362 0.00956 0.014422788605697151
0 0.10548 0.13926536731634184 0.01022 0.014812593703148427
0 0.09484000000000001 0.13256371814092954 0.00929 0.013418290854572712
0 0.15871000000000002 0.13580209895052472 0.01796 0.022668665667166417
0 0.16843 0.08097451274362819 0.009630000000000001 0.016656671664167916
0 0.23739 0.13788605697151424 0.01428 0.020359820089955023
0 0.18278 0.027061469265367316 0.011179999999999999 0.022668665667166417
0 0.19944 0.02058470764617691 0.009949999999999999 0.023598200899550226
0 0.20731 0.01896551724137931 0.00718 0.02499250374812594
0 0.18509 0.007166416791604198 0.01073 0.014347826086956523
0 0.041299999999999996 0.029850074962518743 0.01078 0.01989505247376312
0 0.24078 0.17235382308845576 0.01719 0.01989505247376312
0 0.27151 0.10572713643178411 0.01148 0.020824587706146928
0 0.30451999999999996 0.1078110944527736 0.01087 0.020359820089955023
0 0.31486000000000003 0.09253373313343329 0.00563 0.017586206896551725
0 0.2783 0.09044977511244377 0.01148 0.018050974512743626
0 0.26564 0.08676161919040479 0.00827 0.015262368815592203
0 0.29557 0.19965517241379308 0.046520000000000006 0.06431784107946027
0 0.30236 0.22463268365817093 0.01334 0.023598200899550226
0 0.36022000000000004 0.11728635682158921 0.015519999999999999 0.021739130434782608
0 0.32597000000000004 0.15476761619190404 0.02723 0.03562218890554723
0 0.37518 0.18322338830584706 0.04094 0.07773613193403299
0 0.36824 0.2556371814092953 0.02972 0.06709145427286357
0 0.01679 0.4188455772113943 0.009630000000000001 0.021679160419790105
0 0.029920000000000002 0.42326836581709143 0.01448 0.02892053973013493
0 0.05241 0.42527736131934035 0.01128 0.020074962518740632
0 0.022420000000000002 0.44334332833583207 0.01341 0.025697151424287856
0 0.01063 0.4437481259370315 0.01016 0.018470764617691156
0 0.05589 0.7501499250374813 0.01288 0.019280359820089955
0 0.20024 0.9019490254872564 0.012240000000000001 0.02892053973013493
0 0.20087 0.9606896551724138 0.01408 0.017061469265367318
0 0.18916 0.9087706146926536 0.008 0.01353823088455772
0 0.2084 0.9140329835082458 0.008400000000000001 0.01505247376311844
0 0.18447999999999998 0.9165367316341829 0.01068 0.01505247376311844
0 0.33653 0.7951424287856073 0.009789999999999998 0.014047976011994001
0 0.34439 0.7846026986506748 0.0128 0.018065967016491755
0 0.35326 0.7688005997001499 0.01581 0.025592203898050975
0 0.33937 0.7600149925037482 0.015300000000000001 0.02709145427286357
0 0.38036000000000003 0.7946326836581709 0.02586 0.04415292353823088
0 0.36146 0.6551724137931034 0.04358 0.06220389805097452
0 0.37617 0.6228185907046477 0.02084 0.06271364317841079
0 0.35525999999999996 0.6062668665667167 0.038380000000000004 0.04665667166416792
0 0.30457999999999996 0.5628635682158921 0.01331 0.035112443778110944
0 0.28818 0.6022488755622188 0.02001 0.014542728635682158
0 0.3014 0.8731484257871064 0.04175 0.04062968515742129
0 0.10286 0.4884707646176912 0.01176 0.01613193403298351
0 0.12161 0.4936731634182908 0.020079999999999997 0.03904047976011994
0 0.14296 0.5293403298350825 0.02817 0.049970014992503746
0 0.40756 0.787856071964018 0.01636 0.03370314842578711
0 0.43854000000000004 0.8138980509745127 0.02517 0.026551724137931037
0 0.50664 0.8583208395802099 0.011529999999999999 0.021439280359820092
0 0.62446 0.823088455772114 0.010119999999999999 0.016341829085457272
0 0.6581699999999999 0.8047076461769116 0.02986 0.0612743628185907
0 0.5955199999999999 0.736791604197901 0.01762 0.02553223388305847
0 0.56759 0.7276011994002999 0.02444 0.03778110944527736
0 0.70175 0.6244677661169415 0.040740000000000005 0.06637181409295352
0 0.72764 0.6734782608695652 0.04099 0.05616191904047976
0 0.78318 0.7280659670164917 0.026940000000000002 0.06124437781109446
0 0.80133 0.6563418290854572 0.04963 0.07767616191904049
0 0.73156 0.7629385307346327 0.01595 0.016446776611694153
0 0.66255 0.705952023988006 0.016300000000000002 0.02154422788605697
0 0.66804 0.6727886056971514 0.025 0.051604197901049476
0 0.65385 0.6526536731634183 0.00715 0.014737631184407796
0 0.64932 0.6640029985007496 0.0079 0.01361319340329835
0 0.62985 0.5999250374812594 0.04011 0.056701649175412296
0 0.64322 0.24746626686656673 0.01523 0.024557721139430284
0 0.6466799999999999 0.23053973013493254 0.00977 0.016911544227886054
0 0.84777 0.3568665667166417 0.01097 0.02073463268365817
0 0.83976 0.30967016491754124 0.02761 0.06929535232383809