1 0.65958 0.6657333333333334 0.08098000000000001 0.05224
1 0.13258 0.6713733333333333 0.07776000000000001 0.05652
1 0.039920000000000004 0.6232666666666666 0.07636 0.03917333333333333
1 0.2289 0.29624 0.04616 0.03197333333333333
1 0.80736 0.34819999999999995 0.03514 0.022959999999999998
1 0.9650599999999999 0.5969333333333333 0.058159999999999996 0.04204
1 0.87234 0.8495733333333333 0.05732 0.04002666666666667
1 0.13094 0.9310666666666666 0.058159999999999996 0.040426666666666666
1 0.11916 0.3973466666666667 0.04124 0.02568
2 0.19674 0.36057333333333336 0.04346 0.030586666666666668
2 0.23222 0.37244 0.04254 0.028640000000000002
2 0.53052 0.31324 0.04106 0.033453333333333335
2 0.7951 0.36968 0.044020000000000004 0.024826666666666667
2 0.82556 0.37235999999999997 0.02856 0.01944
2 0.65316 0.88512 0.07212 0.04562666666666666
2 0.60426 0.8536266666666668 0.060200000000000004 0.0464
2 0.45362 0.80672 0.07208 0.048426666666666666
2 0.50608 0.79532 0.07687999999999999 0.04787999999999999
2 0.558 0.8180666666666666 0.0503 0.034973333333333335
1 0.6090399999999999 0.8042266666666666 0.03804 0.03528
1 0.38356 0.6339466666666667 0.06286 0.031439999999999996
2 0.28578 0.6872266666666667 0.03438 0.026
2 0.15281999999999998 0.9466533333333333 0.0521 0.02764
2 0.27766 0.306 0.04566 0.03426666666666667