1 0.20625 0.113125 0.03916666666666667 0.05875
1 0.37916666666666665 0.075 0.043333333333333335 0.06
1 0.1025 0.296875 0.041666666666666664 0.05625
1 0.15458333333333332 0.48375 0.03916666666666667 0.0525
1 0.24958333333333332 0.273125 0.024166666666666666 0.03875
1 0.5845833333333333 0.281875 0.035833333333333335 0.05625
1 0.7266666666666667 0.34125 0.056666666666666664 0.0725
2 0.6804166666666667 0.325 0.04416666666666667 0.06
2 0.7258333333333333 0.28625 0.03666666666666667 0.05
1 0.35125 0.594375 0.025833333333333333 0.03875
1 0.45416666666666666 0.774375 0.03 0.03375
1 0.41333333333333333 0.776875 0.025 0.05125
1 0.57875 0.73125 0.03916666666666667 0.0575