2 0.17627450980392156 0.19088235294117645 0.012794117647058824 0.019068627450980393
2 0.1876797385620915 0.19463235294117645 0.010866013071895426 0.019950980392156863
2 0.2078921568627451 0.23799019607843136 0.010620915032679739 0.016470588235294115
2 0.2232516339869281 0.24181372549019606 0.011274509803921568 0.014852941176470588
2 0.25882352941176473 0.23615196078431372 0.010833333333333334 0.014117647058823528
2 0.25287581699346406 0.2638725490196078 0.013088235294117647 0.016544117647058824
2 0.25359477124183005 0.1435049019607843 0.00923202614379085 0.019779411764705882
2 0.26666666666666666 0.15629901960784315 0.008823529411764706 0.012230392156862746
2 0.4116013071895425 0.2558823529411765 0.012303921568627451 0.020441176470588233
2 0.44800653594771245 0.2638725490196078 0.012630718954248367 0.016544117647058824
2 0.38130718954248366 0.32159313725490196 0.011813725490196079 0.017990196078431372
2 0.34318627450980393 0.3812745098039216 0.0125 0.017990196078431372
2 0.1718954248366013 0.3901960784313725 0.011111111111111112 0.014607843137254902
2 0.19589869281045752 0.4488480392156863 0.010506535947712418 0.017892156862745097
2 0.3286764705882353 0.27208333333333334 0.011764705882352941 0.015759803921568626
2 0.3430065359477124 0.2900245098039216 0.011241830065359478 0.018455882352941176
2 0.311797385620915 0.29713235294117646 0.007745098039215687 0.01267156862745098
2 0.390016339869281 0.1652941176470588 0.013055555555555556 0.01375