1 0.16556 0.4292133333333334 0.0219075 0.02853
1 0.10189749999999999 0.5963833333333334 0.0150575 0.018186666666666667
1 0.1100125 0.58604 0.0121425 0.017026666666666666
1 0.09389499999999999 0.6533 0.013134999999999999 0.015623333333333333
1 0.0247475 0.6279233333333333 0.012825 0.015183333333333332
1 0.0351025 0.6438833333333334 0.011574999999999998 0.013306666666666668
1 0.1442425 0.77306 0.013015 0.01709
1 0.1570175 0.7774633333333333 0.01663 0.01766
1 0.049685 0.7097933333333334 0.01314 0.015966666666666667
1 0.8143250000000001 0.7702566666666667 0.02163 0.024386666666666664
1 0.80216 0.8201066666666668 0.022785 0.029156666666666668
1 0.7901825 0.9454533333333334 0.023565000000000003 0.031013333333333334
1 0.9698875 0.5509666666666667 0.01422 0.015523333333333333
1 0.7227125 0.27331 0.019785 0.02684
1 0.66465 0.30696999999999997 0.02004 0.026746666666666665
2 0.17282499999999998 0.28803 0.0244725 0.030143333333333334
2 0.15852750000000002 0.39625333333333335 0.02204 0.027136666666666667
2 0.127535 0.5334933333333334 0.0167325 0.01693333333333333
2 0.2234375 0.5020766666666667 0.012085 0.023073333333333335
2 0.3572725 0.6194066666666667 0.028825 0.030276666666666667
2 0.43718 0.35286999999999996 0.01684 0.02258
1 0.3515175 0.2892366666666667 0.017042500000000002 0.023280000000000002
2 0.888525 0.8717566666666666 0.02414 0.027643333333333336
2 0.8816725 0.98815 0.02479 0.0237
2 0.9075175000000001 0.8899566666666666 0.0198175 0.028790000000000003
2 0.7034874999999999 0.27663666666666664 0.021755 0.02723
2 0.7460650000000001 0.31613 0.020337499999999998 0.02646666666666667
1 0.7282124999999999 0.3219033333333333 0.0224075 0.025416666666666667
2 0.8180700000000001 0.26144666666666666 0.0108775 0.014686666666666667
2 0.5767025 0.35828999999999994 0.016245000000000002 0.017693333333333332
2 0.385335 0.8548433333333334 0.021645 0.020836666666666667
1 0.1810725 0.6419166666666667 0.0171825 0.01908