1 0.035775 0.13568666666666668 0.029975 0.03896
1 0.5331725 0.46601666666666663 0.0418925 0.05037666666666667
1 0.9835725 0.3779166666666667 0.032854999999999995 0.058133333333333335
1 0.7249625 0.7144533333333334 0.029615 0.03988333333333333
1 0.24888749999999998 0.60742 0.0208175 0.024640000000000002
1 0.24162 0.6314333333333333 0.0220075 0.022353333333333333
1 0.24311000000000002 0.7075933333333334 0.022365 0.023746666666666666
1 0.32098000000000004 0.47674 0.0233675 0.03515333333333333
1 0.7461575 0.14468333333333333 0.028555 0.038656666666666666
2 0.806585 0.06461 0.031715 0.03917
2 0.637495 0.0853 0.033530000000000004 0.04194
2 0.653645 0.11683333333333333 0.037845 0.036969999999999996
2 0.6254125 0.13426666666666667 0.027114999999999997 0.04024
2 0.74017 0.25136000000000003 0.0277875 0.029083333333333333
2 0.7724425 0.3095833333333333 0.026947500000000003 0.033780000000000004
2 0.7786225 0.35285999999999995 0.02903 0.037796666666666666
2 0.8068350000000001 0.33636 0.025695 0.028829999999999998
2 0.641875 0.26028 0.0301525 0.03820333333333333
2 0.6914525 0.3555233333333333 0.0218875 0.0232
2 0.6523 0.3612966666666667 0.0127025 0.01731
2 0.5470325 0.26025 0.024475 0.02694
2 0.49176749999999997 0.29619666666666666 0.019489999999999997 0.03656
2 0.479575 0.4973 0.024995 0.03152
2 0.44174 0.4747133333333334 0.0259175 0.03367
2 0.4211425 0.5003000000000001 0.0220875 0.030046666666666666
2 0.5759125 0.6258633333333333 0.0252575 0.03458
2 0.6965950000000001 0.75091 0.020030000000000003 0.03808333333333333
1 0.911845 0.6812233333333334 0.0320725 0.0382
2 0.4855975 0.5584399999999999 0.013689999999999999 0.01307
2 0.493665 0.5773766666666666 0.011145 0.014823333333333332
2 0.5109075000000001 0.6509966666666667 0.0157375 0.011366666666666667
2 0.699105 0.5246166666666666 0.0147775 0.01392
2 0.33860500000000004 0.17697666666666664 0.029765 0.04173333333333334
2 0.353785 0.20219333333333334 0.030019999999999998 0.03111
2 0.3172225 0.19616999999999998 0.0262925 0.036969999999999996
2 0.22743 0.14482666666666666 0.02931 0.035993333333333336
1 0.018107500000000002 0.24961000000000003 0.03597 0.04215
2 0.089035 0.32995 0.0202325 0.02716
2 0.1027975 0.35985666666666666 0.030414999999999998 0.027053333333333332
2 0.08504250000000001 0.39025666666666664 0.02191 0.021413333333333333
2 0.050315 0.5215133333333333 0.047225 0.05587
2 0.05903 0.5839933333333334 0.0416725 0.04107333333333333
1 0.0133525 0.42443666666666663 0.0267025 0.05815666666666667
2 0.019129999999999998 0.54484 0.038259999999999995 0.030003333333333337
2 0.013842499999999999 0.5052633333333333 0.027684999999999998 0.060353333333333335
1 0.2093025 0.42968999999999996 0.02773 0.029396666666666665
1 0.226375 0.7197133333333333 0.02407 0.03357666666666667
2 0.2714825 0.6361633333333333 0.024255 0.02903333333333333
2 0.15622 0.6927733333333334 0.03475 0.027209999999999998
2 0.158755 0.7276433333333333 0.0220025 0.03818
2 0.1991525 0.74782 0.0230825 0.028516666666666666
2 0.21494749999999999 0.8066733333333334 0.0256025 0.03243666666666667
2 0.2483525 0.7704966666666666 0.02105 0.024083333333333335
2 0.062340000000000007 0.12941 0.0332725 0.043963333333333326
2 0.10145 0.09402 0.022967500000000002 0.04377
2 0.0750825 0.18665666666666667 0.0211875 0.029236666666666664
2 0.1284675 0.19065333333333334 0.03289 0.032036666666666665
2 0.16955250000000002 0.10694666666666666 0.020307500000000003 0.03366
2 0.18515500000000001 0.10053 0.0245375 0.03680666666666667
2 0.18865 0.010426666666666667 0.02442 0.02085
2 0.1400325 0.03002 0.029205 0.03032666666666667
2 0.024237500000000002 0.02154333333333333 0.01357 0.026586666666666668
2 0.278495 0.39547000000000004 0.027287500000000003 0.029813333333333334
2 0.259895 0.5081133333333333 0.0128175 0.026296666666666666
2 0.07250749999999999 0.45408 0.017615 0.022786666666666667
2 0.81637 0.20618666666666666 0.030567499999999997 0.04276666666666667
2 0.1834375 0.34755 0.025992499999999998 0.029296666666666665