1 0.549875 0.3922666666666667 0.043575 0.06736666666666667
1 0.59355 0.4034333333333333 0.03225 0.045066666666666665
1 0.463225 0.31353333333333333 0.035875 0.05043333333333334
1 0.3782 0.291 0.02645 0.03876666666666667
1 0.5739 0.17916666666666667 0.021375 0.029233333333333333
1 0.8108 0.0506 0.04185 0.05313333333333333
1 0.978425 0.1925 0.04315 0.06743333333333333
1 0.985275 0.6485333333333333 0.029449999999999997 0.07803333333333333
1 0.7038249999999999 0.3688666666666667 0.052024999999999995 0.0473
1 0.6003499999999999 0.2623 0.0308 0.03936666666666667
1 0.5987250000000001 0.22696666666666668 0.032549999999999996 0.028933333333333332
1 0.19935 0.7315333333333334 0.060175 0.07226666666666666
1 0.08689999999999999 0.445 0.03265 0.0412
1 0.1362 0.2637 0.03595 0.0489
1 0.08039999999999999 0.0762 0.021324999999999997 0.0285
1 0.17962499999999998 0.10543333333333332 0.019074999999999998 0.026766666666666664
1 0.171425 0.5449666666666667 0.046125 0.03816666666666666
1 0.237875 0.9731666666666666 0.048575 0.0537
2 0.3014 0.7045333333333333 0.056875 0.07183333333333333
2 0.4108 0.6474 0.029750000000000002 0.0401
2 0.3532 0.6959333333333333 0.023275 0.032299999999999995
2 0.560225 0.6652666666666667 0.044199999999999996 0.07133333333333333
2 0.67245 0.4949333333333333 0.058525 0.06523333333333334
2 0.669725 0.5599 0.04575 0.05693333333333333
2 0.6263000000000001 0.7095 0.045899999999999996 0.06393333333333333
2 0.683175 0.6632666666666667 0.049249999999999995 0.06513333333333333
2 0.725275 0.7140666666666666 0.0623 0.08306666666666668
2 0.894175 0.6263666666666666 0.073075 0.0694
2 0.95565 0.6182 0.050499999999999996 0.0553
2 0.9882 0.7434666666666666 0.0236 0.05823333333333333
2 0.979025 0.9491999999999999 0.038725 0.050366666666666664
2 0.866525 0.9238 0.029500000000000002 0.0241
2 0.7826000000000001 0.6219666666666667 0.046825 0.057699999999999994
2 0.710675 0.5693 0.035425 0.061633333333333325
2 0.8626 0.31473333333333336 0.03085 0.05433333333333334
2 0.103675 0.7726 0.039425 0.05233333333333333
2 0.17575 0.7818333333333334 0.02675 0.03596666666666666
2 0.0274 0.9235666666666666 0.04305 0.05670000000000001
2 0.0683 0.9735333333333334 0.043625 0.04763333333333333
2 0.005375 0.8994 0.010775 0.04803333333333333
1 0.0222 0.4484 0.0368 0.0498
1 0.18787500000000001 0.30246666666666666 0.066675 0.09023333333333333
1 0.415925 0.3720333333333333 0.03835 0.05043333333333334
1 0.19017499999999998 0.3886 0.039900000000000005 0.05106666666666667
2 0.911125 0.7135 0.05075 0.05526666666666666
2 0.83595 0.6848333333333333 0.042225 0.076