0 0.32326923076923075 0.287680412371134 0.04988461538461539 0.10448453608247422
0 0.19438461538461538 0.43603092783505154 0.11434615384615385 0.1811340206185567
0 0.39449999999999996 0.43046391752577323 0.10084615384615384 0.15324742268041236
0 0.49426923076923074 0.3740721649484536 0.07588461538461538 0.05154639175257732
0 0.5093461538461539 0.3371649484536082 0.07692307692307693 0.06407216494845361
0 0.5982307692307692 0.38798969072164946 0.07796153846153846 0.07103092783505155
0 0.8425 0.6972680412371135 0.053 0.06824742268041237
0 0.8445769230769231 0.7641237113402062 0.07588461538461538 0.08499999999999999
0 0.9288076923076923 0.5935051546391753 0.07796153846153846 0.10587628865979382
0 0.8071538461538462 0.12958762886597938 0.05715384615384615 0.07242268041237114
0 0.5717307692307693 0.25984536082474224 0.12680769230769232 0.15463917525773196
0 0.5966923076923076 0.11283505154639176 0.04988461538461539 0.0975257731958763
0 0.5763846153846154 0.1595360824742268 0.048846153846153845 0.09891752577319589
0 0.5051923076923077 0.1811340206185567 0.07692307692307693 0.08917525773195877
0 0.14707692307692308 0.31 0.11538461538461539 0.12396907216494846
0 0.1631923076923077 0.09541237113402062 0.11226923076923077 0.17969072164948452
0 0.12576923076923077 0.2054639175257732 0.06861538461538462 0.10170103092783506
0 0.05196153846153846 0.17969072164948452 0.079 0.07804123711340206
0 0.2993846153846154 0.3663917525773196 0.045730769230769235 0.05572164948453608
0 0.3601923076923077 0.3239175257731959 0.026 0.06268041237113402
2 0.7104999999999999 0.6749999999999999 0.4126923076923077 0.5475257731958763