2 0.18630718954248365 0.11046568627450981 0.02323529411764706 0.036127450980392155
2 0.2106699346405229 0.053700980392156865 0.024019607843137253 0.03375
2 0.1329248366013072 0.041225490196078435 0.02104575163398693 0.034926470588235295
2 0.1043954248366013 0.06708333333333334 0.020637254901960785 0.027794117647058823
2 0.20534313725490197 0.12769607843137254 0.018660130718954247 0.02622549019607843
2 0.15258169934640523 0.08323529411764706 0.017973856209150325 0.027867647058823528
2 0.24184640522875817 0.23151960784313724 0.015163398692810456 0.03200980392156863
2 0.28439542483660135 0.2908823529411765 0.024493464052287583 0.029411764705882353
2 0.41387254901960785 0.2362254901960784 0.017859477124183006 0.026078431372549022
2 0.41421568627450983 0.2638725490196078 0.01380718954248366 0.024583333333333332
2 0.29794117647058826 0.367843137254902 0.017532679738562092 0.027549019607843138
2 0.31218954248366015 0.35394607843137255 0.01454248366013072 0.024019607843137256
2 0.327140522875817 0.33948529411764705 0.01718954248366013 0.018088235294117648
2 0.24705882352941175 0.5192401960784313 0.027303921568627453 0.030269607843137255
2 0.19369281045751635 0.5242156862745098 0.029542483660130715 0.038921568627450984
2 0.3825326797385621 0.48073529411764704 0.01645424836601307 0.02602941176470588
2 0.3485130718954248 0.5012254901960784 0.014820261437908497 0.02105392156862745
2 0.3670098039215686 0.5355882352941177 0.012663398692810458 0.020808823529411765
2 0.3924673202614379 0.5425 0.015915032679738563 0.024411764705882355
2 0.35980392156862745 0.56625 0.016993464052287584 0.022156862745098038
2 0.40911764705882353 0.5693137254901961 0.015147058823529411 0.021862745098039215
2 0.42112745098039217 0.5191666666666667 0.012777777777777779 0.021176470588235297
2 0.40444444444444444 0.5935784313725491 0.015179738562091502 0.024436274509803922
2 0.29401960784313724 0.6090196078431372 0.013104575163398692 0.01443627450980392
2 0.3033496732026144 0.6262009803921569 0.0125 0.017598039215686274
2 0.0822875816993464 0.42058823529411765 0.026356209150326795 0.03600490196078431
2 0.12233660130718955 0.42374999999999996 0.01281045751633987 0.0308578431372549
2 0.6710294117647059 0.4260294117647059 0.019035947712418302 0.025220588235294116
2 0.753937908496732 0.45955882352941174 0.01622549019607843 0.02838235294117647
2 0.8512418300653596 0.5404656862745097 0.029787581699346408 0.038431372549019606
2 0.847859477124183 0.5799264705882353 0.03011437908496732 0.032132352941176466
2 0.8983660130718953 0.4188970588235294 0.02107843137254902 0.032254901960784316
2 0.8585130718954248 0.28696078431372546 0.026568627450980396 0.03465686274509804
2 0.8100163398692811 0.2039950980392157 0.021879084967320262 0.031127450980392154
2 0.7737091503267973 0.22862745098039217 0.025098039215686273 0.03272058823529412
2 0.7120588235294117 0.3138970588235294 0.01766339869281046 0.02193627450980392
2 0.8205882352941176 0.28732843137254904 0.0217156862745098 0.019411764705882354