2 0.15827458256029686 0.2729722222222222 0.2524675324675325 0.40038888888888885
0 0.39278293135435993 0.5256666666666667 0.09504638218923933 0.21294444444444444
0 0.12294990723562152 0.56675 0.05521335807050093 0.08922222222222222
0 0.09992578849721706 0.6201388888888889 0.025751391465677183 0.02947222222222222
0 0.271038961038961 0.5823333333333333 0.034897959183673465 0.05505555555555556
0 0.25888682745825603 0.6257222222222222 0.02150278293135436 0.030694444444444448
0 0.300556586270872 0.6425833333333334 0.0697773654916512 0.0565
0 0.33647495361781077 0.7206388888888889 0.09398886827458255 0.09972222222222221
0 0.24181818181818182 0.755611111111111 0.03975881261595547 0.06502777777777778
0 0.23968460111317252 0.6861111111111111 0.04204081632653061 0.04361111111111111
0 0.22931354359925787 0.7160277777777777 0.019109461966604825 0.028333333333333332