2 0.9758723958333334 0.2251904296875 0.048255208333333334 0.07796875
2 0.9336230468750001 0.23482421875 0.03469075520833333 0.067880859375
2 0.8449674479166666 0.322880859375 0.04328450520833333 0.0697119140625
2 0.8865494791666667 0.3219677734375 0.037438151041666666 0.066044921875
2 0.9235384114583334 0.3325146484375 0.02094401041666667 0.066962890625
2 0.8761490885416667 0.466435546875 0.05060872395833333 0.07796875
2 0.9663313802083334 0.56091796875 0.05729817708333334 0.0816357421875
2 0.9302701822916667 0.627421875 0.06252278645833333 0.088056640625
2 0.8899153645833334 0.8154638671875 0.064951171875 0.093564453125
2 0.8721842447916667 0.89939453125 0.06983723958333334 0.0981494140625
2 0.7141243489583333 0.79115234375 0.060452473958333336 0.0871435546875
2 0.611064453125 0.38021484375 0.04048502604166667 0.041279296875
2 0.5383072916666667 0.4022265625 0.04290364583333334 0.0614599609375
2 0.599755859375 0.4370849609375 0.044762369791666666 0.0596240234375
2 0.529443359375 0.4742333984375 0.043512369791666665 0.062373046875
2 0.49978190104166664 0.3595751953125 0.026809895833333333 0.036689453125
2 0.473798828125 0.38708984375 0.03721354166666666 0.053203125
2 0.445068359375 0.4870751953125 0.0471484375 0.0715478515625
2 0.33471028645833334 0.3990185546875 0.03671549479166667 0.053203125
2 0.31697265625 0.42791015625 0.035439453125 0.05228515625
2 0.34082356770833333 0.4494677734375 0.033046874999999996 0.0458642578125
2 0.3267610677083333 0.493037109375 0.029375 0.05044921875
2 0.28976562499999997 0.4623095703125 0.03728190104166667 0.0587060546875
2 0.2845670572916667 0.5402783203125 0.037897135416666665 0.0568701171875
2 0.4022623697916667 0.51046875 0.04580078125 0.0687939453125
2 0.4013541666666667 0.57421875 0.042851562499999996 0.0715478515625
2 0.5682584635416666 0.5829296875 0.04757161458333333 0.0724658203125
2 0.5199674479166666 0.70263671875 0.056347656249999996 0.07705078125
2 0.28118489583333334 0.73015625 0.07650065104166666 0.115576171875
2 0.5542252604166666 0.8017041015625 0.05999348958333334 0.093564453125
2 0.5872428385416667 0.8558203125 0.063671875 0.07705078125
2 0.5221158854166666 0.8406884765625 0.060465494791666664 0.0944775390625
2 0.4924641927083333 0.7851904296875 0.04519205729166667 0.07705078125
2 0.5768489583333333 0.977822265625 0.061223958333333335 0.0440283203125
2 0.30133463541666666 0.9447998046875 0.061650390624999996 0.093564453125
2 0.369814453125 0.8136279296875 0.057955729166666664 0.0440283203125
2 0.1769140625 0.85673828125 0.05619140625 0.07888671875
2 0.14024088541666666 0.910400390625 0.04039713541666667 0.0761328125
2 0.14360351562499998 0.973232421875 0.038561197916666665 0.053203125
2 0.13228515625 0.648515625 0.037867838541666664 0.04953125
2 0.19159179687500003 0.6728271484375 0.03295247395833333 0.0431103515625
2 0.23164062500000002 0.678330078125 0.02254557291666667 0.0339404296875
2 0.052190755208333335 0.7723486328125 0.03300455729166667 0.04953125