2 0.5771 0.04271356783919598 0.07965 0.08542713567839195
2 0.48711666666666664 0.27261306532663315 0.0697 0.11809045226130653
2 0.5562833333333334 0.27261306532663315 0.08196666666666666 0.11809045226130653
2 0.6004333333333333 0.11934673366834171 0.05366666666666667 0.0678391959798995
2 0.6645833333333333 0.01256281407035176 0.06201666666666667 0.02512562814070352
2 0.72625 0.013819095477386936 0.058699999999999995 0.02763819095477387
2 0.7545666666666667 0.10552763819095477 0.05205 0.07537688442211055
2 0.8254 0.5238693467336684 0.08373333333333334 0.11809045226130653
2 0.9737 0.5087939698492462 0.04713333333333333 0.05778894472361809
2 0.8803833333333334 0.5552763819095478 0.0471 0.06532663316582915
2 0.8262333333333334 0.5992462311557789 0.05875 0.06281407035175879
2 0.6571 0.4962311557788945 0.16033333333333333 0.23366834170854273
2 0.6012833333333333 0.6130653266331658 0.13198333333333334 0.20603015075376885
2 0.70625 0.657035175879397 0.05536666666666667 0.11809045226130653
2 0.7912166666666667 0.6846733668341709 0.09123333333333333 0.12814070351758794
2 0.9303666666666667 0.7776381909547738 0.09618333333333333 0.13316582914572864
2 0.8787166666666667 0.878140703517588 0.08043333333333333 0.09798994974874371
2 0.8295666666666667 0.928391959798995 0.0854 0.11809045226130653