2 0.303145 0.2006625 0.04278 0.06283
2 0.04901333333333333 0.26196749999999996 0.031185 0.037942500000000004
2 0.264465 0.157085 0.05042166666666666 0.0681725
2 0.46593500000000004 0.6523 0.04002833333333333 0.0436075
2 0.2957183333333333 0.8128099999999999 0.037928333333333335 0.0521225
2 0.5186316666666667 0.9269550000000001 0.027088333333333332 0.032915
2 0.8178066666666667 0.84565 0.03043833333333333 0.047805
2 0.82277 0.6008825000000001 0.02203 0.02827
2 0.9679066666666666 0.39577249999999997 0.027303333333333332 0.04305
2 0.7552983333333333 0.065775 0.038753333333333334 0.0530525
2 0.8369383333333333 0.069695 0.027035 0.038395000000000006
2 0.8836133333333334 0.36730250000000003 0.033716666666666666 0.03861
1 0.9402816666666666 0.023997499999999998 0.04627833333333334 0.047997500000000005
1 0.093565 0.29208249999999997 0.02847166666666667 0.0345325
1 0.070265 0.30492250000000004 0.022023333333333332 0.03385
1 0.3520916666666667 0.9359375 0.04037166666666667 0.0558775
1 0.35531166666666664 0.2457175 0.03544666666666667 0.045442500000000004