2 0.5097166666666666 0.478725 0.14158333333333334 0.19865
2 0.5915666666666667 0.6371 0.13011666666666666 0.203325
2 0.4683333333333333 0.6997 0.12965000000000002 0.19995000000000002
2 0.6956166666666667 0.819025 0.12588333333333335 0.1886
2 0.7266833333333333 0.632725 0.13385 0.20037500000000003
2 0.8382833333333334 0.7903249999999999 0.11586666666666666 0.20004999999999998
2 0.7749666666666667 0.831875 0.04986666666666667 0.132575
2 0.6390666666666667 0.177925 0.12469999999999999 0.19982500000000003
2 0.245 0.19879999999999998 0.117 0.170575
2 0.206 0.06315 0.14665 0.1263
2 0.041166666666666664 0.39335000000000003 0.08233333333333333 0.15914999999999999
2 0.29241666666666666 0.45445 0.12156666666666666 0.156325
2 0.33640000000000003 0.255625 0.10088333333333334 0.150675
2 0.3624 0.7852 0.05736666666666667 0.07725