1 0.15765 0.20765941485371342 0.03633 0.023885971492873217
1 0.50597 0.14816204051012752 0.03662 0.027689422355588893
1 0.46268 0.21550637659414854 0.03578 0.025926481620405104
1 0.75217 0.17554388597149287 0.037950000000000005 0.027869467366841708
1 0.87318 0.1506901725431358 0.04871 0.03858964741185296
1 0.85505 0.11493623405851464 0.03064 0.01970742685671418
1 0.58669 0.36330832708177047 0.033659999999999995 0.015071267816954238
1 0.83362 0.45552888222055515 0.04064 0.0286046511627907
1 0.90789 0.557171792948237 0.0425 0.032873218304576145
1 0.6898500000000001 0.6882745686421605 0.0391 0.027981995498874715
1 0.73872 0.7199699924981245 0.039740000000000004 0.028934733683420855
1 0.13527 0.9009377344336085 0.02727 0.026624156039009753
1 0.01908 0.8947711927981996 0.03171 0.025723930982745686
1 0.25262 0.47431357839459865 0.03362 0.02193548387096774
1 0.29791 0.48168042010502626 0.038939999999999995 0.02789947486871718
1 0.1778 0.4542535633908477 0.025589999999999998 0.018687171792948237
1 0.016030000000000003 0.5220405101275318 0.032049999999999995 0.024621155288822204
1 0.07214 0.4679519879969992 0.02531 0.018964741185296324
1 0.17734 0.38384096024006004 0.02734 0.018079519879969995
1 0.13322 0.664231057764441 0.03182 0.021275318829707426
1 0.25741 0.636834208552138 0.03308 0.022850712678169544
1 0.77964 0.247569392348087 0.037649999999999996 0.03286571642910728
2 0.06758 0.09660915228807201 0.04336 0.03321080270067517
1 0.02072 0.10447861965491374 0.028239999999999998 0.02108027006751688
2 0.22102000000000002 0.05287321830457615 0.03578 0.02683420855213804
2 0.15122 0.049729932483120784 0.043590000000000004 0.029767441860465114
2 0.20287 0.10519129782445612 0.036340000000000004 0.022738184546136533
2 0.2036 0.14972243060765192 0.030420000000000003 0.032543135783945985
2 0.27323000000000003 0.17917479369842462 0.05422 0.03062265566391598
2 0.14413 0.17003750937734433 0.04661 0.03212303075768942
2 0.016190000000000003 0.1330907726931733 0.032380000000000006 0.02468117029257314
2 0.21900999999999998 0.2629107276819205 0.0465 0.03406601650412603
2 0.25899 0.2583420855213803 0.03345 0.025506376594148537
2 0.58705 0.0940510127531883 0.04309 0.02993998499624906
2 0.48419 0.13372093023255813 0.038829999999999996 0.022655663915978994
2 0.9242 0.3057164291072768 0.03443 0.023848462115528882
2 0.9642999999999999 0.10687171792948237 0.04582 0.026084021005251316
2 0.18780000000000002 0.529489872468117 0.03075 0.025378844711177795
2 0.23649 0.3606526631657914 0.03478 0.015761440360090025
2 0.12040000000000001 0.6265266316579144 0.04582 0.036991747936984246
2 0.25440999999999997 0.7200675168792198 0.043609999999999996 0.03423855963990998
2 0.4264 0.6323105776444111 0.04363 0.03380345086271568
2 0.50106 0.7167591897974495 0.04621 0.02744936234058515
2 0.07964 0.8606751687921981 0.038 0.02610652663165791
2 0.18618 0.8727006751687921 0.03489 0.01881470367591898
2 0.11006999999999999 0.8979594898724681 0.037450000000000004 0.026946736684171045
2 0.47614 0.6158064516129033 0.02886 0.015791447861965492
2 0.45643 0.18682670667666917 0.03245 0.01460615153788447
2 0.62546 0.15863465866466617 0.03978 0.017824456114028508
2 0.56577 0.039212303075768944 0.03492 0.021627906976744184
2 0.9909600000000001 0.026894223555888972 0.01808 0.022798199549887474