1 0.61625 0.4925 0.03916666666666667 0.055
1 0.8358333333333333 0.638125 0.043333333333333335 0.05875
1 0.85375 0.691875 0.04083333333333333 0.05125
1 0.47708333333333336 0.6225 0.03916666666666667 0.0575
1 0.14625 0.76625 0.04083333333333333 0.055
1 0.16458333333333333 0.831875 0.04583333333333333 0.04875
1 0.06625 0.5575 0.020833333333333332 0.025
1 0.02125 0.53 0.019166666666666665 0.025
2 0.013333333333333334 0.579375 0.02666666666666667 0.02625
2 0.0225 0.438125 0.018333333333333333 0.02875
2 0.25416666666666665 0.983125 0.043333333333333335 0.03375