1 0.208895 0.59095 0.015487500000000001 0.018726666666666666
1 0.36239499999999997 0.53428 0.019342500000000002 0.024293333333333333
1 0.32496499999999995 0.5547666666666666 0.017267499999999998 0.022583333333333334
1 0.301105 0.6952533333333334 0.013800000000000002 0.01643333333333333
1 0.09856000000000001 0.42791 0.0076875 0.009706666666666667
1 0.9744524999999999 0.7795933333333334 0.01565 0.019116666666666667
2 0.01199 0.3092066666666667 0.008167500000000001 0.010143333333333334
2 0.023572500000000003 0.32841333333333333 0.009315 0.01081
2 0.26657 0.27584666666666663 0.012465 0.016816666666666667
2 0.28401499999999996 0.24291333333333334 0.011185 0.015960000000000002
2 0.27153750000000004 0.33825666666666665 0.016114999999999997 0.016863333333333334
2 0.2266175 0.36773333333333336 0.015135 0.01605
2 0.3552475 0.32815333333333335 0.016032499999999998 0.02182
2 0.4614625 0.43033333333333335 0.014565 0.018573333333333334
2 0.22236250000000002 0.6231166666666667 0.016059999999999998 0.021433333333333332
2 0.33497750000000004 0.6696066666666667 0.013235 0.019
2 0.3736125 0.7057833333333333 0.014227499999999999 0.017956666666666666
2 0.446025 0.67371 0.0167175 0.02301
2 0.3878225 0.7833733333333333 0.0151275 0.02005
2 0.4078075 0.7359766666666666 0.01735 0.018576666666666665
2 0.485245 0.7345233333333334 0.021235 0.027203333333333333
2 0.4921625 0.7979566666666666 0.0217 0.02615
2 0.5482625000000001 0.7590666666666666 0.0175175 0.02177
2 0.6563175 0.73257 0.01737 0.023296666666666667
2 0.71175 0.80196 0.0173525 0.02367333333333333
2 0.627445 0.7616633333333332 0.01939 0.02067
2 0.6188475 0.78061 0.0187075 0.021863333333333335
2 0.2456925 0.8178333333333333 0.0171075 0.01977
2 0.23375 0.7898833333333334 0.015245 0.019436666666666668
2 0.43540249999999997 0.93336 0.016702500000000002 0.022243333333333334
2 0.36135500000000004 0.65996 0.0109475 0.012286666666666666
2 0.186595 0.5229366666666666 0.012942500000000001 0.01505
2 0.22642250000000003 0.5167666666666666 0.007665 0.012143333333333334
2 0.34032999999999997 0.5564166666666667 0.011147500000000001 0.01481
2 0.57902 0.53116 0.016122499999999998 0.02101
1 0.5681875 0.53011 0.014905 0.023106666666666664
2 0.578735 0.43577 0.012405 0.014483333333333334
2 0.6202424999999999 0.4723233333333333 0.015207499999999999 0.01762666666666667
2 0.6874 0.4737066666666666 0.018195 0.02249
2 0.73922 0.4682033333333333 0.020392499999999997 0.023013333333333337
2 0.7388975 0.5341133333333333 0.018175 0.02272666666666667
2 0.7487999999999999 0.6142066666666667 0.019107500000000003 0.024579999999999998
1 0.7497575000000001 0.74434 0.016302499999999998 0.02377
2 0.7791275000000001 0.7714366666666667 0.017635 0.018193333333333332
2 0.8274675 0.5291566666666667 0.0207375 0.024343333333333335
2 0.80069 0.49079333333333336 0.0206575 0.02101
2 0.847595 0.4970366666666666 0.016952500000000002 0.020913333333333332
2 0.8598 0.5044466666666666 0.01604 0.016783333333333334
2 0.841035 0.3809866666666667 0.0172025 0.01949
2 0.667725 0.32798333333333335 0.01738 0.021483333333333333
2 0.618105 0.3200033333333333 0.0172225 0.021246666666666667
2 0.5249025 0.3235533333333333 0.014835000000000001 0.01891
2 0.60729 0.30256 0.015252499999999999 0.019913333333333335
2 0.5885925 0.30108 0.0140325 0.019056666666666666
2 0.5615275000000001 0.28728333333333333 0.010235 0.011383333333333332
2 0.7812525 0.16048666666666667 0.015592499999999999 0.020966666666666665
2 0.48340750000000005 0.3829633333333334 0.0096975 0.01086
2 0.38395 0.3768866666666667 0.010525 0.014436666666666667
2 0.3632375 0.24109999999999998 0.009442500000000001 0.007666666666666666
2 0.679685 0.23671999999999999 0.017329999999999998 0.018453333333333332
2 0.9259 0.28315666666666667 0.013349999999999999 0.013603333333333334
2 0.9545399999999999 0.27857333333333334 0.009994999999999999 0.010653333333333334
2 0.9480575 0.32176333333333335 0.009025 0.009076666666666667
2 0.970185 0.33571666666666666 0.0059725 0.00944
2 0.9826075 0.36261 0.0114275 0.01057
2 0.98539 0.4476566666666667 0.0083925 0.00944
2 0.9715775 0.46752666666666665 0.0087525 0.010086666666666667
2 0.9598225 0.49290666666666666 0.0092325 0.010206666666666668
2 0.9665475 0.49318999999999996 0.0066375 0.01055
2 0.8527100000000001 0.5603866666666667 0.013557499999999998 0.012793333333333334
2 0.8419099999999999 0.5917633333333333 0.007285 0.009803333333333334
2 0.9088999999999999 0.5938833333333333 0.008425 0.009603333333333334
2 0.8287325 0.5832833333333333 0.0075825 0.010613333333333334