2 0.2366333333333333 0.3245093457943925 0.1201 0.2180607476635514
2 0.7356333333333334 0.3465654205607477 0.13661666666666666 0.2466355140186916
2 0.8226666666666667 0.6165654205607476 0.1366 0.22065420560747662
2 0.7004666666666666 0.6593925233644861 0.11441666666666668 0.2025
2 0.6847333333333333 0.7917990654205607 0.09111666666666667 0.11422897196261682
2 0.3671666666666667 0.43873831775700933 0.14043333333333335 0.20768691588785046
2 0.5041833333333333 0.4439252336448598 0.1552 0.2232710280373832
2 0.4449666666666667 0.6321495327102804 0.11511666666666666 0.18950934579439252
2 0.357 0.649018691588785 0.11635000000000001 0.19728971962616823
2 0.5208833333333333 0.6607009345794392 0.14846666666666666 0.21546728971962617
2 0.42366666666666664 0.7684345794392523 0.11325 0.17654205607476636
2 0.12276666666666666 0.7930841121495327 0.1367833333333333 0.26738317757009344
2 0.23018333333333335 0.9205607476635514 0.14468333333333333 0.1588785046728972
2 0.9318666666666666 0.9139485981308412 0.13353333333333334 0.17210280373831774