1 0.4110525 0.3392133333333333 0.0243425 0.03134
1 0.6664325 0.6536766666666667 0.025105 0.0236
1 0.6997899999999999 0.69875 0.0243175 0.030416666666666668
1 0.5003275 0.4646633333333333 0.0253925 0.028913333333333333
1 0.4348625 0.63216 0.024462499999999998 0.027236666666666666
1 0.4611175 0.6193566666666667 0.0219725 0.03163333333333333
1 0.2265925 0.35519666666666666 0.02042 0.026643333333333335
1 0.6256675 0.29404 0.0174525 0.022873333333333336
1 0.6661275000000001 0.33915333333333336 0.018375 0.02809666666666667
1 0.2755675 0.5540333333333333 0.019752500000000003 0.032856666666666666
1 0.1719675 0.12896 0.018805 0.027713333333333333
1 0.2753925 0.15468 0.025655 0.030819999999999997
2 0.0841425 0.2781666666666667 0.031905 0.03688
2 0.08928 0.3094166666666667 0.03407 0.03471
2 0.15262 0.3370266666666667 0.0313575 0.03884666666666667
2 0.047262500000000006 0.38509666666666664 0.027232500000000003 0.03362
2 0.0440225 0.41342666666666666 0.0291625 0.02998
2 0.029815 0.45536 0.02575 0.03551
2 0.15614250000000002 0.48501666666666665 0.0209025 0.02922
1 0.0612975 0.4981233333333333 0.018484999999999998 0.022706666666666667
1 0.1207375 0.62661 0.020095 0.026346666666666668
2 0.23254499999999997 0.7061533333333333 0.027232500000000003 0.03543333333333333
2 0.356085 0.7149066666666666 0.0245375 0.031273333333333334
2 0.3735575 0.6996433333333333 0.015735 0.022410000000000003
2 0.40032249999999997 0.6955533333333332 0.016765000000000002 0.027563333333333332
2 0.37008749999999996 0.18146 0.030045000000000002 0.03938
2 0.4014 0.16165 0.0276675 0.03809333333333333
2 0.468625 0.17426333333333333 0.02962 0.041653333333333334
2 0.7228600000000001 0.2528266666666667 0.02309 0.03211
2 0.89462 0.23718333333333333 0.03536 0.039156666666666666
2 0.8116825 0.4597933333333334 0.030732500000000003 0.039376666666666664
2 0.816 0.5580866666666666 0.0209575 0.027630000000000002
2 0.6280725 0.41028666666666663 0.0160125 0.018696666666666667
1 0.6388975 0.6263433333333334 0.023915 0.02747666666666667
2 0.9894075 0.48252 0.021185 0.03483
2 0.8677925 0.01162 0.027945 0.02324
2 0.7235425 0.06496 0.023149999999999997 0.03234
2 0.6535475000000001 0.00941 0.0269375 0.018823333333333334
2 0.6403975000000001 0.05382666666666666 0.019805 0.020556666666666668