2 0.5661066666666666 0.3483421985815603 0.11601333333333334 0.07981382978723404
2 0.74488 0.4921719858156028 0.12594666666666665 0.07648936170212767
2 0.5792533333333333 0.5470478723404256 0.11528 0.07316489361702128
2 0.4654933333333333 0.6650975177304965 0.10773333333333333 0.06650709219858156
2 0.6580266666666666 0.7012677304964539 0.12781333333333333 0.0823049645390071
2 0.7642800000000001 0.8542375886524823 0.07534666666666666 0.0823049645390071
0 0.9414133333333332 0.10524822695035461 0.05742666666666667 0.023714539007092198
0 0.93324 0.11785460992907801 0.08566666666666667 0.04101063829787234
0 0.8972 0.18579787234042555 0.07450666666666667 0.042499999999999996
0 0.6757733333333333 0.18900709219858156 0.06848 0.04694148936170213
0 0.5189866666666667 0.1413209219858156 0.07138666666666667 0.042499999999999996
0 0.47142666666666666 0.10031028368794327 0.011853333333333334 0.006914893617021276
0 0.5319866666666667 0.1974113475177305 0.057280000000000005 0.04101063829787234
0 0.7864800000000001 0.25571808510638294 0.05960000000000001 0.030141843971631204
0 0.5758266666666667 0.2411436170212766 0.040946666666666666 0.030638297872340427
0 0.3915466666666667 0.2455851063829787 0.023026666666666668 0.014822695035460992
0 0.41458666666666666 0.2584308510638298 0.01856 0.014822695035460992
0 0.41272000000000003 0.2735017730496454 0.02970666666666667 0.009388297872340426
0 0.45880000000000004 0.2725177304964539 0.05650666666666667 0.031134751773049644
0 0.4896266666666667 0.29154255319148936 0.014066666666666668 0.008891843971631204
0 0.48592 0.2992021276595745 0.01704 0.007411347517730496
0 0.5044933333333333 0.2851152482269504 0.018626666666666666 0.022730496453900708
0 0.75788 0.2878368794326241 0.05884 0.030141843971631204
0 0.7950266666666667 0.3320567375886525 0.02170666666666667 0.011861702127659576
0 0.7630666666666666 0.3609663120567376 0.020213333333333333 0.013342198581560284
0 0.75712 0.35034574468085106 0.013973333333333334 0.008891843971631204
0 0.7266533333333334 0.3565248226950355 0.048159999999999994 0.03310283687943263
0 0.5561333333333334 0.3639361702127659 0.060853333333333336 0.023226950354609928
0 0.5204666666666667 0.385177304964539 0.05653333333333333 0.030141843971631204
0 0.39936 0.3656648936170213 0.05648 0.022730496453900708
0 0.47773333333333334 0.42125 0.03648 0.020257092198581562
0 0.4546933333333333 0.41779255319148934 0.039439999999999996 0.04200354609929078
0 0.3636666666666667 0.41186170212765955 0.04306666666666666 0.03705673758865248
0 0.39598666666666665 0.4763475177304965 0.027453333333333333 0.012845744680851064
0 0.5932666666666666 0.48475177304964534 0.08013333333333333 0.031622340425531914
0 0.6397200000000001 0.46918439716312055 0.06774666666666666 0.04694148936170213
0 0.7136533333333334 0.4501595744680851 0.06704 0.032615248226950354
0 0.39488 0.6231117021276595 0.05205333333333333 0.033599290780141844
0 0.54832 0.683395390070922 0.057306666666666665 0.042499999999999996
0 0.40602666666666665 0.711063829787234 0.05057333333333333 0.033599290780141844
0 0.3863333333333333 0.742686170212766 0.05725333333333333 0.035576241134751774
0 0.34657333333333334 0.7441755319148936 0.04158666666666667 0.032615248226950354
0 0.29822666666666664 0.7328102836879433 0.03133333333333333 0.036569148936170214
0 0.37250666666666665 0.6512765957446809 0.0536 0.023714539007092198
0 0.11798666666666666 0.6972251773049646 0.02904 0.026684397163120568
0 0.22422666666666666 0.5564007092198582 0.03333333333333333 0.026684397163120568
0 0.0942 0.5445390070921986 0.031893333333333336 0.018776595744680852
0 0.030666666666666665 0.594450354609929 0.05644 0.027668439716312058
0 0.1718533333333333 0.9092109929078014 0.049120000000000004 0.035576241134751774
0 0.2368533333333333 0.9879609929078015 0.058600000000000006 0.024078014184397162
0 0.03698666666666667 0.9551684397163122 0.031920000000000004 0.022730496453900708
0 0.45494666666666667 0.949982269503546 0.019133333333333332 0.010381205673758866
0 0.5593466666666667 0.9260106382978723 0.039613333333333334 0.038546099290780136
0 0.5485733333333334 0.903040780141844 0.020586666666666666 0.009388297872340426
0 0.52888 0.9181117021276597 0.02281333333333333 0.051391843971631206
0 0.3401466666666667 0.8523847517730496 0.04398666666666667 0.029645390070921984
0 0.04441333333333334 0.9188475177304964 0.049813333333333334 0.021249999999999998
0 0.18336000000000002 0.9690070921985815 0.012719999999999999 0.010868794326241134
0 0.14770666666666668 0.9887056737588652 0.033506666666666664 0.022597517730496453
0 0.28256 0.7056294326241135 0.029599999999999998 0.009884751773049646
0 0.3141333333333333 0.6974734042553191 0.012493333333333332 0.017296099290780142
0 0.5065866666666666 0.6744946808510639 0.027280000000000002 0.015815602836879432
0 0.15810666666666667 0.6179166666666667 0.009733333333333333 0.008404255319148936
0 0.16070666666666666 0.5946985815602838 0.013293333333333334 0.016303191489361702
0 0.07376 0.6824024822695035 0.017786666666666666 0.007907801418439716
0 0.20193333333333333 0.39382978723404255 0.04522666666666667 0.023714539007092198
0 0.17406666666666668 0.4168085106382979 0.05193333333333334 0.017296099290780142
0 0.9776266666666668 0.2927570921985816 0.04474666666666667 0.03828014184397163
0 0.9180266666666667 0.2903900709219858 0.029946666666666667 0.021072695035460994
0 0.9880933333333334 0.4860992907801419 0.02382666666666667 0.012464539007092199
0 0.9923866666666666 0.4589539007092199 0.015226666666666666 0.02047872340425532
0 0.8229466666666667 0.4166578014184397 0.025506666666666667 0.015434397163120568
0 0.8231733333333333 0.4469326241134752 0.05182666666666667 0.031453900709219856
0 0.69332 0.4182890070921986 0.021439999999999997 0.0163209219858156
0 0.9648533333333333 0.5936790780141844 0.047626666666666664 0.03353723404255319
0 0.9487866666666667 0.599468085106383 0.026213333333333335 0.00949468085106383
0 0.85932 0.5835904255319149 0.04990666666666667 0.04184397163120568
0 0.8104666666666667 0.6055496453900708 0.07458666666666666 0.03591312056737588
0 0.8178133333333334 0.5228989361702128 0.04188 0.024929078014184397
0 0.7899333333333334 0.6785549645390071 0.04154666666666667 0.02047872340425532
0 0.8711466666666667 0.6315159574468086 0.038906666666666666 0.020177304964539008
0 0.9827066666666666 0.6985904255319149 0.03181333333333333 0.010682624113475177
0 0.68752 0.7162499999999999 0.02232 0.021666666666666667
0 0.86936 0.6939893617021277 0.01732 0.009796099290780142
0 0.9751200000000001 0.7620921985815603 0.031560000000000005 0.031453900709219856
0 0.8789466666666668 0.8026063829787234 0.058826666666666666 0.037092198581560286
0 0.7571333333333333 0.8763475177304965 0.06429333333333333 0.026710992907801417
0 0.98592 0.8494946808510638 0.02816 0.031161347517730496
0 0.9195733333333332 0.8809485815602838 0.06078666666666667 0.037092198581560286
0 0.96284 0.9425265957446809 0.05076 0.04095744680851064
0 0.94724 0.9631560283687943 0.04205333333333333 0.024627659574468087
0 0.9316133333333334 0.9398581560283689 0.06505333333333334 0.03620567375886525
0 0.83588 0.9410460992907801 0.05838666666666666 0.03917553191489361
0 0.7397199999999999 0.9311081560283687 0.06869333333333334 0.04303191489361702
0 0.7861333333333334 0.9155230496453901 0.020479999999999998 0.01898936170212766
0 0.8318666666666666 0.9082535460992908 0.04054666666666667 0.008608156028368796
0 0.8724933333333333 0.9081028368794326 0.02284 0.0326418439716312
0 0.66544 0.9141489361702129 0.06413333333333333 0.027118794326241133
0 0.65252 0.9434219858156029 0.038426666666666665 0.033023049645390073
0 0.6424266666666667 0.9592641843971631 0.07153333333333334 0.036781914893617026
0 0.69028 0.9356294326241136 0.06306666666666666 0.023900709219858155
0 0.6531333333333333 0.86125 0.017026666666666666 0.012083333333333335
0 0.6119066666666667 0.8484397163120567 0.049106666666666667 0.0349113475177305
0 0.6174133333333334 0.7687677304964539 0.0392 0.05332446808510638
0 0.64652 0.7616312056737589 0.0478 0.04157801418439716