1 0.5404025 0.44823 0.0357525 0.038766666666666665
2 0.429665 0.4672166666666667 0.04093 0.040723333333333334
2 0.37916000000000005 0.5029366666666667 0.020307500000000003 0.016403333333333332
2 0.4818575 0.47061 0.023425 0.047510000000000004
2 0.45111 0.6038233333333334 0.016614999999999998 0.02227
2 0.315735 0.5932799999999999 0.021935 0.02578333333333333
2 0.5122625000000001 0.41822000000000004 0.03811 0.03409666666666667
2 0.484555 0.43684999999999996 0.0288175 0.024790000000000003
2 0.4923575 0.39380333333333334 0.030585 0.040606666666666666
2 0.600775 0.4456133333333333 0.028255 0.05198333333333333
2 0.69396 0.4557166666666667 0.031217500000000002 0.04056333333333333
2 0.7024900000000001 0.41608666666666666 0.0338275 0.038246666666666665
2 0.44182 0.2575766666666667 0.023559999999999998 0.03705
2 0.35498250000000003 0.65394 0.01791 0.02077
2 0.6614075 0.7392566666666667 0.05551 0.07783333333333334
2 0.779805 0.6041533333333333 0.0542725 0.04255333333333333
2 0.825755 0.33144333333333337 0.032167499999999995 0.026433333333333333
2 0.9018575 0.17332 0.0546325 0.06289333333333333
2 0.7206725 0.9848566666666667 0.0595675 0.03029
2 0.26189999999999997 0.12093666666666666 0.038689999999999995 0.05425666666666667
2 0.3038275 0.37783666666666665 0.011287499999999999 0.012599999999999998
2 0.24314 0.4872633333333333 0.00856 0.015
2 0.1931375 0.6618466666666667 0.013547499999999999 0.013210000000000001
2 0.2027175 0.9113233333333333 0.02619 0.04278333333333333