2 0.173345 0.5716300000000001 0.0314275 0.036180000000000004
2 0.2108425 0.5223666666666666 0.02332 0.03155333333333333
2 0.2251225 0.5589233333333333 0.0249125 0.030546666666666666
2 0.329565 0.6352333333333333 0.028005 0.03752
2 0.39551749999999997 0.45415333333333335 0.0282475 0.035576666666666666
2 0.3341975 0.40740000000000004 0.01874 0.022693333333333333
2 0.2268975 0.41609 0.018705 0.021863333333333335
2 0.1909175 0.45383 0.027695 0.03622666666666667
2 0.1943175 0.5229 0.0168875 0.02845666666666667
2 0.1745225 0.5202966666666667 0.03293 0.04724
2 0.16053 0.62056 0.0295075 0.038246666666666665
2 0.1801575 0.6161833333333333 0.0157175 0.029493333333333333
2 0.19296000000000002 0.6242333333333333 0.019432500000000002 0.024003333333333335
2 0.110265 0.5881433333333334 0.02177 0.022436666666666667
2 0.1173575 0.6150166666666667 0.009130000000000001 0.02653
2 0.0844875 0.6558266666666667 0.018797499999999998 0.01599
2 0.069035 0.6587433333333333 0.015470000000000001 0.021826666666666668
2 0.1386625 0.7001000000000001 0.028665 0.03567
2 0.1730275 0.6751366666666667 0.0299875 0.03943666666666667
2 0.1131225 0.6865566666666667 0.02004 0.026676666666666668
2 0.263075 0.7405666666666666 0.031505 0.03957
2 0.27563 0.7230066666666667 0.0294775 0.03596333333333333
2 0.3093 0.8048966666666667 0.0250325 0.034
2 0.206195 0.7861133333333333 0.030232500000000002 0.03495666666666667
2 0.1515125 0.7203666666666666 0.011035 0.012596666666666666
2 0.0154275 0.6011433333333334 0.0137225 0.024103333333333334
2 0.007679999999999999 0.60789 0.015362500000000001 0.024403333333333332
2 0.0778525 0.54725 0.0166375 0.02515333333333333
2 0.04027 0.5862266666666667 0.0117225 0.023953333333333333
2 0.08443 0.6068533333333334 0.012477499999999999 0.015076666666666665
2 0.2844775 0.9038099999999999 0.0174775 0.021606666666666663
2 0.2276775 0.9089066666666666 0.015557499999999998 0.021563333333333334
2 0.21957 0.8400833333333333 0.014 0.017929999999999998
2 0.26047250000000005 0.8243033333333333 0.019785 0.019876666666666667
2 0.33401749999999997 0.9659066666666666 0.023032499999999997 0.022959999999999998
2 0.426865 0.9818333333333333 0.0258525 0.03341
2 0.338555 0.7143200000000001 0.018844999999999997 0.016746666666666667
2 0.460135 0.69738 0.022595 0.03032666666666667
2 0.49194499999999997 0.7419833333333333 0.026887499999999998 0.03671
2 0.491025 0.8443733333333333 0.01667 0.026513333333333337
2 0.54242 0.9555433333333334 0.014765 0.03667
2 0.465245 0.9409933333333333 0.0181325 0.024316666666666667
2 0.6322925 0.7728866666666666 0.0183025 0.020426666666666666
2 0.6209175 0.7029433333333334 0.025185 0.027493333333333335
2 0.6628025 0.7305866666666667 0.0251975 0.029733333333333334
2 0.6878375 0.76487 0.020827500000000002 0.02292333333333333
2 0.7016375 0.7809866666666667 0.0213725 0.030463333333333332
2 0.7702749999999999 0.8147866666666667 0.020980000000000002 0.029686666666666667
2 0.7882025 0.93348 0.014955 0.023253333333333334
2 0.7791275000000001 0.93456 0.01216 0.02448
2 0.7384175000000001 0.8247466666666666 0.014875 0.011456666666666665
2 0.693615 0.6506766666666667 0.0198175 0.029983333333333334
2 0.6605675 0.68479 0.0186325 0.020973333333333333
2 0.73263 0.4962533333333333 0.027350000000000003 0.03383333333333333
2 0.822175 0.5030233333333333 0.022175 0.028756666666666666
2 0.8916025 0.5274066666666667 0.0242275 0.028206666666666668
2 0.850385 0.5960833333333333 0.024149999999999998 0.028753333333333336
2 0.608765 0.43368999999999996 0.0218225 0.027829999999999997
2 0.59877 0.4723966666666667 0.01579 0.021483333333333333
2 0.5792725000000001 0.4885566666666667 0.0179725 0.022160000000000003
2 0.5449075 0.4809833333333334 0.02323 0.02123
2 0.47239749999999997 0.45765333333333336 0.025485 0.03108666666666667
2 0.520025 0.4024933333333333 0.0146475 0.021273333333333335
2 0.5285925 0.34547333333333335 0.017825 0.02449
2 0.5568825000000001 0.33868333333333334 0.0164675 0.021150000000000002
2 0.5310525 0.3807733333333333 0.0122725 0.02157
2 0.6107225 0.3281466666666667 0.025732500000000002 0.03172
2 0.6338025 0.3299033333333333 0.022332499999999998 0.032703333333333334
2 0.682465 0.42184333333333335 0.02823 0.032986666666666664
2 0.7753325 0.4916433333333334 0.0199225 0.019030000000000002
2 0.9703825 0.5901633333333334 0.0233475 0.022496666666666665
2 0.9923725 0.6637033333333333 0.01428 0.014159999999999999
2 0.96645 0.48464333333333337 0.0210625 0.03388
2 0.8789975 0.4678066666666667 0.02205 0.024403333333333332
2 0.7980525 0.4638733333333333 0.0220875 0.02212
2 0.8211025 0.45664000000000005 0.01724 0.01882
2 0.7721425000000001 0.5355733333333333 0.014244999999999999 0.01569
2 0.7952425 0.5744900000000001 0.01438 0.01907
2 0.90598 0.8399200000000001 0.0284825 0.03624666666666666
2 0.95243 0.76761 0.028495 0.026623333333333336
2 0.9890625 0.8369066666666666 0.0218775 0.026506666666666664
2 0.9476375 0.92768 0.0254125 0.028473333333333333
2 0.506355 0.52462 0.0116675 0.01999333333333333
2 0.5270825 0.56725 0.0171475 0.022883333333333335
2 0.5359700000000001 0.6220600000000001 0.0114625 0.014683333333333333
2 0.49494499999999997 0.6095966666666667 0.0138675 0.016863333333333334
2 0.4941275 0.5781266666666667 0.009105 0.014400000000000001
2 0.4607275 0.5882933333333333 0.0119025 0.01492
2 0.46067250000000004 0.52756 0.0141425 0.021699999999999997
2 0.32810500000000004 0.47108666666666665 0.021925 0.025536666666666666
2 0.2898175 0.42438000000000003 0.018855 0.02701
2 0.1998525 0.6871233333333333 0.016675000000000002 0.02359666666666667
2 0.2958775 0.7071299999999999 0.0160275 0.017856666666666667
2 0.39275 0.79182 0.019594999999999998 0.026893333333333335
2 0.5953674999999999 0.5512966666666667 0.0213775 0.027253333333333334
2 0.60094 0.5820766666666667 0.024079999999999997 0.025266666666666666
2 0.6720349999999999 0.4721066666666666 0.018949999999999998 0.022146666666666665
2 0.6782374999999999 0.4494633333333334 0.017315 0.01957
2 0.6592775000000001 0.5109166666666667 0.014137499999999999 0.014193333333333332
2 0.63107 0.51069 0.016030000000000003 0.016243333333333332
2 0.5888225 0.5359133333333334 0.0145275 0.01579
2 0.45309 0.48768666666666666 0.0167325 0.02208
2 0.4258075 0.44499 0.01583 0.024189999999999996
2 0.39333999999999997 0.5580233333333333 0.011435 0.01799