2 0.24465 0.1527736131934033 0.06288 0.08946026986506747
2 0.46417 0.16205397301349325 0.12361 0.19244377811094454
2 0.18666999999999997 0.3300149925037481 0.08204 0.12661169415292353
2 0.27787 0.3705247376311844 0.11838 0.17386806596701648
2 0.2379 0.43805097451274366 0.09247 0.12661169415292353
2 0.10956999999999999 0.5097901049475262 0.11495 0.17218890554722638
2 0.57114 0.23379310344827586 0.12859 0.19412293853073462
2 0.53399 0.43721139430284855 0.13534000000000002 0.1890704647676162
2 0.61673 0.44142428785607196 0.09820999999999999 0.15023988005997
2 0.46531 0.582383808095952 0.12181 0.16880059970014993
2 0.44730000000000003 0.7900599700149925 0.1173 0.17209895052473764
2 0.54806 0.7276461769115442 0.11845 0.1755622188905547
2 0.83401 0.6862818590704648 0.10503 0.15361319340329835