2 0.28224 0.2816791604197901 0.054700000000000006 0.06760119940029985
2 0.20394 0.24431784107946028 0.035679999999999996 0.064047976011994
2 0.01715 0.19094452773613194 0.0343 0.11860569715142429
2 0.28658999999999996 0.3807046476761619 0.05232 0.07353823088455771
2 0.23478 0.37181409295352325 0.046560000000000004 0.07235382308845577
2 0.24822999999999998 0.41332833583208395 0.04519 0.0842128935532234
2 0.28541000000000005 0.5135382308845576 0.048369999999999996 0.08064467766116941
2 0.020309999999999998 0.538455772113943 0.04063 0.08064467766116941
2 0.29370999999999997 0.6416341829085458 0.046 0.07353823088455771
2 0.28026999999999996 0.5710644677661169 0.04758 0.032023988005997
2 0.37597 0.886551724137931 0.06343 0.0984407796101949
2 0.19129 0.8159820089955022 0.0689 0.064047976011994
2 0.14896 0.7442278860569714 0.06795 0.06523238380809594
2 0.06039 0.9150074962518739 0.060149999999999995 0.09368815592203898
2 0.01834 0.8699400299850075 0.03667 0.06997001499250376
2 0.20513 0.8829835082458771 0.06811 0.08182908545727136
2 0.50845 0.8272413793103448 0.03896 0.032023988005997