2 0.7340444444444444 0.5405461538461539 0.18235555555555555 0.5299615384615385
0 0.7235055555555555 0.14107692307692307 0.09115277777777778 0.2503076923076923
0 0.5308472222222222 0.08955384615384615 0.071725 0.1768
0 0.5391638888888889 0.2768538461538462 0.07311111111111111 0.20522307692307695
0 0.5247138888888889 0.44314615384615386 0.085375 0.2296153846153846
0 0.453125 0.3293384615384615 0.05806111111111111 0.1539846153846154
0 0.43566111111111117 0.21745384615384616 0.029227777777777776 0.0822
0 0.45586388888888885 0.13685384615384616 0.023477777777777778 0.039961538461538465
0 0.27595555555555557 0.7707307692307692 0.04369166666666666 0.1502
0 0.3437694444444444 0.6489615384615385 0.061927777777777776 0.11353076923076923
0 0.348825 0.7168 0.017158333333333334 0.05078461538461538
0 0.37395 0.8360769230769232 0.059783333333333334 0.19223076923076923
0 0.47093611111111106 0.9248615384615384 0.0723388888888889 0.15027692307692309
0 0.4259944444444444 0.8908615384615384 0.02361388888888889 0.04427692307692308
0 0.39505 0.769 0.027283333333333333 0.05386153846153846
0 0.5567305555555555 0.9660230769230769 0.05183888888888889 0.06794615384615385
0 0.6560055555555555 0.9259153846153847 0.07506666666666667 0.14816153846153848
0 0.6953333333333332 0.8505692307692307 0.069875 0.17476923076923076
0 0.4564861111111111 0.5304615384615384 0.023619444444444446 0.0665
0 0.5483805555555555 0.6740076923076923 0.036658333333333334 0.07496153846153847
0 0.5377416666666667 0.6044384615384615 0.026055555555555554 0.04136923076923077
0 0.4508388888888889 0.4699153846153846 0.032141666666666666 0.07627692307692308
0 0.7473444444444445 0.2239769230769231 0.019916666666666666 0.061476923076923075
0 0.8257222222222222 0.36896923076923077 0.021175 0.05170769230769231
0 0.8788805555555556 0.31312307692307695 0.07565277777777779 0.2439923076923077
0 0.9684805555555556 0.05334615384615384 0.05919722222222223 0.10669230769230768
0 0.9561138888888889 0.11910000000000001 0.04870277777777778 0.1176923076923077
0 0.8143222222222222 0.9087076923076922 0.02733888888888889 0.05464615384615385
0 0.8404166666666667 0.9449153846153847 0.04446111111111111 0.11016923076923077
0 0.8297083333333333 0.8694692307692308 0.021519444444444445 0.05636923076923077