2 0.10666666666666667 0.5337649999999999 0.03758333333333334 0.029475
2 0.17415666666666668 0.56912 0.04917666666666667 0.028487500000000002
2 0.24366666666666667 0.58026 0.04258 0.027427499999999997
2 0.3433966666666667 0.5559175000000001 0.03417 0.0245925
2 0.48900333333333335 0.6337525 0.02748 0.0210275
2 0.6121566666666667 0.6627975 0.03590666666666666 0.0265975
2 0.64518 0.67572 0.02747666666666667 0.0257625
2 0.3237433333333333 0.82099 0.03377333333333333 0.034515000000000004
1 0.18011333333333335 0.9640625 0.061090000000000005 0.0422075
1 0.37798000000000004 0.966395 0.030273333333333333 0.020114999999999997
2 0.29652333333333336 0.883025 0.03713 0.0393675
2 0.19117666666666666 0.87827 0.05239666666666667 0.030690000000000002
2 0.06500333333333333 0.6483424999999999 0.028733333333333333 0.0335325
2 0.04061666666666666 0.35274 0.02776 0.01591
2 0.8789733333333334 0.6320825 0.04375666666666667 0.028525
2 0.8051666666666667 0.577115 0.04176333333333333 0.027807500000000002
2 0.7611266666666667 0.5948325 0.034826666666666665 0.0257225
2 0.7297433333333333 0.4696275 0.04098 0.0237575
2 0.61801 0.568155 0.03094 0.0290575
2 0.96377 0.4818675 0.03994333333333333 0.02656
2 0.7872399999999999 0.7094974999999999 0.04056333333333333 0.030895
2 0.7257399999999999 0.7723375 0.04389333333333333 0.028667500000000002
2 0.6720666666666667 0.7683724999999999 0.03445 0.0294225