1 0.78 0.393125 0.041666666666666664 0.06375
1 0.7408333333333333 0.3175 0.05 0.07
1 0.48791666666666667 0.166875 0.04583333333333333 0.07125
1 0.3458333333333333 0.34125 0.04 0.0675
1 0.07041666666666667 0.67125 0.07916666666666666 0.0925
1 0.3020833333333333 0.84125 0.04083333333333333 0.0625
1 0.17583333333333334 0.500625 0.03333333333333333 0.04625
1 0.15541666666666668 0.3975 0.0325 0.0425
1 0.1325 0.56875 0.03833333333333333 0.0475
1 0.09666666666666666 0.508125 0.04 0.04625
1 0.0425 0.34625 0.021666666666666667 0.025