2 0.58035 0.041709145427286355 0.00864 0.01406296851574213
2 0.60129 0.04874062968515742 0.01176 0.013118440779610194
2 0.57941 0.07779610194902549 0.01052 0.01686656671664168
2 0.51378 0.0782608695652174 0.008039999999999999 0.01406296851574213
2 0.48096 0.11529235382308846 0.00618 0.0074962518740629685
2 0.4869 0.14856071964017992 0.009300000000000001 0.01406296851574213
2 0.4147 0.1298200899550225 0.00745 0.0065667166416791605
2 0.41814 0.16824587706146926 0.00567 0.012188905547226387
2 0.37711 0.20955022488755623 0.00802 0.012458770614692654
2 0.39462 0.2377961019490255 0.011 0.01379310344827586
2 0.42073 0.2184407796101949 0.00567 0.013343328335832084
2 0.43897 0.2549175412293853 0.00834 0.01512743628185907
2 0.42622000000000004 0.26470764617691156 0.01071 0.01512743628185907
2 0.47072 0.25581709145427284 0.00717 0.009790104947526237
2 0.46864 0.3014092953523238 0.01132 0.01379310344827586
2 0.48081 0.27250374812593703 0.01073 0.012008995502248876
2 0.5029100000000001 0.274047976011994 0.0074800000000000005 0.009790104947526237
2 0.52027 0.27250374812593703 0.01253 0.019130434782608695
2 0.58227 0.18551724137931033 0.01255 0.016911544227886054
2 0.56848 0.16215892053973013 0.01284 0.018245877061469264
2 0.5176000000000001 0.33055472263868063 0.0077800000000000005 0.00889055472263868
2 0.6055900000000001 0.2611544227886057 0.01103 0.01512743628185907
2 0.5995 0.26181409295352326 0.00588 0.01734632683658171
2 0.66151 0.20532233883058468 0.00942 0.01557721139430285
2 0.6831699999999999 0.22244377811094454 0.00941 0.01512743628185907
2 0.62854 0.11349325337331334 0.00758 0.015727136431784108
2 0.66511 0.16812593703148426 0.0070599999999999994 0.016926536731634183
2 0.71714 0.15743628185907046 0.01434 0.02217391304347826
2 0.7297899999999999 0.13869565217391305 0.01323 0.025802098950524738
2 0.7564099999999999 0.19958020989505248 0.01109 0.015322338830584708
2 0.7396 0.26851574212893553 0.00867 0.01128935532233883
2 0.78813 0.22598200899550222 0.010029999999999999 0.014107946026986506
2 0.78477 0.302383808095952 0.00868 0.01209895052473763
2 0.80803 0.18788605697151423 0.0062699999999999995 0.01047976011994003
2 0.80924 0.15905547226386807 0.00708 0.013298350824587704
2 0.80628 0.14736131934032984 0.00923 0.01088455772113943
2 0.82309 0.10119940029985007 0.01093 0.018545727136431784
2 0.8485900000000001 0.2587856071964018 0.01158 0.01701649175412294