1 0.145285 0.25853250000000005 0.032203333333333334 0.04007
1 0.5881816666666667 0.2551575 0.03399833333333333 0.04838
1 0.8726416666666668 0.7147475 0.035050000000000005 0.048875
1 0.04822 0.2432625 0.032106666666666665 0.0337275
1 0.5720299999999999 0.1100975 0.029181666666666668 0.0504175
1 0.3360533333333333 0.38049 0.032855 0.0499775
2 0.083565 0.4996375 0.029961666666666668 0.038197499999999995
1 0.4714666666666667 0.4219975 0.031161666666666667 0.042975
1 0.19225833333333334 0.316095 0.03275 0.0409775
2 0.12638666666666667 0.3289325 0.03310333333333333 0.0513825
1 0.06170333333333334 0.563235 0.022048333333333333 0.0295075
1 0.26256833333333335 0.6562325 0.021845 0.0350925
2 0.019813333333333332 0.5534825 0.016284999999999997 0.0178525
1 0.164405 0.29962 0.031233333333333335 0.046795
2 0.8592416666666667 0.1686475 0.018551666666666668 0.03621
1 0.3911683333333334 0.32364499999999996 0.021448333333333333 0.0276075
1 0.1903966666666667 0.35793 0.03285 0.0340675
2 0.024665000000000003 0.668355 0.014603333333333334 0.016362500000000002
2 0.004346666666666666 0.6483424999999999 0.008693333333333332 0.018325
1 0.14 0.6041925 0.02025333333333333 0.025565
1 0.18077 0.5958925 0.0168 0.022725000000000002
2 0.663045 0.4214175 0.011765000000000001 0.01668
1 0.41126833333333335 0.1854325 0.019621666666666666 0.031955
1 0.12602333333333332 0.6272175 0.018166666666666668 0.024995
1 0.2038533333333333 0.6039375 0.025843333333333333 0.032107500000000004
1 0.17134666666666665 0.4082075 0.015781666666666666 0.0285625
1 0.18344333333333335 0.4161325 0.017541666666666667 0.028755
2 0.42684666666666665 0.40366 0.020761666666666664 0.0250925
1 0.656875 0.32797750000000003 0.019128333333333334 0.0254675
1 0.6683416666666667 0.3588775 0.02063 0.0351625
1 0.6496016666666666 0.35684 0.014943333333333333 0.0221275
1 0.6969466666666667 0.500395 0.016463333333333333 0.023954999999999997
1 0.62846 0.1141825 0.029385 0.036965000000000005