2 0.60229 0.10296851574212895 0.03487 0.06463268365817092
2 0.71005 0.12250374812593702 0.02983 0.03457271364317841
2 0.9386 0.22245877061469266 0.05181 0.07815592203898052
2 0.47398 0.17284857571214393 0.040920000000000005 0.048095952023988
2 0.45494 0.23598200899550226 0.04127 0.03908545727136432
2 0.29404 0.2938530734632684 0.062020000000000006 0.08868065967016492
2 0.54115 0.3299250374812594 0.04531 0.06463268365817092
2 0.61582 0.42311844077961025 0.05792 0.08568215892053972
2 0.5997899999999999 0.46971514242878565 0.06637 0.09469265367316342
2 0.6103099999999999 0.5095502248875562 0.061369999999999994 0.09319340329835082
2 0.896 0.4847526236881559 0.05944 0.052608695652173916
2 0.7666900000000001 0.7034482758620689 0.05339 0.072143928035982
2 0.5501699999999999 0.5704197901049476 0.06335 0.09169415292353822
2 0.50506 0.6470764617691155 0.06334000000000001 0.07967016491754123
2 0.30407999999999996 0.6929235382308846 0.07431 0.072143928035982
2 0.20032 0.7703298350824587 0.06927 0.09770614692653673
2 0.53263 0.7748425787106448 0.06235 0.09169415292353822
2 0.50005 0.8500000000000001 0.05131 0.05862068965517241
2 0.51058 0.9108695652173913 0.06033 0.096191904047976