2 0.061099999999999995 0.012962962962962963 0.022866666666666667 0.025925925925925925
2 0.061099999999999995 0.05634567901234568 0.022866666666666667 0.03155555555555555
2 0.34856666666666664 0.1972098765432099 0.03178333333333334 0.05182716049382716
2 0.3409666666666667 0.3081975308641975 0.022966666666666666 0.03269135802469136
2 0.23031666666666667 0.37693827160493826 0.02673333333333333 0.03269135802469136
2 0.17251666666666668 0.3363703703703703 0.0328 0.046197530864197534
2 0.23068333333333332 0.18108641975308643 0.013783333333333333 0.017358024691358026
2 0.4532333333333333 0.37962962962962965 0.0205 0.03437037037037037
2 0.58005 0.3595308641975309 0.019366666666666664 0.029135802469135805
2 0.5969666666666666 0.3732098765432099 0.01701666666666667 0.02622222222222222
2 0.6219333333333333 0.40002469135802465 0.017416666666666667 0.025061728395061728
2 0.5883166666666667 0.40439506172839507 0.00835 0.013975308641975309
2 0.6581166666666667 0.2508641975308642 0.026866666666666667 0.04138271604938272
2 0.7129833333333334 0.30733333333333335 0.017166666666666667 0.03409876543209877
2 0.75835 0.35750617283950614 0.023766666666666665 0.03506172839506173
2 0.8125833333333333 0.4875555555555556 0.02575 0.036049382716049384
2 0.8747 0.37358024691358027 0.022483333333333334 0.03409876543209877
2 0.9881166666666666 0.3394814814814815 0.023183333333333334 0.03409876543209877
2 0.9961500000000001 0.3677283950617284 0.0077 0.022395061728395064
2 0.9092166666666667 0.2898024691358025 0.019216666666666667 0.030197530864197533
2 0.82145 0.26641975308641974 0.023783333333333333 0.03214814814814815
2 0.9905833333333334 0.18323456790123455 0.018816666666666666 0.03387654320987654
2 0.9968166666666667 0.24212345679012345 0.00635 0.03155555555555555
2 0.9277333333333333 0.13743209876543208 0.0157 0.017703703703703704
2 0.8498 0.1262716049382716 0.019833333333333335 0.02925925925925926