1 0.23935 0.26392666666666664 0.03108 0.03820333333333333
1 0.3634325 0.2648433333333333 0.02228 0.033319999999999995
1 0.5201125 0.15979666666666667 0.024517499999999998 0.03484333333333333
1 0.6383125 0.4820333333333333 0.015407500000000001 0.017903333333333334
1 0.86633 0.5889466666666666 0.019695 0.023319999999999997
1 0.9417375 0.3575933333333333 0.0238275 0.02736
1 0.8883724999999999 0.36813 0.0229025 0.021560000000000003
1 0.7352725 0.73141 0.0171025 0.019023333333333333
1 0.7797025 0.68379 0.018197500000000002 0.018623333333333332
1 0.7506025 0.75622 0.0181925 0.020356666666666665
2 0.2306825 0.21211666666666668 0.0258975 0.027643333333333336
2 0.1577175 0.28365 0.0181625 0.023803333333333333
2 0.05207 0.4517366666666667 0.029097500000000002 0.03627333333333333
2 0.1784525 0.41276999999999997 0.0250825 0.02930666666666667
2 0.2463025 0.3932166666666667 0.014185 0.016346666666666666
1 0.0367875 0.6215033333333333 0.0358875 0.03966
1 0.00919 0.6922466666666666 0.0183775 0.04419666666666667
2 0.18129499999999998 0.6083733333333333 0.019655000000000002 0.03083
2 0.16805250000000002 0.3481266666666667 0.013622500000000001 0.01705
2 0.42834249999999996 0.8139866666666666 0.02813 0.03996666666666667
2 0.3910675 0.8901499999999999 0.0252325 0.030706666666666667
2 0.44315249999999995 0.9458500000000001 0.021835 0.03003
2 0.4287625 0.9835466666666666 0.02076 0.03290333333333333
2 0.4033125 0.9748966666666666 0.0222025 0.027916666666666666
2 0.46151 0.85793 0.020577500000000002 0.027966666666666667
2 0.4617425 0.7885133333333333 0.021045 0.02870666666666667
2 0.56855 0.8456133333333333 0.0201725 0.02523
2 0.53979 0.9038966666666667 0.017042500000000002 0.026853333333333333
2 0.57388 0.9016166666666666 0.0178425 0.02633
2 0.5554925 0.9139766666666667 0.0144275 0.02436
2 0.5923025 0.9914733333333333 0.0180225 0.01705
2 0.3336425 0.27807000000000004 0.02727 0.03297
2 0.397395 0.3807466666666667 0.0216075 0.024806666666666668
2 0.5078725 0.32082666666666665 0.0175225 0.02408666666666667
1 0.4743825 0.13208666666666666 0.023030000000000002 0.037680000000000005
1 0.5634600000000001 0.43024666666666667 0.0157625 0.02266333333333333
1 0.66083 0.48355333333333334 0.01132 0.014083333333333333
1 0.8426925 0.4604533333333333 0.020397500000000002 0.022046666666666666
2 0.9065650000000001 0.7891333333333334 0.02034 0.020623333333333334
2 0.9669375 0.8688366666666667 0.022045000000000002 0.021316666666666668
2 0.84742 0.8620166666666668 0.019342500000000002 0.018103333333333332
2 0.8577675 0.8898233333333333 0.0191875 0.020423333333333335
2 0.7088675 0.7374633333333332 0.01872 0.01592
2 0.6999875 0.76381 0.014005 0.017336666666666667
2 0.7138925 0.77059 0.013805 0.02037
2 0.7255349999999999 0.7660966666666666 0.01524 0.021916666666666668
1 0.639745 0.5567466666666667 0.014275 0.014686666666666667
2 0.5629375 0.5109600000000001 0.01641 0.020076666666666666
1 0.6825225 0.5208266666666667 0.012602499999999999 0.015473333333333334
1 0.695955 0.5245766666666667 0.014355 0.019813333333333332
2 0.8789600000000001 0.5174666666666667 0.020247499999999998 0.021813333333333334
2 0.9346 0.5180433333333334 0.0116625 0.020659999999999998
2 0.98094 0.45585666666666663 0.010150000000000001 0.014400000000000001
2 0.9952150000000001 0.44427666666666665 0.00957 0.014503333333333333
1 0.80187 0.7426133333333333 0.0180125 0.020926666666666666
1 0.8375975 0.59518 0.0140725 0.018346666666666667
2 0.6799425 0.32028333333333336 0.00825 0.011026666666666666
2 0.6568200000000001 0.35665 0.008045 0.00851
2 0.45604 0.42340333333333335 0.012505 0.014636666666666666
2 0.4488075 0.4132833333333333 0.0103225 0.010386666666666667
2 0.592005 0.42278 0.014495 0.01713
2 0.5952975 0.43310333333333334 0.011859999999999999 0.014056666666666667