0 0.4822222222222222 0.2368888888888889 0.1792982456140351 0.21708333333333335
0 0.6221832358674464 0.1713611111111111 0.05787524366471735 0.05991666666666667
0 0.6142495126705654 0.12619444444444444 0.02368421052631579 0.028416666666666666
0 0.6409356725146199 0.12575 0.026608187134502925 0.04711111111111111
0 0.781617933723197 0.12783333333333335 0.1497465886939571 0.2539166666666667
0 0.7697465886939571 0.2603611111111111 0.1672514619883041 0.1463611111111111
0 0.8812280701754386 0.14455555555555555 0.07146198830409356 0.07491666666666666
0 0.8423586744639376 0.17358333333333334 0.053313840155945424 0.06436111111111112
0 0.02372319688109162 0.2500277777777778 0.04742690058479532 0.09147222222222222
0 0.16781676413255361 0.27794444444444444 0.059590643274853805 0.06066666666666667
0 0.10274853801169591 0.4196666666666667 0.03955165692007797 0.05652777777777778
0 0.18099415204678362 0.35030555555555554 0.056140350877192984 0.06155555555555556
0 0.23968810916179337 0.3665555555555556 0.045107212475633526 0.06466666666666666
0 0.05551656920077973 0.6255000000000001 0.11103313840155946 0.251
0 0.23760233918128654 0.48125 0.1097465886939571 0.18294444444444444
0 0.20555555555555557 0.5873055555555555 0.10296296296296296 0.14016666666666666
0 0.3321637426900585 0.5256666666666667 0.12914230019493178 0.2456388888888889
0 0.4376413255360624 0.5329444444444444 0.12771929824561404 0.22349999999999998
2 0.7506237816764132 0.6488333333333334 0.32851851851851854 0.46580555555555553
2 0.38814814814814813 0.18236111111111114 0.3466081871345029 0.3647222222222223