2 0.32486750000000003 0.32022666666666666 0.0269025 0.039786666666666665
2 0.28647500000000004 0.29805 0.0292825 0.04454333333333333
2 0.4041325 0.2464866666666667 0.03793 0.05697666666666667
2 0.254145 0.5164133333333334 0.0246225 0.04349666666666667
2 0.226145 0.5180833333333333 0.0286275 0.04016
2 0.0698275 0.2679333333333333 0.0226525 0.035423333333333334
2 0.7841 0.07424 0.037865 0.04581333333333333
2 0.6164475 0.022453333333333332 0.035895 0.04446333333333333
2 0.7124400000000001 0.19358999999999998 0.02788 0.040069999999999995
2 0.72377 0.17270000000000002 0.03321 0.035616666666666665
2 0.7449375 0.2679333333333333 0.02954 0.04431333333333333
2 0.8354299999999999 0.46874 0.027192499999999998 0.03926
2 0.86451 0.43940333333333337 0.026355 0.030359999999999998
2 0.8887575000000001 0.41495666666666664 0.028517499999999998 0.03302
2 0.5746175 0.16502999999999998 0.0289025 0.038503333333333334
2 0.5992025 0.18336000000000002 0.0255975 0.028386666666666664
2 0.5977825 0.08357333333333333 0.0318975 0.04670666666666667
2 0.3538025 0.40162 0.023940000000000003 0.02946
2 0.36830250000000003 0.37961666666666666 0.0229375 0.025453333333333335
2 0.6236975 0.5598633333333333 0.0120625 0.01706
2 0.654445 0.5498633333333333 0.018555 0.019280000000000002
2 0.7598524999999999 0.48841 0.03437 0.040819999999999995
2 0.6457775 0.24382 0.02789 0.04275
2 0.9229225 0.15603 0.032177500000000005 0.040503333333333336
2 0.6884625 0.28071666666666667 0.0282575 0.03654333333333333
2 0.6879625 0.3829533333333333 0.03059 0.03657333333333333
2 0.6182175 0.3155 0.0327675 0.041666666666666664
2 0.752625 0.1967 0.0294175 0.0266
2 0.8042875 0.4270666666666667 0.01676 0.019643333333333332
2 0.761625 0.41673333333333334 0.0194175 0.022093333333333333
2 0.9909175 0.43851 0.018165 0.04786666666666666
2 0.9493575 0.42140333333333335 0.0250475 0.03791666666666667
2 0.9134425 0.41018 0.024885 0.044360000000000004
2 0.9602725000000001 0.20748333333333335 0.0418775 0.047856666666666665
2 0.9572725000000001 0.02545666666666667 0.0292125 0.034916666666666665
2 0.9546074999999999 0.06657 0.02945 0.029526666666666666
2 0.0884825 0.10828333333333334 0.0233 0.022786666666666667
2 0.053402500000000006 0.12050666666666666 0.0148075 0.025013333333333335
2 0.045652500000000006 0.09217 0.020975 0.028339999999999997
2 0.1309725 0.19126666666666664 0.023274999999999997 0.026536666666666667
2 0.163885 0.14715 0.03077 0.038303333333333335
2 0.1999675 0.14381666666666668 0.038729999999999994 0.044969999999999996
2 0.15722 0.18482 0.0225575 0.026363333333333336
2 0.08631 0.47830333333333336 0.0327125 0.03717
2 0.1429725 0.59443 0.026055 0.04713666666666667
2 0.17197 0.5776533333333334 0.028059999999999998 0.03847333333333333
2 0.15063749999999998 0.54432 0.024057500000000002 0.028193333333333334
2 0.48637 0.73274 0.02741 0.051699999999999996
2 0.51387 0.71762 0.02759 0.04076
2 0.50104 0.7251733333333333 0.0232575 0.043423333333333335
2 0.0815275 0.7553833333333334 0.033424999999999996 0.030933333333333334
2 0.212505 0.4294966666666667 0.02209 0.027183333333333334
2 0.470795 0.06932 0.02809 0.02563
2 0.1969875 0.3577066666666666 0.0230225 0.02503333333333333
2 0.1619075 0.34070333333333336 0.018185 0.02126
2 0.115995 0.35815 0.0183425 0.024143333333333336
2 0.8478300000000001 0.12834333333333334 0.01616 0.020686666666666666
2 0.8805449999999999 0.18380999999999997 0.0147175 0.025786666666666666
2 0.86811 0.20101999999999998 0.013595000000000001 0.019373333333333333
2 0.8623 0.12613 0.0117775 0.012903333333333334
2 0.7287475 0.3090333333333333 0.01763 0.017936666666666667
2 0.8178025 0.35058 0.01577 0.015673333333333334
2 0.3112925 0.21091666666666667 0.033385 0.037566666666666665
2 0.3711875 0.21145 0.023175 0.027966666666666667
2 0.3917875 0.19291333333333333 0.0316225 0.025560000000000003
2 0.3781875 0.23951999999999998 0.021175 0.018773333333333333
2 0.438685 0.23645000000000002 0.023829999999999997 0.02737
2 0.47058249999999996 0.19204333333333334 0.034034999999999996 0.038849999999999996
2 0.444685 0.10436333333333332 0.03983 0.05021