2 0.39589869281045753 0.7193627450980392 0.07214052287581699 0.12009803921568628
2 0.6188888888888888 0.5183823529411765 0.07712418300653595 0.11519607843137254
2 0.5363725490196078 0.4877450980392157 0.08137254901960783 0.12745098039215685
2 0.5682516339869281 0.5649509803921569 0.0640359477124183 0.0661764705882353
2 0.5976470588235294 0.39828431372549017 0.0901797385620915 0.12990196078431374
2 0.5167647058823529 0.3553921568627451 0.07812091503267975 0.12745098039215685
2 0.5715196078431373 0.30269607843137253 0.07383986928104574 0.0857843137254902
2 0.7365032679738562 0.33578431372549017 0.05352941176470588 0.07352941176470588
2 0.7160947712418301 0.7879901960784313 0.04611111111111111 0.07107843137254902
2 0.46694444444444444 0.2769607843137255 0.08303921568627451 0.06372549019607843
2 0.9937581699346404 0.30514705882352944 0.012483660130718954 0.0857843137254902