2 0.32686000000000004 0.08695652173913043 0.059340000000000004 0.08263868065967016
2 0.2849 0.022203898050974512 0.06406 0.044407796101949025
2 0.04431 0.26025487256371815 0.05019 0.06413793103448276
2 0.08749 0.2590254872563718 0.03458 0.04934032983508246
2 0.03073 0.2010494752623688 0.03454 0.05673163418290855
2 0.4601 0.2898650674662669 0.05905 0.06661169415292353
2 0.49877 0.3447526236881559 0.0627 0.07029985007496252
2 0.39801 0.4329385307346327 0.04045 0.0764767616191904
2 0.51852 0.5044827586206897 0.06106 0.08881559220389805
2 0.25242 0.5106446776611695 0.0404 0.027136431784107948
2 0.40047000000000005 0.6574362818590704 0.0418 0.06167916041979011
2 0.32273 0.7678260869565218 0.06569 0.08263868065967016
2 0.42391 0.8603298350824589 0.05249 0.07770614692653673
2 0.58102 0.8646476761619191 0.060649999999999996 0.07893553223388305
2 0.44736000000000004 0.9250974512743627 0.07008 0.08140929535232383