2 0.32796 0.493003003003003 0.13808 0.2051951951951952
2 0.6279199999999999 0.7957957957957958 0.09464 0.14513513513513512
2 0.36716000000000004 0.42918918918918914 0.13356 0.15765765765765766
2 0.28382 0.3290690690690691 0.05978 0.08759759759759761
2 0.22216 0.2602702702702703 0.07978 0.12513513513513513
2 0.7129 0.5105105105105106 0.09459999999999999 0.12513513513513513
2 0.94038 0.35285285285285284 0.09378 0.14015015015015014
2 0.70208 0.14138138138138137 0.0637 0.08258258258258258
2 0.98196 0.9404504504504505 0.03606 0.11912912912912914
2 0.98614 0.6981981981981982 0.027739999999999997 0.11012012012012012
2 0.84454 0.4179279279279279 0.07790000000000001 0.05504504504504504
2 0.7329 0.4041441441441442 0.047939999999999997 0.04255255255255255
2 0.62126 0.3978978978978979 0.047979999999999995 0.050060060060060065