2 0.12636666666666665 0.05875 0.10513333333333333 0.1175
2 0.5487833333333333 0.05375 0.07363333333333333 0.1075
2 0.4479666666666666 0.285 0.08526666666666666 0.13
2 0.27275 0.48174999999999996 0.06893333333333333 0.094925
2 0.45466666666666666 0.49245 0.07531666666666666 0.11865
2 0.548 0.649075 0.0801 0.11865
2 0.048133333333333334 0.711975 0.08625 0.14002499999999998
2 0.12919999999999998 0.949125 0.076 0.10175000000000001
2 0.4424166666666666 0.844275 0.09351666666666666 0.126975
2 0.8715666666666667 0.396325 0.07973333333333334 0.11627499999999999
2 0.82885 0.39039999999999997 0.04495 0.10679999999999999
2 0.9629166666666666 0.94395 0.06308333333333334 0.1056