1 0.43625 0.179375 0.0475 0.08125
1 0.3258333333333333 0.36 0.041666666666666664 0.06
1 0.9658333333333333 0.203125 0.06833333333333333 0.13125
1 0.9583333333333334 0.7275 0.07 0.1
1 0.8095833333333333 0.65 0.05583333333333333 0.08
1 0.5266666666666666 0.31875 0.045 0.0675
1 0.5204166666666666 0.028125 0.049166666666666664 0.05625
1 0.6754166666666667 0.086875 0.030833333333333334 0.04375
1 0.4575 0.9175 0.03 0.05
1 0.23166666666666666 0.794375 0.03833333333333333 0.06125
1 0.20041666666666666 0.540625 0.03916666666666667 0.05625
1 0.36833333333333335 0.48 0.023333333333333334 0.0375