2 0.29018499999999997 0.2411275 0.087495 0.13883
2 0.523965 0.0767225 0.03870833333333333 0.069415
2 0.5598916666666667 0.011872500000000001 0.038016666666666664 0.023747499999999998
2 0.14226 0.32819 0.07338666666666667 0.079
2 0.07920333333333333 0.26430750000000003 0.06820999999999999 0.09558
2 0.16014833333333334 0.8509525 0.044285 0.04779
2 0.2674033333333333 0.96912 0.045386666666666665 0.0617575
2 0.39352666666666664 0.6441875 0.03657 0.04779
2 0.6019366666666667 0.53975 0.09099000000000002 0.138685
2 0.9554683333333334 0.6334575 0.03156333333333333 0.0374825
2 0.9680833333333333 0.4406425 0.031058333333333334 0.031175
2 0.94325 0.47258 0.03206166666666667 0.028135