2 0.15066666666666667 0.09399477806788512 0.07304444444444444 0.09399477806788512
2 0.16177777777777777 0.3198433420365535 0.06415555555555556 0.09138381201044386
2 0.3728444444444444 0.3394255874673629 0.06408888888888889 0.0731070496083551
2 0.3462 0.38511749347258484 0.07366666666666666 0.08093994778067885
2 0.4361555555555556 0.4725848563968668 0.06628888888888888 0.0835509138381201
2 0.4572666666666667 0.5496083550913838 0.03737777777777778 0.02349869451697128
2 0.4683777777777778 0.5835509138381201 0.06404444444444445 0.08093994778067885
2 0.1051111111111111 0.5835509138381201 0.08862222222222223 0.1122715404699739
2 0.5439111111111111 0.7480417754569191 0.05957777777777778 0.07049608355091384
2 0.6239111111111111 0.7819843342036553 0.050666666666666665 0.07049608355091384
2 0.3476888888888889 0.7760052219321149 0.07066666666666667 0.10203655352480417
2 0.23515555555555553 0.9678851174934725 0.11297777777777779 0.06425587467362924
2 0.14604444444444445 0.9290339425587467 0.06957777777777778 0.0939686684073107
2 0.062066666666666666 0.9001827676240208 0.0662 0.15438642297650132