2 0.5775442043222004 0.16224188790560473 0.050432220039292736 0.0835693215339233
2 0.44658153241650295 0.15979351032448377 0.0406483300589391 0.06882005899705014
2 0.4244793713163065 0.2728613569321534 0.04884086444007858 0.07867256637168142
2 0.27797642436149317 0.2359882005899705 0.06033398821218075 0.08849557522123894
2 0.32218074656188606 0.2851622418879056 0.05426326129666012 0.07374631268436578
2 0.7535166994106091 0.27410029498525074 0.052023575638506875 0.09587020648967552
2 0.5349705304518664 0.4031563421828908 0.07664047151277013 0.12292035398230089
2 0.610294695481336 0.4105309734513274 0.057622789783889974 0.10324483775811209
2 0.656935166994106 0.3625958702064897 0.05927308447937132 0.10079646017699116
2 0.22151277013752455 0.4584660766961652 0.09842829076620825 0.1499410029498525
2 0.17648330058939096 0.34292035398230086 0.09638506876227898 0.140117994100295
2 0.07907662082514735 0.4965486725663717 0.10785854616895874 0.1524188790560472
2 0.5947347740667976 0.8198230088495576 0.04878192534381139 0.07619469026548673
2 0.9014145383104125 0.6538938053097345 0.19719056974459725 0.3048082595870206
2 0.9576817288801571 0.8788200589970502 0.08463654223968566 0.16469026548672566