1 0.08466666666666667 0.470375 0.036083333333333335 0.04158333333333333
1 0.14425 0.46266666666666667 0.03347222222222222 0.045375000000000006
1 0.10030555555555555 0.536625 0.04172222222222222 0.049041666666666664
1 0.01941666666666667 0.6225833333333333 0.03886111111111111 0.060708333333333336
1 0.14727777777777779 0.5694583333333333 0.035222222222222224 0.04741666666666667
1 0.21641666666666665 0.5031666666666667 0.03677777777777778 0.043041666666666666
1 0.2544166666666667 0.58375 0.044361111111111115 0.056749999999999995
1 0.20680555555555558 0.60925 0.03463888888888889 0.043666666666666666
1 0.14391666666666666 0.9506666666666667 0.04775 0.06308333333333334
1 0.22244444444444444 0.9570833333333333 0.04027777777777778 0.05025
1 0.3852777777777777 0.731625 0.03902777777777778 0.06404166666666666
1 0.43666666666666665 0.6419583333333333 0.03922222222222222 0.04816666666666667
1 0.5232222222222223 0.6527083333333333 0.03711111111111111 0.044083333333333335
1 0.5551111111111111 0.7156666666666667 0.04225 0.06720833333333333
1 0.5098055555555555 0.708875 0.0445 0.05708333333333333
1 0.48236111111111113 0.8865 0.043027777777777776 0.066125
1 0.5898055555555556 0.9827916666666667 0.03994444444444445 0.034375
1 0.6285555555555555 0.9524166666666667 0.036250000000000004 0.05375
1 0.6205277777777778 0.8870833333333333 0.03091666666666667 0.041625
1 0.6859166666666667 0.886625 0.04197222222222222 0.060000000000000005
1 0.6952222222222222 0.754125 0.034999999999999996 0.04816666666666667
1 0.6403611111111112 0.7122499999999999 0.03208333333333334 0.04454166666666667
1 0.5935277777777778 0.590875 0.03244444444444444 0.045375000000000006
1 0.63375 0.432125 0.03169444444444444 0.04525
1 0.6530833333333333 0.3635 0.03188888888888889 0.042583333333333334
1 0.6911666666666666 0.3322083333333333 0.035388888888888886 0.044041666666666666
1 0.7811944444444445 0.20841666666666667 0.03597222222222222 0.049708333333333334
1 0.7859999999999999 0.15683333333333332 0.026361111111111113 0.036333333333333336
1 0.8588611111111111 0.20604166666666668 0.04386111111111111 0.05454166666666667
1 0.8833333333333333 0.32579166666666665 0.041527777777777775 0.056875
1 0.9079166666666667 0.24195833333333333 0.035111111111111114 0.052625000000000005
1 0.7965833333333333 0.2635 0.030444444444444448 0.0445
1 0.7651666666666667 0.274375 0.025277777777777777 0.037333333333333336
1 0.2995277777777778 0.8562083333333333 0.02988888888888889 0.05679166666666667
1 0.9825555555555556 0.60625 0.034861111111111114 0.040875