0 0.4304247104247104 0.49030927835051547 0.12393822393822394 0.19005154639175256
0 0.38571428571428573 0.7087113402061856 0.04764478764478764 0.043092783505154636
0 0.5216988416988417 0.44257731958762886 0.03513513513513514 0.044123711340206186
0 0.5257915057915058 0.4920618556701031 0.05401544401544402 0.03814432989690722
0 0.6436293436293435 0.35855670103092785 0.03277992277992278 0.057577319587628864
0 0.6130888030888031 0.45448453608247424 0.025444015444015443 0.04453608247422681
0 0.5921621621621622 0.4369072164948454 0.02965250965250965 0.04422680412371134
0 0.6505019305019305 0.39634020618556703 0.03579150579150579 0.04711340206185567
0 0.6911583011583011 0.5358247422680412 0.04803088803088803 0.051391752577319594
0 0.6875675675675677 0.48237113402061854 0.030077220077220076 0.04283505154639176
0 0.7097297297297297 0.5062886597938144 0.04073359073359074 0.04046391752577319
0 0.6362162162162163 0.6841752577319588 0.03787644787644788 0.07144329896907216
0 0.5571428571428572 0.7362886597938144 0.031235521235521237 0.06974226804123711
0 0.5479150579150579 0.6539690721649485 0.04552123552123552 0.07041237113402062
0 0.3511196911196911 0.677319587628866 0.03424710424710425 0.031082474226804126
0 0.4998455598455599 0.6694329896907216 0.03694980694980695 0.03577319587628866
0 0.5232818532818533 0.6971649484536082 0.04204633204633205 0.04402061855670103
0 0.5728957528957529 0.34139175257731963 0.05698841698841699 0.05458762886597938
0 0.6478378378378378 0.4862371134020618 0.039691119691119686 0.08541237113402061