1 0.0622275 0.20834333333333332 0.020017499999999997 0.02338
1 0.2591125 0.17605666666666667 0.02273 0.028833333333333332
1 0.18450999999999998 0.23125 0.023572500000000003 0.024180000000000004
1 0.3422925 0.2616266666666667 0.02029 0.024913333333333332
2 0.31645999999999996 0.29652333333333336 0.0173875 0.022189999999999998
2 0.18872 0.39042333333333334 0.027302499999999997 0.029930000000000002
2 0.18464750000000002 0.41290333333333334 0.0200975 0.023623333333333336
2 0.1498425 0.44393666666666665 0.018942499999999998 0.02067
2 0.1531025 0.47298 0.02265 0.026243333333333334
2 0.175185 0.4672966666666667 0.023677499999999997 0.02738
2 0.19134 0.4744 0.01716 0.02093
1 0.334705 0.38217999999999996 0.0201175 0.025949999999999997
2 0.34689749999999997 0.12305333333333335 0.023870000000000002 0.030356666666666664
2 0.464215 0.26577333333333336 0.020305 0.02571
1 0.15071500000000002 0.5153533333333333 0.019752500000000003 0.022213333333333335
1 0.18516 0.52587 0.01737 0.01823666666666667
1 0.2015325 0.6398733333333333 0.019164999999999998 0.022426666666666668
1 0.16951750000000002 0.6489133333333333 0.0132775 0.017993333333333333
1 0.25484 0.7508233333333333 0.0216875 0.02676
1 0.3055475 0.6701433333333333 0.020885 0.026693333333333333
1 0.2109525 0.5362566666666667 0.0173775 0.022756666666666665
2 0.4599975 0.5026666666666667 0.024059999999999998 0.03309666666666667
2 0.39583749999999995 0.6272866666666667 0.0176575 0.026006666666666664
2 0.44848750000000004 0.65707 0.029175 0.038060000000000004
1 0.302565 0.6289600000000001 0.014915 0.018106666666666667
2 0.55928 0.5995466666666667 0.02757 0.028050000000000002
2 0.3715175 0.3985066666666667 0.016845 0.018590000000000002
2 0.5803625 0.52131 0.019515 0.02537
2 0.5909099999999999 0.5175 0.016079999999999997 0.027263333333333334
2 0.5569575 0.28251333333333334 0.021985 0.026676666666666668
2 0.4009325 0.10185666666666666 0.0177 0.02309
1 0.7099375 0.33977333333333337 0.02316 0.03241333333333333
2 0.66249 0.4541333333333334 0.02341 0.03106333333333333
2 0.6972125 0.5134733333333333 0.023030000000000002 0.027203333333333333
2 0.59294 0.4061033333333333 0.0218225 0.02253
2 0.6237825 0.48278 0.012150000000000001 0.015833333333333335
1 0.716495 0.6803166666666667 0.0259625 0.032036666666666665
2 0.6260575 0.78473 0.0167 0.023296666666666667
1 0.73909 0.8039400000000001 0.02426 0.02921
1 0.7962775000000001 0.7504 0.023287500000000003 0.027156666666666666
1 0.8262875000000001 0.77538 0.01954 0.028353333333333335
2 0.86491 0.7716000000000001 0.0198875 0.02454333333333333
2 0.9005275 0.79675 0.0245375 0.031083333333333334
2 0.88914 0.5391333333333334 0.0252025 0.027256666666666665
2 0.8965775 0.5870466666666667 0.022262499999999998 0.028056666666666667
2 0.9201024999999999 0.24437333333333333 0.021485 0.026673333333333334
2 0.8986799999999999 0.22388333333333332 0.0208425 0.024453333333333334
2 0.9138350000000001 0.31107333333333337 0.0127025 0.013776666666666666
1 0.992425 0.29192 0.015147500000000001 0.030486666666666665
2 0.88187 0.13313666666666668 0.01705 0.01942
2 0.968155 0.21845333333333333 0.022675 0.027733333333333336
2 0.72803 0.32131333333333334 0.022787500000000002 0.02873
2 0.49829500000000004 0.27975 0.01486 0.018609999999999998
1 0.2264475 0.48457 0.018865 0.02153
2 0.9509 0.8839333333333333 0.0234375 0.029016666666666666