2 0.09604 0.49929535232383804 0.01028 0.017286356821589206
2 0.043590000000000004 0.47442278860569714 0.00874 0.018155922038980508
2 0.14001 0.45041979010494754 0.009609999999999999 0.014407796101949024
2 0.18991999999999998 0.37134932533733134 0.0124 0.0143928035982009
2 0.20879 0.3562818590704647 0.01111 0.014332833583208396
2 0.22662000000000002 0.347616191904048 0.01092 0.0143928035982009
2 0.23166 0.3664467766116941 0.01044 0.014107946026986506
2 0.15228 0.4002098950524738 0.010960000000000001 0.019940029985007497
2 0.16688 0.3897451274362818 0.00957 0.0164167916041979
2 0.21259999999999998 0.46241379310344827 0.00924 0.016281859070464765
2 0.22183 0.4732683658170915 0.00922 0.012623688155922038
2 0.29143 0.4986056971514243 0.01079 0.014347826086956523
2 0.23394 0.5415592203898051 0.009720000000000001 0.013268365817091454
2 0.19848 0.5495052473763118 0.01159 0.011754122938530735
2 0.10728 0.5102548725637182 0.01273 0.015487256371814093
2 0.11028 0.5667166416791605 0.01345 0.016146926536731634
2 0.15605000000000002 0.8045727136431784 0.01216 0.015862068965517243
2 0.14509 0.803463268365817 0.00818 0.015217391304347827
2 0.15785 0.7856671664167916 0.01048 0.019160419790104948
2 0.08451 0.7013793103448276 0.01043 0.016641679160419788
2 0.11158 0.7005547226386807 0.01287 0.019730134932533734
2 0.13140000000000002 0.6690404797601199 0.0135 0.015202398800599702
2 0.13891 0.6490104947526236 0.0148 0.01785607196401799
2 0.16612000000000002 0.6630284857571215 0.0112 0.014257871064467766
2 0.16859 0.7115142428785607 0.01298 0.017931034482758623
2 0.20097 0.7375112443778111 0.01341 0.017721139430284857
2 0.23346 0.6935832083958021 0.01078 0.014977511244377812
2 0.23492 0.6577511244377812 0.011689999999999999 0.014767616191904047
2 0.27016 0.6634332833583209 0.00834 0.013478260869565217
2 0.27558 0.5694452773613193 0.011789999999999998 0.016851574212893555
2 0.11884 0.4435382308845577 0.00525 0.01173913043478261
2 0.16191999999999998 0.44268365817091454 0.010199999999999999 0.016341829085457272
2 0.17297 0.4939730134932534 0.010150000000000001 0.012968515742128936
2 0.18880000000000002 0.3214542728635682 0.010150000000000001 0.01583208395802099
2 0.17655 0.34043478260869564 0.0078 0.009505247376311844
2 0.18246 0.5535982008995503 0.01225 0.016776611694152923
2 0.04104 0.5178410794602698 0.01314 0.0164167916041979
2 0.13018000000000002 0.5056821589205398 0.01421 0.02058470764617691
2 0.09858 0.633463268365817 0.01219 0.015202398800599702
2 0.10599 0.6693703148425788 0.00697 0.009535232383808096
2 0.23151 0.46971514242878565 0.009089999999999999 0.013463268365817092
2 0.2832 0.4410194902548726 0.011210000000000001 0.016191904047976012
2 0.29178 0.5377511244377812 0.00939 0.013973013493253373
2 0.34308999999999995 0.619295352323838 0.00652 0.009025487256371813
2 0.34213 0.6294752623688156 0.0046 0.00881559220389805
2 0.38904 0.41856071964017993 0.00667 0.010794602698650674
2 0.38933 0.408455772113943 0.00514 0.007991004497751125
2 0.39609 0.402383808095952 0.006 0.01007496251874063
2 0.34772000000000003 0.4654122938530735 0.005889999999999999 0.007751124437781109
2 0.33729000000000003 0.47938530734632684 0.00639 0.00679160419790105
2 0.29677 0.45905547226386806 0.00553 0.009835082458770614
2 0.35714 0.4423688155922039 0.0059900000000000005 0.0077061469265367315
2 0.35827 0.4566716641679161 0.00514 0.008200899550224888
2 0.36023 0.4890104947526237 0.00644 0.008095952023988006
2 0.35255000000000003 0.48772113943028483 0.00618 0.007856071964017991
2 0.35107 0.5068065967016492 0.0058200000000000005 0.010119940029985007
2 0.3583 0.6310794602698651 0.00556 0.007166416791604198
2 0.34981 0.6282008995502248 0.00644 0.009355322338830584
2 0.3503 0.6110344827586207 0.006889999999999999 0.01247376311844078
2 0.38765 0.4808545727136432 0.00557 0.007391304347826087
2 0.40004 0.48119940029985003 0.00588 0.008845577211394303
2 0.38652 0.4883208395802099 0.00592 0.005937031484257871
2 0.40438 0.4516041979010495 0.00571 0.008215892053973014
2 0.41262 0.4544227886056972 0.0074800000000000005 0.0087856071964018
2 0.40788 0.4536431784107946 0.00438 0.008395802098950524
2 0.42187 0.47281859070464766 0.00528 0.006941529235382308
2 0.38766 0.5135232383808096 0.0056 0.005592203898050974
2 0.44424 0.5183208395802099 0.00369 0.006611694152923539
2 0.39509 0.38502248875562217 0.00421 0.007016491754122938
2 0.4049 0.39757121439280363 0.00524 0.006806596701649175
2 0.4113 0.3914242878560719 0.00496 0.006911544227886058
2 0.37577 0.41251874062968513 0.004719999999999999 0.007736131934032984
2 0.34458 0.43098950524737634 0.0061200000000000004 0.006761619190404797
2 0.34067000000000003 0.5186206896551724 0.00594 0.008380809595202399
2 0.635 0.44952023988005996 0.00628 0.009175412293853073
2 0.6841499999999999 0.4329985007496252 0.00497 0.008905547226386807
2 0.69971 0.4201499250374813 0.0071600000000000006 0.009205397301349325
2 0.64235 0.5164767616191904 0.00619 0.010134932533733133
2 0.7382000000000001 0.5111394302848575 0.010230000000000001 0.012938530734632685
2 0.80633 0.34661169415292353 0.01411 0.022083958020989506
2 0.86295 0.34356821589205394 0.014240000000000001 0.015037481259370314
2 0.88947 0.258095952023988 0.015220000000000001 0.01752623688155922
2 0.90574 0.25127436281859067 0.01306 0.015427286356821588
2 0.9168999999999999 0.281184407796102 0.013529999999999999 0.021304347826086957
2 0.92822 0.2785307346326837 0.012029999999999999 0.021574212893553223
2 0.9402999999999999 0.3025337331334333 0.00763 0.011004497751124437
2 0.96286 0.314407796101949 0.011609999999999999 0.023193403298350825
2 0.9933099999999999 0.3617241379310345 0.013380000000000001 0.030164917541229387
2 0.9842000000000001 0.24782608695652175 0.01509 0.015292353823088455
2 0.99524 0.5103298350824588 0.009529999999999999 0.015172413793103447
2 0.8779199999999999 0.49280359820089953 0.01846 0.01868065967016492
2 0.8805299999999999 0.45467766116941527 0.01148 0.020464767616191905
2 0.84433 0.5320539730134932 0.01492 0.018155922038980508
2 0.8809199999999999 0.6489805097451274 0.01419 0.021724137931034483
2 0.89515 0.6536131934032983 0.014369999999999999 0.019445277361319343
2 0.91627 0.6352923538230885 0.014199999999999999 0.018425787106446774
2 0.9697899999999999 0.6641829085457271 0.01455 0.018425787106446774
2 0.93457 0.6781859070464767 0.015449999999999998 0.018470764617691156
2 0.91418 0.6779910044977512 0.01066 0.017106446776611696
2 0.82955 0.6304647676161919 0.01106 0.01649175412293853
2 0.84365 0.6150674662668666 0.01033 0.01749625187406297
2 0.859 0.6150224887556223 0.01468 0.019340329835082458
2 0.82359 0.701424287856072 0.01071 0.013868065967016492
2 0.8584400000000001 0.6806746626686656 0.012289999999999999 0.01767616191904048
2 0.8374199999999999 0.6483058470764618 0.01459 0.018470764617691156
2 0.77613 0.5854422788605698 0.011550000000000001 0.01893553223388306
2 0.77222 0.607511244377811 0.00886 0.01683658170914543
2 0.89779 0.7254872563718141 0.01194 0.01671664167916042
2 0.8856799999999999 0.7065217391304348 0.01279 0.013463268365817092
2 0.96585 0.8240929535232383 0.013730000000000001 0.01833583208395802
2 0.94113 0.8392653673163418 0.01057 0.01689655172413793