1 0.6366666666666667 0.37125 0.035 0.05
1 0.8129166666666666 0.494375 0.0325 0.04375
1 0.8133333333333334 0.543125 0.03333333333333333 0.04625
1 0.51375 0.49875 0.034166666666666665 0.055
1 0.3695833333333333 0.859375 0.060833333333333336 0.09875
1 0.15083333333333335 0.675625 0.04666666666666667 0.05625
1 0.21583333333333332 0.65625 0.03333333333333333 0.0525
1 0.20583333333333334 0.70125 0.02666666666666667 0.035
1 0.16666666666666666 0.7425 0.043333333333333335 0.055
1 0.145 0.89625 0.028333333333333332 0.0375
1 0.16 0.9225 0.02666666666666667 0.03
1 0.23008 0.5563524999999999 0.03009166666666667 0.039557499999999995