1 0.7367816666666666 0.47561000000000003 0.04874833333333334 0.058995
2 0.6775966666666666 0.39821749999999995 0.04709000000000001 0.0528825
2 0.17935500000000001 0.816585 0.04931666666666666 0.053355
2 0.4417166666666667 0.477305 0.029736666666666665 0.0362225
2 0.20062166666666667 0.63922 0.0371 0.0400725
2 0.42197 0.95009 0.028454999999999998 0.0444225
2 0.46058333333333334 0.371205 0.03646666666666667 0.0391025
2 0.3613866666666667 0.6183175 0.028560000000000002 0.0289775
2 0.16040666666666667 0.7622000000000001 0.036746666666666664 0.039670000000000004
2 0.36729333333333336 0.31635250000000004 0.035255 0.0315175
2 0.7490433333333334 0.32356 0.029814999999999998 0.0410625