2 0.6534166666666666 0.224175 0.04358333333333333 0.06849999999999999
2 0.44758333333333333 0.32189999999999996 0.036649999999999995 0.0492
2 0.54395 0.142625 0.03713333333333334 0.055425
2 0.6078166666666667 0.156775 0.041966666666666666 0.055575
2 0.7635166666666667 0.179275 0.04501666666666667 0.047474999999999996
2 0.905 0.255925 0.06133333333333333 0.078875
2 0.8725666666666666 0.7664 0.04853333333333334 0.07795
2 0.9153166666666668 0.737325 0.03886666666666667 0.07705000000000001
2 0.7343500000000001 0.723425 0.04248333333333333 0.054875
2 0.6980333333333333 0.925925 0.0453 0.06575
2 0.8756833333333333 0.8510500000000001 0.04228333333333333 0.053525
2 0.3402833333333333 0.49939999999999996 0.027733333333333336 0.04085
2 0.3441166666666667 0.309475 0.03331666666666666 0.048499999999999995
2 0.37793333333333334 0.20315000000000003 0.0301 0.0452
2 0.3857833333333333 0.128 0.03331666666666666 0.044925
2 0.26925000000000004 0.5624750000000001 0.0315 0.048225
2 0.36765000000000003 0.488325 0.024133333333333333 0.037425
2 0.41150000000000003 0.5183 0.025683333333333332 0.033875
2 0.38243333333333335 0.5015999999999999 0.028683333333333335 0.042125
2 0.48228333333333334 0.7377750000000001 0.02215 0.030074999999999998
2 0.38251666666666667 0.4168 0.0247 0.04125
2 0.4090333333333333 0.40307499999999996 0.026433333333333333 0.0393
2 0.32456666666666667 0.35719999999999996 0.02128333333333333 0.043949999999999996
2 0.31561666666666666 0.312025 0.02213333333333333 0.03485
2 0.2816666666666667 0.50515 0.031316666666666666 0.049225000000000005
2 0.38153333333333334 0.598625 0.024800000000000003 0.029925
2 0.5666166666666667 0.63505 0.02206666666666667 0.030899999999999997
2 0.5557833333333334 0.465525 0.019133333333333336 0.0262
2 0.65545 0.847125 0.020566666666666667 0.030074999999999998
2 0.6124166666666666 0.8138249999999999 0.015733333333333332 0.022825
2 0.6310166666666667 0.2616 0.0467 0.058975