2 0.68265 0.6472604790419162 0.0317 0.04152694610778443
2 0.51939 0.376377245508982 0.02161 0.03345808383233533
2 0.48123 0.46115269461077846 0.02122 0.026152694610778442
2 0.5502 0.42594311377245503 0.01466 0.020479041916167666
2 0.71178 0.5487874251497006 0.04249 0.05615269461077844
2 0.72722 0.49685628742514965 0.037509999999999995 0.04230538922155689
2 0.64813 0.4401497005988024 0.02594 0.039416167664670654
2 0.60793 0.4477994011976048 0.02675 0.034191616766467064
2 0.61495 0.5187874251497007 0.02709 0.037200598802395214
2 0.57796 0.5163473053892216 0.018600000000000002 0.020553892215568862
2 0.52778 0.4920508982035928 0.0173 0.023203592814371257
2 0.63542 0.7004191616766468 0.03218 0.05151197604790419
2 0.69169 0.6058083832335329 0.03185 0.045464071856287425
1 0.94931 0.08883233532934132 0.03658 0.05679640718562874
2 0.92992 0.1484431137724551 0.03893 0.06390718562874251
2 0.89374 0.1312874251497006 0.02881 0.04223053892215569
2 0.92004 0.10308383233532933 0.02129 0.02687125748502994
2 0.8826900000000001 0.1872005988023952 0.02886 0.04669161676646707
2 0.86205 0.21052395209580838 0.03082 0.04597305389221557
2 0.84141 0.2240868263473054 0.02223 0.04468562874251497
2 0.86418 0.2901946107784431 0.03039 0.04884730538922156
2 0.89683 0.34381736526946105 0.0255 0.03779940119760479
2 0.9349299999999999 0.3411526946107784 0.03946 0.05459580838323353
2 0.97774 0.3208383233532934 0.03438 0.03923652694610778
2 0.98309 0.3680688622754491 0.03193 0.06106287425149701
2 0.9460700000000001 0.3840419161676647 0.038450000000000005 0.03773952095808383
2 0.8222 0.5282934131736526 0.03551 0.04676646706586826
2 0.80453 0.49284431137724555 0.03536 0.03729041916167665
2 0.76644 0.5125000000000001 0.01695 0.03097305389221557
2 0.77195 0.5670958083832335 0.02572 0.028038922155688623
2 0.8152999999999999 0.6388323353293414 0.04069 0.046781437125748504
2 0.86921 0.6220359281437126 0.03739 0.044476047904191615
2 0.81374 0.5817664670658683 0.04284 0.027395209580838326
2 0.87619 0.5288023952095808 0.0359 0.04145209580838324
2 0.93809 0.5416467065868263 0.02047 0.022934131736526947
2 0.9570299999999999 0.45583832335329344 0.01616 0.02658682634730539
2 0.99176 0.48565868263473055 0.01648 0.04014970059880239
2 0.9776 0.5109580838323353 0.02776 0.032619760479041915
2 0.96969 0.5452395209580839 0.01865 0.025808383233532933
2 0.95231 0.5556736526946108 0.0141 0.017844311377245507
2 0.91764 0.6111227544910179 0.02282 0.030823353293413173
2 0.81086 0.7090119760479042 0.02443 0.027380239520958083
2 0.8274 0.7428592814371258 0.01533 0.024296407185628744
2 0.9429299999999999 0.722125748502994 0.015390000000000001 0.027020958083832338
2 0.79523 0.8261526946107784 0.026920000000000003 0.03142215568862275
2 0.7742100000000001 0.7972005988023951 0.023899999999999998 0.03191616766467066
2 0.74582 0.8562275449101797 0.03464 0.0473502994011976
2 0.75059 0.8893263473053893 0.0286 0.03173652694610778
2 0.70878 0.919685628742515 0.01857 0.03529940119760479
2 0.7193099999999999 0.9525598802395209 0.019579999999999997 0.04420658682634731
2 0.72981 0.9233383233532934 0.02159 0.039461077844311375
2 0.7558400000000001 0.9655538922155689 0.02514 0.03544910179640719
2 0.6812 0.8781137724550899 0.019309999999999997 0.024805389221556888
2 0.69211 0.858562874251497 0.01475 0.025164670658682633
2 0.70625 0.8704041916167664 0.0114 0.017275449101796406
2 0.72042 0.7356736526946108 0.028140000000000002 0.03835329341317365
2 0.7152200000000001 0.697814371257485 0.03087 0.03655688622754491
2 0.70402 0.6528443113772455 0.020649999999999998 0.043233532934131735
2 0.6606799999999999 0.7873952095808383 0.037329999999999995 0.04547904191616766
2 0.6286 0.7740868263473054 0.03436 0.0520059880239521
2 0.58981 0.7966916167664672 0.03234 0.049850299401197604
2 0.55755 0.8177245508982036 0.023030000000000002 0.035074850299401196
2 0.47587 0.8098952095808383 0.02096 0.02845808383233533
2 0.47467000000000004 0.8333682634730539 0.01932 0.022065868263473055
2 0.45937 0.8530988023952096 0.02182 0.033203592814371255
2 0.48227 0.8553592814371257 0.02205 0.030179640718562873
2 0.4967 0.8156736526946108 0.01526 0.02624251497005988
2 0.54335 0.7862125748502995 0.01785 0.03205089820359282
2 0.55486 0.7161526946107785 0.03032 0.03721556886227545
2 0.50339 0.738188622754491 0.02969 0.027589820359281435
2 0.49145 0.959865269461078 0.015210000000000001 0.023532934131736526
2 0.6323799999999999 0.34976047904191615 0.037450000000000004 0.04238023952095808
2 0.43097 0.8444910179640719 0.02032 0.02785928143712575
2 0.39473 0.8082035928143713 0.01995 0.02723053892215569
2 0.38105 0.9259131736526945 0.02234 0.03479041916167665
2 0.41557 0.9740868263473055 0.02615 0.03347305389221557
2 0.35805000000000003 0.9302395209580838 0.01526 0.024595808383233532
2 0.29219 0.8333532934131735 0.02316 0.032994011976047906
2 0.29966000000000004 0.7624850299401197 0.01864 0.028308383233532936
2 0.31271 0.7485479041916168 0.019579999999999997 0.03127245508982036
2 0.33519 0.7687874251497006 0.02561 0.0375
2 0.35531999999999997 0.7746706586826347 0.01881 0.038113772455089824
2 0.32192000000000004 0.7133832335329342 0.02197 0.03462574850299401
2 0.33391000000000004 0.6930838323353293 0.021920000000000002 0.03001497005988024
2 0.28348 0.609565868263473 0.0229 0.025733532934131737
2 0.24386000000000002 0.6529041916167665 0.01577 0.02160179640718563
2 0.24227 0.8133832335329342 0.02519 0.03868263473053892
2 0.24565 0.840868263473054 0.02528 0.0256437125748503
2 0.25078 0.873622754491018 0.023039999999999998 0.03038922155688623
2 0.20646 0.8972604790419162 0.026969999999999997 0.029386227544910177
2 0.42588 0.49913173652694615 0.01358 0.027919161676646705
2 0.40975 0.5094910179640718 0.01566 0.02434131736526946
2 0.33702 0.4586377245508982 0.0144 0.018577844311377247
2 0.29238 0.35341317365269465 0.0121 0.017155688622754493
2 0.26777 0.3122604790419162 0.01137 0.015359281437125748
2 0.27956 0.2751497005988024 0.01278 0.014805389221556888
2 0.39407 0.30761976047904194 0.01061 0.02151197604790419
2 0.43577 0.31396706586826345 0.01046 0.011931137724550898
2 0.24015 0.26342814371257484 0.00835 0.010209580838323355
2 0.13361 0.6029491017964071 0.01959 0.022769461077844312
2 0.04152 0.5429790419161676 0.01853 0.022769461077844312
2 0.05336 0.5879491017964071 0.01359 0.018488023952095808
2 0.05976 0.6261077844311378 0.0112 0.02315868263473054
2 0.03268 0.5854940119760479 0.012289999999999999 0.0187125748502994
2 0.04836 0.4920059880239521 0.01734 0.02190119760479042
2 0.05367 0.4737724550898204 0.01193 0.0162874251497006
1 0.07654999999999999 0.3938023952095808 0.01878 0.02597305389221557
2 0.08384 0.3329790419161677 0.01878 0.02767964071856287
2 0.046090000000000006 0.3269461077844312 0.01623 0.024176646706586823
2 0.00941 0.3612125748502994 0.01882 0.024176646706586823
2 0.06256 0.4436077844311377 0.02284 0.024491017964071854
2 0.01701 0.40946107784431135 0.01508 0.021137724550898202
2 0.03215 0.4144011976047904 0.016239999999999997 0.01748502994011976
2 0.09478 0.8465568862275449 0.01747 0.021691616766467067
2 0.16069 0.7816766467065868 0.01883 0.022155688622754494
2 0.10237 0.7810179640718563 0.018920000000000003 0.015688622754491018
2 0.05441 0.8363473053892215 0.01912 0.0218562874251497
2 0.6439199999999999 0.6413323353293413 0.032740000000000005 0.039431137724550896
2 0.5963200000000001 0.6697754491017964 0.028730000000000002 0.034491017964071856
2 0.49235 0.5901197604790419 0.01486 0.019850299401197605
2 0.21117 0.4344610778443114 0.01131 0.014880239520958084
2 0.21172 0.40797904191616763 0.011630000000000001 0.01375748502994012
2 0.31827999999999995 0.46781437125748504 0.01267 0.02155688622754491
2 0.32433999999999996 0.41194610778443114 0.01282 0.023008982035928143
2 0.35118 0.4460179640718563 0.015439999999999999 0.02684131736526946