1 0.0326875 0.13856333333333334 0.0257 0.03546666666666667
1 0.057034999999999995 0.13976666666666668 0.02029 0.03186
1 0.0304325 0.18966333333333332 0.022995 0.02945666666666667
1 0.04689 0.19446999999999998 0.017132500000000002 0.027053333333333332
1 0.0770975 0.19567333333333334 0.01533 0.025849999999999998
1 0.033365 0.24016 0.018935 0.022243333333333334
1 0.0169075 0.24737333333333333 0.0166825 0.02104
1 0.0250225 0.22392666666666666 0.02119 0.023443333333333333
1 0.0063125 0.21761666666666668 0.012625 0.025246666666666664
1 0.12782 0.19838 0.0148775 0.018033333333333335
1 0.1350325 0.21671333333333334 0.0148775 0.017433333333333332
1 0.18169749999999998 0.19567333333333334 0.0270525 0.03306333333333333
1 0.2763775 0.14006666666666667 0.028855 0.03847333333333333
1 0.3000475 0.14427666666666666 0.0257 0.03246333333333333
1 0.309065 0.8563366666666667 0.0247975 0.037873333333333335
1 0.334315 0.84762 0.026600000000000002 0.03607
1 0.3138 0.82718 0.0243475 0.027653333333333332
1 0.33859750000000005 0.81095 0.0243475 0.034866666666666664
1 0.3861625 0.7117600000000001 0.027502500000000003 0.03366333333333333
1 0.408255 0.6621666666666667 0.03111 0.042679999999999996
1 0.31966 0.61197 0.03156 0.03727
1 0.358435 0.5067699999999999 0.0252475 0.034866666666666664
1 0.24008500000000002 0.3495666666666667 0.022995 0.03306333333333333
1 0.20717 0.31590333333333337 0.028405 0.03306333333333333
1 0.1902625 0.3435566666666667 0.0243475 0.02945666666666667
1 0.3257475 0.3805266666666666 0.029305 0.03607
1 0.410285 0.17493333333333333 0.033365 0.039676666666666666
1 0.4193 0.21009999999999998 0.0297575 0.03426666666666667
1 0.49685 0.22753333333333334 0.0252475 0.03667
1 0.4984275 0.27773000000000003 0.027502500000000003 0.03366333333333333
1 0.905555 0.08506333333333334 0.035617499999999996 0.041479999999999996
1 0.5604199999999999 0.18094666666666667 0.0297575 0.040876666666666665
1 0.60393 0.3736133333333333 0.023895 0.03066
1 0.6190325 0.3841333333333334 0.013525 0.019236666666666666
1 0.6496925 0.3318333333333333 0.01623 0.019236666666666666
1 0.6708825 0.34385666666666664 0.01533 0.018033333333333335
1 0.638645 0.3630933333333333 0.0085675 0.012023333333333334
1 0.6481125 0.3655 0.0094675 0.012023333333333334
1 0.6289525 0.3742166666666667 0.012625 0.016229999999999998
1 0.7161925 0.6360166666666667 0.029305 0.03607
1 0.7524875 0.5581666666666667 0.0297575 0.03667
1 0.795545 0.5924333333333334 0.03201 0.037873333333333335
1 0.8111 0.50226 0.0243475 0.037873333333333335
1 0.9409474999999999 0.6928233333333332 0.018935 0.023443333333333333
1 0.7603775 0.3991633333333333 0.029305 0.03727
1 0.8487475 0.3177066666666667 0.03201 0.03546666666666667
1 0.8730924999999999 0.5371266666666668 0.0175825 0.018636666666666666
2 0.13255250000000002 0.3645966666666667 0.0090175 0.013826666666666666
2 0.13661 0.37241 0.007215 0.013826666666666666
2 0.11902750000000001 0.3682033333333333 0.017132500000000002 0.019836666666666666
2 0.0881425 0.36790333333333336 0.0121725 0.018033333333333335
2 0.07890000000000001 0.38263 0.019837499999999997 0.019836666666666666
2 0.0955825 0.39465333333333336 0.0144275 0.016229999999999998
2 0.015555 0.40788 0.023895 0.028253333333333335
2 0.049145 0.4144933333333333 0.020739999999999998 0.023443333333333333
2 0.047564999999999996 0.4776133333333333 0.0247975 0.02945666666666667
2 0.0953575 0.45597000000000004 0.01578 0.02945666666666667
2 0.012625 0.58642 0.0252475 0.03186
2 0.12624 0.60175 0.020739999999999998 0.025246666666666664
2 0.114745 0.6636666666666666 0.0193875 0.022843333333333334
2 0.09378 0.67539 0.0225425 0.028253333333333335
2 0.07146250000000001 0.6880133333333334 0.02119 0.027053333333333332
2 0.0169075 0.7848 0.02029 0.022243333333333334