2 0.9775585696670777 0.3359583333333333 0.04488286066584463 0.2708333333333333
2 0.9303329223181258 0.029958333333333333 0.06448828606658447 0.05991666666666667
2 0.7450184956843404 0.2981666666666667 0.09805178791615289 0.2942916666666667
2 0.8274599260172627 0.7161666666666666 0.09147965474722565 0.28125
2 0.5731812577065352 0.89325 0.0776695437731196 0.19791666666666666
2 0.4313933415536375 0.5547083333333334 0.08541307028360048 0.296875
2 0.4772503082614057 0.5859583333333334 0.02787916152897657 0.234375
2 0.3759062885326757 0.4922083333333333 0.08080147965474722 0.2760416666666667
2 0.4040443896424168 0.18491666666666667 0.08642416769420469 0.22916666666666666
2 0.22218249075215782 0.6835833333333333 0.0769790382244143 0.2942916666666667
2 0.1493711467324291 0.6692916666666666 0.07160295930949445 0.265625
2 0.9549938347718866 0.04816666666666667 0.06139334155363748 0.096375