1 0.5938175 0.34558 0.03405 0.037046666666666665
1 0.625855 0.43057666666666666 0.034784999999999996 0.04324
2 0.6099325 0.3773766666666667 0.03252 0.043923333333333335
1 0.394695 0.52458 0.03062 0.03368666666666667
1 0.24577000000000002 0.31503000000000003 0.02067 0.029713333333333335
1 0.28689 0.32761666666666667 0.019447500000000003 0.026133333333333335
1 0.246575 0.7043233333333333 0.0252625 0.03079
1 0.2104425 0.78827 0.0250375 0.0334
1 0.2513375 0.9758 0.024305 0.02834666666666667
1 0.2775125 0.9760566666666667 0.02463 0.03241
1 0.1102225 0.92786 0.02085 0.029883333333333335
1 0.061439999999999995 0.7858566666666668 0.028065 0.03483
1 0.063845 0.8140766666666667 0.016827500000000002 0.02502
1 0.2903 0.8246533333333333 0.017115 0.022209999999999997
1 0.3271225 0.7505866666666667 0.0230575 0.03079
2 0.3818675 0.5908933333333334 0.0304275 0.037263333333333336
2 0.36957249999999997 0.42917 0.019864999999999997 0.023376666666666664
1 0.4096275 0.47942999999999997 0.0120225 0.01331
2 0.58662 0.84132 0.0141275 0.024403333333333332
2 0.94701 0.9225333333333333 0.0239225 0.03009
2 0.8328424999999999 0.3324166666666667 0.02325 0.03319
1 0.7775925 0.4514 0.0172775 0.020496666666666667
1 0.96202 0.35178999999999994 0.0167625 0.021593333333333332
2 0.5960025000000001 0.21181666666666668 0.0356375 0.04935666666666667