2 0.60786391042205 0.3683426651735722 0.26 0.3606047032474804
0 0.5927562446167097 0.09447928331466966 0.131343669250646 0.18400895856662933
0 0.3102325581395349 0.0668421052631579 0.11016365202411714 0.12873460246360582
0 0.22415159345391905 0.11592385218365062 0.08319552110249785 0.08293393057110862
0 0.20228251507321274 0.23642777155655095 0.09112833763996554 0.10956326987681972
0 0.29474590869939704 0.2973684210526316 0.12101636520241171 0.14185890257558792
0 0.31543496985357455 0.191478163493841 0.11318690783807063 0.1092609182530795
0 0.08890611541774332 0.5793729003359462 0.07847545219638243 0.10435610302351624
0 0.05092161929371231 0.4956662933930571 0.024659776055124892 0.03613661814109743
0 0.15888027562446166 0.6116573348264278 0.04369509043927648 0.02815229563269877
0 0.22645133505598625 0.6725307950727885 0.11216192937123169 0.14494960806270996
0 0.33976744186046515 0.697905935050392 0.10032730404823428 0.11746920492721165
0 0.4949870801033591 0.665397536394177 0.10314384151593455 0.1388353863381859
0 0.5537726098191214 0.5754423292273236 0.09521102497846684 0.1093057110862262
0 0.7752110249784668 0.6652519596864502 0.07297157622739019 0.11295632698768197
0 0.7551335055986219 0.5993617021276596 0.030353143841515936 0.032374020156774916
0 0.7979758828596039 0.627144456886898 0.05205857019810508 0.04954087346024636
0 0.7296813092161929 0.6219820828667413 0.04097329888027562 0.042407614781634934
0 0.8972093023255815 0.8785330347144457 0.043798449612403104 0.049999999999999996
0 0.9665719207579673 0.7763717805151176 0.06685615848406547 0.11761478163493841
0 0.8225322997416021 0.22500559910414333 0.10363479758828595 0.17311310190369542
0 0.9427304048234281 0.06042553191489362 0.09648578811369508 0.12085106382978723
0 0.302015503875969 0.9656550951847704 0.037114556416882 0.03866741321388578
0 0.7451162790697675 0.9044232922732363 0.0905770887166236 0.10939529675251959
0 0.09561584840654609 0.7829115341545353 0.04267872523686477 0.03471444568868981
0 0.04560723514211887 0.4556774916013438 0.09122308354866494 0.08413213885778274
0 0.19472868217054265 0.3209182530795073 0.03911283376399655 0.048197088465845465
0 0.21061154177433247 0.36949608062709965 0.03740740740740741 0.04022396416573348
0 0.16726959517657192 0.30717805151175814 0.0850904392764858 0.08150055991041434
0 0.22000861326442722 0.9073348264277715 0.03553832902670112 0.0883986562150056