2 0.6150693069306931 0.5764601769911504 0.3807722772277228 0.6071681415929204
0 0.516138613861386 0.8268141592920355 0.15992079207920792 0.24106194690265487
0 0.036871287128712876 0.7149262536873157 0.03647524752475248 0.06716814159292035
0 0.07550495049504952 0.6565486725663716 0.04502970297029703 0.09436578171091445
0 0.34281188118811884 0.5781710914454278 0.060257425742574255 0.04318584070796461
0 0.32132673267326733 0.5421828908554572 0.03205940594059406 0.0415929203539823
0 0.29556435643564355 0.5709734513274336 0.03421782178217822 0.0415929203539823
0 0.2639009900990099 0.5957522123893806 0.039603960396039604 0.04958702064896755
0 0.1485148514851485 0.5085840707964602 0.04287128712871287 0.06398230088495575
0 0.17051485148514853 0.4598230088495575 0.039623762376237624 0.055988200589970505
0 0.047603960396039605 0.5030088495575221 0.042891089108910894 0.06238938053097345
0 0.10342574257425742 0.42943952802359886 0.030000000000000002 0.055988200589970505
0 0.07497029702970297 0.40943952802359884 0.03108910891089109 0.06716814159292035
0 0.8263762376237623 0.234306784660767 0.04798019801980198 0.052772861356932155
0 0.7898811881188118 0.19911504424778761 0.02221782178217822 0.03359882005899705
0 0.06582178217821782 0.3059587020648967 0.06796039603960397 0.13097345132743363
0 0.16233663366336634 0.32486725663716814 0.17312871287128714 0.1688495575221239
0 0.1994257425742574 0.4087905604719764 0.14154455445544556 0.16268436578171092
0 0.22001980198019802 0.23790560471976402 0.02877227722772277 0.0767551622418879
0 0.23716831683168316 0.1852212389380531 0.0424950495049505 0.06548672566371681
0 0.2849108910891089 0.21386430678466076 0.062396039603960396 0.19235988200589968
0 0.3353861386138614 0.43946902654867254 0.07267326732673268 0.13607669616519175
0 0.28902970297029706 0.506519174041298 0.03217821782178218 0.06345132743362833
0 0.9058613861386138 0.5633038348082596 0.0418019801980198 0.06855457227138642
0 0.9288712871287128 0.5187905604719765 0.04130693069306931 0.07162241887905606
0 0.9487920792079207 0.48091445427728613 0.021881188118811883 0.03887905604719764
0 0.9718019801980198 0.4829793510324483 0.02689108910891089 0.040943952802359886
0 0.9285346534653466 0.43539823008849554 0.02805940594059406 0.04194690265486726
0 0.9226930693069306 0.35353982300884956 0.03423762376237623 0.0624188790560472
0 0.8917821782178218 0.4190265486725664 0.02877227722772277 0.0440117994100295
0 0.8578019801980198 0.43640117994100297 0.03221782178217822 0.0440117994100295