2 0.06871666666666666 0.20611528822055136 0.02998333333333333 0.0343609022556391
2 0.09425 0.26802005012531327 0.0414 0.06418546365914787
2 0.018216666666666666 0.25536340852130324 0.025183333333333332 0.04067669172932331
2 0.29951666666666665 0.2725563909774436 0.04073333333333334 0.06418546365914787
2 0.03205 0.3805764411027569 0.045616666666666666 0.06147869674185464
2 0.022949999999999998 0.41220551378446113 0.045899999999999996 0.05423558897243108
2 0.06 0.40182957393483715 0.034333333333333334 0.05513784461152882
2 0.3975 0.3105263157894737 0.028683333333333335 0.03887218045112782
2 0.3485 0.3783208020050125 0.029299999999999996 0.026215538847117796
2 0.5216166666666667 0.49268170426065167 0.03766666666666667 0.056040100250626564
2 0.5893166666666666 0.2770676691729323 0.03481666666666667 0.05333333333333334
2 0.6323 0.338546365914787 0.03781666666666667 0.04791979949874687
2 0.6467166666666666 0.3981954887218045 0.039 0.05333333333333334
2 0.66385 0.5026065162907268 0.03493333333333334 0.047017543859649125
2 0.7065333333333333 0.4416040100250626 0.03735 0.05694235588972431
2 0.6957166666666666 0.5306265664160401 0.03253333333333333 0.05423558897243108
2 0.8210333333333334 0.5717794486215538 0.028366666666666665 0.04067669172932331
2 0.8084 0.42849624060150376 0.018733333333333334 0.045187969924812034
2 0.5619500000000001 0.5604761904761905 0.0342 0.03977443609022556
2 0.5102666666666668 0.6097243107769423 0.034216666666666666 0.060576441102756895
2 0.6680499999999999 0.7263408521303258 0.03716666666666667 0.062380952380952384
2 0.7816500000000001 0.7394486215538848 0.03233333333333333 0.050626566416040096
2 0.83905 0.7521052631578947 0.029316666666666668 0.045187969924812034
2 0.7909666666666666 0.7670175438596492 0.033183333333333336 0.03162907268170426
2 0.7525 0.8099749373433585 0.039183333333333334 0.05423558897243108
2 0.72815 0.8393483709273183 0.03738333333333333 0.062380952380952384
2 0.7957666666666666 0.8840852130325815 0.0368 0.05784461152882205
2 0.7684166666666666 0.9143859649122806 0.03835 0.060576441102756895
2 0.8706 0.9609273182957394 0.032299999999999995 0.041578947368421056
2 0.6346833333333334 0.8709774436090225 0.031933333333333334 0.04791979949874687
2 0.6184499999999999 0.8330325814536341 0.03658333333333333 0.05513784461152882
2 0.6208666666666667 0.7792230576441104 0.03298333333333333 0.047017543859649125
2 0.5171833333333333 0.7900751879699248 0.034916666666666665 0.048822055137844614
2 0.4673 0.8289473684210527 0.0361 0.05784461152882205
2 0.3172666666666667 0.7426315789473684 0.047599999999999996 0.06959899749373434
2 0.09066666666666666 0.6305263157894737 0.04513333333333333 0.06779448621553885
2 0.05878333333333334 0.6345864661654135 0.034183333333333336 0.06869674185463659
2 0.04225 0.8606015037593985 0.03238333333333333 0.05423558897243108