2 0.047409999999999994 0.02890554722638681 0.03764 0.05781109445277362
2 0.15150999999999998 0.03661169415292354 0.053880000000000004 0.0732383808095952
2 0.27232999999999996 0.04433283358320839 0.0487 0.07065967016491755
2 0.23549 0.11049475262368816 0.05754 0.0847976011994003
2 0.17166 0.09700149925037482 0.046369999999999995 0.07065967016491755
2 0.18280000000000002 0.15418290854572714 0.04466 0.06938530734632684
2 0.19651 0.20364317841079463 0.046380000000000005 0.05524737631184408
2 0.22007 0.3070764617691154 0.04382 0.06167916041979011
2 0.14981 0.3308545727136432 0.04208 0.06553223388305847
2 0.18151 0.4342728635682159 0.04381 0.06167916041979011
2 0.06969 0.44455772113943026 0.03605 0.05653673163418291
2 0.02128 0.42400299850074963 0.04032 0.07452773613193403
2 0.060270000000000004 0.5467016491754123 0.046329999999999996 0.06553223388305847
2 0.0083 0.49466266866566716 0.01659 0.07194902548725637
2 0.019440000000000002 0.6083808095952025 0.038869999999999995 0.07580209895052474
2 0.09926 0.6494902548725637 0.03349 0.050104947526236884
2 0.11297 0.5820389805097451 0.04207 0.04110944527736132
2 0.23206 0.47925037481259375 0.03012 0.035982008995502246
2 0.24534999999999998 0.632143928035982 0.03612 0.05653673163418291
2 0.37559 0.49338830584707644 0.06359000000000001 0.0847976011994003
2 0.44756 0.4355622188905547 0.05504 0.07709145427286357
2 0.5358200000000001 0.374527736131934 0.06879 0.09122938530734633
2 0.5280900000000001 0.23383808095952024 0.03746 0.05653673163418291
2 0.54823 0.1760269865067466 0.055450000000000006 0.07709145427286357
2 0.59836 0.13427286356821588 0.03454 0.05524737631184408
2 0.00864 0.715367316341829 0.01728 0.06290854572713643
2 0.63585 0.7287556221889055 0.08913 0.15391304347826087
2 0.7496499999999999 0.7053223388305847 0.09355 0.1472263868065967
2 0.68092 0.9060869565217392 0.10428 0.16863568215892055
2 0.95588 0.5855472263868066 0.08823 0.1565967016491754
2 0.85274 0.3513193403298351 0.10511 0.13250374812593702
2 0.98254 0.22083958020989508 0.03492 0.12313343328335831