2 0.144725 0.8162133333333333 0.0288375 0.034383333333333335
2 0.0690325 0.37816333333333335 0.032967500000000004 0.04085333333333333
2 0.11681 0.4425133333333333 0.022705 0.028753333333333336
2 0.2727075 0.23433333333333334 0.0258775 0.032446666666666665
2 0.3424975 0.25979 0.030637499999999998 0.04274333333333333
2 0.34018 0.45648 0.031760000000000004 0.03851333333333334
2 0.4770975 0.41960333333333333 0.029835 0.03744666666666667
2 0.3975425 0.41661666666666664 0.027842500000000003 0.03468
2 0.40824 0.5883566666666666 0.0356075 0.046816666666666666
2 0.5920425 0.35117666666666664 0.03286 0.04274333333333333
2 0.5793425 0.30789 0.0291025 0.033126666666666665
2 0.5135925 0.29445666666666664 0.0238325 0.030843333333333334
2 0.50768 0.17134333333333332 0.0260675 0.03472666666666667
2 0.5464375 0.03135333333333334 0.025825 0.03585
2 0.33246 0.10055666666666667 0.014942500000000001 0.023553333333333332
2 0.6559125 0.7519033333333334 0.03188 0.04399333333333333
2 0.6657875 0.85415 0.032740000000000005 0.04097
1 0.8354475 0.7131633333333333 0.03489 0.042713333333333325
1 0.987895 0.4797833333333333 0.024210000000000002 0.026023333333333332
2 0.9746849999999999 0.29062333333333334 0.02957 0.03346
2 0.903985 0.17048666666666665 0.0289325 0.03426666666666667
2 0.98133 0.12100999999999999 0.0276325 0.03026
2 0.5976675 0.43293333333333334 0.0314525 0.04399
2 0.622865 0.42728999999999995 0.0269 0.03563
2 0.628695 0.40142 0.0285075 0.03429666666666667
2 0.6298374999999999 0.5520266666666667 0.024542500000000002 0.033843333333333336
2 0.6528200000000001 0.56483 0.0282425 0.03721666666666667
2 0.386045 0.51161 0.0255425 0.03134666666666667