2 0.44096 0.5348025 0.06490333333333334 0.046795
2 0.5392333333333333 0.5602575000000001 0.07145 0.0527025
2 0.9383900000000001 0.3994075 0.10976333333333334 0.083505
2 0.7010766666666667 0.477815 0.041800000000000004 0.04032
2 0.7323633333333334 0.466625 0.03896 0.039564999999999996
2 0.29828666666666664 0.8737174999999999 0.05622333333333333 0.062119999999999995
2 0.3594966666666667 0.8669 0.08135666666666666 0.0515125
2 0.3692066666666666 0.82798 0.04472666666666667 0.033145
2 0.47967666666666664 0.6519025 0.039003333333333334 0.028495
2 0.4551266666666667 0.6343475 0.03657 0.022699999999999998
2 0.2771466666666667 0.613155 0.04394 0.030995
2 0.16387333333333334 0.36566000000000004 0.06739333333333333 0.051005
2 0.21993333333333331 0.3727625 0.05382 0.0472875
2 0.15955333333333335 0.29634249999999995 0.04875333333333333 0.0373725
2 0.17046333333333333 0.2592425 0.05724333333333333 0.034305
2 0.5685533333333334 0.4478725 0.040093333333333335 0.022934999999999997
2 0.5838599999999999 0.43071499999999996 0.030699999999999998 0.0186175
2 0.5559766666666667 0.4711675 0.034936666666666664 0.019524999999999997
2 0.5791266666666667 0.381955 0.029296666666666665 0.020995
2 0.6736366666666667 0.4115925 0.031193333333333333 0.019802499999999997
2 0.6066866666666666 0.38739999999999997 0.02813 0.0204775
2 0.5156733333333333 0.37575749999999997 0.0317 0.01887
2 0.59148 0.6843400000000001 0.022486666666666665 0.014365000000000001
2 0.6238166666666667 0.69229 0.02497 0.01569
2 0.59201 0.7110725 0.01966 0.013900000000000001
2 0.5670066666666667 0.774215 0.02018 0.014825
2 0.46208666666666665 0.6763224999999999 0.033843333333333336 0.0303975
2 0.6547866666666666 0.637995 0.026656666666666665 0.02225
2 0.6417533333333333 0.6652250000000001 0.029746666666666664 0.01549