1 0.8179166666666666 0.73 0.030833333333333334 0.0425
1 0.4220833333333333 0.585625 0.04083333333333333 0.06625
1 0.5629166666666666 0.48125 0.04583333333333333 0.0825
1 0.5525 0.636875 0.03333333333333333 0.05125
1 0.94125 0.675 0.0425 0.07
1 0.29041666666666666 0.820625 0.030833333333333334 0.04625
1 0.5958333333333333 0.673125 0.03833333333333333 0.05125
1 0.6258333333333334 0.754375 0.03666666666666667 0.05625
1 0.8241666666666667 0.370625 0.03666666666666667 0.05375
1 0.8441666666666666 0.075 0.04 0.065
1 0.23416666666666666 0.2975 0.02666666666666667 0.04
1 0.25125 0.309375 0.015833333333333335 0.02375
1 0.5070833333333333 0.798125 0.025833333333333333 0.04625
1 0.5654166666666667 0.780625 0.0225 0.03875
1 0.83375 0.2525 0.034166666666666665 0.0525
1 0.8204166666666667 0.289375 0.0325 0.03125
1 0.6279166666666667 0.568125 0.034166666666666665 0.06875
1 0.48 0.50625 0.03833333333333333 0.065
1 0.45458333333333334 0.405 0.030833333333333334 0.0425
1 0.27541666666666664 0.10125 0.0175 0.025
1 0.24791666666666667 0.033125 0.020833333333333332 0.02375
1 0.3745833333333333 0.133125 0.019166666666666665 0.02875
1 0.3422033333333333 0.14472749999999998 0.01593 0.0252475
1 0.26661 0.11993000000000001 0.016831666666666665 0.019837499999999997