2 0.4239125 0.60174 0.06859749999999999 0.04528333333333333
2 0.8403125 0.9565766666666666 0.07377249999999999 0.052815
2 0.66396 0.92857 0.0613825 0.04679666666666666
2 0.931925 0.31745666666666666 0.0482825 0.03779833333333333
2 0.6096125 0.4585633333333334 0.034570000000000004 0.027943333333333334
2 0.4581375 0.362765 0.031775 0.022015
2 0.4381375 0.9720716666666667 0.0582275 0.048038333333333336
2 0.61423 0.8984566666666667 0.0516 0.04708833333333333
2 0.481115 0.3887866666666666 0.0296625 0.020926666666666666
2 0.8160075 0.4305916666666667 0.0462875 0.034896666666666666
2 0.472185 0.723265 0.037645000000000005 0.03804333333333333
2 0.585295 0.5550266666666667 0.033115 0.019266666666666665
2 0.11044499999999999 0.4729416666666667 0.020390000000000002 0.015248333333333332
2 0.42426749999999996 0.31133833333333333 0.0238525 0.018101666666666665
2 0.42075 0.3545566666666667 0.026595 0.02361
2 0.0119375 0.45214499999999996 0.023862500000000002 0.019113333333333333
2 0.66803 0.34901 0.03083 0.022905000000000002
2 0.8959375 0.33305666666666667 0.04076 0.02344
2 0.1146625 0.411345 0.014884999999999999 0.008881666666666666
2 0.32135250000000004 0.3701933333333333 0.017775 0.012094999999999998