2 0.8940689655172415 0.22381666666666666 0.20282758620689656 0.1381
2 0.8628965517241379 0.37143333333333334 0.20101149425287357 0.13333333333333333
2 0.8415632183908046 0.6845166666666667 0.21742528735632183 0.14523333333333333
2 0.12572413793103449 0.18451666666666666 0.17029885057471264 0.12618333333333331
2 0.28337931034482755 0.13571666666666668 0.17781609195402298 0.12381666666666667
2 0.4459080459770115 0.3416666666666667 0.20742528735632185 0.15951666666666667
2 0.5000689655172413 0.5178499999999999 0.15820689655172412 0.15476666666666666
2 0.25871264367816094 0.6107166666666667 0.19979310344827586 0.15476666666666666
2 0.43112643678160917 0.6642833333333333 0.20413793103448274 0.14761666666666665
2 0.24560919540229886 0.7392833333333333 0.21393103448275863 0.13094999999999998
2 0.20291954022988504 0.8464333333333334 0.18763218390804598 0.1119
2 0.08760919540229885 0.49405 0.17524137931034484 0.14523333333333333