2 0.43385 0.3176933333333333 0.026914999999999998 0.039656666666666666
2 0.1453525 0.50822 0.0261825 0.028839999999999998
2 0.1517125 0.35359 0.0158 0.020756666666666666
2 0.26236750000000003 0.4603466666666667 0.0279125 0.03747333333333333
2 0.230335 0.56574 0.0254525 0.02580333333333333
2 0.20443 0.5971266666666667 0.02241 0.025256666666666667
2 0.523355 0.3985066666666667 0.02881 0.03358666666666667
2 0.58739 0.4550166666666666 0.0349575 0.03879666666666667
2 0.67243 0.39232333333333336 0.031775 0.03662
2 0.7743325 0.3761833333333333 0.02638 0.030010000000000002
2 0.7240375 0.44794 0.0207625 0.028063333333333332
2 0.7921 0.47485 0.0246925 0.02713
2 0.80674 0.49733 0.0255975 0.02716333333333333
2 0.6509874999999999 0.5519733333333333 0.03381 0.039336666666666666
2 0.6746175 0.73088 0.029732500000000002 0.03778666666666667
2 0.5613075 0.7527033333333334 0.02643 0.028366666666666665
2 0.6864574999999999 0.7567866666666667 0.031295 0.02336
2 0.81074 0.5566033333333333 0.019622499999999998 0.02635
2 0.9243125 0.45066333333333336 0.0247325 0.02666333333333333
2 0.98412 0.5679566666666667 0.028835 0.028526666666666665
2 0.8210525 0.87952 0.022394999999999998 0.029536666666666666
1 0.9368725 0.8450233333333333 0.024182500000000003 0.03164
2 0.9481775 0.8256566666666666 0.019842500000000002 0.023706666666666668
2 0.55921 0.9903233333333332 0.0286475 0.01935
2 0.28276 0.83425 0.03276 0.035763333333333334
2 0.3220575 0.9089233333333333 0.0253625 0.031093333333333334
2 0.23062749999999999 0.9532600000000001 0.027317499999999998 0.034203333333333336
1 0.244335 0.9829333333333334 0.0222725 0.03137
2 0.22689250000000002 0.8201333333333334 0.02195 0.029773333333333332
2 0.2576125 0.82414 0.023535 0.03265
2 0.2201525 0.64034 0.0179225 0.01757
2 0.0872675 0.5676933333333333 0.015255000000000001 0.02286
2 0.5101575 0.5987866666666666 0.0229175 0.024310000000000002
2 0.5667325 0.24427333333333334 0.0204325 0.02068
2 0.30357999999999996 0.45910666666666666 0.0206 0.02771