2 0.5370833333333334 0.194525 0.04104666666666667 0.032927500000000005
2 0.5793033333333334 0.1761925 0.03269333333333333 0.027067499999999998
2 0.5816899999999999 0.30761 0.03898666666666666 0.02976
2 0.70725 0.2945925 0.04518 0.0288275
2 0.71541 0.4386625 0.03716 0.02488
2 0.5022266666666667 0.5136825 0.032189999999999996 0.0220325
2 0.4716933333333333 0.5737899999999999 0.03653666666666667 0.03043
2 0.44834999999999997 0.5694075000000001 0.027883333333333336 0.031935
2 0.41836999999999996 0.5784325 0.03942333333333333 0.029445
2 0.5161966666666666 0.699035 0.03883333333333333 0.0299075
2 0.2858233333333333 0.6276475 0.03751666666666666 0.0274725
2 0.21621333333333334 0.5607475 0.024560000000000002 0.0191775
2 0.048363333333333335 0.5929 0.029626666666666666 0.026435
2 0.8740300000000001 0.736585 0.02276 0.0182925
2 0.9751333333333334 0.1934775 0.020803333333333333 0.019877500000000003
2 0.22690000000000002 0.7827274999999999 0.03393333333333333 0.027072500000000003
2 0.36122333333333334 0.7805700000000001 0.02946 0.0246175
2 0.37748000000000004 0.8636875 0.04210666666666667 0.0259675
2 0.35642666666666667 0.8922125 0.03228 0.0281675
2 0.33655999999999997 0.8850175 0.035883333333333337 0.0307075
2 0.14698666666666665 0.9338125 0.03797333333333333 0.0312975
2 0.17040666666666668 0.7630475 0.02274 0.0156475
2 0.05216666666666667 0.7661375 0.02214 0.016239999999999997