2 0.136125 0.5116333333333334 0.0444875 0.056183333333333335
2 0.02929 0.8517766666666666 0.030815000000000002 0.036469999999999995
2 0.28108999999999995 0.94276 0.0319175 0.04843666666666667
2 0.8573725 0.4699666666666667 0.031982500000000004 0.039516666666666665
2 0.8798775000000001 0.5842066666666667 0.027897500000000002 0.03527
2 0.9009775 0.6062733333333333 0.0258025 0.0337
2 0.8435549999999999 0.10516 0.033095 0.04759666666666666
1 0.8986900000000001 0.10333666666666666 0.03871 0.04212333333333333
1 0.7187025 0.1996966666666667 0.021965 0.02443666666666667
1 0.49393 0.3366433333333333 0.038939999999999995 0.053726666666666666
1 0.5822625 0.3665 0.0183425 0.022699999999999998
1 0.39914 0.4001266666666667 0.02788 0.036033333333333334
1 0.373 0.4247533333333333 0.020965 0.02742666666666667
1 0.203695 0.2912166666666667 0.0463025 0.060186666666666666
2 0.5043650000000001 0.23046666666666665 0.0328125 0.04114333333333334
2 0.423285 0.4174833333333334 0.0297225 0.035693333333333334