2 0.45627450980392154 0.03862745098039216 0.2075735294117647 0.07723856209150327
2 0.3861029411764706 0.16488562091503267 0.21424019607843137 0.14557189542483662
2 0.29362745098039217 0.25846405228758174 0.14517156862745098 0.1128921568627451
2 0.35823529411764704 0.2933823529411765 0.16745098039215683 0.12923202614379087
2 0.17333333333333334 0.3230882352941176 0.20306372549019605 0.14408496732026144
2 0.40058823529411763 0.6275980392156862 0.1942156862745098 0.1351797385620915
2 0.2691421568627451 0.6684477124183006 0.18526960784313726 0.13071895424836602
2 0.4429166666666667 0.7249019607843137 0.18085784313725492 0.10694444444444445
2 0.6055392156862746 0.681813725490196 0.17642156862745098 0.11586601307189542
2 0.6790686274509804 0.7375163398692811 0.16308823529411767 0.1084313725490196
2 0.6768382352941176 0.6253758169934641 0.15862745098039216 0.09803921568627451
2 0.4751960784313725 0.5451633986928104 0.17784313725490197 0.11586601307189542
2 0.604436274509804 0.4307843137254902 0.16975490196078433 0.11586601307189542
2 0.6979901960784313 0.3587418300653595 0.15193627450980393 0.07872549019607843
2 0.7336519607843137 0.28297385620915033 0.10740196078431373 0.054967320261437906
2 0.5186519607843137 0.7709477124183006 0.15857843137254904 0.06833333333333333