1 0.504375 0.11497333333333334 0.023872499999999998 0.02945666666666667
1 0.30786250000000004 0.15227 0.040619999999999996 0.04418333333333334
1 0.3431375 0.17887333333333333 0.037770000000000005 0.039433333333333334
1 0.395875 0.16747 0.0434725 0.04228333333333333
1 0.31320749999999997 0.25061333333333335 0.0427575 0.04703333333333333
1 0.4783625 0.38411666666666666 0.038840000000000006 0.04703333333333333
1 0.6107374999999999 0.34919666666666666 0.0413325 0.05131
1 0.2729425 0.60551 0.0292175 0.035633333333333336
1 0.30358749999999995 0.5028900000000001 0.033495 0.04513333333333334
1 0.3292425 0.6021833333333333 0.0384825 0.04703333333333333
1 0.3256775 0.6644233333333334 0.0313575 0.04133333333333333
1 0.2187825 0.7473266666666667 0.0413325 0.05036
1 0.2943225 0.8124166666666667 0.0413325 0.05036
1 0.353115 0.7390133333333333 0.033495 0.04418333333333334
1 0.34688 0.8753666666666666 0.023872499999999998 0.029930000000000002
1 0.5428575 0.8036266666666667 0.03385 0.05083666666666666
1 0.6453 0.86919 0.046322499999999996 0.05748666666666667
1 0.63461 0.8986466666666667 0.0384825 0.04228333333333333
1 0.5724325 0.9656333333333333 0.044539999999999996 0.05463666666666667
1 0.65011 0.97581 0.04169 0.04837999999999999
1 0.5323450000000001 0.4910133333333333 0.0342075 0.04228333333333333
1 0.54161 0.14799333333333334 0.022805 0.03468333333333333
1 0.8699600000000001 0.41214666666666666 0.039552500000000004 0.04133333333333333
1 0.8587374999999999 0.4435033333333333 0.02993 0.035633333333333336
1 0.7657375 0.64447 0.017815 0.024229999999999998
1 0.753445 0.68604 0.035275 0.04181
1 0.86907 0.6121633333333333 0.02993 0.040383333333333334
1 0.8557075 0.8368833333333333 0.035275 0.03753333333333333
1 0.7233350000000001 0.8900933333333334 0.02993 0.03753333333333333
1 0.907375 0.6658466666666667 0.0260125 0.03373333333333334
1 0.9346325000000001 0.66965 0.0327825 0.036583333333333336
1 0.9672375 0.4625066666666667 0.02316 0.032780000000000004
1 0.9808574999999999 0.3579866666666667 0.038285 0.04798333333333333
1 0.883145 0.2503766666666667 0.028149999999999998 0.031356666666666665