0 0.14905833333333335 0.1702346368715084 0.12820833333333334 0.18868156424581006
0 0.15246666666666667 0.3201340782122905 0.104075 0.11817877094972067
0 0.19656666666666667 0.44006703910614525 0.12915833333333335 0.1623128491620112
0 0.063175 0.16689385474860335 0.09215833333333334 0.10538547486033518
0 0.17774166666666666 0.09281564245810055 0.13795 0.1838882681564246
0 0.31984999999999997 0.286391061452514 0.05073333333333334 0.09858100558659218
0 0.3023666666666667 0.36287150837988824 0.046733333333333335 0.04721787709497206
0 0.38689166666666663 0.43215642458100556 0.12231666666666667 0.14940782122905027
0 0.36108333333333337 0.321877094972067 0.03320833333333333 0.05955307262569832
0 0.4991333333333334 0.370268156424581 0.06883333333333333 0.05564245810055866
0 0.519325 0.3410279329608939 0.07825833333333333 0.07058100558659218
0 0.570625 0.2620893854748603 0.13800833333333334 0.16169832402234638
0 0.604875 0.3879664804469274 0.08635833333333333 0.08135195530726257
0 0.49778333333333336 0.17335195530726258 0.10185 0.08957541899441342
0 0.5723583333333334 0.15491620111731844 0.041466666666666666 0.09740782122905028
0 0.592325 0.10100558659217877 0.059975 0.09493854748603352
0 0.6542250000000001 0.1594860335195531 0.08765 0.1584245810055866
0 0.8102 0.13061452513966482 0.052858333333333334 0.06474860335195531
0 0.7693916666666667 0.06386592178770949 0.05220833333333333 0.09086033519553072
0 0.89645 0.07545251396648045 0.1413 0.1509050279329609
0 0.8351416666666667 0.03475977653631285 0.05275833333333334 0.06778770949720671
0 0.8448333333333333 0.7019329608938548 0.0507 0.07729608938547487
0 0.8489916666666666 0.7713631284916201 0.052875000000000005 0.09349720670391062
0 0.9313666666666668 0.6020893854748604 0.08329166666666667 0.12023463687150839
0 0.16820833333333332 0.572413407821229 0.12873333333333334 0.10193296089385476
0 0.34073333333333333 0.5158212290502794 0.040825 0.05550837988826816
2 0.7102 0.6815754189944134 0.4236 0.5662346368715083