2 0.53053 0.09333333333333334 0.15561000000000003 0.09066666666666667
2 0.60353 0.15333333333333332 0.12237 0.128
2 0.29655000000000004 0.5646666666666667 0.16766999999999999 0.05733333333333333
2 0.5875199999999999 0.4886666666666667 0.1616 0.084
2 0.8294900000000001 0.32666666666666666 0.15353999999999998 0.096
2 0.86149 0.424 0.15353999999999998 0.09066666666666667
2 0.94013 0.476 0.11973 0.08533333333333333
2 0.38954 0.6693333333333333 0.18564 0.112
2 0.29255000000000003 0.7293333333333333 0.19566999999999998 0.12
2 0.86349 0.77 0.16953000000000001 0.09466666666666666
2 0.51954 0.634 0.11034999999999999 0.04666666666666667