2 0.3764274691358025 0.8861400462962963 0.07122106481481481 0.10850694444444445
2 0.2925270061728395 0.6387442129629629 0.04809606481481482 0.0853587962962963
2 0.2785435956790123 0.5070891203703703 0.04327739197530864 0.07667824074074074
2 0.2819193672839506 0.5635127314814815 0.04038194444444444 0.03616898148148148
2 0.2862654320987654 0.3797743055555556 0.05702160493827161 0.08246527777777778
2 0.2804706790123457 0.27416087962962965 0.056778549382716044 0.05931712962962963
2 0.23418016975308642 0.37037037037037035 0.052932098765432097 0.08101851851851852
2 0.25202739197530866 0.4188368055555556 0.03869020061728395 0.06799768518518519
2 0.19127314814814814 0.8174189814814815 0.07146604938271606 0.06365740740740741
2 0.20766782407407405 0.8825231481481481 0.06375385802469136 0.08391203703703703
2 0.06010802469135803 0.9223090277777778 0.05779513888888889 0.06799768518518519
2 0.019463734567901236 0.5331307870370371 0.03892746913580247 0.07957175925925926
2 0.016087962962962964 0.1931423611111111 0.03217592592592593 0.10271990740740741
2 0.14756944444444445 0.7465277777777778 0.06365740740740741 0.06365740740740741