2 0.19882 0.6868533333333333 0.01337 0.014693333333333333
2 0.35392 0.8376533333333334 0.009439999999999999 0.017853333333333336
2 0.36288 0.8429733333333334 0.01225 0.013533333333333333
2 0.37141 0.79416 0.01117 0.01728
2 0.6708999999999999 0.5613733333333333 0.011699999999999999 0.02076
2 0.6210399999999999 0.6242133333333334 0.009609999999999999 0.014026666666666666
2 0.42158999999999996 0.5812933333333333 0.01302 0.013466666666666667
2 0.44894 0.5815733333333334 0.00965 0.012906666666666667
2 0.6023099999999999 0.7027733333333334 0.014240000000000001 0.016266666666666665
2 0.37110000000000004 0.7945066666666667 0.013869999999999999 0.014586666666666666
2 0.35364 0.8365866666666667 0.00925 0.015706666666666667
2 0.36394 0.84332 0.01303 0.0202
2 0.4805 0.7532666666666668 0.00711 0.012906666666666667
2 0.60189 0.8292933333333333 0.01087 0.01908
2 0.67111 0.8685733333333333 0.01464 0.015706666666666667
2 0.6694199999999999 0.6214133333333334 0.00791 0.014026666666666666
2 0.66269 0.5787733333333334 0.0096 0.010666666666666666
2 0.71949 0.6637733333333333 0.01632 0.022439999999999998
2 0.81038 0.6194533333333333 0.01377 0.016826666666666667
2 0.85078 0.5711866666666666 0.009550000000000001 0.013466666666666667
2 0.85057 0.5835333333333333 0.009970000000000001 0.013466666666666667
1 0.62082 0.8949466666666667 0.01253 0.012346666666666667
1 0.6666799999999999 0.9611466666666667 0.01252 0.014586666666666666
1 0.6645800000000001 0.9863999999999999 0.00747 0.012346666666666667