2 0.4744933333333333 0.42579500000000003 0.028976666666666668 0.02376
2 0.9232633333333333 0.5873550000000001 0.02022 0.0164025
2 0.92948 0.492265 0.028076666666666666 0.018945
2 0.4983866666666667 0.394825 0.032459999999999996 0.024454999999999998
2 0.44702666666666663 0.4135125 0.02923 0.02607
2 0.82418 0.2430025 0.023819999999999997 0.019192499999999998
2 0.94075 0.244035 0.025223333333333334 0.01757
2 0.8524133333333332 0.42173 0.02098 0.015557499999999998
2 0.7230566666666667 0.2928025 0.021293333333333334 0.020315
2 0.7915466666666666 0.9900650000000001 0.02930333333333333 0.019170000000000003
2 0.8034733333333334 0.25641 0.021526666666666666 0.0226875
2 0.8482433333333333 0.257955 0.01899 0.01712
2 0.74736 0.304145 0.022086666666666668 0.017915
2 0.8752800000000001 0.3322375 0.024003333333333335 0.017777499999999998
2 0.5017666666666667 0.3117 0.021699999999999997 0.020372499999999998
2 0.6836866666666667 0.5541675 0.01849 0.0140675
2 0.6927466666666666 0.529 0.02034 0.0144525
2 0.5947566666666667 0.98876 0.02543 0.0198875
2 0.75925 0.0742 0.022156666666666665 0.016177499999999997
2 0.8912866666666667 0.2415 0.021293333333333334 0.0151675
2 0.9126666666666666 0.44754 0.02292333333333333 0.017475
2 0.7519066666666666 0.5566025 0.014736666666666667 0.0140625
2 0.7363366666666668 0.35777499999999995 0.018366666666666667 0.0141
2 0.8493099999999999 0.222465 0.018266666666666667 0.0150525
2 0.4349166666666667 0.35058 0.026103333333333333 0.0207475
2 0.03654333333333333 0.8872725 0.01848 0.016247499999999998
2 0.43828666666666666 0.2943225 0.02374 0.017995
2 0.8348333333333333 0.270635 0.022586666666666668 0.017915
2 0.6301233333333333 0.24087999999999998 0.011966666666666665 0.0107775
2 0.9194566666666666 0.99003 0.02383666666666667 0.016395
2 0.75005 0.40186 0.017263333333333332 0.0140475
2 0.7638733333333333 0.1048225 0.016326666666666666 0.013535
2 0.64033 0.458365 0.01069 0.009647500000000002
2 0.6820866666666666 0.1649025 0.018243333333333334 0.013859999999999999
2 0.7239 0.07066 0.014543333333333333 0.0143925
2 0.9902233333333333 0.396685 0.015719999999999998 0.014375
2 0.40879 0.35384750000000004 0.024426666666666666 0.023405000000000002
2 0.7819766666666667 0.466715 0.017453333333333335 0.01323
2 0.52887 0.4754225 0.024056666666666667 0.018495
2 0.38272 0.91612 0.022506666666666664 0.0155075
2 0.44832333333333335 0.5628675 0.02597 0.018607500000000003
2 0.7826066666666667 0.057715 0.015576666666666666 0.0145425
2 0.44432333333333335 0.461185 0.019966666666666667 0.0149325
2 0.16801666666666668 0.40793 0.013046666666666666 0.0092025
2 0.7163366666666667 0.4105675 0.015036666666666667 0.0107475
2 0.20736333333333334 0.9347075 0.019363333333333333 0.0146125
2 0.7433166666666666 0.4759125 0.016936666666666666 0.012012499999999999
2 0.68086 0.44148000000000004 0.014653333333333334 0.0125625
2 0.7382933333333334 0.052675 0.016506666666666666 0.0152475
2 0.9578433333333334 0.39542 0.02025333333333333 0.015282500000000001
2 0.4530333333333333 0.35764 0.017523333333333332 0.01765
2 0.47051666666666664 0.3535925 0.02136 0.0166275
2 0.44186333333333333 0.311355 0.018913333333333334 0.0143275
2 0.3710466666666667 0.28808249999999996 0.012526666666666667 0.010154999999999999
2 0.3708533333333333 0.257885 0.013853333333333334 0.00968
2 0.33309666666666665 0.2931525 0.011383333333333332 0.00874
2 0.8630399999999999 0.2615725 0.016146666666666667 0.01734
2 0.45582666666666666 0.45859249999999996 0.019366666666666667 0.0103975
2 0.46721 0.4481775 0.02467 0.0193975
2 0.43898000000000004 0.4368825 0.02205333333333333 0.0197275
2 0.43102666666666667 0.4452625 0.027003333333333334 0.017204999999999998
2 0.4219966666666667 0.4252925 0.02689 0.02165
2 0.42044 0.4568275 0.02572 0.0181425
2 0.4124333333333333 0.4339975 0.01795 0.0168725
2 0.40327999999999997 0.407995 0.010320000000000001 0.012525
2 0.37832 0.38189999999999996 0.01667 0.01418
2 0.39858 0.3704625 0.013043333333333334 0.010585
2 0.43606 0.39252499999999996 0.01961 0.011779999999999999
2 0.43597 0.2715825 0.017756666666666667 0.0144625
2 0.48635999999999996 0.25061 0.016363333333333334 0.010494999999999999
2 0.6466066666666667 0.2106525 0.017026666666666666 0.0125425
2 0.6810133333333334 0.14675 0.019206666666666667 0.014
2 0.67411 0.12317 0.017836666666666667 0.0141475
2 0.67241 0.1074275 0.019766666666666665 0.0139825
2 0.6629933333333333 0.088875 0.020483333333333333 0.0161925
2 0.6093466666666667 0.116925 0.017133333333333334 0.012985
2 0.6208966666666667 0.136995 0.018023333333333332 0.015815
2 0.6176166666666666 0.1282875 0.016263333333333335 0.009725
2 0.7881066666666667 0.0681725 0.02069666666666667 0.016094999999999998
2 0.7619666666666667 0.239705 0.010533333333333334 0.0133425
2 0.7367466666666665 0.253945 0.01251 0.0098375
2 0.69643 0.2375525 0.016276666666666665 0.011035
2 0.7306266666666668 0.41916000000000003 0.009083333333333334 0.0096
2 0.7329133333333333 0.4272825 0.011956666666666666 0.008060000000000001
2 0.7239766666666666 0.4215275 0.006696666666666667 0.00722
2 0.7137966666666666 0.42687 0.012419999999999999 0.0083
2 0.7235066666666666 0.4297225 0.007526666666666666 0.006625
2 0.60132 0.43227499999999996 0.014673333333333335 0.011997500000000001
2 0.6486633333333334 0.418365 0.008333333333333333 0.007657499999999999
2 0.6594666666666666 0.41448 0.007640000000000001 0.007
2 0.6462333333333333 0.395785 0.010583333333333333 0.0073225
2 0.6638466666666667 0.4067725 0.008813333333333334 0.0065274999999999994
2 0.7173466666666667 0.3973675 0.015253333333333332 0.0090625
2 0.18622333333333332 0.4353725 0.01423 0.0100175
2 0.14324333333333333 0.46802 0.01291 0.0074325