2 0.5774 0.6048825000000001 0.03389333333333334 0.054332500000000006
2 0.275245 0.9825425 0.023763333333333334 0.034515000000000004
2 0.4592716666666667 0.5130175 0.023569999999999997 0.0405625
2 0.3033883333333333 0.9510225 0.030673333333333334 0.047505000000000006
2 0.9320883333333333 0.090135 0.0445 0.0515725
2 0.5003666666666666 0.46059249999999996 0.035513333333333334 0.0447225
2 0.32645833333333335 0.8657675 0.03539666666666667 0.0539125
2 0.10307 0.153275 0.03468333333333333 0.033780000000000004
2 0.10251833333333334 0.3225075 0.034618333333333334 0.0344175
2 0.599525 0.23933500000000002 0.028763333333333335 0.0491775
2 0.83646 0.972 0.04251666666666667 0.055997500000000006
2 0.8133999999999999 0.8962275 0.03874166666666667 0.0560725
2 0.5361366666666667 0.5431875 0.03522666666666667 0.038807499999999995
2 0.2499783333333333 0.6229175 0.019996666666666666 0.028555
2 0.386855 0.5257425 0.027158333333333333 0.035745
2 0.48777 0.53179 0.03069166666666667 0.03796
2 0.805385 0.7495925 0.03304833333333333 0.040235
2 0.871785 0.7485875 0.06471 0.077515
1 0.8888133333333333 0.28440750000000004 0.024576666666666667 0.03707
2 0.12298833333333332 0.4394175 0.026993333333333334 0.030907499999999997
2 0.76178 0.068355 0.027873333333333333 0.039972499999999994
2 0.013035 0.8993049999999999 0.026071666666666667 0.0289875
2 0.9163183333333333 0.291845 0.02719 0.0309325
2 0.44146833333333335 0.3998775 0.026501666666666666 0.030967500000000002
1 0.35291 0.3303125 0.017253333333333332 0.0215225
1 0.9525133333333333 0.5204975 0.036005 0.041945
2 0.8988966666666667 0.0464 0.033765 0.033537500000000005
2 0.148785 0.8155275000000001 0.026503333333333334 0.0307375
2 0.7667516666666667 0.5393775000000001 0.0308 0.04077
2 0.533125 0.185995 0.028376666666666665 0.04622
2 0.35773499999999997 0.43315750000000003 0.021241666666666666 0.0249725
2 0.9794816666666667 0.31204000000000004 0.025133333333333334 0.026762499999999998
2 0.9846 0.1287175 0.030801666666666668 0.029305
2 0.85361 0.5048825 0.03276833333333334 0.040600000000000004
2 0.508525 0.7664675 0.014391666666666665 0.031685
2 0.9904883333333334 0.44273250000000003 0.017286666666666665 0.02451
2 0.4186783333333334 0.6476625 0.010676666666666668 0.0164425
2 0.578155 0.27958 0.01796 0.024829999999999998
2 0.20173666666666668 0.7442925 0.012513333333333333 0.0182375
2 0.49840166666666663 0.245585 0.019656666666666666 0.028640000000000002
2 0.37868666666666667 0.3869875 0.013003333333333332 0.0202925
2 0.4299216666666667 0.636015 0.008578333333333334 0.013054999999999999
2 0.20433333333333334 0.7943375 0.018741666666666667 0.023782499999999998
2 0.267895 0.54868 0.00943 0.0156075
2 0.37127666666666664 0.5952925 0.011546666666666667 0.016002500000000003
2 0.8576216666666666 0.4358025 0.020896666666666668 0.018865
2 0.881355 0.4649375 0.02352833333333333 0.02856
2 0.9170100000000001 0.47057 0.026338333333333335 0.02862
2 0.9849883333333334 0.7730874999999999 0.030021666666666665 0.036555