2 0.23806666666666668 0.0175525 0.034375 0.0351075
2 0.27098 0.14837999999999998 0.022673333333333334 0.040042499999999995
2 0.41049166666666664 0.06911750000000001 0.04132333333333333 0.0669225
1 0.20899500000000001 0.32885000000000003 0.020845 0.027975
1 0.34978666666666663 0.4188125 0.02889 0.04882
1 0.7767433333333333 0.5996699999999999 0.03372833333333333 0.062497500000000004
1 0.8882466666666666 0.1276725 0.017063333333333333 0.0244025
1 0.5646516666666667 0.088685 0.04206166666666667 0.0666625
1 0.5083066666666667 0.01607 0.024601666666666668 0.03214
1 0.19145833333333334 0.044045 0.03690333333333333 0.054759999999999996
1 0.25792333333333334 0.06577 0.031745 0.045829999999999996
1 0.6621883333333334 0.9503250000000001 0.03251833333333334 0.0493325