2 0.9250866666666667 0.5415399999999999 0.030018333333333334 0.0294425
2 0.6284733333333333 0.5402899999999999 0.026631666666666665 0.033167499999999996
2 0.472675 0.47484249999999995 0.029171666666666665 0.0331525
2 0.652395 0.20701750000000002 0.030483333333333335 0.039127499999999996
2 0.40577833333333335 0.490995 0.030574999999999998 0.03375
2 0.9556883333333334 0.380675 0.033008333333333334 0.032975000000000004
2 0.6729666666666667 0.40637 0.030645000000000002 0.043865
2 0.6171383333333333 0.9837875 0.019921666666666667 0.0295525
2 0.95721 0.462915 0.035826666666666666 0.0313
2 0.3995916666666667 0.5406 0.01949 0.0268475
2 0.9283466666666667 0.9798125 0.01895 0.02042
2 0.8391866666666666 0.7427775 0.020281666666666667 0.023815000000000003
2 0.4830683333333333 0.71065 0.018028333333333334 0.022155
2 0.9180533333333333 0.8198350000000001 0.022310000000000003 0.022170000000000002
2 0.41969833333333334 0.5667375 0.017671666666666665 0.02082
2 0.8468233333333333 0.41106 0.02806 0.024195
2 0.9550116666666666 0.7817200000000001 0.022125 0.020522500000000003
2 0.3988633333333333 0.9527175 0.012288333333333333 0.016792500000000002
2 0.95831 0.8322975 0.020998333333333334 0.02451
2 0.694725 0.991985 0.019311666666666668 0.0143775
2 0.8004983333333333 0.8246775000000001 0.02454833333333333 0.0370525