1 0.03285 0.5747975 0.02785 0.0200725
1 0.37968999999999997 0.743725 0.0223 0.0146425
2 0.02802 0.4003075 0.029896666666666665 0.021225
2 0.31368 0.5306175 0.02383666666666667 0.019489999999999997
2 0.4192066666666666 0.415625 0.02682666666666667 0.0216225
2 0.47784333333333334 0.2576025 0.030959999999999998 0.019629999999999998
2 0.5564399999999999 0.271125 0.020403333333333332 0.0174125
2 0.5944833333333334 0.3047925 0.022366666666666663 0.017455
2 0.3259666666666667 0.28927749999999997 0.0237 0.0156825
2 0.28850333333333333 0.8607575000000001 0.026513333333333337 0.021105
2 0.10027666666666667 0.5780875 0.02213 0.017755
2 0.6643633333333333 0.8842975 0.025449999999999997 0.0188625
2 0.8478433333333334 0.43123500000000003 0.01602 0.011564999999999999
2 0.30358 0.4460525 0.016883333333333334 0.01351
2 0.27792 0.2408075 0.02512 0.01517
2 0.14290333333333333 0.67408 0.02522 0.0175025
2 0.235 0.7510950000000001 0.01744666666666667 0.0166625
2 0.6952633333333333 0.4802 0.011536666666666667 0.008605
1 0.6056266666666668 0.475725 0.00932 0.013484999999999999