2 0.5107166666666667 0.2611025 0.05469666666666667 0.07503
2 0.5151866666666667 0.5394450000000001 0.06371666666666667 0.09375499999999999
2 0.47915166666666664 0.8047575 0.038305 0.0629625
2 0.17878166666666667 0.6718175 0.05701 0.0752675
2 0.06509666666666666 0.8022725 0.04757 0.061942500000000005
2 0.9511933333333333 0.81794 0.052225 0.0501875
1 0.9678683333333333 0.550855 0.049451666666666665 0.0487425
2 0.9714149999999999 0.69259 0.04935666666666667 0.0452425
2 0.015261666666666665 0.6948099999999999 0.03052333333333333 0.07391
2 0.8709983333333333 0.84145 0.029095 0.0339375
2 0.157205 0.8455625 0.031021666666666666 0.04008