2 0.6592625661375661 0.6760838293650793 0.017328042328042328 0.01597718253968254
2 0.6833763227513228 0.9232093253968254 0.028485449735449735 0.023603670634920634
2 0.7682804232804233 0.6119146825396825 0.021421957671957672 0.01788938492063492
2 0.2567989417989418 0.4471428571428572 0.012215608465608464 0.007036210317460318
2 0.39481481481481484 0.5350768849206349 0.0166005291005291 0.014565972222222221
2 0.822202380952381 0.6510342261904761 0.014302248677248677 0.012919146825396827
2 0.8223611111111112 0.4354836309523809 0.019887566137566138 0.01737103174603175
2 0.6168320105820105 0.6033407738095238 0.019365079365079366 0.012294146825396826
2 0.6763458994708995 0.6706572420634921 0.01925595238095238 0.014937996031746031
2 0.3590773809523809 0.44773065476190477 0.01513888888888889 0.014379960317460317
2 0.3829298941798942 0.44835565476190475 0.014871031746031745 0.013943452380952381
2 0.5542857142857143 0.5996155753968254 0.01263558201058201 0.00810515873015873
2 0.21446759259259257 0.583048115079365 0.015615079365079365 0.010987103174603174
2 0.7442857142857142 0.600766369047619 0.01052579365079365 0.009702380952380952
2 0.8292361111111112 0.6038368055555555 0.01621031746031746 0.011631944444444445
2 0.044404761904761905 0.4266691468253968 0.01238095238095238 0.011431051587301589
2 0.8823974867724867 0.5771949404761905 0.016187169312169312 0.01593253968253968
2 0.5969477513227514 0.5676289682539682 0.013584656084656085 0.01209077380952381
2 0.635436507936508 0.6152876984126985 0.014877645502645503 0.007864583333333333
2 0.791441798941799 0.614360119047619 0.01590277777777778 0.014975198412698414
2 0.47104497354497354 0.5839136904761905 0.013819444444444445 0.009074900793650795
2 0.6139715608465609 0.6315178571428572 0.019679232804232803 0.01576388888888889
2 0.8781977513227514 0.509516369047619 0.014447751322751322 0.011195436507936508
2 0.09131613756613756 0.46206349206349207 0.008611111111111111 0.006155753968253968
2 0.3625297619047619 0.6341121031746031 0.016263227513227514 0.010032242063492064
2 0.8841898148148148 0.6206746031746032 0.01351851851851852 0.011609623015873016
2 0.33039021164021165 0.44126736111111114 0.016911375661375662 0.013444940476190477
2 0.7862996031746031 0.3232291666666667 0.016825396825396827 0.016076388888888887
2 0.7120205026455027 0.5862698412698413 0.015555555555555555 0.013936011904761904
2 0.21752314814814813 0.5347519841269841 0.010459656084656084 0.00958829365079365
2 0.22023478835978835 0.5530555555555555 0.012784391534391534 0.009007936507936508
2 0.3380026455026455 0.5382366071428571 0.011233465608465608 0.008425099206349205
2 0.28951719576719576 0.5145709325396826 0.016865079365079364 0.01029265873015873
2 0.5565476190476191 0.6493402777777777 0.013617724867724867 0.008236607142857143
2 0.6227645502645502 0.6398685515873015 0.016031746031746032 0.009060019841269841
2 0.6414351851851852 0.6318799603174603 0.021302910052910053 0.012189980158730159
2 0.15784391534391534 0.5061334325396826 0.008442460317460317 0.005696924603174603
2 0.20194775132275133 0.5824181547619047 0.007175925925925926 0.008864087301587302
2 0.18316468253968254 0.5308234126984127 0.008442460317460317 0.00759672619047619
2 0.2625099206349206 0.4018353174603175 0.006752645502645503 0.0047470238095238095
2 0.10804232804232805 0.4695734126984127 0.010972222222222222 0.006014384920634921
2 0.13674272486772487 0.4216195436507937 0.008442460317460317 0.005696924603174603
2 0.06900462962962962 0.4782787698412699 0.00970568783068783 0.006331845238095238
2 0.1544675925925926 0.446468253968254 0.008442460317460317 0.0047470238095238095
2 0.11505621693121694 0.47173363095238097 0.007354497354497354 0.005399305555555556
2 0.05928902116402116 0.453578869047619 0.009193121693121694 0.006319444444444444
2 0.06962962962962962 0.445766369047619 0.008425925925925925 0.004709821428571428
2 0.0428207671957672 0.4634027777777778 0.006279761904761904 0.004365079365079365
2 0.062103174603174605 0.5141691468253968 0.006220238095238095 0.0038020833333333335
2 0.11671626984126984 0.49230654761904763 0.01037037037037037 0.005704365079365079
2 0.030188492063492067 0.45739583333333333 0.007833994708994709 0.004320436507936508
2 0.041941137566137564 0.44598710317460316 0.004146825396825396 0.004320436507936508
2 0.09102513227513227 0.5165897817460318 0.007833994708994709 0.004838789682539683
2 0.02753637566137566 0.4335441468253968 0.004837962962962963 0.0032837301587301587
2 0.0876851851851852 0.5343824404761905 0.00798611111111111 0.005032242063492063
2 0.15540674603174603 0.4879042658730159 0.00798611111111111 0.005510912698412698
2 0.2725496031746032 0.4365550595238095 0.008412698412698413 0.004317956349206349
2 0.3248015873015873 0.6041046626984127 0.012840608465608465 0.007971230158730159