1 0.35116843033509704 0.3692063492063492 0.1262830687830688 0.0690079365079365
2 0.52918430335097 0.06676835317460317 0.06976190476190476 0.046240079365079366
1 0.5952733686067019 0.7720585317460318 0.05624338624338624 0.04011904761904762
2 0.5686507936507936 0.13323164682539684 0.05729276895943562 0.03148809523809524
2 0.9303483245149913 0.8686731150793651 0.050855379188712524 0.02871031746031746
1 0.8783377425044091 0.6921130952380952 0.10368606701940035 0.05103422619047619
2 0.02769400352733686 0.298125 0.053752204585537915 0.08695436507936509
1 0.8701675485008818 0.656155753968254 0.08285273368606702 0.05192460317460318
1 0.4833774250440917 0.6905902777777778 0.08944885361552028 0.049030257936507934
1 0.541820987654321 0.667408234126984 0.07963844797178131 0.047455357142857146
2 0.48751763668430337 0.27666666666666667 0.06195767195767196 0.03511160714285714
1 0.4733950617283951 0.6060962301587302 0.06944444444444445 0.043888888888888894
1 0.3048059964726631 0.3893427579365079 0.12577601410934744 0.07430059523809524
1 0.8158686067019401 0.617827380952381 0.09319664902998237 0.05626984126984127
1 0.3946119929453263 0.739563492063492 0.0899647266313933 0.050627480158730157
1 0.4098280423280423 0.6825446428571429 0.07965167548500882 0.0486359126984127
1 0.5029497354497354 0.7040848214285714 0.0713800705467372 0.033856646825396824
1 0.5426807760141094 0.7953794642857143 0.05787918871252205 0.0323859126984127
1 0.4890784832451499 0.798125 0.06382716049382715 0.03425595238095238
1 0.611358024691358 0.6465178571428571 0.1097663139329806 0.060483630952380955
1 0.7192063492063493 0.6798263888888889 0.09064373897707231 0.04452628968253968
1 0.7913227513227513 0.7000669642857144 0.08111111111111112 0.04515128968253969
1 0.4514462081128748 0.566780753968254 0.030361552028218695 0.015505952380952382