0 0.33028218694885364 0.5059325396825397 0.053324514991181654 0.031220238095238093
0 0.04842592592592593 0.5080753968253968 0.04244268077601411 0.022036210317460315
2 0.25900352733686066 0.29780505952380953 0.06311728395061729 0.03734126984126984
2 0.4858994708994709 0.3045386904761905 0.03591269841269842 0.020200892857142858
2 0.7084479717813051 0.3017832341269841 0.05223544973544973 0.029382440476190475
2 0.9266402116402116 0.295969742063492 0.06420634920634921 0.03611607142857143
2 0.9293606701940035 0.5821428571428571 0.034823633156966495 0.022036210317460315
2 0.9266402116402116 0.5304166666666666 0.025030864197530867 0.016527777777777777
2 0.42659171075837743 0.6485590277777777 0.03700176366843034 0.031220238095238093
2 0.44672398589065254 0.7700694444444445 0.04461640211640212 0.029382440476190475
2 0.24322310405643738 0.8419965277777778 0.025030864197530867 0.022648809523809522
2 0.2018694885361552 0.6531522817460318 0.025030864197530867 0.01958829365079365
0 0.37153880070546735 0.4406820436507936 0.018148148148148146 0.008864087301587302
0 0.35649911816578483 0.4452480158730159 0.017667548500881834 0.008328373015873015
0 0.2901190476190476 0.4605605158730159 0.02149029982363316 0.012088293650793652
0 0.3037257495590829 0.4727827380952381 0.028655202821869487 0.010208333333333333
0 0.5019135802469136 0.47546875 0.061128747795414454 0.032772817460317454
0 0.5038227513227513 0.5056894841269841 0.05253086419753086 0.03572668650793651
0 0.5420282186948854 0.5157638888888889 0.018148148148148146 0.013432539682539681
0 0.5491931216931216 0.500719246031746 0.024832451499118165 0.013968253968253968
0 0.5384479717813051 0.48675099206349204 0.013849206349206349 0.00967013888888889
0 0.5148104056437389 0.4447123015873016 0.02388007054673721 0.017998511904761903
0 0.5355820105820106 0.4484722222222222 0.013849206349206349 0.006716269841269841
0 0.5491931216931216 0.42617559523809523 0.015282186948853613 0.009402281746031745
0 0.4042548500881834 0.4456522817460317 0.05396384479717813 0.020952380952380955
0 0.32855820105820105 0.42429563492063493 0.029607583774250445 0.02175843253968254
0 0.3447971781305115 0.4259077380952381 0.0191005291005291 0.009937996031746032
0 0.3567372134038801 0.4187896825396825 0.014325396825396826 0.01880456349206349
0 0.37130070546737215 0.4189236111111111 0.013849206349206349 0.010476190476190477
0 0.38395502645502644 0.4092534722222222 0.02674162257495591 0.012626488095238095
0 0.29154761904761906 0.3634499007936508 0.03963844797178131 0.022564484126984127
0 0.30038359788359786 0.3925967261904762 0.03343033509700176 0.009937996031746032
0 0.3330952380952381 0.3772842261904762 0.013849206349206349 0.007790178571428571
0 0.3142328042328042 0.3766145833333333 0.03629629629629629 0.023102678571428573
0 0.4226410934744268 0.3709722222222222 0.020057319223985893 0.00967013888888889
0 0.4973765432098765 0.3647941468253968 0.020533509700176367 0.00967013888888889
0 0.4298015873015873 0.3537797619047619 0.015282186948853613 0.011282242063492064
0 0.566384479717813 0.3531101190476191 0.032473544973544974 0.017998511904761903
0 0.5914550264550265 0.3492137896825397 0.025308641975308643 0.020952380952380955
0 0.6019620811287478 0.3004588293650794 0.022447089947089945 0.01423611111111111
0 0.36533068783068784 0.2584201388888889 0.014325396825396826 0.016654265873015873
0 0.3471869488536155 0.2593601190476191 0.016238977072310406 0.015848214285714285
0 0.7466622574955909 0.38615079365079363 0.02435626102292769 0.008864087301587302
0 0.6435097001763669 0.3962251984126984 0.020533509700176367 0.011282242063492064
0 0.661657848324515 0.39501488095238096 0.017667548500881834 0.014774305555555556
0 0.7156216931216931 0.404015376984127 0.012892416225749558 0.00967013888888889
0 0.7108465608465608 0.4209375 0.020533509700176367 0.010744047619047618
0 0.7223059964726631 0.43584573412698413 0.02435626102292769 0.01961061507936508
0 0.4037742504409171 0.5547147817460317 0.03104056437389771 0.012356150793650794
0 0.4219223985890652 0.5477306547619047 0.02149029982363316 0.013968253968253968
0 0.4906922398589066 0.5381944444444444 0.011940035273368605 0.009937996031746032
0 0.5081216931216932 0.5400744047619047 0.014325396825396826 0.009402281746031745
0 0.38013668430335096 0.5690848214285714 0.015282186948853613 0.007790178571428571
0 0.3662874779541446 0.5741889880952381 0.02674162257495591 0.01316220238095238
0 0.4629938271604938 0.5877554563492063 0.020533509700176367 0.013968253968253968
0 0.5054938271604938 0.6142162698412699 0.028174603174603175 0.01316220238095238
0 0.526984126984127 0.6159623015873016 0.0319973544973545 0.017192460317460315
0 0.7110846560846561 0.5870833333333333 0.043937389770723104 0.030892857142857142
0 0.7454673721340388 0.5834573412698413 0.0544400352733686 0.028474702380952382
0 0.7729276895943563 0.5819791666666666 0.02149029982363316 0.008864087301587302
0 0.7543033509700177 0.5736532738095238 0.014805996472663138 0.01101438492063492
0 0.1850837742504409 0.6134226190476191 0.010886243386243387 0.006123511904761905
0 0.20522486772486773 0.6182217261904762 0.022861552028218695 0.011634424603174603
0 0.2044973544973545 0.6069940476190476 0.01488095238095238 0.008370535714285714
0 0.21466049382716051 0.6118923611111111 0.009074074074074073 0.005104166666666667
0 0.22100970017636684 0.6058705357142857 0.009435626102292769 0.0044915674603174605
0 0.26056437389770726 0.6056671626984127 0.015970017636684302 0.011024305555555556
0 0.2680070546737214 0.5618799603174603 0.011252204585537919 0.008370535714285714
0 0.2645590828924162 0.5698412698412698 0.010886243386243387 0.007145337301587301
0 0.13173280423280423 0.5902529761904762 0.010886243386243387 0.008777281746031746
0 0.12937389770723104 0.6489434523809524 0.01488095238095238 0.010205853174603175
0 0.21593033509700177 0.6677232142857144 0.023950617283950617 0.01306547619047619
0 0.2324426807760141 0.6547594246031746 0.016331569664902998 0.010002480158730159
0 0.18562610229276896 0.6542509920634921 0.014153439153439154 0.009389880952380952
0 0.21302469135802468 0.6516989087301588 0.008708112874779541 0.006736111111111111
0 0.23607142857142857 0.6430233134920635 0.019232804232804233 0.006939484126984127
0 0.2574823633156967 0.641594742063492 0.01488095238095238 0.00408234126984127
0 0.2758068783068783 0.6886458333333333 0.04862874779541446 0.01612599206349206
0 0.24151234567901234 0.7074280753968254 0.012702821869488536 0.011634424603174603
0 0.22155202821869488 0.7183482142857143 0.020683421516754848 0.009799107142857142
0 0.1792768959435626 0.7122247023809524 0.020321869488536155 0.0044915674603174605
0 0.1792768959435626 0.7172247023809524 0.020321869488536155 0.005510912698412698
0 0.18834656084656085 0.7207986111111112 0.015970017636684302 0.007348710317460317
0 0.09689594356261022 0.7080406746031747 0.030485008818342152 0.01408482142857143
0 0.10506172839506173 0.6984449404761905 0.006895943562610229 0.004694940476190476
0 0.1117768959435626 0.6967113095238094 0.008708112874779541 0.0032663690476190475
0 0.05461640211640212 0.6896676587301587 0.015604056437389772 0.011634424603174603
0 0.024678130511463843 0.6784399801587301 0.019598765432098767 0.008777281746031746
0 0.060970017636684304 0.6758878968253967 0.01451499118165785 0.0044915674603174605
0 0.033024691358024695 0.6542509920634921 0.008708112874779541 0.0044915674603174605
0 0.2750088183421517 0.49143849206349205 0.010361552028218694 0.005828373015873016
0 0.2587918871252205 0.5165252976190476 0.008558201058201058 0.006334325396825396
0 0.2556349206349206 0.540595238095238 0.01306437389770723 0.006334325396825396
0 0.6639902998236332 0.701031746031746 0.028694885361552028 0.015691964285714285
0 0.6520326278659612 0.7093253968253969 0.04304232804232804 0.020624999999999998
0 0.7831569664902999 0.7238988095238096 0.015145502645502646 0.012105654761904762
0 0.7538888888888888 0.7317584325396825 0.03852733686067019 0.027532242063492064
0 0.7779761904761905 0.7425049603174604 0.04145061728395062 0.017038690476190478
0 0.7038447971781305 0.6911681547619047 0.019131393298059966 0.012105654761904762
0 0.6982671957671958 0.6703174603174603 0.023915343915343917 0.015245535714285713
0 0.6759479717813051 0.6913913690476191 0.019131393298059966 0.014347718253968255
0 0.7281569664902998 0.6548487103174603 0.02152116402116402 0.015691964285714285
0 0.744100529100529 0.6658333333333333 0.011957671957671959 0.004484126984126984
0 0.38659611992945325 0.6826488095238096 0.019131393298059966 0.017487599206349208
0 0.6194488536155203 0.6903224206349207 0.025498236331569665 0.0194171626984127
0 0.6454144620811287 0.7472594246031745 0.03389770723104056 0.012943948412698412
0 0.6357760141093475 0.6825372023809523 0.010260141093474427 0.006996527777777778
0 0.6157186948853616 0.6532390873015873 0.03047619047619048 0.010319940476190476
0 0.6763580246913581 0.6646081349206349 0.012438271604938272 0.006121031746031746
0 0.6830423280423281 0.677202380952381 0.010260141093474427 0.008921130952380953
0 0.6082539682539683 0.5669146825396826 0.012438271604938272 0.00769593253968254
0 0.6136992945326278 0.5556324404761904 0.013994708994708994 0.007172619047619048
0 0.41219135802469137 0.7167361111111111 0.005908289241622575 0.004722222222222222
0 0.42338624338624337 0.7174355158730158 0.01212962962962963 0.005071924603174603
0 0.4138977072310406 0.7096502976190476 0.014303350970017635 0.005947420634920635
0 0.8021164021164021 0.48004960317460316 0.033540564373897706 0.022787698412698412
0 0.7602733686067019 0.5079737103174603 0.02224867724867725 0.014010416666666668
0 0.8356525573192239 0.5005009920634921 0.028888888888888888 0.013635912698412697
0 0.8439550264550264 0.4827579365079365 0.01760141093474427 0.005791170634920635
0 0.8617195767195768 0.4852777777777778 0.015273368606701941 0.00859126984126984
0 0.9327865961199294 0.4705233134920635 0.017266313932980597 0.007472718253968254
0 0.9608465608465607 0.4735119047619048 0.01494268077601411 0.00859126984126984
0 0.9043915343915343 0.48957589285714287 0.00896384479717813 0.00597718253968254
0 0.9111992945326278 0.48751984126984127 0.007305996472663139 0.003735119047619048
0 0.9098721340388007 0.4820089285714286 0.007971781305114637 0.006163194444444445
0 0.9214947089947089 0.4781795634920635 0.016604938271604936 0.008219246031746032
0 0.9191710758377424 0.4947123015873016 0.013284832451499117 0.011393849206349206
0 0.8195502645502646 0.546453373015873 0.019925044091710756 0.009526289682539681