1 0.6765696649029983 0.913266369047619 0.05197971781305115 0.03132440476190476
1 0.46496031746031746 0.5235342261904762 0.05039241622574956 0.02750248015873016
1 0.8438359788359788 0.41395089285714287 0.06176807760141094 0.033623511904761906
1 0.45759259259259255 0.1094171626984127 0.04810405643738977 0.028794642857142855
1 0.05044973544973545 0.3443452380952381 0.044876543209876545 0.02494047619047619
1 0.28436948853615523 0.24539682539682542 0.053276014109347444 0.02923859126984127
1 0.43735449735449733 0.4648313492063492 0.04302910052910053 0.02640376984126984
1 0.22891093474426805 0.30624999999999997 0.04878747795414462 0.028246527777777777
1 0.9482980599647265 0.6670510912698413 0.04444003527336861 0.026934523809523808
1 0.13402557319223987 0.3352157738095238 0.04594356261022928 0.02718253968253968
1 0.6327557319223985 0.3837921626984127 0.04726190476190476 0.03273065476190476
1 0.7314814814814815 0.3937078373015873 0.054559082892416226 0.03378224206349206
1 0.6745458553791887 0.40346230158730156 0.0463668430335097 0.032368551587301585
1 0.9828218694885361 0.35367063492063494 0.034356261022927694 0.032098214285714285
1 0.828531746031746 0.3662748015873016 0.05055996472663139 0.03460813492063492
1 0.11508377425044092 0.6995411706349207 0.04902557319223986 0.030456349206349206
1 0.06899470899470898 0.31482142857142853 0.04652557319223986 0.02767361111111111
1 0.09342592592592593 0.039920634920634926 0.0425 0.026594742063492063
1 0.9912125220458554 0.1823015873015873 0.017574955908289242 0.0330530753968254
1 0.5996340388007054 0.9281225198412698 0.04698853615520282 0.03139632936507936
1 0.0969753086419753 0.45606646825396824 0.044193121693121694 0.028435019841269844
1 0.04101851851851852 0.41997271825396826 0.04215167548500882 0.021840277777777778
1 0.18669753086419755 0.20872271825396826 0.046785714285714285 0.028211805555555556
1 0.4754276895943563 0.9178695436507937 0.043099647266313934 0.023864087301587303
1 0.33805114638447975 0.01798859126984127 0.052006172839506176 0.029265873015873016
1 0.9827204585537919 0.5502777777777778 0.03455908289241622 0.027237103174603174
1 0.9824691358024691 0.6538616071428571 0.035066137566137565 0.027854662698412698
1 0.06076719576719576 0.13442460317460317 0.03723985890652557 0.02584325396825397
1 0.24005291005291007 0.16936259920634922 0.041534391534391535 0.029828869047619045
1 0.021847442680776014 0.21380704365079367 0.0358289241622575 0.017100694444444446
1 0.9916843033509699 0.23666418650793652 0.016631393298059963 0.02558531746031746
1 0.02816137566137566 0.14190724206349206 0.041106701940035274 0.02562003968253968
1 0.23125220458553794 0.6132911706349207 0.04383597883597884 0.02161706349206349
1 0.7559920634920635 0.12370287698412698 0.03305555555555555 0.016984126984126983
1 0.4433818342151676 0.008735119047619047 0.04033068783068783 0.017472718253968254
1 0.1880864197530864 0.8631696428571429 0.04587301587301588 0.028385416666666666
1 0.06804673721340389 0.8941369047619048 0.050462962962962966 0.029246031746031746
1 0.8314902998236331 0.9091889880952381 0.04205026455026455 0.024945436507936507
1 0.9821119929453263 0.9266071428571429 0.028289241622574953 0.019352678571428573
1 0.7783509700176366 0.8405902777777778 0.03822751322751323 0.020213293650793652
1 0.6403395061728395 0.7681225198412699 0.04052469135802469 0.02666418650793651
1 0.9893342151675485 0.6909226190476191 0.02132716049382716 0.015912698412698413
1 0.9553527336860669 0.6274875992063492 0.0344047619047619 0.02322420634920635
1 0.6365167548500882 0.6053373015873016 0.0359347442680776 0.02279513888888889
1 0.6097574955908289 0.6178100198412699 0.03134920634920635 0.019352678571428573
1 0.7737610229276897 0.10601438492063492 0.029056437389770727 0.01849454365079365
1 0.787526455026455 0.10214285714285713 0.02599647266313933 0.016773313492063492
1 0.7458553791887125 0.10536954365079365 0.028289241622574953 0.01892361111111111
1 0.7221516754850088 0.09139136904761905 0.023703703703703703 0.01849454365079365
1 0.6911860670194003 0.0711780753968254 0.03670194003527336 0.02107390873015873
1 0.6911860670194003 0.05462053571428571 0.032111992945326275 0.020644841269841268
1 0.659074074074074 0.0574156746031746 0.03364197530864197 0.01849454365079365
1 0.5501190476190476 0.060210813492063496 0.04052469135802469 0.02150297619047619
1 0.40828924162257496 0.004516369047619048 0.039757495590828924 0.009032738095238095
1 0.40370370370370373 0.016557539682539684 0.039757495590828924 0.020213293650793652
1 0.4522530864197531 0.13246527777777778 0.0359347442680776 0.01892361111111111
1 0.4858950617283951 0.12493799603174603 0.0344047619047619 0.02279513888888889
1 0.49545414462081133 0.07375992063492062 0.03822751322751323 0.02451388888888889
1 0.42549382716049383 0.056986607142857144 0.045110229276895945 0.02107390873015873
1 0.3880291005291005 0.05978174603174603 0.037464726631393296 0.024084821428571428
1 0.21981922398589065 0.02881448412698413 0.037464726631393296 0.02236359126984127
1 0.21981922398589065 0.013333333333333332 0.0359347442680776 0.01892361111111111
1 0.04014109347442681 0.19461061507936506 0.03899470899470899 0.01849454365079365
1 0.22822751322751322 0.21202876984126984 0.04205026455026455 0.024084821428571428
1 0.12233245149911816 0.14515128968253968 0.03670194003527336 0.019352678571428573
1 0.10054232804232804 0.2827777777777778 0.045110229276895945 0.02193452380952381
1 0.6304012345679012 0.48233382936507935 0.0359347442680776 0.02193452380952381
1 0.620462962962963 0.15977430555555555 0.0359347442680776 0.019352678571428573
1 0.5115079365079365 0.19396577380952382 0.039757495590828924 0.02150297619047619
1 0.386115520282187 0.40578125 0.039757495590828924 0.02279513888888889