2 0.3374834656084656 0.6029464285714285 0.03633597883597883 0.02250248015873016
2 0.018455687830687833 0.05646825396825397 0.021316137566137563 0.01679563492063492
2 0.05914021164021164 0.6120858134920635 0.03420304232804233 0.021624503968253966
2 0.03665343915343915 0.6538194444444444 0.03754960317460317 0.022358630952380953
2 0.1044808201058201 0.6305877976190477 0.04054232804232804 0.02144345238095238
2 0.9595171957671957 0.8984895833333334 0.030611772486772486 0.02230406746031746
2 0.06971891534391535 0.43770585317460314 0.028971560846560846 0.022532242063492063
2 0.2419973544973545 0.4193179563492064 0.03366732804232804 0.02441468253968254
2 0.590026455026455 0.15607886904761903 0.016458333333333335 0.015317460317460316
2 0.053379629629629624 0.5670362103174603 0.03505621693121693 0.026708829365079366
2 0.5042460317460317 0.5829166666666667 0.024580026455026455 0.015627480158730157
2 0.4825958994708994 0.07272073412698413 0.0159755291005291 0.01640128968253968
2 0.4496924603174603 0.06381448412698414 0.017741402116402117 0.013236607142857142
2 0.49093584656084654 0.5609300595238096 0.027394179894179894 0.01529513888888889
2 0.14467261904761905 0.5260838293650794 0.023525132275132275 0.016081349206349207
2 0.40745039682539685 0.6870858134920634 0.020102513227513226 0.015238095238095238
2 0.49364417989417986 0.044332837301587304 0.018293650793650792 0.01717013888888889
2 0.5240476190476191 0.1406919642857143 0.019894179894179895 0.014516369047619047
2 0.47813822751322754 0.43512648809523813 0.03401455026455026 0.014171626984126984
2 0.5254232804232805 0.5477852182539683 0.0163260582010582 0.014977678571428572
2 0.22808531746031746 0.12354910714285713 0.015942460317460317 0.010771329365079366
2 0.01888888888888889 0.6379935515873015 0.029662698412698415 0.020696924603174603
2 0.05334656084656084 0.5865550595238095 0.0329728835978836 0.01731646825396825
2 0.36769841269841275 0.5936954365079365 0.015949074074074074 0.01689236111111111
2 0.7977876984126985 0.1631423611111111 0.01586309523809524 0.013020833333333334
2 0.006458333333333333 0.1407986111111111 0.012916666666666667 0.017123015873015873
2 0.47511574074074076 0.1782638888888889 0.013528439153439152 0.012889384920634921
2 0.09685515873015872 0.4841964285714286 0.028366402116402116 0.023663194444444445
2 0.008538359788359788 0.6869097222222222 0.0170734126984127 0.013898809523809523
2 0.3316005291005291 0.29200396825396824 0.014824735449735449 0.013075396825396825
2 0.27868055555555554 0.1386532738095238 0.013835978835978837 0.012941468253968254
2 0.07075396825396826 0.42231150793650796 0.029014550264550264 0.017294146825396827
2 0.12797949735449735 0.39703125 0.029427910052910053 0.015052083333333332
2 0.39408399470899474 0.537467757936508 0.022744708994708995 0.011500496031746032
2 0.5074669312169312 0.6935565476190476 0.024788359788359787 0.015213293650793651
2 0.49990079365079365 0.37435019841269845 0.014107142857142856 0.019107142857142857
2 0.06368386243386244 0.1585267857142857 0.01716600529100529 0.015059523809523809
2 0.048125 0.11519097222222222 0.013720238095238096 0.01210813492063492
2 0.22860780423280422 0.1728546626984127 0.016742724867724868 0.011195436507936508
2 0.13006944444444443 0.06484126984126984 0.017086640211640212 0.01173611111111111
2 0.16577050264550267 0.1864657738095238 0.018379629629629628 0.011433531746031747
2 0.23982473544973545 0.12403769841269842 0.014332010582010583 0.01042906746031746
2 0.2889054232804233 0.18563244047619049 0.010026455026455026 0.006999007936507936
2 0.316875 0.09392361111111111 0.011534391534391536 0.010396825396825397
2 0.49960978835978836 0.1433184523809524 0.01259920634920635 0.008861607142857142
2 0.5538955026455027 0.09128224206349207 0.012311507936507935 0.009957837301587301
2 0.31564484126984127 0.25617559523809524 0.015757275132275133 0.013045634920634921