2 0.9160714285714285 0.2803050595238095 0.04537698412698413 0.03231150793650794
2 0.6461111111111111 0.29609623015873016 0.03291005291005291 0.02465029761904762
2 0.5934986772486772 0.7072643849206349 0.03462962962962963 0.028291170634920634
2 0.6197486772486772 0.4447643849206349 0.035691137566137565 0.02542906746031746
2 0.42557208994708995 0.5626314484126984 0.030145502645502645 0.02003720238095238
2 0.9399041005291006 0.17175099206349206 0.031884920634920634 0.02291170634920635
2 0.7483300264550264 0.3225297619047619 0.042027116402116406 0.030674603174603177
2 0.6796362433862433 0.48676091269841265 0.022784391534391536 0.020595238095238097
2 0.3750165343915344 0.6338988095238095 0.02255621693121693 0.016741071428571428
2 0.45779431216931216 0.36665922619047614 0.017592592592592594 0.016535218253968254
2 0.39394510582010583 0.40387896825396824 0.02099867724867725 0.013940972222222223
2 0.5711011904761905 0.289890873015873 0.017080026455026456 0.014496527777777778
2 0.950191798941799 0.6974454365079364 0.022569444444444444 0.01737103174603175
2 0.3910515873015873 0.6953323412698412 0.020433201058201057 0.01771081349206349
2 0.4973247354497355 0.6362103174603174 0.016362433862433863 0.012385912698412698
2 0.3561441798941799 0.4260987103174603 0.012523148148148148 0.013273809523809525
2 0.4941798941798942 0.4198834325396825 0.01712962962962963 0.018090277777777778
2 0.6429861111111111 0.7467832341269842 0.0246494708994709 0.0278968253968254
2 0.966851851851852 0.6962624007936508 0.01941468253968254 0.018439980158730156