1 0.8279850088183421 0.04708581349206349 0.07908289241622575 0.043501984126984125
1 0.09355820105820106 0.3215575396825397 0.06486772486772487 0.039357638888888886
1 0.03414902998236332 0.38490823412698416 0.061865079365079366 0.039082341269841274
1 0.49988977072310403 0.3324751984126984 0.058381834215167544 0.036374007936507934
1 0.5715564373897707 0.5125421626984127 0.0619400352733686 0.035347222222222224
1 0.8010626102292768 0.4631448412698413 0.06442680776014109 0.04159474206349206
1 0.5388800705467373 0.6705828373015873 0.05955908289241623 0.035114087301587306
1 0.2898324514991182 0.5990749007936508 0.05787037037037037 0.03562996031746032
1 0.4315079365079365 0.5732911706349207 0.06138447971781305 0.03701140873015873
1 0.966900352733686 0.847311507936508 0.06619929453262786 0.04016121031746032
1 0.9685934744268078 0.01975446428571429 0.06280864197530864 0.03950644841269841
1 0.8276587301587303 0.30841021825396825 0.06921516754850088 0.03908730158730159
1 0.5067460317460317 0.2561855158730159 0.06508818342151676 0.035476190476190474
1 0.45334215167548503 0.6139112103174603 0.03917548500881834 0.03293402777777778
1 0.3732010582010582 0.6491815476190477 0.04885361552028219 0.03446676587301587
1 0.23500000000000001 0.5142435515873015 0.05334656084656084 0.03382688492063492
1 0.2592151675485009 0.6700446428571428 0.055374779541446206 0.0356671626984127
1 0.12296296296296295 0.0570014880952381 0.050471781305114635 0.030327380952380953
1 0.08574955908289242 0.6690054563492063 0.04572310405643739 0.03023065476190476
1 0.31315696649029984 0.958390376984127 0.05245149911816578 0.03601190476190476
1 0.34309082892416226 0.5171279761904761 0.05968694885361552 0.03623759920634921
1 0.536521164021164 0.010210813492063493 0.05416666666666666 0.020421626984126987
1 0.4097927689594356 0.6253273809523809 0.04098765432098765 0.030188492063492063
1 0.9216225749559082 0.5763665674603174 0.04966049382716049 0.031371527777777776
1 0.7818606701940035 0.40451140873015873 0.06138888888888888 0.03408234126984127
1 0.380326278659612 0.44265376984126986 0.055141093474426806 0.03460069444444444
1 0.9441798941798942 0.6989012896825396 0.039753086419753086 0.02511904761904762
1 0.6309567901234567 0.634342757936508 0.06290123456790123 0.03836061507936508
1 0.6236463844797179 0.7517832341269841 0.07038359788359788 0.03538938492063492
1 0.49457231040564376 0.10318204365079364 0.06619488536155202 0.03589037698412698
1 0.5317328042328042 0.12786706349206348 0.057962962962962966 0.03835813492063492
1 0.24473104056437386 0.1458705357142857 0.055718694885361554 0.034722222222222224
1 0.607989417989418 0.28899057539682543 0.05463844797178131 0.030518353174603174
1 0.16922398589065257 0.016274801587301588 0.03349647266313933 0.016247519841269844
1 0.19265873015873014 0.011227678571428572 0.03695326278659612 0.019355158730158733
1 0.07422398589065256 0.06444692460317461 0.03233245149911816 0.017688492063492062
1 0.9062301587301587 0.33220238095238097 0.060136684303350965 0.03405257936507937
1 0.18569664902998237 0.5047941468253968 0.05415343915343915 0.03166914682539682
1 0.16962081128747794 0.567983630952381 0.05775573192239859 0.031713789682539684
1 0.11515432098765432 0.5682614087301587 0.054969135802469135 0.029759424603174604
1 0.12987654320987654 0.6692212301587303 0.050789241622574956 0.03369791666666667
1 0.16488095238095238 0.7099727182539682 0.05004850088183422 0.029722222222222223
1 0.4966887125220459 0.7472247023809524 0.06131393298059965 0.03320684523809524
1 0.43113756613756615 0.8059623015873015 0.07350970017636685 0.04005952380952381
1 0.8047795414462081 0.8297321428571428 0.06434744268077601 0.03794890873015873
1 0.8841446208112875 0.9706101190476191 0.05961640211640212 0.03812996031746032
1 0.8623809523809525 0.9494642857142856 0.06334656084656085 0.032924107142857144
1 0.9784832451499117 0.9696155753968253 0.04302910052910053 0.03174107142857143
1 0.9782054673721341 0.9908556547619047 0.043589065255731925 0.01828621031746032
1 0.9603968253968254 0.9393377976190476 0.055718694885361554 0.03152529761904762
1 0.9175132275132275 0.7307118055555556 0.06634038800705468 0.042289186507936505
1 0.8827204585537919 0.6595089285714285 0.06268518518518518 0.033127480158730155
1 0.8400220458553792 0.6325520833333332 0.06294091710758377 0.03326388888888889
1 0.6293694885361553 0.5931671626984127 0.06102292768959436 0.030543154761904764
1 0.74923721340388 0.4318849206349206 0.07033509700176367 0.03620535714285714
1 0.944700176366843 0.20185267857142858 0.04465608465608466 0.024751984126984126
1 0.9515873015873015 0.2169890873015873 0.05098765432098765 0.02800347222222222
1 0.6217195767195767 0.524625496031746 0.059312169312169316 0.030476190476190476
1 0.2617460317460317 0.25735367063492065 0.04515432098765432 0.030168650793650793
1 0.34849206349206346 0.31289434523809523 0.044854497354497355 0.02246279761904762
1 0.6434523809523809 0.3924454365079365 0.04784832451499118 0.023807043650793648
1 0.008840388007054674 0.40113343253968253 0.017685185185185186 0.024211309523809524
1 0.3074206349206349 0.6587152777777778 0.05290123456790124 0.03342509920634921
1 0.32126543209876546 0.6269890873015873 0.04259700176366843 0.022140376984126985
1 0.6731349206349206 0.569513888888889 0.060277777777777784 0.03226190476190476