1 0.8578615520282188 0.1870510912698413 0.07467813051146385 0.04574900793650794
1 0.3798059964726631 0.35314980158730164 0.05373015873015873 0.03505704365079365
1 0.9384126984126985 0.2735590277777778 0.07048500881834216 0.04342509920634921
1 0.3795502645502646 0.27566964285714285 0.06079365079365079 0.04068700396825397
1 0.6074426807760142 0.47534474206349203 0.05871693121693121 0.03982142857142857
1 0.35360229276895944 0.6775967261904763 0.04833774250440917 0.029737103174603177
1 0.8503968253968254 0.3292485119047619 0.06514550264550265 0.03751984126984127
1 0.48831569664902996 0.26018849206349204 0.05769841269841271 0.03588789682539682
1 0.2664241622574956 0.911173115079365 0.045965608465608467 0.0323859126984127
1 0.9211022927689594 0.8562450396825397 0.05175925925925926 0.034444444444444444
1 0.24524691358024692 0.41112103174603176 0.04257495590828924 0.02623759920634921
1 0.7136552028218694 0.3961780753968254 0.061635802469135796 0.038697916666666665
2 0.11362433862433861 0.4258953373015873 0.033686067019400356 0.025419146825396824
1 0.06301146384479718 0.3359052579365079 0.046203703703703705 0.027026289682539683
1 0.33911375661375665 0.8750967261904762 0.04407848324514991 0.03131696428571428
1 0.7884391534391535 0.778764880952381 0.04879188712522046 0.03723462301587301
1 0.015088183421516754 0.32441468253968253 0.030176366843033507 0.02562003968253968
1 0.5272530864197531 0.22984126984126985 0.05824514991181658 0.040949900793650795
1 0.6260978835978837 0.28571676587301587 0.06178130511463845 0.03685267857142857
1 0.3163095238095238 0.1716765873015873 0.05154320987654321 0.027440476190476192
1 0.6842063492063492 0.13653521825396825 0.06512345679012345 0.036966765873015874
1 0.14310405643738977 0.3040997023809524 0.04119488536155203 0.027881944444444445
1 0.7431657848324515 0.37058035714285714 0.060246913580246905 0.03311011904761905
1 0.3588403880070547 0.5036061507936508 0.04255731922398589 0.024516369047619047
1 0.8984611992945326 0.6231076388888889 0.04756613756613756 0.03225446428571429
1 0.9537874779541446 0.42294642857142856 0.05222222222222222 0.029466765873015874
1 0.0633994708994709 0.3721577380952381 0.034700176366843034 0.022824900793650793
1 0.019351851851851853 0.3596329365079365 0.038580246913580245 0.025473710317460315
1 0.19422398589065257 0.7095138888888889 0.03970017636684304 0.02599454365079365
1 0.6244841269841269 0.1921155753968254 0.06639770723104056 0.037485119047619045
1 0.9842724867724867 0.3028397817460317 0.03145502645502646 0.04879960317460317
1 0.9819576719576719 0.4158829365079365 0.03608465608465609 0.026763392857142857
1 0.3632186948853615 0.1851860119047619 0.04666666666666667 0.027219742063492064
1 0.9505908289241622 0.3442311507936508 0.06006613756613756 0.042326388888888886
1 0.16111992945326278 0.4367261904761905 0.04250440917107584 0.02856894841269841
1 0.5640167548500882 0.5158060515873016 0.04782186948853615 0.02490327380952381
1 0.2277601410934744 0.12420634920634921 0.03234567901234568 0.022507440476190476
1 0.5894223985890652 0.21959821428571427 0.05929453262786596 0.039593253968253965
1 0.2909479717813051 0.42734623015873013 0.03818783068783069 0.024283234126984125
1 0.09755291005291006 0.3249206349206349 0.03875661375661376 0.02596230158730159
1 0.7366269841269841 0.15810515873015873 0.05579805996472663 0.035109126984126986
1 0.4193253968253968 0.3017633928571429 0.04855820105820106 0.032234623015873015
1 0.14540123456790122 0.4447594246031746 0.04035273368606702 0.026887400793650793
1 0.17324074074074075 0.4780357142857143 0.0446031746031746 0.021956845238095237
1 0.7801014109347443 0.03803571428571429 0.05316137566137566 0.036416170634920635
1 0.5574911816578484 0.20997271825396827 0.05498677248677249 0.027606646825396826
1 0.29843915343915345 0.1878918650793651 0.03287477954144621 0.017021329365079364
1 0.5597442680776014 0.3566021825396825 0.06268959435626102 0.03198412698412698
1 0.6445943562610229 0.38615823412698413 0.05272927689594356 0.026803075396825395
1 0.49932539682539684 0.42426587301587304 0.05219576719576719 0.02360863095238095
1 0.5002292768959435 0.3924627976190476 0.047645502645502644 0.028382936507936506
1 0.5462301587301587 0.4223660714285714 0.0472663139329806 0.024955357142857144
1 0.42776014109347443 0.3546130952380952 0.03977072310405644 0.02400545634920635
1 0.489810405643739 0.4670486111111111 0.03592592592592593 0.019471726190476192
1 0.5967768959435626 0.4566145833333333 0.046825396825396826 0.024337797619047617
1 0.4627028218694886 0.9902281746031746 0.044488536155202825 0.019543650793650794
1 0.5146252204585539 0.9909623015873016 0.04773809523809524 0.018072916666666668
1 0.33858465608465604 0.9280828373015874 0.041662257495590826 0.026865079365079363
1 0.29617283950617285 0.9492013888888888 0.04606261022927689 0.02792906746031746
1 0.1946252204585538 0.953655753968254 0.04295414462081129 0.028013392857142858
1 0.41687389770723104 0.6735119047619047 0.04171516754850088 0.023591269841269843
1 0.31440035273368605 0.6867708333333333 0.05114197530864197 0.028784722222222222
1 0.09991181657848325 0.8250446428571429 0.037980599647266314 0.022254464285714287
1 0.07122574955908288 0.814156746031746 0.035361552028218696 0.02033234126984127
1 0.05652116402116402 0.7931200396825397 0.0386331569664903 0.022371031746031746
1 0.05361552028218695 0.8186309523809523 0.032826278659612 0.02119047619047619
1 0.31653880070546736 0.5190525793650794 0.035811287477954146 0.022011408730158732
1 0.1802777777777778 0.5347321428571429 0.04014991181657848 0.023405257936507936
1 0.163831569664903 0.5223387896825398 0.03691358024691358 0.020682043650793652
1 0.2516490299823633 0.4646949404761905 0.03556878306878307 0.0205530753968254
1 0.2854761904761905 0.45635416666666667 0.03421075837742504 0.018097718253968255
1 0.26260141093474426 0.42272817460317463 0.03627865961199295 0.022175099206349205
1 0.06602292768959436 0.4607564484126984 0.03741181657848324 0.01967013888888889
1 0.028267195767195767 0.46193700396825393 0.03747354497354497 0.021493055555555553
1 0.06767195767195766 0.4001537698412699 0.04262345679012346 0.020076884920634922
1 0.044792768959435625 0.38768601190476193 0.040551146384479715 0.01989583333333333
1 0.055414462081128754 0.2827579365079365 0.039695767195767194 0.019466765873015872
1 0.11062610229276897 0.2637624007936508 0.04180335097001764 0.022346230158730156
1 0.02493827160493827 0.26257192460317463 0.03490740740740741 0.019712301587301587
1 0.0904320987654321 0.21201636904761906 0.033686067019400356 0.020146329365079367
1 0.33942239858906526 0.10441468253968254 0.014995590828924162 0.008033234126984127
1 0.35613756613756614 0.12449156746031746 0.028364197530864197 0.020543154761904762
1 0.03965167548500882 0.18430803571428572 0.01318342151675485 0.0076066468253968254
1 0.4519047619047619 0.20421378968253967 0.05542768959435626 0.03500744047619048
1 0.792879188712522 0.23765128968253968 0.044898589065255734 0.021770833333333333
1 0.2095590828924162 0.42670882936507937 0.027059082892416226 0.012889384920634921
1 0.1265564373897707 0.5293774801587301 0.03694003527336861 0.018665674603174604
1 0.28844797178130516 0.47607638888888887 0.03730599647266314 0.02077876984126984
1 0.6930291005291005 0.18371527777777777 0.05658730158730159 0.03074900793650794
1 0.26204585537918873 0.208234126984127 0.034744268077601406 0.020434027777777777
1 0.24048500881834214 0.19520585317460318 0.02876543209876543 0.02493799603174603
1 0.26497354497354497 0.1862078373015873 0.013946208112874779 0.006939484126984127
1 0.22539241622574957 0.16426587301587303 0.01418430335097002 0.007718253968253969
2 0.8204497354497354 0.7678621031746031 0.025873015873015874 0.01376984126984127
2 0.11649029982363315 0.4950595238095238 0.016979717813051146 0.010815972222222222
1 0.9923589065255732 0.22860367063492065 0.015277777777777777 0.0362624007936508
1 0.9881393298059964 0.2005530753968254 0.023721340388007054 0.03397073412698413