1 0.3790828924162257 0.41104910714285714 0.06998677248677249 0.04142361111111111
2 0.7992328042328043 0.30544890873015873 0.08425925925925926 0.04711805555555555
2 0.826115520282187 0.3486532738095238 0.08067901234567901 0.04546378968253968
2 0.31104938271604937 0.4087524801587301 0.069836860670194 0.042775297619047616
1 0.2633289241622575 0.26388392857142856 0.05287477954144621 0.03295138888888889
1 0.8097927689594355 0.9160689484126985 0.07182980599647266 0.04127232142857143
1 0.9814462081128749 0.12378720238095238 0.0371031746031746 0.03288194444444445
1 0.7502336860670193 0.3474007936507937 0.07527336860670195 0.04517113095238095
1 0.7455202821869488 0.8950347222222222 0.06179453262786597 0.04106150793650794
1 0.34570546737213403 0.8346180555555555 0.04638888888888889 0.03000496031746032
1 0.47788800705467366 0.8228869047619047 0.04986331569664903 0.03576884920634921
1 0.869753086419753 0.694360119047619 0.0581084656084656 0.036006944444444446
2 0.33930776014109343 0.3759697420634921 0.06899029982363315 0.04266617063492063
1 0.9890784832451499 0.0923561507936508 0.021847442680776014 0.027899305555555556
1 0.44455026455026453 0.514501488095238 0.059854497354497355 0.03366815476190476
1 0.47120811287477954 0.5337847222222222 0.05876543209876543 0.03305555555555555
1 0.17520723104056438 0.2932142857142857 0.06529541446208113 0.03060763888888889
1 0.07780864197530864 0.21027033730158728 0.048972663139329804 0.031220238095238093
1 0.639889770723104 0.320453869047619 0.05005731922398589 0.031220238095238093
1 0.6942989417989418 0.3213715277777778 0.054413580246913576 0.025709325396825397
1 0.6806966490299823 0.37095486111111114 0.05114638447971781 0.029382440476190475
1 0.6828747795414462 0.7428298611111112 0.05114638447971781 0.02509672619047619
1 0.5713271604938271 0.8404662698412699 0.04570546737213404 0.023261408730158733
1 0.7247707231040564 0.8704613095238095 0.06311728395061729 0.028157242063492065
1 0.9315388007054674 0.10926587301587301 0.05876543209876543 0.031220238095238093
1 0.8662433862433863 0.33055555555555555 0.06311728395061729 0.040401785714285716