1 0.3369444444444445 0.07240823412698412 0.06753968253968254 0.044751984126984126
1 0.28804232804232804 0.28076636904761904 0.06623456790123457 0.03809027777777778
1 0.10439594356261023 0.7113864087301587 0.06554673721340387 0.03742559523809524
1 0.5780291005291005 0.25389880952380955 0.05943562610229278 0.03860367063492064
1 0.11695767195767195 0.7706944444444445 0.05805555555555555 0.040047123015873015
1 0.6453791887125221 0.2959871031746032 0.060864197530864195 0.03822916666666666
1 0.2022178130511464 0.887375992063492 0.05401675485008819 0.035796130952380954
1 0.15123456790123457 0.9043849206349206 0.04824074074074074 0.03718253968253968
1 0.7276455026455027 0.11558531746031747 0.04932098765432099 0.0348015873015873
1 0.3947045855379189 0.1708060515873016 0.06210758377425045 0.03903769841269841
1 0.4072971781305115 0.3894568452380952 0.06373015873015872 0.0345610119047619
1 0.805736331569665 0.22450148809523812 0.05971781305114638 0.038425099206349206
1 0.24286155202821866 0.8667410714285714 0.048328924162257494 0.029233630952380952
1 0.2900440917107584 0.049486607142857145 0.07139329805996472 0.039193948412698416
1 0.6805687830687831 0.0840625 0.07051587301587302 0.040292658730158734
1 0.6398765432098765 0.17409722222222224 0.07249559082892415 0.038931051587301584
1 0.4556216931216931 0.17167906746031747 0.06777777777777778 0.03545634920634921
1 0.27487654320987653 0.2913095238095238 0.056763668430335104 0.028628472222222225
1 0.25255291005291003 0.3165947420634921 0.04233245149911817 0.02413690476190476
1 0.37720017636684305 0.4122147817460317 0.05716931216931217 0.032507440476190474
1 0.3504805996472663 0.404469246031746 0.04481922398589065 0.023819444444444445
1 0.8098412698412698 0.4206324404761905 0.05645502645502645 0.028271329365079364
1 0.6246119929453262 0.4561929563492063 0.04984567901234568 0.02665426587301587
1 0.6192768959435626 0.5294469246031747 0.0472310405643739 0.02972470238095238
1 0.6646957671957672 0.5234796626984127 0.04944885361552028 0.02730654761904762
1 0.5727821869488536 0.5613616071428571 0.047103174603174605 0.025577876984126984
1 0.61836860670194 0.5680282738095238 0.045414462081128745 0.0243328373015873
1 0.48173721340388004 0.6248958333333333 0.04608906525573192 0.026200396825396825
1 0.13394620811287478 0.8731944444444444 0.05165343915343915 0.0272296626984127
1 0.19124779541446207 0.8569345238095237 0.054898589065255736 0.03481646825396825
1 0.17882716049382716 0.7566865079365079 0.06764991181657849 0.03689732142857143
1 0.06271604938271605 0.7678645833333334 0.0517989417989418 0.03342509920634921
1 0.8188271604938271 0.2593601190476191 0.06665784832451499 0.03338789682539683
1 0.7061772486772486 0.2680282738095238 0.05712522045855379 0.029650297619047618
1 0.3435626102292769 0.2863343253968254 0.04636243386243386 0.026155753968253967
1 0.22511022927689595 0.34866319444444444 0.04787477954144621 0.02845238095238095
1 0.23977072310405642 0.7353869047619047 0.049973544973544975 0.0250421626984127
1 0.6776410934744268 0.29760664682539684 0.051349206349206346 0.03374751984126984
1 0.7290652557319224 0.4392584325396825 0.03794973544973545 0.02229910714285714
1 0.8694312169312168 0.34108382936507936 0.054713403880070545 0.028601190476190474