2 0.3602356150793651 0.45360449735449737 0.017599206349206347 0.02244378306878307
2 0.2133581349206349 0.9863624338624339 0.01693204365079365 0.025608465608465608
2 0.6565004960317461 0.4451686507936508 0.008479662698412698 0.008667328042328042
2 0.21933035714285715 0.5477579365079366 0.02244047619047619 0.020975529100529102
2 0.3822743055555555 0.4804232804232804 0.018442460317460316 0.024209656084656084
2 0.31123759920634925 0.45481812169312164 0.018229166666666668 0.023167989417989417
2 0.288859126984127 0.26478505291005294 0.012549603174603175 0.019441137566137565
2 0.7519568452380953 0.5079232804232804 0.008035714285714285 0.009193121693121694
2 0.7750272817460317 0.5289550264550265 0.012475198412698412 0.013052248677248676
2 0.33356398809523813 0.5227248677248677 0.017346230158730158 0.01550595238095238
2 0.41392609126984126 0.41640211640211644 0.013856646825396824 0.01375
2 0.6203273809523809 0.34195767195767196 0.005540674603174603 0.008247354497354498
2 0.5752207341269842 0.3985912698412698 0.008958333333333332 0.008412698412698413
2 0.5480853174603175 0.34414351851851854 0.00636656746031746 0.008895502645502646
2 0.6859871031746032 0.40824074074074074 0.00789186507936508 0.010165343915343916
2 0.3489484126984127 0.5323743386243387 0.016765873015873015 0.017490079365079365
2 0.042056051587301586 0.5500330687830688 0.025143849206349204 0.02509920634920635
2 0.7531522817460318 0.6028637566137566 0.012115575396825397 0.013363095238095236
2 0.7556845238095238 0.35448743386243386 0.012566964285714285 0.011693121693121693
2 0.2273313492063492 0.27148809523809525 0.023430059523809523 0.017959656084656085
2 0.40284970238095236 0.4786574074074074 0.02088045634920635 0.017910052910052907
2 0.32740575396825394 0.3643617724867725 0.020972222222222222 0.025853174603174607
2 0.5482738095238094 0.37542328042328044 0.006287202380952381 0.008640873015873015
2 0.21245039682539682 0.6907473544973546 0.007993551587301587 0.014907407407407407
2 0.6232713293650795 0.40600198412698413 0.006361607142857143 0.009381613756613756
2 0.6306349206349205 0.5140343915343916 0.007616567460317461 0.009169973544973545
2 0.7090997023809524 0.3859920634920635 0.007366071428571428 0.009156746031746031
2 0.7063640873015873 0.4445535714285714 0.008673115079365079 0.009272486772486772
2 0.7795411706349207 0.43812500000000004 0.009112103174603176 0.009652777777777777
2 0.631217757936508 0.5237632275132275 0.009799107142857142 0.010264550264550264
2 0.7543824404761905 0.4660648148148149 0.008819444444444446 0.010023148148148147
2 0.8053199404761905 0.5809689153439153 0.012053571428571429 0.011481481481481481
2 0.793139880952381 0.4150297619047619 0.008953373015873017 0.009437830687830688
2 0.7430530753968253 0.4540145502645503 0.009441964285714286 0.009761904761904762
2 0.7944915674603175 0.368912037037037 0.012405753968253969 0.010228174603174604
2 0.7852108134920635 0.5134093915343915 0.012477678571428572 0.011663359788359789
2 0.47752232142857143 0.4270403439153439 0.006078869047619048 0.009090608465608465
2 0.09109871031746032 0.6641633597883598 0.01845486111111111 0.020459656084656084
2 0.722750496031746 0.5193088624338624 0.008102678571428571 0.009933862433862434
2 0.26918898809523806 0.4933796296296296 0.01070188492063492 0.01357804232804233
2 0.8143377976190476 0.47087962962962965 0.008422619047619049 0.00814814814814815
2 0.7990674603174603 0.42158399470899466 0.010381944444444444 0.00847883597883598
2 0.23352926587301587 0.2963624338624339 0.015438988095238096 0.019070767195767196
2 0.4049751984126984 0.5322486772486772 0.012673611111111111 0.015787037037037037
2 0.33118799603174603 0.6724900793650793 0.019079861111111113 0.020469576719576717
2 0.4839409722222222 0.4246428571428571 0.006440972222222222 0.008462301587301588
2 0.48120039682539684 0.41270833333333334 0.005756448412698413 0.0059027777777777785
2 0.5123859126984127 0.43020502645502645 0.006061507936507937 0.007516534391534392
2 0.5336284722222222 0.42539682539682544 0.006728670634920634 0.00890873015873016
2 0.5450496031746032 0.43113425925925924 0.0069320436507936505 0.009375
2 0.55265625 0.3868088624338624 0.006693948412698413 0.007384259259259259
2 0.5683234126984127 0.3934292328042328 0.00632936507936508 0.009613095238095238
2 0.5381498015873016 0.3417956349206349 0.007247023809523809 0.008273809523809524
2 0.5488219246031746 0.329265873015873 0.006748511904761905 0.008075396825396826
2 0.5507465277777778 0.337771164021164 0.005538194444444444 0.005552248677248677
2 0.5614657738095238 0.32496031746031745 0.006999007936507936 0.009054232804232804
2 0.5706671626984127 0.3069510582010582 0.007822420634920635 0.0074834656084656085
2 0.5984052579365079 0.335271164021164 0.007095734126984127 0.00800925925925926
2 0.6243824404761905 0.33728505291005295 0.00550843253968254 0.007066798941798942
2 0.6136532738095238 0.33937169312169313 0.005096726190476191 0.0048478835978835975
2 0.5287177579365079 0.4689285714285714 0.007299107142857143 0.010026455026455026
2 0.5210887896825397 0.4578968253968254 0.005091765873015873 0.008204365079365079
2 0.5149206349206349 0.4576025132275132 0.005538194444444444 0.007619047619047619
2 0.5323387896825397 0.4790343915343915 0.006812996031746031 0.008217592592592592
2 0.547532242063492 0.4795238095238095 0.007100694444444444 0.00919642857142857
2 0.5759821428571429 0.4914318783068783 0.008328373015873015 0.010634920634920634
2 0.5843774801587301 0.4810383597883598 0.007537202380952381 0.00832010582010582
2 0.5996329365079365 0.459973544973545 0.006086309523809523 0.007384259259259259
2 0.6536458333333334 0.45224867724867723 0.007832341269841269 0.007916666666666667
2 0.7090600198412698 0.3765575396825397 0.008117559523809523 0.010317460317460317
2 0.7182638888888889 0.3867791005291005 0.007616567460317461 0.0094510582010582
2 0.7206125992063492 0.3800694444444444 0.005121527777777778 0.007400793650793651
2 0.7936061507936508 0.4787863756613756 0.007869543650793651 0.009007936507936508
2 0.7458854166666666 0.5141633597883598 0.004950396825396826 0.007162698412698413
2 0.7566815476190476 0.48691468253968256 0.006480654761904761 0.007797619047619047
2 0.6193973214285714 0.5378042328042327 0.006991567460317461 0.008604497354497354
2 0.655625 0.5489087301587302 0.005823412698412698 0.008568121693121693
2 0.6909226190476191 0.5438525132275132 0.007517361111111111 0.009679232804232805
2 0.68921875 0.5551884920634921 0.008395337301587301 0.009285714285714284
2 0.7000520833333334 0.5540244708994708 0.008325892857142856 0.009814814814814814
2 0.6905505952380953 0.5730390211640212 0.005394345238095238 0.007225529100529101
2 0.6675049603174603 0.5640839947089947 0.0066071428571428574 0.008707010582010581
2 0.6516939484126985 0.5586805555555556 0.008363095238095237 0.008716931216931217
2 0.6494469246031747 0.5664616402116402 0.007542162698412698 0.008564814814814815
2 0.6358506944444444 0.5595138888888889 0.00867063492063492 0.009973544973544973
2 0.6234548611111111 0.5579960317460317 0.008067956349206349 0.011431878306878307
2 0.630654761904762 0.5623743386243386 0.006237599206349206 0.00548941798941799
2 0.6269146825396825 0.565162037037037 0.008402777777777778 0.006779100529100529
2 0.6131696428571429 0.5383730158730159 0.006626984126984127 0.009206349206349206
2 0.5292038690476191 0.48756283068783074 0.006411210317460318 0.006610449735449735
2 0.5451413690476191 0.4967162698412698 0.007673611111111111 0.007215608465608466
2 0.5602405753968254 0.5071395502645503 0.005094246031746031 0.007473544973544974
2 0.5690724206349206 0.5199107142857143 0.0062351190476190475 0.007013888888888889
2 0.5755481150793651 0.5181382275132275 0.0067237103174603175 0.009966931216931218
2 0.5552380952380952 0.5582969576719576 0.00673859126984127 0.008293650793650792
2 0.5629861111111111 0.5559623015873016 0.007065972222222222 0.0057936507936507935
2 0.5462450396825397 0.5631812169312169 0.006063988095238095 0.00748015873015873
2 0.5361582341269842 0.560135582010582 0.0062351190476190475 0.007999338624338624
2 0.5467906746031745 0.5708201058201059 0.006912202380952381 0.007334656084656084
2 0.5154489087301587 0.5029497354497354 0.004365079365079365 0.008488756613756615
2 0.5076140873015873 0.5024437830687831 0.006302083333333333 0.007113095238095239
2 0.4870386904761905 0.5132903439153439 0.00416170634920635 0.005327380952380952
2 0.5069642857142856 0.5114285714285715 0.004464285714285714 0.006663359788359788
2 0.6318551587301587 0.30299603174603174 0.004040178571428571 0.009044312169312169