2 0.7416534391534392 0.9611135912698413 0.03162698412698413 0.03256696428571429
2 0.7021792328042328 0.9500868055555556 0.0426521164021164 0.03725446428571429
2 0.7097420634920636 0.9171279761904763 0.047595899470899476 0.033727678571428575
2 0.7758068783068783 0.8795982142857143 0.04051587301587301 0.031240079365079363
2 0.4463690476190476 0.8532638888888889 0.03863756613756614 0.02950396825396825
2 0.5059126984126985 0.8490972222222222 0.033792989417989416 0.026262400793650793
2 0.5504431216931217 0.7315277777777778 0.031183862433862432 0.02412698412698413
2 0.5877215608465608 0.6359499007936508 0.04462301587301587 0.027777777777777776
2 0.7681283068783069 0.7404414682539683 0.04043650793650794 0.019032738095238096
2 0.9145734126984127 0.7110987103174603 0.01925595238095238 0.029104662698412696
2 0.9447883597883597 0.6704141865079365 0.04064484126984127 0.03176835317460318
2 0.34292989417989417 0.8339930555555555 0.03038359788359788 0.022790178571428572
2 0.2418253968253968 0.8396924603174603 0.03189814814814815 0.025277777777777777
2 0.22067791005291007 0.7992683531746032 0.02015873015873016 0.017003968253968254
2 0.2531712962962963 0.804967757936508 0.03082010582010582 0.03222470238095238
2 0.13091931216931216 0.6253869047619047 0.020595238095238097 0.011743551587301587
2 0.1263260582010582 0.6427777777777778 0.024249338624338625 0.018407738095238095
2 0.33779761904761907 0.7141071428571429 0.02521164021164021 0.028754960317460318
2 0.3729199735449736 0.506282242063492 0.03639219576719577 0.025300099206349208
2 0.5207638888888889 0.4722891865079365 0.039358465608465606 0.025138888888888888
2 0.5875165343915344 0.46446180555555555 0.04435515873015873 0.032683531746031745
2 0.6425330687830688 0.4385391865079365 0.042533068783068784 0.03260416666666667
2 0.8413359788359788 0.36187251984126984 0.04746362433862434 0.039908234126984125
2 0.7979497354497355 0.3124652777777778 0.03684854497354498 0.026768353174603177
2 0.8723842592592593 0.3424007936507936 0.028650793650793652 0.018816964285714288
2 0.4140310846560846 0.30966517857142856 0.023422619047619046 0.019384920634920633
2 0.3453835978835979 0.28386656746031746 0.026537698412698412 0.014193948412698412
2 0.153505291005291 0.39152529761904764 0.04021825396825397 0.02603422619047619
2 0.023892195767195767 0.44632936507936505 0.03325396825396826 0.026763392857142857
2 0.26488756613756614 0.4745610119047619 0.027377645502645504 0.018973214285714284
2 0.3105456349206349 0.4816592261904762 0.03777777777777778 0.024246031746031748
2 0.020539021164021162 0.501780753968254 0.031306216931216935 0.018080357142857145
2 0.5193022486772486 0.17230654761904762 0.029295634920634923 0.02310763888888889
2 0.5844345238095238 0.08432043650793651 0.031048280423280422 0.023841765873015872
2 0.3429232804232804 0.3834325396825397 0.04563492063492063 0.03373015873015873
2 0.12632275132275134 0.42336309523809523 0.042328042328042326 0.024305555555555556
2 0.05555555555555555 0.5267857142857143 0.03835978835978836 0.016865079365079364
2 0.013227513227513227 0.5329861111111112 0.026455026455026454 0.022321428571428572