1 0.28492504409171077 0.6632862103174603 0.09369929453262786 0.05381200396825397
1 0.6441225749559082 0.9515525793650793 0.06471340388007055 0.0377703373015873
1 0.18006613756613757 0.8265401785714286 0.07394179894179893 0.042306547619047626
2 0.8835008818342152 0.6400967261904762 0.05743827160493828 0.036148313492063495
1 0.7018871252204586 0.4545014880952381 0.07373456790123456 0.04555555555555556
1 0.30023809523809525 0.8992509920634921 0.08898148148148148 0.05482886904761904
1 0.1511596119929453 0.6594915674603175 0.09414462081128748 0.05866815476190476
1 0.8409656084656084 0.45015873015873015 0.06946208112874779 0.037869543650793654
1 0.8053306878306878 0.6347941468253968 0.055414462081128754 0.034866071428571434
1 0.5861816578483245 0.6425272817460318 0.06831128747795415 0.042435515873015875
1 0.24154761904761907 0.6055828373015874 0.07695767195767196 0.06043650793650794
1 0.7106084656084657 0.5631423611111112 0.05845238095238095 0.04065228174603174
1 0.7639241622574956 0.5751066468253968 0.07635361552028218 0.04062003968253968
1 0.3515564373897707 0.570952380952381 0.0992989417989418 0.05395833333333334
1 0.5566358024691358 0.1470982142857143 0.054947089947089946 0.04352430555555556
1 0.7324426807760142 0.9405605158730159 0.061521164021164025 0.04169394841269842
1 0.49396825396825395 0.5173908730158729 0.08875661375661376 0.04619791666666667
1 0.659484126984127 0.6509697420634921 0.06536596119929454 0.036068948412698414
1 0.3170943562610229 0.5396403769841269 0.08456790123456791 0.048963293650793646
1 0.36709435626102294 0.6203670634920635 0.07277777777777777 0.047621527777777777
1 0.7331878306878307 0.7234796626984127 0.04750440917107584 0.02875248015873016
1 0.5388051146384479 0.2214583333333333 0.06689594356261024 0.039424603174603175
1 0.36703703703703705 0.3384102182539683 0.07700617283950617 0.046073908730158736
1 0.23197089947089947 0.9366468253968254 0.07606701940035274 0.04980902777777778
1 0.0314373897707231 0.7804315476190475 0.0628747795414462 0.04732638888888889
1 0.43090828924162256 0.4488169642857143 0.08744708994708995 0.054640376984126986
1 0.08520723104056438 0.8326860119047619 0.09332010582010582 0.05585813492063492
1 0.4077645502645502 0.5639856150793651 0.039131393298059966 0.025954861111111113
1 0.3104541446208113 0.10411458333333334 0.05279100529100529 0.031225198412698413
1 0.7223280423280424 0.809265873015873 0.05483245149911817 0.03288938492063492
1 0.5357804232804233 0.92734375 0.05021164021164021 0.03774057539682539
1 0.7482098765432099 0.3834275793650794 0.06638888888888889 0.034508928571428565
1 0.6121075837742505 0.12472222222222222 0.05671957671957671 0.04843998015873016
1 0.8788447971781306 0.4289037698412698 0.05744268077601411 0.03847470238095238
1 0.7775749559082892 0.18940972222222224 0.04395061728395062 0.020610119047619047
1 0.5765035273368607 0.3098363095238095 0.045731922398589066 0.03091765873015873
1 0.4614021164021164 0.5438392857142857 0.06314373897707232 0.03663690476190476
1 0.024056437389770723 0.6659151785714286 0.04810846560846561 0.047899305555555556
1 0.018972663139329805 0.15010912698412698 0.03549823633156967 0.06059523809523809
1 0.2837345679012346 0.02093998015873016 0.060370370370370366 0.03961805555555556
1 0.5377821869488536 0.24647321428571428 0.05533950617283951 0.029995039682539682
1 0.7425352733686067 0.4496527777777778 0.060370370370370366 0.04584325396825397
1 0.8949647266313933 0.575860615079365 0.06137566137566137 0.03339037698412698
1 0.7732231040564375 0.734610615079365 0.0492989417989418 0.02942956349206349
1 0.7697001763668431 0.8596875 0.04225749559082893 0.02490327380952381
1 0.6816622574955908 0.9270362103174603 0.05533950617283951 0.03508928571428571
1 0.5750132275132276 0.9267534722222223 0.04125220458553792 0.029995039682539682
1 0.5594179894179894 0.9510887896825396 0.04427248677248677 0.0288640873015873
1 0.38182980599647265 0.39390625 0.0492989417989418 0.02942956349206349