2 0.15591931216931218 0.34145089285714286 0.016114417989417987 0.009064980158730158
2 0.15189153439153438 0.36320684523809527 0.016114417989417987 0.00967013888888889
2 0.2687301587301587 0.3381274801587301 0.014503968253968253 0.009064980158730158
2 0.08863756613756614 0.44252480158730156 0.01289351851851852 0.010575396825396826
2 0.10414682539682539 0.47863591269841266 0.014100529100529101 0.008459821428571428
2 0.121875 0.4851314484126984 0.01087962962962963 0.008762400793650793
2 0.1827116402116402 0.43950396825396826 0.015714285714285715 0.007554563492063493
2 0.21715939153439157 0.46110863095238097 0.01289351851851852 0.007857142857142858
2 0.2536210317460318 0.494952876984127 0.014100529100529101 0.010272817460317461
2 0.1847255291005291 0.534233630952381 0.012490079365079365 0.009064980158730158
2 0.1069675925925926 0.5124776785714286 0.01087962962962963 0.007857142857142858
2 0.12529761904761905 0.5721552579365079 0.01289351851851852 0.008159722222222223
2 0.06971891534391535 0.5982936507936508 0.0088260582010582 0.005438988095238095
2 0.43455357142857143 0.6409002976190477 0.008462301587301588 0.006646825396825397
2 0.27198743386243385 0.6115897817460317 0.016921296296296295 0.01087797619047619
2 0.22243386243386243 0.5887748015873016 0.014503968253968253 0.011180555555555555
2 0.3521626984126984 0.5783506944444444 0.01853174603174603 0.014503968253968253
2 0.4619510582010582 0.55296875 0.012490079365079365 0.012690972222222223
2 0.43938822751322754 0.5502480158730159 0.009265873015873016 0.007857142857142858
2 0.4578869047619048 0.3982589285714286 0.01732473544973545 0.012085813492063491
2 0.4993849206349207 0.3970486111111111 0.018131613756613756 0.014503968253968253
2 0.4653406084656085 0.4455481150793651 0.017728174603174603 0.012388392857142858
2 0.47823082010582013 0.4638293650793651 0.01853174603174603 0.012690972222222223
2 0.4907208994708995 0.4751612103174603 0.017728174603174603 0.012993551587301587
2 0.4582903439153439 0.4840749007936508 0.014100529100529101 0.009064980158730158
2 0.619646164021164 0.3490054563492064 0.01933862433862434 0.012085813492063491
2 0.6744411375661375 0.3644146825396825 0.016921296296296295 0.01087797619047619
2 0.6685978835978835 0.4079265873015873 0.01732473544973545 0.01148313492063492
2 0.6051421957671957 0.41517857142857145 0.011279761904761905 0.014503968253968253
2 0.6303240740740741 0.4384474206349206 0.013296957671957672 0.006646825396825397
2 0.6283101851851852 0.462016369047619 0.01974206349206349 0.01148313492063492
2 0.6033300264550264 0.5041691468253968 0.018935185185185183 0.012993551587301587
2 0.5467228835978836 0.46669890873015873 0.014503968253968253 0.011180555555555555
2 0.5553869047619048 0.47697420634920634 0.014100529100529101 0.009972718253968255
2 0.5340310846560847 0.5369543650793651 0.014907407407407407 0.01148313492063492
2 0.5392691798941799 0.5458680555555556 0.018131613756613756 0.007554563492063493
2 0.5437003968253968 0.5608258928571429 0.014100529100529101 0.009064980158730158
2 0.5511541005291005 0.569890873015873 0.01531084656084656 0.00967013888888889
2 0.558207671957672 0.5635441468253969 0.01087962962962963 0.008459821428571428
2 0.5648544973544973 0.535592757936508 0.020145502645502647 0.012388392857142858
2 0.5862070105820106 0.5318154761904762 0.01853174603174603 0.013898809523809523
2 0.5982936507936508 0.5221478174603175 0.017728174603174603 0.01087797619047619
2 0.5700925925925926 0.5118725198412698 0.01933862433862434 0.013296130952380952
2 0.5872156084656085 0.5067361111111112 0.015714285714285715 0.013898809523809523
2 0.5797619047619048 0.6558556547619048 0.01853174603174603 0.013598710317460317
2 0.625489417989418 0.6395386904761905 0.018131613756613756 0.013598710317460317
2 0.6663822751322752 0.6481522817460317 0.011279761904761905 0.009064980158730158
2 0.7072751322751324 0.6726264880952382 0.01732473544973545 0.012690972222222223
2 0.8184755291005291 0.681842757936508 0.014907407407407407 0.010575396825396826
2 0.8398280423280423 0.6547991071428572 0.01732473544973545 0.013296130952380952
2 0.6806845238095238 0.5860565476190476 0.012490079365079365 0.008762400793650793
2 0.6718220899470899 0.5697395833333333 0.016517857142857143 0.014201388888888888
2 0.6865277777777777 0.5745734126984127 0.016114417989417987 0.010575396825396826
2 0.6885416666666667 0.5661135912698413 0.016921296296296295 0.008762400793650793
2 0.6978075396825397 0.5673214285714285 0.008862433862433863 0.012388392857142858
2 0.7038525132275132 0.5738169642857143 0.016114417989417987 0.013296130952380952
2 0.7163392857142857 0.5280406746031746 0.01853174603174603 0.012388392857142858
2 0.7107010582010581 0.49676587301587305 0.01853174603174603 0.013898809523809523
2 0.6871329365079365 0.47485863095238096 0.01732473544973545 0.011180555555555555
2 0.7495800264550264 0.5148958333333333 0.01732473544973545 0.012085813492063491
2 0.7509887566137565 0.5041691468253968 0.017728174603174603 0.011180555555555555
2 0.8092063492063492 0.42938244047619045 0.014907407407407407 0.01087797619047619
2 0.7842294973544974 0.3848115079365079 0.015714285714285715 0.009972718253968255
2 0.8803174603174603 0.5229017857142858 0.013697089947089947 0.010575396825396826
2 0.8744742063492063 0.5037152777777778 0.01974206349206349 0.007857142857142858
2 0.8172652116402116 0.5194270833333333 0.01974206349206349 0.012690972222222223
2 0.8823313492063493 0.5733655753968254 0.021755952380952383 0.011785714285714287
2 0.9359160052910053 0.6066021825396826 0.01289351851851852 0.009367559523809525
2 0.9870833333333333 0.5487375992063492 0.008862433862433863 0.006044146825396826
2 0.9401455026455027 0.5759325396825397 0.006848544973544974 0.005438988095238095
2 0.7467592592592592 0.5747247023809524 0.01087962962962963 0.006044146825396826
2 0.7147288359788361 0.626547619047619 0.01531084656084656 0.008762400793650793
2 0.7681117724867724 0.5658110119047619 0.011683201058201058 0.007554563492063493
2 0.48803902116402115 0.43237351190476186 0.017086640211640212 0.011986607142857143
2 0.4148743386243386 0.4170808531746032 0.01515542328042328 0.01033482142857143