2 0.9450099206349207 0.9396230158730159 0.03033234126984127 0.02620701058201058
2 0.8801636904761905 0.9183994708994708 0.02642609126984127 0.032063492063492065
2 0.8821081349206349 0.707089947089947 0.045409226190476194 0.0521957671957672
2 0.9268725198412698 0.6649173280423281 0.04739087301587302 0.05238095238095238
2 0.9769965277777778 0.6859589947089948 0.04600694444444445 0.05420965608465609
2 0.7325148809523809 0.9230357142857144 0.017916666666666664 0.02523148148148148
2 0.7350520833333334 0.9432837301587301 0.018268849206349205 0.020138888888888887
2 0.7541542658730159 0.9006249999999999 0.01490327380952381 0.02736772486772487
2 0.7333382936507937 0.8515608465608465 0.013524305555555555 0.021822089947089944
2 0.8038789682539682 0.7294378306878307 0.020768849206349204 0.020419973544973546
2 0.7585218253968254 0.716845238095238 0.023638392857142858 0.026091269841269842
2 0.7764980158730159 0.6623544973544974 0.013303571428571428 0.020423280423280423
2 0.7859895833333334 0.6820238095238096 0.012996031746031745 0.014034391534391533
2 0.682671130952381 0.7630390211640211 0.008792162698412698 0.017857142857142856
2 0.6742782738095239 0.7248644179894179 0.009109623015873015 0.011273148148148148
2 0.7603819444444445 0.4856481481481481 0.020314980158730157 0.02255621693121693
2 0.7288392857142857 0.5102876984126984 0.01659970238095238 0.020846560846560846
2 0.7047767857142857 0.5537367724867724 0.02080109126984127 0.020539021164021162
2 0.675498511904762 0.5586177248677249 0.012557043650793652 0.016881613756613754
2 0.6534250992063493 0.6355489417989418 0.013695436507936507 0.019133597883597885
2 0.6510912698412697 0.6158498677248677 0.011039186507936508 0.014623015873015873
2 0.686842757936508 0.6114285714285714 0.00908482142857143 0.012486772486772485
2 0.6737822420634921 0.6674735449735449 0.01415922619047619 0.019927248677248675
2 0.853452380952381 0.4338723544973545 0.026336805555555554 0.023657407407407408
2 0.9209970238095239 0.35605489417989417 0.017529761904761906 0.018293650793650792
2 0.8190054563492064 0.46759589947089947 0.013792162698412698 0.015968915343915344
2 0.7934796626984126 0.47814814814814816 0.019089781746031747 0.01560515873015873
2 0.7237847222222222 0.48659391534391533 0.01755952380952381 0.023105158730158733
2 0.7175347222222223 0.42887896825396826 0.008511904761904762 0.015429894179894179
2 0.7014335317460317 0.47020171957671963 0.011049107142857142 0.01603835978835979
2 0.772423115079365 0.38525462962962964 0.013479662698412699 0.021068121693121694
2 0.7064484126984127 0.37457010582010586 0.015245535714285713 0.018783068783068783
2 0.7207167658730158 0.363287037037037 0.011257440476190476 0.01572751322751323
2 0.8494766865079365 0.29798941798941797 0.014521329365079364 0.022172619047619045
2 0.8923387896825397 0.23831679894179894 0.01168154761904762 0.017757936507936507
2 0.8225421626984126 0.230109126984127 0.016825396825396827 0.020416666666666666
2 0.8335168650793651 0.2220271164021164 0.014888392857142857 0.017261904761904763
2 0.8069122023809523 0.15966600529100528 0.01939236111111111 0.02568452380952381
2 0.7319196428571428 0.3022420634920635 0.00816468253968254 0.017959656084656085
2 0.7111582341269841 0.297093253968254 0.010558035714285714 0.01384920634920635
2 0.681235119047619 0.27723214285714287 0.011274801587301587 0.01343915343915344
2 0.6807266865079366 0.5895899470899472 0.012036210317460317 0.01853174603174603
2 0.6571006944444444 0.572390873015873 0.010687003968253969 0.01710978835978836
2 0.6371329365079366 0.5733630952380953 0.006592261904761905 0.00423941798941799
2 0.6917981150793651 0.6199437830687831 0.014868551587301588 0.015502645502645504
2 0.7050124007936508 0.638535052910053 0.013457341269841269 0.01776785714285714
2 0.7346602182539683 0.5981779100529101 0.00588045634920635 0.011111111111111112
2 0.8070783730158729 0.5852149470899471 0.013836805555555555 0.011041666666666667
2 0.7826612103174603 0.43962962962962965 0.009303075396825396 0.009249338624338624
2 0.7819146825396825 0.5237466931216931 0.008521825396825397 0.01349867724867725
2 0.014382440476190477 0.45014880952380953 0.02529265873015873 0.019520502645502646
2 0.010786210317460318 0.4909490740740741 0.016847718253968257 0.015631613756613757
2 0.05501984126984127 0.5377215608465609 0.017115575396825396 0.0153505291005291
2 0.08848214285714286 0.5686177248677249 0.01617311507936508 0.014589947089947089
2 0.02362847222222222 0.45991402116402114 0.019079861111111113 0.014024470899470898
2 0.09591021825396825 0.267364417989418 0.010699404761904762 0.012582671957671957
2 0.10709077380952381 0.2718187830687831 0.011664186507936509 0.008981481481481481
2 0.21429315476190475 0.2471494708994709 0.012271825396825396 0.015522486772486771
2 0.22086061507936508 0.29224537037037035 0.011649305555555555 0.014798280423280423
2 0.23496031746031745 0.32333994708994707 0.010756448412698412 0.014021164021164021
2 0.2537797619047619 0.34249338624338627 0.008363095238095237 0.01062830687830688
2 0.27359375 0.3450231481481481 0.008271329365079365 0.01277116402116402
2 0.24672619047619046 0.4143617724867725 0.012621527777777778 0.011329365079365078
2 0.20979414682539682 0.403994708994709 0.01298859126984127 0.013111772486772486
2 0.22466269841269842 0.43520171957671955 0.013306051587301587 0.0158994708994709
2 0.21146825396825397 0.44656415343915346 0.013814484126984128 0.014021164021164021
2 0.17756448412698414 0.40327380952380953 0.014501488095238095 0.014173280423280423
2 0.1569047619047619 0.4142559523809524 0.012589285714285714 0.011537698412698413
2 0.2287326388888889 0.4812334656084656 0.012331349206349205 0.011216931216931217
2 0.19938492063492064 0.5296560846560847 0.01310763888888889 0.01631613756613757
2 0.22482886904761903 0.519183201058201 0.014265873015873017 0.018306878306878306
2 0.220250496031746 0.5458796296296297 0.01261656746031746 0.014570105820105822
2 0.25950892857142854 0.49981150793650797 0.012316468253968253 0.014593253968253969
2 0.28704117063492063 0.5178009259259259 0.008618551587301588 0.009702380952380952
2 0.30498511904761905 0.5407539682539683 0.010381944444444444 0.013075396825396825
2 0.31991815476190477 0.48174603174603176 0.011473214285714285 0.01265873015873016
2 0.3278000992063492 0.4939451058201058 0.009980158730158731 0.01328373015873016
2 0.319171626984127 0.4953472222222222 0.008415178571428572 0.012751322751322751
2 0.34105406746031747 0.5242824074074074 0.009020337301587302 0.010988756613756612
2 0.3518303571428571 0.5263756613756614 0.006805555555555556 0.010591931216931217
2 0.3810391865079365 0.44544973544973543 0.010491071428571428 0.01345568783068783
2 0.39073660714285713 0.4665343915343915 0.009868551587301587 0.011841931216931218
2 0.3917261904761905 0.5131150793650794 0.009030257936507935 0.011177248677248676
2 0.3969270833333334 0.5230952380952381 0.009337797619047619 0.01320436507936508
2 0.4286656746031746 0.4666501322751323 0.005969742063492063 0.011236772486772486
2 0.4389360119047619 0.3872089947089947 0.007745535714285714 0.009153439153439153
2 0.4784027777777778 0.3399636243386243 0.006304563492063492 0.008488756613756615
2 0.4294246031746032 0.31394841269841267 0.008427579365079364 0.01025132275132275
2 0.3793973214285714 0.3251124338624339 0.008938492063492063 0.012562830687830689
2 0.12171130952380953 0.44962962962962966 0.01220486111111111 0.016527777777777777
2 0.1269295634920635 0.48374999999999996 0.011964285714285715 0.014295634920634919
2 0.1345982142857143 0.5470006613756614 0.015558035714285713 0.01267526455026455
2 0.0428125 0.6426455026455026 0.01509920634920635 0.0167526455026455
2 0.014476686507936508 0.7145998677248676 0.014481646825396826 0.012609126984126985
2 0.09944444444444443 0.7440277777777778 0.01251984126984127 0.015228174603174603
2 0.13571676587301587 0.6984722222222222 0.016195436507936506 0.013806216931216931
2 0.2008953373015873 0.6501653439153439 0.012549603174603175 0.01400462962962963
2 0.034243551587301586 0.692503306878307 0.011842757936507936 0.008277116402116402
2 0.21315972222222224 0.6580621693121693 0.008253968253968255 0.00986111111111111
2 0.2589955357142857 0.6513955026455026 0.010768849206349207 0.012192460317460317
2 0.23035714285714284 0.6121031746031746 0.012214781746031746 0.011190476190476192
2 0.24133928571428573 0.6453472222222222 0.01015625 0.011997354497354498
2 0.28047371031746027 0.6098214285714285 0.01101686507936508 0.014457671957671957
2 0.28849454365079363 0.6060846560846561 0.010510912698412698 0.014814814814814814
2 0.3171949404761905 0.592010582010582 0.01185515873015873 0.01513888888888889
2 0.23632936507936508 0.640922619047619 0.010166170634920636 0.008912037037037036
2 0.2241418650793651 0.631795634920635 0.010570436507936508 0.01078373015873016
2 0.20583581349206348 0.5943121693121693 0.009045138888888889 0.012258597883597884
2 0.20937251984126987 0.5504232804232805 0.009077380952380953 0.011302910052910052
2 0.1503720238095238 0.5612433862433862 0.008878968253968254 0.010499338624338625
2 0.3536061507936508 0.5985780423280423 0.011200396825396825 0.01267857142857143
2 0.38095734126984127 0.6408234126984127 0.0100421626984127 0.01382936507936508
2 0.40702132936507934 0.6055853174603174 0.009930555555555555 0.01300595238095238
2 0.41579117063492066 0.5914583333333333 0.00996279761904762 0.014543650793650793
2 0.4171453373015873 0.6343816137566137 0.007532242063492064 0.011415343915343917
2 0.39025297619047616 0.6577943121693122 0.007497519841269841 0.01033399470899471
2 0.4234151785714286 0.6840376984126985 0.009203869047619048 0.012896825396825396
2 0.5276810515873016 0.5478439153439154 0.007061011904761904 0.009841269841269842
2 0.47663442460317457 0.5000429894179894 0.007544642857142857 0.006438492063492063
2 0.432514880952381 0.36535052910052906 0.004756944444444445 0.007189153439153439
2 0.3740873015873016 0.36391203703703706 0.006564980158730158 0.007132936507936508
2 0.3468229166666667 0.691498015873016 0.009937996031746032 0.013528439153439152
2 0.4950793650793651 0.6221924603174603 0.006369047619047619 0.007311507936507936
2 0.5030233134920635 0.5806084656084656 0.006423611111111111 0.008224206349206349
2 0.5097445436507937 0.5903604497354498 0.004035218253968254 0.005856481481481482
2 0.5025520833333333 0.5984656084656085 0.003504464285714286 0.0047255291005291
2 0.43956349206349205 0.5789980158730159 0.0075992063492063494 0.0052744708994708995