1 0.08242063492063492 0.6567162698412699 0.07459435626102293 0.04596974206349206
1 0.23542328042328045 0.26887896825396823 0.08590388007054674 0.051314484126984125
1 0.7598589065255732 0.6316865079365079 0.07431657848324516 0.041324404761904764
1 0.5660141093474427 0.6609226190476191 0.0700837742504409 0.042083333333333334
1 0.27784391534391534 0.45074900793650796 0.07945767195767196 0.05119047619047619
1 0.03970017636684304 0.6099751984126984 0.06495149911816579 0.04748759920634921
1 0.8996825396825396 0.39408234126984126 0.06074955908289242 0.031922123015873015
1 0.10216049382716048 0.37294642857142857 0.08120811287477954 0.04943204365079365
1 0.10943562610229277 0.6024181547619047 0.0800220458553792 0.048792162698412696
1 0.033584656084656085 0.2802951388888889 0.06716490299823634 0.0490203373015873
1 0.431005291005291 0.035830853174603175 0.04433862433862434 0.03255456349206349
1 0.8083289241622574 0.21516617063492063 0.058306878306878314 0.04432787698412698
1 0.15291887125220457 0.6684523809523809 0.07384920634920636 0.03785218253968254
1 0.7400440917107584 0.3374925595238095 0.06712522045855379 0.031183035714285715
1 0.9314285714285714 0.5336210317460317 0.046296296296296294 0.024060019841269844
1 0.6959964726631394 0.6332390873015873 0.05921957671957672 0.031123511904761904
1 0.21061287477954146 0.7815600198412699 0.07488095238095238 0.040811011904761905
2 0.8650044091710758 0.9933333333333333 0.04164462081128748 0.013335813492063493
1 0.3367680776014109 0.4642286706349206 0.0654320987654321 0.04018849206349206
1 0.39979717813051147 0.13909474206349207 0.05481040564373898 0.035071924603174605
1 0.0569400352733686 0.2533953373015873 0.0603395061728395 0.03228174603174603
1 0.06761904761904762 0.22561259920634918 0.04352292768959436 0.029007936507936507
1 0.4851675485008818 0.40000744047619047 0.058223104056437394 0.03463045634920635
1 0.2807098765432099 0.11880704365079364 0.03346560846560847 0.01675843253968254
1 0.5009479717813051 0.6003298611111112 0.06157407407407408 0.029694940476190475
1 0.9670238095238095 0.29565228174603175 0.038487654320987656 0.026904761904761907