1 0.3453350970017637 0.04420882936507937 0.07493827160493828 0.048033234126984126
1 0.9192989417989417 0.02421626984126984 0.08806437389770723 0.04843005952380953
1 0.45185185185185184 0.134375 0.06842592592592593 0.044265873015873015
1 0.6137433862433862 0.43854166666666666 0.08348324514991182 0.04865079365079365
1 0.8543518518518519 0.48091517857142857 0.07492063492063492 0.04078373015873016
1 0.9013536155202821 0.744625496031746 0.057107583774250445 0.03595982142857143
2 0.9812610229276896 0.782703373015873 0.03747795414462081 0.02369543650793651
1 0.4438447971781305 0.5455257936507937 0.07041887125220458 0.04963293650793651
1 0.39549823633156966 0.13040426587301587 0.05202821869488536 0.042748015873015875
1 0.46985008818342144 0.0861185515873016 0.058769841269841264 0.03900545634920635
1 0.1566225749559083 0.6459697420634921 0.07951058201058202 0.04446924603174603
1 0.2522971781305115 0.2400892857142857 0.05926807760141093 0.03234871031746032
1 0.9861243386243387 0.741108630952381 0.02775132275132275 0.030796130952380953
1 0.8662830687830688 0.7130431547619047 0.06181216931216931 0.03328125
1 0.5748721340388007 0.7167683531746032 0.06181216931216931 0.03874503968253968
1 0.5373412698412698 0.619908234126984 0.0644620811287478 0.03377728174603174
1 0.30332892416225754 0.29728670634920634 0.052098765432098765 0.029305555555555553
1 0.31790123456790126 0.19595734126984127 0.04945326278659612 0.027318948412698413
1 0.29052469135802467 0.2245188492063492 0.04945326278659612 0.02682291666666667
1 0.018544973544973545 0.12889880952380953 0.03708994708994709 0.024340277777777777
1 0.01236331569664903 0.14851934523809524 0.02472663139329806 0.023841765873015872
1 0.2543298059964727 0.272532242063492 0.04026455026455026 0.024156746031746033
1 0.49221781305114637 0.23025545634920636 0.06509259259259259 0.03095238095238095
1 0.6786816578483245 0.3897569444444444 0.034761904761904765 0.02133184523809524
1 0.8410405643738977 0.605079365079365 0.05925485008818342 0.032442956349206346
1 0.6616931216931217 0.6868526785714285 0.03871252204585538 0.024441964285714286
1 0.5159215167548501 0.584858630952381 0.060044091710758384 0.03288690476190476
1 0.655626102292769 0.09619047619047619 0.03021164021164021 0.015634920634920633
1 0.4157319223985891 0.09720982142857143 0.055590828924162256 0.03263144841269841
1 0.8683289241622575 0.09211309523809523 0.07855379188712522 0.044186507936507934