1 0.761441798941799 0.3853149801587301 0.06458553791887124 0.03998511904761905
1 0.3839109347442681 0.16147817460317462 0.06848324514991182 0.044136904761904766
1 0.5738492063492063 0.21014136904761904 0.05339065255731922 0.031304563492063495
1 0.27109347442680776 0.7648685515873015 0.0515652557319224 0.03126984126984127
1 0.5271825396825397 0.7909449404761905 0.051027336860670194 0.03379712301587302
1 0.9287037037037038 0.6619494047619048 0.06882716049382716 0.03760664682539682
1 0.45255731922398595 0.20231646825396826 0.06734126984126984 0.04176587301587302
1 0.5796516754850088 0.6036309523809524 0.08287037037037037 0.038799603174603174
1 0.6485582010582011 0.6896924603174603 0.04912698412698413 0.03686011904761905
1 0.3725573192239859 0.582953869047619 0.05397707231040565 0.035515873015873015
1 0.7971604938271605 0.7418675595238096 0.04754850088183422 0.029697420634920632
1 0.8541049382716049 0.6898164682539683 0.06580687830687831 0.03509424603174603
1 0.347336860670194 0.47955109126984125 0.05895943562610229 0.032090773809523805
1 0.5875176366843033 0.7140699404761905 0.05476190476190476 0.03156498015873016
1 0.1998853615520282 0.00956845238095238 0.03986772486772487 0.01913690476190476
1 0.98331569664903 0.6658680555555556 0.033368606701940036 0.03437251984126984
1 0.47836419753086423 0.7873859126984126 0.038668430335097 0.030128968253968255
1 0.16293209876543208 0.02460565476190476 0.0469268077601411 0.024119543650793652
1 0.14270723104056438 0.00798859126984127 0.04762345679012346 0.01597718253968254
1 0.4396957671957672 0.016331845238095236 0.03595679012345679 0.02165922619047619
1 0.48799382716049383 0.042187499999999996 0.028791887125220458 0.01802827380952381
1 0.3819091710758377 0.26038938492063496 0.03228835978835979 0.01972470238095238
1 0.34344797178130515 0.5382911706349206 0.055546737213403884 0.02812251984126984
1 0.24894179894179896 0.6791989087301588 0.05973544973544973 0.031202876984126986
1 0.23626984126984127 0.7496949404761905 0.04333774250440917 0.024270833333333332
1 0.2441710758377425 0.776671626984127 0.03946208112874779 0.022879464285714284
1 0.4312477954144621 0.7876240079365079 0.046887125220458556 0.027678571428571427
1 0.4351234567901235 0.825250496031746 0.0510626102292769 0.028467261904761905
1 0.30061728395061726 0.45545882936507937 0.05574955908289241 0.03150793650793651
1 0.7801146384479718 0.8381374007936507 0.05860229276895943 0.03512400793650794
1 0.7336022927689594 0.8250000000000001 0.052310405643738976 0.028970734126984126
1 0.6724911816578484 0.7900297619047619 0.05202821869488536 0.028462301587301588
1 0.5852380952380952 0.7650099206349207 0.05837301587301587 0.03376984126984127
1 0.5779541446208113 0.6307440476190476 0.06222663139329806 0.024518849206349207
1 0.7737037037037037 0.698844246031746 0.062477954144620804 0.03627728174603175
1 0.7833906525573192 0.590828373015873 0.0691931216931217 0.033125
1 0.9217724867724867 0.2696577380952381 0.06669312169312169 0.03312003968253968
1 0.6844620811287477 0.03117063492063492 0.04497354497354497 0.03199900793650794
1 0.49170634920634926 0.7363789682539682 0.05044532627865961 0.02883184523809524
1 0.27918871252204586 0.6533928571428571 0.05866402116402117 0.032919146825396824
1 0.19153439153439153 0.640280257936508 0.04510141093474427 0.027827380952380954
1 0.326168430335097 0.09188740079365079 0.05497795414462081 0.024851190476190478
1 0.03362874779541446 0.5543452380952381 0.038602292768959434 0.023484623015873014