1 0.19694885361552028 0.07745039682539683 0.04994268077601411 0.02790922619047619
1 0.7215917107583774 0.37702380952380954 0.06134920634920634 0.037274305555555554
1 0.07863756613756613 0.23177827380952382 0.03293650793650794 0.0228125
1 0.8995679012345679 0.17657242063492065 0.05093033509700177 0.03186755952380953
1 0.8910582010582011 0.29012400793650794 0.050921516754850085 0.028504464285714286
1 0.7454012345679012 0.6797867063492063 0.04658730158730159 0.03017857142857143
1 0.6466975308641976 0.3845858134920635 0.04823192239858907 0.03145337301587301
1 0.015127865961199296 0.2589905753968254 0.028725749559082896 0.021081349206349208
1 0.3057980599647266 0.4809796626984127 0.06072751322751322 0.029211309523809525
1 0.3378968253968254 0.09340277777777778 0.05285273368606702 0.02947420634920635
1 0.04795414462081129 0.24167162698412697 0.036327160493827164 0.02163938492063492
1 0.13477954144620813 0.25095734126984126 0.04229717813051147 0.024813988095238094
1 0.6764506172839506 0.4089409722222222 0.04993827160493827 0.031607142857142854
1 0.2800440917107584 0.617485119047619 0.07605379188712523 0.04275793650793651
1 0.8817239858906526 0.461671626984127 0.05470899470899471 0.0338640873015873
1 0.7788007054673721 0.6718105158730158 0.05137566137566137 0.03024801587301587
1 0.8619268077601411 0.24589781746031747 0.04938712522045856 0.03149801587301587
1 0.051865079365079364 0.27221478174603175 0.038337742504409175 0.02218998015873016
1 0.14311287477954143 0.22475198412698413 0.03999559082892416 0.02412698412698413
1 0.32052910052910055 0.11837549603174603 0.04792768959435626 0.029444444444444443
1 0.23547619047619045 0.0729985119047619 0.028302469135802467 0.02001984126984127
1 0.08601410934744269 0.07139384920634921 0.04358024691358025 0.020644841269841268
1 0.2247883597883598 0.058060515873015875 0.03822751322751323 0.020644841269841268
1 0.3960537918871252 0.17482638888888888 0.03364197530864197 0.019352678571428573
1 0.3203615520282187 0.1376264880952381 0.03822751322751323 0.02150297619047619
1 0.04281746031746032 0.1829985119047619 0.04128747795414462 0.019352678571428573
1 0.050462962962962966 0.19719246031746032 0.03517195767195767 0.019352678571428573
1 0.05199294532627866 0.4040600198412699 0.039757495590828924 0.02365327380952381
1 0.04854938271604938 0.42212301587301587 0.028289241622574953 0.01763392857142857
1 0.01261463844797178 0.3806200396825397 0.02522927689594356 0.01892361111111111
1 0.37961640211640213 0.43610119047619045 0.05122574955908289 0.029246031746031746
1 0.43199294532627863 0.4352405753968254 0.061168430335096995 0.030106646825396825
1 0.4052292768959435 0.4629811507936508 0.06575396825396825 0.03311507936507937
1 0.8074029982363315 0.6784523809523809 0.03517195767195767 0.02623511904761905
2 0.8223148148148148 0.6649032738095237 0.0359347442680776 0.01978422619047619
1 0.8242239858906525 0.644905753968254 0.04587301587301588 0.027956349206349207
1 0.9484700176366844 0.509000496031746 0.045110229276895945 0.02537450396825397
1 0.7091534391534391 0.42104910714285715 0.045110229276895945 0.030964781746031744
1 0.9018298059964727 0.3573958333333333 0.04817019400352734 0.028385416666666666
1 0.9755731922398588 0.33288194444444447 0.04885361552028219 0.024084821428571428
1 0.7978483245149912 0.2754662698412699 0.05122574955908289 0.034836309523809526