2 0.7985639880952381 0.010565476190476191 0.019243551587301587 0.021127645502645502
2 0.966937003968254 0.2667526455026455 0.04131448412698413 0.04905092592592593
2 0.49662698412698414 0.2486441798941799 0.02320436507936508 0.03244708994708995
2 0.42503224206349205 0.3965476190476191 0.02603422619047619 0.02943121693121693
2 0.4765352182539683 0.4044708994708994 0.02037450396825397 0.028673941798941796
2 0.5136061507936508 0.4082440476190476 0.02093998015873016 0.025658068783068783
2 0.7544196428571429 0.3324041005291005 0.02603422619047619 0.03395833333333333
2 0.775359623015873 0.3327810846560847 0.021505456349206347 0.03320436507936508
2 0.8036582341269841 0.2973148148148148 0.032824900793650795 0.0407473544973545
2 0.8254464285714286 0.4414451058201058 0.02659970238095238 0.03320436507936508
2 0.585763888888889 0.5255853174603174 0.02603422619047619 0.03244708994708995
2 0.632172619047619 0.5670866402116401 0.02263888888888889 0.03093915343915344
2 0.545297619047619 0.5761441798941799 0.02093998015873016 0.03093915343915344
2 0.5622767857142857 0.5844444444444444 0.02546875 0.027919973544973546
2 0.4717237103174603 0.5233201058201058 0.016413690476190478 0.021884920634920636
2 0.7719642857142857 0.8421428571428571 0.03508928571428571 0.03773148148148148
2 0.8738368055555555 0.7617757936507937 0.032824900793650795 0.03697420634920635
2 0.8896825396825396 0.8553472222222223 0.02942956349206349 0.04452050264550264
2 0.9128869047619048 0.8542162698412699 0.019243551587301587 0.0362202380952381
2 0.8704414682539682 0.8361044973544974 0.02263888888888889 0.03320436507936508
2 0.7566840277777778 0.8991170634920634 0.032824900793650795 0.03395833333333333
2 0.655094246031746 0.9462797619047619 0.017544642857142856 0.022638888888888885
2 0.6446230158730158 0.9232638888888889 0.021505456349206347 0.02641203703703704
2 0.6398139880952382 0.8587433862433863 0.01980902777777778 0.028673941798941796
2 0.6259474206349207 0.8991170634920634 0.02263888888888889 0.023392857142857142
2 0.6166096230158731 0.9232638888888889 0.02093998015873016 0.03093915343915344
2 0.5798214285714286 0.929675925925926 0.017544642857142856 0.024146825396825396
2 0.5891592261904761 0.8700628306878307 0.019243551587301587 0.025658068783068783
2 0.5034176587301588 0.7991302910052911 0.009620535714285713 0.015092592592592593
2 0.5506746031746033 0.8564814814814815 0.01584573412698413 0.024146825396825396
2 0.706312003968254 0.08112103174603175 0.01584573412698413 0.027919973544973546
2 0.21763392857142858 0.4662698412698413 0.01240079365079365 0.01984126984126984
2 0.15066964285714285 0.4877645502645503 0.021081349206349208 0.0248015873015873
2 0.27653769841269843 0.5621693121693122 0.00992063492063492 0.01488095238095238
2 0.19128224206349206 0.4662698412698413 0.014260912698412698 0.016534391534391533
2 0.11625744047619048 0.5902777777777778 0.016741071428571428 0.026455026455026454
2 0.027901785714285716 0.7700892857142857 0.021081349206349208 0.014054232804232803