2 0.2994212962962963 0.046056547619047615 0.023257275132275133 0.020166170634920634
2 0.28452050264550266 0.062408234126984125 0.028343253968253965 0.021257440476190475
2 0.37500330687830685 0.09129712301587302 0.03052248677248677 0.024528769841269844
2 0.3350297619047619 0.18313988095238093 0.03924272486772487 0.026163194444444444
2 0.5890277777777778 0.12454613095238096 0.044332010582010584 0.031068948412698413
2 0.5755853174603175 0.18559275793650792 0.046511243386243385 0.03215773809523809
2 0.4734755291005291 0.1970386904761905 0.03851851851851852 0.031068948412698413
2 0.031613756613756615 0.20848462301587303 0.05014550264550264 0.03215773809523809
2 0.01453373015873016 0.22292906746031746 0.029070767195767195 0.02943204365079365
2 0.03088624338624339 0.2381919642857143 0.03997023809523809 0.031614583333333335
2 0.20167328042328042 0.22674603174603175 0.03561177248677248 0.023983134920634922
2 0.2659887566137566 0.27416666666666667 0.03488425925925926 0.022891865079365078
2 0.17768849206349208 0.2834325396825397 0.03561177248677248 0.021803075396825397
2 0.02943452380952381 0.2747098214285715 0.025436507936507938 0.020711805555555556
2 0.061408730158730156 0.2973313492063492 0.03851851851851852 0.0234375
2 0.7125760582010582 0.23928075396825396 0.045783730158730156 0.031614583333333335
2 0.9796527777777777 0.28969990079365077 0.04069444444444444 0.031068948412698413
2 0.7619940476190477 0.37963541666666667 0.0516005291005291 0.031068948412698413
2 0.5977513227513227 0.3957142857142857 0.03997023809523809 0.026163194444444444
2 0.41024801587301585 0.42841765873015875 0.05886574074074074 0.043603670634920634
2 0.462936507936508 0.4491294642857143 0.05668650793650793 0.04142361111111111
2 0.7481878306878307 0.4474950396825397 0.03270502645502646 0.020711805555555556
2 0.5777645502645503 0.44776785714285716 0.03342923280423281 0.0234375
2 0.9444080687830687 0.5428794642857142 0.025436507936507938 0.022891865079365078
2 0.9825628306878307 0.5627752976190477 0.01744047619047619 0.020166170634920634
2 0.042876984126984125 0.5848511904761905 0.029070767195767195 0.021803075396825397
2 0.37863425925925925 0.6014732142857142 0.03052248677248677 0.03542906746031746
2 0.10138227513227513 0.3286706349206349 0.03125 0.021803075396825397
2 0.174781746031746 0.6965873015873015 0.05305224867724868 0.050146329365079366
2 0.11083002645502645 0.49218998015873017 0.009447751322751323 0.003271329365079365
2 0.45966931216931217 0.6750570436507937 0.06467923280423281 0.03215773809523809
2 0.5759457671957672 0.764719742063492 0.06032076719576719 0.04033482142857143
2 0.17441798941798944 0.8535639880952381 0.04069775132275132 0.05123511904761905
2 0.5265277777777778 0.9075248015873015 0.047238756613756615 0.033794642857142856
2 0.589755291005291 0.8955357142857143 0.026888227513227513 0.02943204365079365
2 0.7202083333333333 0.706671626984127 0.024708994708994708 0.026708829365079366