2 0.12449404761904763 0.4194394841269841 0.009031084656084655 0.007740575396825397
2 0.1348148148148148 0.43298363095238096 0.009031084656084655 0.005806051587301587
2 0.13997354497354497 0.47047867063492066 0.006451719576719577 0.0062896825396825395
2 0.17480489417989417 0.43564484126984127 0.016772486772486772 0.012095734126984128
2 0.24608465608465607 0.41750248015873015 0.017417328042328043 0.012579365079365079
2 0.19383597883597883 0.44 0.010965608465608465 0.0062896825396825395
2 0.16383928571428572 0.43685515873015873 0.007741402116402117 0.006773313492063492
2 0.16964616402116403 0.41556795634920635 0.009031084656084655 0.006773313492063492
2 0.1554563492063492 0.4816046626984127 0.010320767195767196 0.009191468253968254
2 0.22157076719576718 0.47724950396825394 0.013544973544973546 0.011125992063492064
2 0.25188822751322754 0.4690252976190476 0.01870701058201058 0.009191468253968254
2 0.3157473544973545 0.4211309523809524 0.01999669312169312 0.014030257936507936
2 0.2318915343915344 0.33647073412698414 0.01999669312169312 0.012095734126984128
2 0.21254298941798944 0.3340500992063492 0.012255291005291005 0.010158730158730159
2 0.24640542328042328 0.30768601190476186 0.011610449735449736 0.009675099206349206
2 0.26704695767195763 0.3120386904761905 0.015479497354497355 0.010642361111111111
2 0.270271164021164 0.3502579365079365 0.02193121693121693 0.01451388888888889
2 0.361547619047619 0.25325892857142857 0.01999669312169312 0.013062996031746031
2 0.29414021164021165 0.32123015873015875 0.023220899470899472 0.016448412698412698
2 0.28156084656084657 0.32219742063492063 0.01870701058201058 0.016448412698412698
2 0.272853835978836 0.585374503968254 0.019351851851851853 0.015481150793650793
2 0.2847850529100529 0.5157118055555555 0.013544973544973546 0.009675099206349206
2 0.21157407407407405 0.5340947420634921 0.012900132275132275 0.011609623015873016
2 0.39283068783068786 0.46515625 0.023220899470899472 0.017899305555555557
2 0.410568783068783 0.4235515873015873 0.025155423280423278 0.017899305555555557
2 0.3950892857142857 0.48281498015873014 0.01870701058201058 0.013546626984126984
2 0.45733465608465607 0.48015376984126984 0.019351851851851853 0.015964781746031748
2 0.3550958994708995 0.5529613095238095 0.017417328042328043 0.012579365079365079
2 0.3328406084656085 0.6579439484126984 0.01806216931216931 0.01451388888888889
2 0.6402050264550264 0.6373834325396825 0.029027777777777777 0.023705357142857143
2 0.5276455026455026 0.6797123015873016 0.016772486772486772 0.011609623015873016
2 0.4192757936507937 0.7309945436507936 0.02064153439153439 0.013546626984126984
2 0.41540674603174604 0.7046279761904761 0.02193121693121693 0.017899305555555557
2 0.45088293650793654 0.705595238095238 0.016772486772486772 0.013062996031746031
2 0.3415509259259259 0.6726984126984127 0.017417328042328043 0.013062996031746031
2 0.3860582010582011 0.6652008928571429 0.016127645502645505 0.012579365079365079
2 0.3960548941798942 0.44217757936507934 0.02064153439153439 0.011609623015873016
2 0.5192592592592593 0.4235515873015873 0.028382936507936506 0.02273809523809524
2 0.3276818783068783 0.3309077380952381 0.02064153439153439 0.015481150793650793
2 0.3357440476190476 0.31591021825396826 0.0225760582010582 0.016448412698412698
2 0.3528373015873016 0.32268353174603176 0.02064153439153439 0.01451388888888889
2 0.38186507936507935 0.3139732142857143 0.02193121693121693 0.016448412698412698
2 0.467010582010582 0.2491468253968254 0.016772486772486772 0.012579365079365079
2 0.5105522486772487 0.24866319444444446 0.016127645502645505 0.013546626984126984
2 0.523452380952381 0.2510838293650794 0.025155423280423278 0.015481150793650793
2 0.5524801587301588 0.26511160714285714 0.02644510582010582 0.016448412698412698
2 0.62182208994709 0.2670486111111111 0.02580026455026455 0.02128720238095238
2 0.65375 0.23318204365079367 0.01999669312169312 0.01451388888888889
2 0.6918088624338625 0.2464856150793651 0.027738095238095235 0.021770833333333333
2 0.7501851851851852 0.2317311507936508 0.02193121693121693 0.016448412698412698
2 0.7140608465608466 0.23245783730158728 0.02451058201058201 0.015964781746031748
2 0.737281746031746 0.25446924603174603 0.02193121693121693 0.01451388888888889
2 0.5985978835978836 0.3098611111111111 0.028382936507936506 0.020803571428571428
2 0.6863260582010582 0.3035739087301587 0.02193121693121693 0.012095734126984128
2 0.6737466931216931 0.2779315476190476 0.025155423280423278 0.013062996031746031
2 0.658587962962963 0.293172123015873 0.012900132275132275 0.011609623015873016
2 0.4292757936507937 0.3321155753968254 0.021286375661375662 0.013062996031746031
2 0.41637566137566134 0.370577876984127 0.017417328042328043 0.011609623015873016
2 0.3608994708994709 0.3758978174603174 0.017417328042328043 0.015481150793650793
2 0.4457242063492063 0.37226934523809524 0.02064153439153439 0.014030257936507936
2 0.44153108465608465 0.3417906746031746 0.021286375661375662 0.014997519841269841
2 0.4350793650793651 0.34856398809523814 0.017417328042328043 0.013062996031746031
2 0.45475529100529105 0.3541269841269841 0.02193121693121693 0.013546626984126984
2 0.461848544973545 0.3596924603174603 0.02193121693121693 0.012095734126984128
2 0.47668650793650796 0.3611433531746032 0.01806216931216931 0.012095734126984128
2 0.5018419312169312 0.3560639880952381 0.016772486772486772 0.013546626984126984
2 0.48668320105820106 0.3260689484126984 0.014834656084656084 0.01451388888888889
2 0.49732804232804234 0.3202628968253968 0.02580026455026455 0.008707837301587302
2 0.5763458994708994 0.3807366071428572 0.017417328042328043 0.01451388888888889
2 0.5734424603174603 0.34300099206349205 0.01806216931216931 0.013546626984126984
2 0.6098875661375661 0.356547619047619 0.027738095238095235 0.019350198412698413
2 0.6395601851851852 0.36888392857142854 0.032896825396825397 0.02273809523809524
2 0.6821329365079365 0.3693675595238095 0.01999669312169312 0.01693204365079365
2 0.6934193121693122 0.38823412698412696 0.016772486772486772 0.014030257936507936
2 0.7330919312169312 0.4177455357142857 0.01870701058201058 0.015964781746031748
2 0.4583035714285715 0.5578000992063492 0.013544973544973546 0.012579365079365079
2 0.4247585978835979 0.5689260912698413 0.009675925925925926 0.006773313492063492
2 0.40412037037037035 0.5679588293650795 0.010965608465608465 0.006773313492063492
2 0.7008366402116402 0.6785044642857143 0.012255291005291005 0.012095734126984128
2 0.7663095238095239 0.5807787698412697 0.016772486772486772 0.014030257936507936
2 0.7721164021164022 0.4874107142857143 0.02451058201058201 0.01693204365079365
2 0.8808035714285715 0.5244196428571428 0.016127645502645505 0.01451388888888889
2 0.9153141534391533 0.5578000992063492 0.02709325396825397 0.017415674603174603
2 0.9407936507936508 0.5998883928571429 0.023865740740740743 0.017415674603174603
2 0.9398247354497355 0.6153695436507937 0.015479497354497355 0.013546626984126984
2 0.9527281746031747 0.6298834325396826 0.02580026455026455 0.018382936507936508
2 0.5934391534391534 0.5432862103174604 0.011610449735449736 0.008707837301587302
2 0.648912037037037 0.5258705357142857 0.01806216931216931 0.013546626984126984
2 0.6676190476190477 0.49345734126984125 0.019351851851851853 0.017415674603174603
2 0.6592328042328043 0.4537872023809524 0.02193121693121693 0.017415674603174603
2 0.6766501322751323 0.46515625 0.02193121693121693 0.014030257936507936
2 0.7134160052910052 0.34106646825396825 0.02451058201058201 0.018382936507936508
2 0.8127546296296296 0.3640451388888889 0.02451058201058201 0.014997519841269841
2 0.8475859788359789 0.3802529761904762 0.028382936507936506 0.019350198412698413
2 0.8724206349206348 0.3507415674603175 0.027738095238095235 0.022254464285714287
2 0.9565972222222222 0.363561507936508 0.028382936507936506 0.020803571428571428
2 0.9791732804232804 0.6499603174603175 0.012900132275132275 0.011125992063492064
2 0.9788525132275133 0.5735243055555556 0.029027777777777777 0.020803571428571428
2 0.9553075396825397 0.5369965277777778 0.016772486772486772 0.015481150793650793
2 0.9411177248677249 0.2464856150793651 0.010320767195767196 0.009191468253968254