1 0.5552601410934744 0.2987450396825397 0.04857142857142857 0.02717261904761905
1 0.4224955908289242 0.5844171626984127 0.060123456790123465 0.03349702380952381
1 0.5176895943562609 0.3163938492063492 0.043179012345679016 0.028762400793650795
1 0.15748236331569665 0.5279340277777778 0.05746913580246914 0.028871527777777777
1 0.6914197530864198 0.4347445436507937 0.05168430335097002 0.027750496031746032
1 0.47055114638447976 0.3022073412698413 0.03717372134038801 0.02860863095238095
1 0.798615520282187 0.5883953373015872 0.04621252204585538 0.026071428571428572
1 0.11669312169312171 0.3749355158730159 0.0362742504409171 0.019238591269841267
1 0.566168430335097 0.12149553571428572 0.038765432098765436 0.023613591269841267
1 0.22104938271604938 0.4193328373015873 0.03830246913580247 0.026646825396825398
1 0.7098853615520282 0.555047123015873 0.05003968253968254 0.02654513888888889
1 0.15862874779541444 0.3633134920634921 0.0415652557319224 0.020225694444444445
1 0.029559082892416228 0.1957638888888889 0.031574074074074074 0.019781746031746032
1 0.8953130511463845 0.45087301587301587 0.039413580246913583 0.026934523809523808
1 0.03315255731922399 0.3353050595238095 0.03532627865961199 0.021631944444444443
1 0.20903439153439152 0.6905952380952382 0.03944444444444444 0.02277281746031746
1 0.9647707231040564 0.3075570436507936 0.03980599647266314 0.02005704365079365
1 0.508805114638448 0.2898735119047619 0.03214726631393298 0.0258953373015873
1 0.5940035273368607 0.5715252976190476 0.03438271604938272 0.02562003968253968
1 0.27030864197530863 0.20944444444444446 0.03208994708994709 0.01894345238095238
1 0.01130952380952381 0.2391765873015873 0.02261904761904762 0.02107390873015873
1 0.3032627865961199 0.42188988095238095 0.04241622574955908 0.023859126984126986
1 0.5047310405643739 0.4759672619047619 0.049484126984126985 0.02783482142857143
1 0.8991798941798942 0.37218501984126984 0.03675925925925926 0.02226686507936508
1 0.9334656084656084 0.36840773809523814 0.027570546737213403 0.017098214285714286
1 0.9309920634920634 0.2866939484126984 0.035343915343915344 0.020677083333333336
1 0.9831701940035273 0.32466765873015874 0.03366402116402116 0.02107390873015873
1 0.9719929453262787 0.2946453373015873 0.033932980599647264 0.01670138888888889
1 0.8606569664902999 0.26124503968253965 0.028981481481481483 0.017495039682539685
1 0.9288712522045854 0.47139384920634925 0.046653439153439155 0.020280257936507937
1 0.9172089947089948 0.7505332341269841 0.04736331569664903 0.02664186507936508
1 0.7945590828924162 0.8322470238095238 0.03251763668430335 0.019087301587301587
1 0.25024250440917106 0.7515277777777778 0.04241622574955908 0.023859126984126986
1 0.32835537918871255 0.6823387896825397 0.027570546737213403 0.015109126984126985
1 0.18520723104056439 0.6558953373015873 0.03251763668430335 0.017098214285714286
1 0.13855379188712522 0.642375992063492 0.046653439153439155 0.025052083333333336
1 0.08412257495590829 0.5779588293650794 0.043827160493827164 0.02425595238095238
1 0.12052910052910054 0.5713988095238095 0.038880070546737214 0.02783482142857143
1 0.1940432098765432 0.5994320436507936 0.04029541446208113 0.02107390873015873
1 0.20570987654320988 0.498234126984127 0.038174603174603174 0.026242559523809526
1 0.05372574955908289 0.48908978174603174 0.02969135802469136 0.015905257936507936
1 0.06645061728395062 0.4674181547619048 0.035343915343915344 0.019484126984126986
1 0.13608024691358026 0.4187078373015873 0.034638447971781304 0.018291170634920636
1 0.18132275132275133 0.4258655753968254 0.037464726631393296 0.02226686507936508
1 0.14880511463844798 0.38033730158730156 0.030396825396825394 0.017098214285714286
1 0.09295855379188712 0.3206919642857143 0.027570546737213403 0.014712301587301588
1 0.304673721340388 0.26283482142857145 0.026860670194003528 0.015109126984126985
1 0.27887125220458553 0.2538888888888889 0.028981481481481483 0.016302083333333335
1 0.3499162257495591 0.18569444444444444 0.02261904761904762 0.013519345238095238
1 0.4870546737213404 0.20458333333333334 0.02261904761904762 0.01232638888888889
1 0.5117989417989418 0.09781746031746032 0.039585537918871254 0.02226686507936508
1 0.90907848324515 0.28351190476190474 0.02969135802469136 0.018291170634920636
1 0.8224823633156967 0.35210317460317464 0.020498236331569667 0.010736607142857143
1 0.5817548500881835 0.7799503968253969 0.029642857142857144 0.01834077380952381
1 0.8255864197530864 0.7519320436507937 0.0223015873015873 0.010523313492063492