2 0.6570899470899471 0.8636284722222223 0.05165343915343915 0.0417609126984127
2 0.8107142857142857 0.7136929563492064 0.048971560846560847 0.036728670634920635
2 0.8519708994708995 0.7255183531746031 0.05635251322751322 0.04226438492063492
2 0.8288260582010581 0.6052678571428571 0.06238756613756614 0.044275793650793656
2 0.9287830687830687 0.6045138888888889 0.06507275132275132 0.04980902777777778
2 0.9073148148148148 0.659858630952381 0.044947089947089944 0.03572172619047619
2 0.8727678571428571 0.6608655753968254 0.03354166666666667 0.02767113095238095
2 0.8375496031746031 0.6553298611111111 0.03823743386243386 0.036728670634920635
2 0.803670634920635 0.7687872023809523 0.04964285714285714 0.0382390873015873
2 0.6735284391534392 0.7602331349206349 0.02146825396825397 0.03622519841269841
2 0.7221626984126984 0.5305530753968254 0.048971560846560847 0.03572172619047619
2 0.5266137566137566 0.45659226190476193 0.07110780423280423 0.056855158730158735
2 0.6899636243386242 0.3715625 0.05568121693121693 0.03874007936507936
2 0.7476554232804232 0.3625074404761905 0.048971560846560847 0.02465277777777778
2 0.48501984126984127 0.466656746031746 0.04964285714285714 0.04075396825396825
2 0.35454034391534395 0.4271602182539682 0.04628968253968253 0.03521825396825397
2 0.4021693121693122 0.4294246031746032 0.035555555555555556 0.02364831349206349
2 0.37131283068783066 0.4621279761904762 0.04092261904761905 0.02465277777777778
2 0.21970238095238095 0.5116865079365079 0.03287037037037037 0.023144841269841267
2 0.06875992063492063 0.46564980158730157 0.02482142857142857 0.01660218253968254
2 0.3558829365079365 0.7499206349206349 0.03421296296296296 0.029685019841269842
2 0.3854001322751323 0.7725595238095239 0.026164021164021164 0.012579365079365079
2 0.12075066137566137 0.6442609126984127 0.029517195767195768 0.017609126984126984
2 0.47965277777777776 0.2475421626984127 0.05769179894179895 0.05333085317460318
2 0.5819576719576719 0.19219742063492065 0.06507275132275132 0.05433779761904762
2 0.6178472222222222 0.21911458333333333 0.059034391534391537 0.046790674603174605
2 0.6701719576719577 0.2321949404761905 0.04964285714285714 0.033710317460317454
2 0.9485747354497354 0.25030753968253966 0.055009920634920634 0.03974702380952381
2 0.39412037037037034 0.012075892857142856 0.05568121693121693 0.024149305555555556
2 0.6084556878306878 0.009308035714285715 0.02146825396825397 0.01861607142857143
2 0.32536044973544975 0.007043650793650793 0.026835317460317462 0.014087301587301586
2 0.22205026455026455 0.07823660714285714 0.038908730158730157 0.030691964285714284
2 0.08486111111111111 0.18741815476190476 0.03823743386243386 0.02565972222222222
2 0.01978835978835979 0.17207093253968253 0.036894841269841265 0.02817460317460317
2 0.011405423280423281 0.11521825396825397 0.022807539682539683 0.021130952380952382
2 0.087880291005291 0.07924355158730159 0.030859788359788358 0.01660218253968254
2 0.14392857142857143 0.24669146825396823 0.029748677248677247 0.015084325396825396
2 0.06557539682539683 0.2825148809523809 0.026398809523809522 0.020111607142857143
2 0.10077050264550265 0.29131448412698413 0.03393849206349206 0.020111607142857143