2 0.4744609788359788 0.20035218253968254 0.018068783068783068 0.015181051587301587
2 0.3966765873015873 0.24920386904761904 0.020198412698412698 0.014466765873015873
2 0.35792328042328037 0.32070684523809523 0.015472883597883598 0.013561507936507936
2 0.34431216931216935 0.31974950396825397 0.01361441798941799 0.012470238095238095
2 0.5041898148148148 0.3758234126984127 0.021286375661375662 0.015443948412698413
2 0.5197321428571429 0.39236359126984127 0.019289021164021165 0.015443948412698413
2 0.4939649470899471 0.4093005952380952 0.02068452380952381 0.015404265873015873
2 0.4283895502645503 0.42546626984126984 0.017453703703703704 0.014652777777777777
2 0.481656746031746 0.40610367063492064 0.008194444444444445 0.009012896825396827
2 0.5620205026455026 0.4623635912698413 0.018948412698412697 0.011530257936507938
2 0.37392857142857144 0.48542906746031744 0.013296957671957672 0.008038194444444443
2 0.41714285714285715 0.5418576388888889 0.018121693121693122 0.011721230158730158
2 0.4363921957671958 0.5448090277777778 0.018369708994708994 0.012978670634920635
2 0.4773280423280423 0.5544890873015873 0.016084656084656083 0.010518353174603173
2 0.4914880952380952 0.5608804563492062 0.016246693121693124 0.00978422619047619
2 0.5258333333333333 0.571594742063492 0.01935846560846561 0.011644345238095238
2 0.4018287037037037 0.5589632936507936 0.01064814814814815 0.012847222222222222
2 0.388015873015873 0.5603546626984127 0.017212301587301585 0.012321428571428572
2 0.3684623015873016 0.5649404761904763 0.011190476190476192 0.009915674603174602
2 0.3557539682539682 0.5680233134920635 0.01554563492063492 0.01277281746031746
2 0.33241732804232804 0.546031746031746 0.014083994708994711 0.010141369047619048
2 0.2259589947089947 0.5987375992063493 0.018412698412698412 0.012996031746031745
2 0.4040343915343915 0.577688492063492 0.01726521164021164 0.012249503968253968
2 0.3890939153439153 0.5822172619047619 0.01605820105820106 0.012212301587301588
2 0.371547619047619 0.6043799603174603 0.014047619047619047 0.0077380952380952375
2 0.4528637566137566 0.5686458333333334 0.017883597883597883 0.011537698412698413
2 0.5408994708994709 0.621765873015873 0.015304232804232805 0.013563988095238094
2 0.5350826719576719 0.6347743055555555 0.016904761904761905 0.013112599206349206
2 0.7518452380952381 0.5307862103174603 0.0203505291005291 0.01025545634920635
2 0.7610681216931217 0.5421230158730159 0.016140873015873018 0.010910218253968254
2 0.8421858465608466 0.5386061507936507 0.02017857142857143 0.012661210317460318
2 0.9209457671957673 0.5745659722222223 0.0191005291005291 0.012924107142857143
2 0.9072850529100529 0.464077380952381 0.021352513227513224 0.00834077380952381
2 0.9396693121693122 0.4423487103174603 0.015337301587301589 0.011200396825396825
2 0.895978835978836 0.6335689484126985 0.011187169312169312 0.01070188492063492
2 0.9045998677248678 0.6353546626984127 0.011385582010582011 0.010890376984126983
2 0.7883366402116402 0.662423115079365 0.019249338624338624 0.014878472222222223
2 0.8002678571428572 0.6635515873015874 0.009623015873015874 0.013692956349206349
2 0.8415806878306878 0.6779315476190476 0.009037698412698412 0.010932539682539683
2 0.8563194444444445 0.6691914682539682 0.018667328042328044 0.005855654761904762
2 0.903396164021164 0.665186011904762 0.015777116402116403 0.008601190476190476
2 0.7849272486772486 0.7206944444444445 0.017043650793650795 0.009613095238095238
2 0.5808564814814815 0.6390203373015874 0.016160714285714285 0.00920138888888889
2 0.3383399470899471 0.5183730158730159 0.011666666666666667 0.01062748015873016
2 0.31220568783068786 0.5212748015873017 0.01121031746031746 0.009030257936507935
2 0.18232804232804234 0.38094742063492065 0.012966269841269841 0.009623015873015872
2 0.3435548941798942 0.4020982142857143 0.014699074074074074 0.009370039682539683