1 0.4307495590828924 0.6612524801587302 0.05862874779541446 0.03367311507936508
1 0.9603042328042327 0.24590029761904764 0.04805114638447972 0.030840773809523808
1 0.6926234567901234 0.3048015873015873 0.04115961199294532 0.028038194444444445
1 0.8035449735449736 0.17409226190476193 0.042773368606701945 0.030364583333333334
1 0.7153615520282187 0.5707068452380952 0.05698853615520282 0.030912698412698413
1 0.7598721340388007 0.28558531746031746 0.04512786596119929 0.03279265873015873
1 0.8054409171075838 0.5429910714285715 0.05720458553791888 0.031574900793650794
1 0.4007231040564374 0.3259771825396825 0.04481922398589065 0.024444444444444446
1 0.7644268077601412 0.1716294642857143 0.03917107583774251 0.0306969246031746
1 0.8113624338624339 0.27592261904761906 0.046569664902998235 0.03443452380952381
1 0.9332716049382715 0.2218328373015873 0.054925044091710756 0.03397321428571428
1 0.37356701940035275 0.7362996031746032 0.05709435626102293 0.028132440476190478
1 0.8129585537918871 0.39086805555555554 0.042310405643738974 0.029776785714285714
1 0.8243562610229277 0.13852926587301587 0.03702380952380952 0.03131448412698413
2 0.3729144620811287 0.16113839285714288 0.03438712522045855 0.02036210317460317
1 0.2283994708994709 0.26821428571428574 0.026415343915343913 0.019131944444444444
1 0.38296296296296295 0.09662946428571428 0.032724867724867726 0.02058779761904762
1 0.658289241622575 0.08771329365079365 0.0330026455026455 0.02050843253968254
1 0.7824691358024691 0.21041666666666667 0.03554232804232804 0.02675843253968254
1 0.32501322751322753 0.6057192460317461 0.061825396825396825 0.027160218253968256
1 0.24452821869488536 0.3832167658730159 0.04064373897707231 0.023286210317460317
1 0.6545634920634921 0.051701388888888894 0.027552910052910055 0.019538690476190477
1 0.844484126984127 0.012016369047619048 0.03909611992945326 0.01932043650793651
1 0.9161772486772486 0.38531001984126984 0.04257495590828924 0.02913938492063492
1 0.9918253968253968 0.26263640873015875 0.01571869488536155 0.023286210317460317
1 0.9499735449735449 0.2618625992063492 0.04636243386243386 0.027547123015873014
1 0.3264638447971781 0.2478199404761905 0.032328042328042324 0.018132440476190476
1 0.3784171075837742 0.14718998015873017 0.036371252204585536 0.023249007936507936
1 0.3999647266313933 0.8825793650793651 0.05218694885361552 0.02601190476190476
1 0.4321913580246914 0.7568874007936508 0.05127865961199295 0.027023809523809523
1 0.3593342151675485 0.7581646825396826 0.04876543209876543 0.026041666666666668
1 0.46158730158730166 0.7302752976190475 0.038236331569664904 0.02682291666666667
1 0.45813051146384476 0.6931150793650793 0.05645502645502645 0.028859126984126984
1 0.2548941798941799 0.6302951388888889 0.05490299823633157 0.02623263888888889
1 0.12320987654320988 0.6545510912698413 0.03717372134038801 0.016063988095238093
1 0.05768077601410934 0.6349305555555556 0.029991181657848323 0.019950396825396826
1 0.08288800705467372 0.6273685515873016 0.030198412698412697 0.015431547619047619
1 0.1943562610229277 0.6080803571428572 0.033112874779541446 0.017864583333333333
1 0.6519532627865962 0.3993253968253968 0.054669312169312166 0.031217757936507936
1 0.599620811287478 0.4393303571428572 0.05181657848324515 0.02820188492063492
1 0.7327028218694885 0.31273065476190476 0.03142857142857143 0.02527281746031746
1 0.6592460317460318 0.32579365079365075 0.03657848324514991 0.02382688492063492
1 0.6979585537918871 0.3388541666666667 0.03734126984126984 0.025203373015873016
1 0.19543650793650794 0.371359126984127 0.0403042328042328 0.024466765873015873
1 0.1550793650793651 0.36853174603174604 0.040030864197530866 0.023050595238095238
1 0.058346560846560855 0.35311507936507935 0.033831569664903 0.016959325396825396
1 0.062010582010582 0.3585143849206349 0.025167548500881834 0.017157738095238097
1 0.286141975308642 0.27773809523809523 0.031931216931216935 0.015384424603174603
1 0.2612522045855379 0.2751860119047619 0.028650793650793652 0.01734871031746032
1 0.8555026455026455 0.005064484126984127 0.0432363315696649 0.010128968253968255
1 0.759320987654321 0.1280109126984127 0.02809082892416226 0.01781498015873016
1 0.7400529100529101 0.16978670634920637 0.02474426807760141 0.014404761904761905
1 0.6809832451499118 0.1843998015873016 0.029779541446208115 0.017393353174603172
1 0.8227910052910052 0.21544890873015873 0.041040564373897706 0.023720238095238096
1 0.8374206349206349 0.19396329365079365 0.03817901234567901 0.020337301587301588
1 0.7368386243386243 0.7384226190476191 0.038425925925925926 0.02332093253968254
1 0.16914462081128748 0.4261607142857143 0.036737213403880066 0.017415674603174603
1 0.1962037037037037 0.42796875 0.02854938271604938 0.01537450396825397
1 0.5118959435626103 0.174578373015873 0.020908289241622576 0.01197172619047619
1 0.6711111111111111 0.6331001984126984 0.04982804232804233 0.02916170634920635
1 0.3267283950617284 0.47499007936507937 0.040590828924162256 0.022487599206349206
1 0.5947134038800705 0.277859623015873 0.039541446208112875 0.018430059523809526
1 0.4747134038800706 0.39347966269841267 0.05339506172839506 0.026421130952380953
1 0.6612345679012346 0.3050372023809524 0.04547178130511464 0.026088789682539682