2 0.8357638888888889 0.6327058531746033 0.02419973544973545 0.017748015873015874
2 0.7121097883597883 0.4744915674603175 0.024735449735449735 0.01837301587301587
2 0.5206183862433862 0.32628224206349205 0.0270734126984127 0.01989583333333333
2 0.5083796296296296 0.5345039682539682 0.018521825396825398 0.017361111111111112
2 0.8807506613756614 0.4681423611111111 0.02591600529100529 0.019365079365079366
2 0.6429166666666667 0.32316468253968256 0.021266534391534392 0.022286706349206348
2 0.8046263227513227 0.6540674603174603 0.018763227513227513 0.01564484126984127
2 0.4941170634920635 0.9386805555555556 0.02578703703703704 0.022472718253968255
2 0.596845238095238 0.5010987103174603 0.0224239417989418 0.01771577380952381
2 0.4753042328042328 0.3150595238095238 0.01726521164021164 0.016133432539682538
2 0.9232671957671957 0.38837301587301587 0.02967261904761905 0.022321428571428572
2 0.6965178571428572 0.6385491071428572 0.027599206349206346 0.018226686507936508
2 0.24667328042328043 0.4194146825396825 0.018399470899470898 0.013697916666666666
2 0.9632837301587301 0.43592509920634925 0.030601851851851852 0.019270833333333334
2 0.513531746031746 0.4281324404761905 0.017063492063492065 0.013075396825396825
2 0.742337962962963 0.7459275793650794 0.026044973544973548 0.016607142857142855
2 0.8128670634920635 0.7788715277777778 0.016402116402116404 0.01461309523809524
2 0.3798115079365079 0.4441393849206349 0.01923941798941799 0.012026289682539684
2 0.7108895502645503 0.5880505952380952 0.017919973544973544 0.011448412698412697
2 0.35981812169312166 0.41678323412698415 0.013521825396825397 0.011609623015873016
2 0.4513888888888889 0.5568377976190476 0.012903439153439155 0.012678571428571428
2 0.923693783068783 0.6968129960317461 0.016395502645502644 0.014372519841269842
2 0.12519179894179894 0.48030257936507936 0.015324074074074075 0.011530257936507938
2 0.8640145502645503 0.7044816468253968 0.022030423280423282 0.015280257936507936
2 0.8056944444444445 0.3777579365079365 0.02443452380952381 0.01673363095238095
2 0.25733465608465605 0.30340277777777774 0.016633597883597882 0.012450396825396826
2 0.8948544973544973 0.6220758928571428 0.013878968253968253 0.010086805555555555
2 0.42071097883597885 0.5307018849206349 0.012906746031746031 0.010714285714285714
2 0.9862863756613758 0.5116914682539683 0.019652777777777776 0.01679315476190476
2 0.9588194444444443 0.6840922619047619 0.01720899470899471 0.012745535714285714
2 0.6245932539682539 0.36749255952380955 0.016607142857142855 0.014796626984126983
2 0.8418584656084657 0.6963690476190477 0.015228174603174603 0.013479662698412699
2 0.6800396825396826 0.5001537698412698 0.014890873015873017 0.012926587301587302
2 0.5406613756613756 0.46483630952380955 0.013726851851851851 0.011572420634920633
2 0.8409093915343915 0.7408382936507937 0.024133597883597886 0.01816964285714286
2 0.5655919312169312 0.5829563492063492 0.013723544973544973 0.012842261904761905
2 0.8767493386243386 0.5918080357142858 0.012503306878306879 0.010652281746031746
2 0.8356514550264551 0.37328869047619045 0.02476521164021164 0.015250496031746032
2 0.3033498677248677 0.32407242063492064 0.014371693121693122 0.011155753968253967
2 0.27558862433862436 0.3203695436507937 0.012529761904761905 0.012599206349206348
2 0.3668783068783069 0.3540897817460318 0.012334656084656084 0.011738591269841269
2 0.23983134920634921 0.5127132936507937 0.013462301587301587 0.010414186507936508
2 0.35136574074074073 0.2857316468253968 0.013667328042328042 0.013482142857142857
2 0.022526455026455026 0.4362921626984127 0.012926587301587304 0.006101190476190476
2 0.7989616402116402 0.7294394841269841 0.014374999999999999 0.011078869047619047
2 0.5571494708994709 0.32744791666666667 0.015578703703703704 0.012289186507936508
2 0.15776785714285713 0.30431795634920633 0.016127645502645505 0.011927083333333335
2 0.1714054232804233 0.3133382936507937 0.016438492063492065 0.011507936507936507
2 0.38368386243386243 0.3852083333333334 0.01072420634920635 0.010183531746031746
2 0.24335978835978836 0.30578621031746034 0.01937169312169312 0.012651289682539682
2 0.07984457671957672 0.32893105158730157 0.012605820105820105 0.01195188492063492
2 0.7200363756613756 0.7170064484126983 0.016511243386243386 0.013189484126984128
2 0.27301587301587305 0.28355902777777775 0.012926587301587304 0.013447420634920635
2 0.32966931216931217 0.5050744047619048 0.013167989417989419 0.011897321428571429
2 0.5430654761904762 0.717108134920635 0.014282407407407407 0.011912202380952381
2 0.7131448412698413 0.4986681547619048 0.023779761904761904 0.012822420634920636
2 0.8971660052910053 0.7022470238095239 0.012685185185185185 0.012998511904761903
2 0.49438161375661377 0.363125 0.013895502645502647 0.010709325396825396
2 0.9873743386243387 0.6223288690476191 0.015 0.012170138888888888
2 0.9345006613756613 0.6382266865079365 0.01871362433862434 0.012683531746031746
2 0.36952380952380953 0.4481622023809524 0.013478835978835977 0.011547619047619048
2 0.8585780423280424 0.710515873015873 0.020459656084656084 0.013045634920634921
2 0.9335251322751322 0.7185838293650794 0.01910383597883598 0.01271577380952381
2 0.9212103174603173 0.7243154761904762 0.017572751322751323 0.009742063492063493
2 0.7569907407407407 0.7484548611111111 0.014523809523809524 0.01414186507936508
2 0.8300396825396825 0.7574503968253968 0.016114417989417987 0.01347718253968254
2 0.6782407407407407 0.6428645833333334 0.017843915343915343 0.016183035714285716
2 0.7107936507936509 0.7208382936507937 0.014953703703703703 0.017224702380952382
2 0.1376818783068783 0.481046626984127 0.014801587301587302 0.008705357142857143
2 0.12833333333333333 0.4899156746031746 0.014613095238095238 0.00826140873015873
2 0.16383928571428572 0.5074652777777777 0.012986111111111111 0.007437996031746032
2 0.13861772486772486 0.5132415674603175 0.01265873015873016 0.007313988095238095
2 0.12819113756613756 0.375625 0.014332010582010583 0.010007440476190477
2 0.1823974867724868 0.42361359126984127 0.014229497354497354 0.009248511904761905
2 0.16802579365079365 0.29035218253968254 0.01271494708994709 0.008583829365079365
2 0.14598544973544972 0.3521775793650794 0.009679232804232805 0.008621031746031746
2 0.17228174603174604 0.35978174603174606 0.011683201058201058 0.010481150793650792
2 0.11492063492063491 0.5503323412698413 0.007916666666666667 0.007269345238095238
2 0.09187169312169312 0.546235119047619 0.008230820105820106 0.005250496031746032
2 0.12034391534391535 0.5703621031746031 0.009034391534391534 0.004657738095238096
2 0.11699074074074073 0.5753025793650793 0.008316798941798941 0.004992559523809523
2 0.13821759259259261 0.5809722222222222 0.00959325396825397 0.005104166666666667
2 0.148614417989418 0.5717460317460318 0.009424603174603174 0.0040575396825396825
2 0.11057539682539683 0.580907738095238 0.006709656084656085 0.005538194444444444
2 0.0961607142857143 0.5870907738095238 0.007076719576719576 0.005553075396825397
2 0.05774140211640212 0.5345659722222222 0.008839285714285714 0.006617063492063492
2 0.08717592592592592 0.5184002976190476 0.004831349206349206 0.004598214285714285
2 0.20805224867724867 0.5325793650793651 0.008528439153439153 0.006569940476190476
2 0.2328935185185185 0.5748412698412699 0.013296957671957672 0.010245535714285716
2 0.013032407407407406 0.5289732142857143 0.009150132275132276 0.0057316468253968255
2 0.003131613756613757 0.5187723214285714 0.006263227513227514 0.004781746031746032
2 0.05856481481481481 0.48120535714285717 0.01048941798941799 0.006567460317460317
2 0.0623015873015873 0.44979910714285715 0.006729497354497355 0.004389880952380952
2 0.046511243386243385 0.4529811507936508 0.011084656084656086 0.005141369047619047
2 0.009814814814814814 0.46073164682539686 0.011051587301587302 0.006044146825396826
2 0.015806878306878307 0.428328373015873 0.007314814814814815 0.0052430555555555555