2 0.5657473544973545 0.15088045634920635 0.07554563492063492 0.05856894841269841
2 0.9753472222222221 0.1734796626984127 0.04930886243386244 0.054112103174603174
2 0.11501653439153439 0.3943874007936508 0.05517526455026455 0.04138144841269841
2 0.08148809523809523 0.43003968253968256 0.054325396825396825 0.0388343253968254
2 0.12308201058201058 0.32276785714285716 0.04244047619047619 0.024191468253968257
2 0.030982142857142857 0.35746527777777776 0.03310515873015873 0.026101190476190476
2 0.05050595238095238 0.4746031746031746 0.04159391534391534 0.021009424603174603
2 0.11968584656084656 0.5544990079365079 0.0696031746031746 0.049657738095238095
2 0.22621362433862435 0.7044246031746031 0.0585681216931217 0.045200892857142856
2 0.18080026455026454 0.7063343253968254 0.037347883597883595 0.024828869047619048
2 0.4358763227513227 0.5990625 0.0534755291005291 0.04329117063492064
2 0.7270238095238095 0.5449503968253968 0.07554563492063492 0.05474950396825397
2 0.25040674603174606 0.771907242063492 0.0509292328042328 0.04138144841269841
2 0.6170998677248677 0.8339756944444445 0.04753306878306879 0.03437748015873016
2 0.7410284391534391 0.9495238095238095 0.05772156084656085 0.04265376984126984
2 0.843313492063492 0.9882911706349207 0.0534755291005291 0.02342013888888889
2 0.8462863756613757 0.46027777777777773 0.054325396825396825 0.049657738095238095
2 0.5326421957671957 0.2938020833333333 0.044986772486772485 0.043926091269841275
2 0.1455026455026455 0.6950644841269841 0.04298941798941799 0.028521825396825396