2 0.380546568627451 0.497978515625 0.015159313725490196 0.017115885416666667
2 0.2443186274509804 0.8194140624999999 0.014049019607843138 0.016197916666666666
2 0.6919730392156863 0.31638346354166663 0.017828431372549018 0.016861979166666666
2 0.33021078431372547 0.9472623697916666 0.018073529411764704 0.021149088541666666
2 0.2943063725490196 0.5856868489583333 0.015289215686274511 0.015582682291666665
2 0.5723995098039215 0.6186067708333333 0.013997549019607843 0.017151692708333333
2 0.31660049019607844 0.326826171875 0.015933823529411768 0.015162760416666666
2 0.86925 0.4363834635416666 0.011330882352941175 0.010706380208333333
2 0.2185 0.8254361979166666 0.016024509803921567 0.015465494791666666
2 0.14043627450980392 0.7614811197916667 0.01542156862745098 0.0172265625
2 0.8173995098039215 0.4490071614583333 0.01366421568627451 0.01234375
2 0.15593627450980393 0.7038346354166666 0.014316176470588235 0.011376953125
2 0.1933063725490196 0.6906803385416667 0.0110171568627451 0.009967447916666667
2 0.7770343137254903 0.6083463541666666 0.013522058823529411 0.011692708333333334
2 0.912625 0.4044694010416667 0.013654411764705882 0.010846354166666667
2 0.7087916666666666 0.294384765625 0.012012254901960784 0.014612630208333333
2 0.3064852941176471 0.6223404947916666 0.014318627450980392 0.014371744791666667
2 0.7020171568627451 0.160078125 0.01333578431372549 0.014541015625
2 0.6665073529411765 0.7354231770833333 0.015524509803921569 0.015110677083333334
2 0.5716960784313725 0.45373046874999995 0.014105392156862745 0.016178385416666666
2 0.7086789215686274 0.39795572916666666 0.01178186274509804 0.013255208333333332
2 0.5130514705882353 0.7459016927083333 0.014053921568627451 0.014720052083333332
2 0.5773259803921568 0.556767578125 0.013977941176470589 0.014498697916666666
2 0.8144803921568627 0.4891373697916667 0.012294117647058823 0.012819010416666667
2 0.6199975490196079 0.3405891927083333 0.016269607843137253 0.016119791666666668
2 0.7951176470588235 0.23381835937499998 0.010409313725490196 0.011357421875
2 0.7215441176470588 0.7813313802083334 0.01634313725490196 0.013466796875
2 0.8367916666666667 0.4205826822916667 0.013198529411764706 0.013206380208333333
2 0.4265686274509804 0.6015690104166667 0.012593137254901961 0.016357421875
2 0.3719852941176471 0.380068359375 0.013681372549019608 0.013645833333333334
2 0.48531862745098037 0.7697102864583334 0.011776960784313725 0.014651692708333332
2 0.5629975490196079 0.4945475260416667 0.013892156862745099 0.012965494791666666
2 0.6052034313725491 0.6024934895833333 0.011299019607843137 0.01361328125
2 0.38396323529411763 0.7085416666666666 0.01399264705882353 0.015179036458333335
2 0.6304166666666666 0.7208268229166667 0.01464950980392157 0.011015625000000001
2 0.8050857843137255 0.23986653645833333 0.013198529411764706 0.0144140625
2 0.793328431372549 0.2426236979166667 0.011615196078431372 0.009759114583333334
0 0.25542401960784317 0.7663639322916667 0.00546813725490196 0.007229817708333333
0 0.26800980392156865 0.7469140625 0.00628921568627451 0.007916666666666667
0 0.2725882352941177 0.7424967447916666 0.0067328431372549015 0.009055989583333333
0 0.2733088235294117 0.7506119791666667 0.008946078431372548 0.00783203125
0 0.28463235294117645 0.7802376302083333 0.009794117647058823 0.010328776041666666
0 0.32220098039215683 0.737529296875 0.00682843137254902 0.009095052083333334
0 0.3280441176470588 0.7400000000000001 0.007014705882352941 0.0075032552083333336
0 0.33817401960784316 0.7563053385416666 0.006333333333333333 0.009147135416666667
0 0.34452205882352943 0.757255859375 0.006200980392156863 0.0077050781250000006
0 0.3970514705882353 0.732216796875 0.006933823529411765 0.010042317708333333
0 0.2970098039215686 0.6487369791666667 0.0072156862745098044 0.007451171875
0 0.2997401960784314 0.6589583333333333 0.006850490196078431 0.008811848958333333
0 0.30382352941176466 0.7392220052083333 0.004019607843137254 0.007692057291666666
0 0.294578431372549 0.7211848958333333 0.005955882352941176 0.007919921875
0 0.2403235294117647 0.7704524739583333 0.004387254901960784 0.0059212239583333335
0 0.24689460784313727 0.767822265625 0.005811274509803922 0.007444661458333334
0 0.3052990196078431 0.599716796875 0.009674019607843138 0.007952473958333333
0 0.44136764705882353 0.6396354166666667 0.007852941176470589 0.0083984375
0 0.43466176470588236 0.7408268229166667 0.0073602941176470595 0.010100911458333334
0 0.4360955882352941 0.7479850260416666 0.006598039215686275 0.0094921875
0 0.4168137254901961 0.7787988281249999 0.006806372549019607 0.010247395833333334
0 0.3144240196078431 0.713662109375 0.005995098039215686 0.009231770833333333
0 0.2586151960784314 0.7426302083333334 0.0037230392156862744 0.006930338541666667
0 0.4492892156862745 0.5087272135416666 0.005674019607843137 0.009098307291666666
0 0.4532058823529412 0.5109928385416667 0.008120098039215687 0.009508463541666666
0 0.47494607843137254 0.552109375 0.008323529411764705 0.010081380208333332
0 0.4681299019607843 0.5548470052083333 0.004904411764705883 0.008779296875
0 0.47508088235294116 0.558583984375 0.008830882352941176 0.005289713541666667
0 0.4916127450980392 0.5827148437499999 0.005610294117647059 0.006266276041666667
0 0.4927328431372549 0.5902376302083333 0.005068627450980392 0.0070182291666666665
0 0.47375 0.595361328125 0.004426470588235294 0.008020833333333333
0 0.47824509803921567 0.5927897135416667 0.004705882352941176 0.0076660156250000005
0 0.5138627450980392 0.5907259114583333 0.004149509803921568 0.008720703125
0 0.5181666666666667 0.6038932291666667 0.004647058823529412 0.008330078125
0 0.5893995098039215 0.4926953125 0.006526960784313725 0.010149739583333333
0 0.49016911764705884 0.7026692708333333 0.005843137254901961 0.008616536458333332
0 0.5124975490196078 0.7099544270833333 0.006269607843137254 0.008167317708333333
0 0.563 0.7016178385416666 0.006049019607843137 0.007796223958333333
0 0.5832499999999999 0.6980338541666667 0.006779411764705883 0.010826822916666666
0 0.5753480392156863 0.6640657552083333 0.006272058823529412 0.009137369791666667
0 0.6086691176470588 0.6602734375 0.007068627450980392 0.010390625
0 0.5795882352941176 0.7288216145833334 0.006772058823529411 0.007923177083333333
0 0.6175049019607843 0.74919921875 0.00478921568627451 0.005390625
0 0.6750318627450981 0.561552734375 0.005450980392156863 0.008597005208333333
0 0.6273333333333333 0.57029296875 0.004825980392156863 0.0062076822916666665
0 0.6191985294117647 0.5892578125 0.005517156862745098 0.007477213541666666
0 0.6394877450980393 0.6044498697916666 0.0045245098039215685 0.006064453125
0 0.5856421568627451 0.6133658854166667 0.00391421568627451 0.0084375
0 0.5917426470588235 0.61546875 0.0038088235294117647 0.006904296875
0 0.6098897058823529 0.4806087239583334 0.004855392156862745 0.009684244791666666
0 0.6017156862745098 0.490185546875 0.007460784313725491 0.005869140625000001
0 0.6142745098039215 0.49847981770833333 0.005977941176470589 0.0065625
0 0.5606789215686275 0.2529752604166667 0.009242647058823529 0.008932291666666667
0 0.5188406862745097 0.1702734375 0.00883578431372549 0.00654296875
0 0.5284460784313726 0.169296875 0.0068676470588235295 0.007789713541666667
0 0.5192720588235294 0.22287109375 0.005850490196078432 0.008818359375
0 0.4123921568627451 0.3263671875 0.00821078431372549 0.008681640625
0 0.7119044117647059 0.28131510416666666 0.007007352941176471 0.008079427083333333