2 0.601464947089947 0.16674603174603175 0.06229497354497354 0.051555059523809524
2 0.6342228835978836 0.19695188492063492 0.05477513227513227 0.041081349206349205
2 0.67557208994709 0.27307539682539683 0.04940476190476191 0.043499503968253965
2 0.8688988095238096 0.33348958333333334 0.06014550264550264 0.04510912698412698
2 0.9059556878306879 0.15425843253968255 0.07840608465608466 0.052358630952380955
2 0.6041501322751323 0.2936160714285714 0.05692460317460317 0.03625
2 0.626167328042328 0.3822247023809524 0.051554232804232804 0.03947172619047619
2 0.5257440476190476 0.34637896825396824 0.04618386243386243 0.024166666666666666
2 0.30449074074074073 0.31093501984126987 0.03544312169312169 0.02255456349206349
2 0.327582671957672 0.052358630952380955 0.04296296296296296 0.03061011904761905
2 0.3173809523809524 0.07974702380952381 0.037592592592592594 0.025776289682539685
2 0.3952480158730159 0.031011904761904765 0.03436838624338624 0.023360615079365078
2 0.25240079365079365 0.24206349206349206 0.038664021164021165 0.02980406746031746
2 0.37913690476190476 0.1816468253968254 0.036517857142857144 0.02013888888888889
2 0.3968584656084656 0.2170907738095238 0.037592592592592594 0.028194444444444446
2 0.21319775132275134 0.35161458333333334 0.03329695767195767 0.024972718253968254
2 0.21749338624338627 0.47405505952380955 0.037592592592592594 0.02980406746031746
2 0.46828373015873015 0.5578298611111111 0.04725859788359788 0.03302579365079365
2 0.3501388888888889 0.5723313492063492 0.04296296296296296 0.02980406746031746
2 0.32382275132275135 0.6049553571428571 0.03329695767195767 0.025776289682539685
2 0.2808630952380953 0.5985094246031746 0.026851851851851852 0.01611111111111111
2 0.2803240740740741 0.6532862103174604 0.04296296296296296 0.03383184523809524
2 0.2679728835978836 0.6822867063492064 0.037592592592592594 0.03061011904761905
2 0.3318783068783069 0.7124925595238095 0.025777116402116402 0.026582341269841273
2 0.3565806878306878 0.7145064484126984 0.03436838624338624 0.024166666666666666
2 0.013961640211640211 0.5090972222222222 0.027923280423280423 0.020944940476190478
2 0.043498677248677245 0.5211780753968254 0.02255621693121693 0.01611111111111111
2 0.7357175925925926 0.7954637896825397 0.04510912698412698 0.03463789682539682
2 0.7255158730158731 0.8768204365079365 0.05047949735449735 0.03625
2 0.6175760582010582 0.8333234126984127 0.03222222222222222 0.021748511904761906
2 0.4717361111111111 0.4712127976190476 0.035783730158730154 0.029967757936507935
2 0.6750992063492064 0.5049826388888888 0.044133597883597886 0.024154265873015873
2 0.5510515873015873 0.5387524801587301 0.020277777777777777 0.021021825396825396
2 0.5343551587301587 0.04674107142857143 0.022662037037037036 0.029967757936507935