2 0.22060846560846561 0.20106150793650793 0.06367063492063492 0.051939484126984126
2 0.11281746031746033 0.2504885912698413 0.06031746031746032 0.051939484126984126
2 0.1753703703703704 0.4657911706349206 0.07148809523809524 0.05529265873015873
2 0.1390674603174603 0.47751984126984126 0.041329365079365084 0.0435639880952381
2 0.03239417989417989 0.4729117063492063 0.03127645502645503 0.025969742063492063
2 0.012288359788359788 0.43814484126984127 0.0245734126984127 0.03183531746031747
2 0.40212301587301585 0.5344866071428572 0.04691468253968254 0.03183531746031747
2 0.49539021164021163 0.6040203373015872 0.054732142857142854 0.040213293650793645
2 0.5780489417989418 0.5964806547619048 0.0525 0.040213293650793645
2 0.5026521164021164 0.6463268849206348 0.03350859788359788 0.03099702380952381
2 0.5378373015873016 0.6530282738095239 0.03239417989417989 0.029320436507936507
2 0.5679927248677248 0.6522172619047618 0.04415343915343916 0.03139632936507936
2 0.6769444444444445 0.5864136904761905 0.02580357142857143 0.02537450396825397
2 0.4793948412698413 0.7087723214285714 0.048167989417989415 0.03526537698412698
2 0.5189616402116402 0.716297123015873 0.05619708994708995 0.03827628968253968
2 0.4811177248677249 0.7621006944444444 0.04358134920634921 0.03698660714285714
2 0.3586871693121693 0.7638219246031747 0.030393518518518518 0.03526537698412698
2 0.34205687830687836 0.8698363095238095 0.04874338624338625 0.0434375
2 0.31281084656084657 0.8476884920634921 0.05103505291005291 0.031825396825396826
2 0.027003968253968252 0.7855729166666666 0.03422949735449736 0.029094742063492066
2 0.059332010582010576 0.8055406746031746 0.023581349206349207 0.015404265873015873
2 0.3453703703703704 0.3815104166666667 0.05466269841269842 0.04065724206349206
2 0.3930291005291005 0.3713467261904762 0.022589285714285715 0.023717757936507936
2 0.26314814814814813 0.2295486111111111 0.06189153439153439 0.04574156746031746
2 0.3270734126984127 0.2475074404761905 0.03342923280423281 0.025411706349206347
2 0.585026455026455 0.2730877976190476 0.042466931216931215 0.038625992063492064
2 0.650079365079365 0.23429315476190476 0.04427248677248677 0.03760912698412698
2 0.6679265873015873 0.3476289682539683 0.024847883597883598 0.02439484126984127
2 0.8785648148148149 0.16115823412698413 0.03512896825396825 0.02186259920634921
2 0.8542757936507936 0.05829613095238095 0.046339285714285715 0.036996527777777774
2 0.9788095238095238 0.2978000992063492 0.03470899470899471 0.021369047619047617
2 0.05314484126984127 0.007894345238095238 0.04056547619047619 0.015788690476190477
2 0.2523809523809524 0.017137896825396823 0.03235119047619048 0.029652777777777778