2 0.6485615079365079 0.3158068783068783 0.05704365079365079 0.07275132275132275
2 0.29017857142857145 0.14054232804232805 0.05952380952380952 0.06944444444444445
2 0.30443948412698413 0.02976190476190476 0.06572420634920635 0.05952380952380952
2 0.16121031746031747 0.04546957671957672 0.05704365079365079 0.06448412698412699
2 0.17485119047619047 0.2447089947089947 0.05704365079365079 0.07936507936507936
2 0.17423115079365079 0.35631613756613756 0.05828373015873016 0.08432539682539683
2 0.10788690476190477 0.4191468253968254 0.06696428571428571 0.08763227513227513
2 0.018601190476190476 0.3819444444444444 0.03720238095238095 0.08597883597883597
2 0.06944444444444445 0.5324074074074074 0.06696428571428571 0.07936507936507936
2 0.16741071428571427 0.5613425925925926 0.04712301587301587 0.05787037037037037
2 0.1667906746031746 0.5927579365079365 0.043402777777777776 0.044642857142857144
2 0.25731646825396826 0.5853174603174603 0.04836309523809524 0.05952380952380952
2 0.9263392857142857 0.3860780423280423 0.05952380952380952 0.0744047619047619