1 0.05660493827160493 0.3728100198412699 0.03224426807760141 0.023258928571428573
1 0.5433509700176367 0.4062177579365079 0.030022045855379192 0.01922123015873016
1 0.2925705467372134 0.6574454365079365 0.03170194003527337 0.023621031746031744
1 0.5735449735449736 0.6204265873015873 0.02900352733686067 0.021299603174603172
1 0.13700617283950617 0.6066319444444445 0.03362874779541446 0.023330853174603174
1 0.5628130511463845 0.3531671626984127 0.025890652557319222 0.01755952380952381
1 0.03693562610229277 0.3105654761904762 0.03467372134038801 0.02222222222222222
1 0.5771075837742505 0.4605332341269841 0.02451058201058201 0.01771329365079365
1 0.08748236331569664 0.641609623015873 0.021168430335097 0.020632440476190474
1 0.9016534391534392 0.4119642857142857 0.022341269841269842 0.01637152777777778
1 0.011851851851851851 0.1610639880952381 0.02064373897707231 0.013333333333333332
1 0.07569223985890652 0.20256696428571427 0.029056437389770727 0.016344246031746033
1 0.0971031746031746 0.2462202380952381 0.03517195767195767 0.01763392857142857
1 0.23549382716049383 0.1898809523809524 0.02599647266313933 0.015052083333333332
1 0.2117901234567901 0.23912450396825397 0.027526455026455027 0.015483630952380952
1 0.14374338624338623 0.22901785714285713 0.029056437389770727 0.016773313492063492
1 0.1555952380952381 0.265359623015873 0.028289241622574953 0.012041170634920634
1 0.2454320987654321 0.29632440476190475 0.030582010582010582 0.01806299603174603
1 0.25575396825396823 0.32879712301587305 0.028289241622574953 0.015052083333333332
1 0.1273015873015873 0.3698685515873016 0.02064373897707231 0.012901785714285715
1 0.042433862433862435 0.3283655753968254 0.026759259259259257 0.010751488095238095
1 0.07072310405643739 0.46491567460317457 0.026759259259259257 0.01720238095238095
1 0.18503086419753084 0.5870585317460317 0.030582010582010582 0.016344246031746033
1 0.18273809523809523 0.6722147817460317 0.02599647266313933 0.014623015873015873
1 0.1273015873015873 0.7132886904761905 0.03134920634920635 0.016773313492063492
1 0.17661816578483244 0.725545634920635 0.029056437389770727 0.012041170634920634
1 0.15750440917107586 0.6799553571428572 0.027526455026455027 0.016344246031746033
1 0.32227513227513227 0.6745808531746031 0.03134920634920635 0.015912698412698413
1 0.20261463844797176 0.6320014880952382 0.027526455026455027 0.015912698412698413
1 0.16553350970017636 0.6343675595238095 0.02064373897707231 0.012041170634920634
1 0.032111992945326275 0.6023263888888889 0.030582010582010582 0.015912698412698413
1 0.1877072310405644 0.5343749999999999 0.02981922398589065 0.015052083333333332
1 0.5772619047619048 0.6479166666666667 0.024466490299823635 0.015052083333333332
1 0.697720458553792 0.7188169642857143 0.02522927689594356 0.015052083333333332
1 0.5642636684303352 0.4236284722222222 0.030582010582010582 0.015483630952380952
1 0.31195326278659613 0.38212549603174606 0.030582010582010582 0.01849454365079365
1 0.03431216931216931 0.6187400793650795 0.020652557319223986 0.009744543650793651
1 0.014325396825396826 0.5179265873015874 0.024651675485008816 0.010493551587301588
1 0.05329805996472663 0.4810143849206349 0.026649029982363313 0.011617063492063493
1 0.5549867724867725 0.2458482142857143 0.02398589065255732 0.011991567460317461
1 0.5789726631393297 0.2720808531746032 0.02398589065255732 0.012743055555555556
1 0.5783068783068782 0.3854464285714285 0.021318342151675485 0.011617063492063493
1 0.4323985890652557 0.3826364087301587 0.02398589065255732 0.01424107142857143
1 0.5043518518518518 0.3648363095238095 0.021318342151675485 0.013117559523809524
1 0.527336860670194 0.3661483134920635 0.021984126984126984 0.011242559523809523
1 0.3394532627865961 0.34684771825396826 0.028650793650793652 0.01386656746031746
1 0.7342107583774251 0.3577157738095238 0.027980599647266315 0.01386656746031746
1 0.6184920634920635 0.4648883928571429 0.024400352733686067 0.016884920634920635
1 0.6799118165784832 0.5133854166666666 0.017711640211640213 0.012177579365079365
1 0.5220414462081129 0.14180059523809524 0.020295414462081128 0.011875
1 0.8205511463844797 0.516530257936508 0.021865079365079365 0.013415178571428573
1 0.9321869488536154 0.44497519841269845 0.011926807760141094 0.005962301587301587
1 0.9868474426807761 0.5202554563492063 0.009938271604938272 0.005962301587301587
1 0.9162874779541446 0.4377083333333333 0.011926807760141094 0.006334325396825396
1 0.9248985890652558 0.4481423611111111 0.00794973544973545 0.00484375
1 0.955705467372134 0.3428621031746032 0.011261022927689594 0.004471726190476191
1 0.9687169312169313 0.3465228174603175 0.007861552028218694 0.004952876984126984
1 0.9764197530864197 0.3489112103174603 0.008805114638447971 0.006190476190476191
1 0.9831834215167549 0.35156498015873017 0.009748677248677248 0.0054836309523809525
1 0.9039373897707231 0.32184771825396824 0.007861552028218694 0.004422123015873016
1 0.920004409171076 0.4012847222222222 0.010925925925925926 0.005763888888888889
1 0.984889770723104 0.49963789682539683 0.012292768959435625 0.004226190476190476
1 0.7502733686067019 0.7495858134920634 0.019673721340388008 0.01511656746031746
1 0.7296384479717812 0.7552529761904762 0.024475308641975307 0.012956349206349208