1 0.5564109347442681 0.244796626984127 0.09021604938271606 0.0528844246031746
1 0.6270723104056437 0.27323660714285714 0.08664021164021164 0.052899305555555554
1 0.4904100529100529 0.6901909722222223 0.0774647266313933 0.050421626984126985
1 0.5764594356261024 0.691232638888889 0.06770723104056438 0.045927579365079366
1 0.2137742504409171 0.22487351190476193 0.08932980599647267 0.04672371031746032
2 0.6607980599647266 0.6821552579365079 0.07157848324514991 0.03916170634920635
1 0.6280070546737213 0.6715997023809523 0.06995590828924163 0.03794146825396825
1 0.6426234567901234 0.08966765873015874 0.07053350970017637 0.041951884920634924
1 0.6768959435626103 0.4640972222222222 0.06194885361552028 0.030307539682539682
2 0.9238932980599647 0.3852852182539683 0.018897707231040565 0.012046130952380952
2 0.9892151675485009 0.27532986111111113 0.01945326278659612 0.01271329365079365
2 0.9466225749559083 0.32648809523809524 0.02042768959435626 0.01335813492063492
1 0.25975749559082895 0.22577876984126985 0.06958994708994709 0.04646329365079365
1 0.19323192239858908 0.19051339285714286 0.08105820105820107 0.0448313492063492
1 0.050767195767195766 0.17558531746031747 0.054171075837742506 0.026577380952380953
1 0.09861111111111111 0.1298859126984127 0.08421516754850088 0.04722470238095238
1 0.09257936507936508 0.16253472222222223 0.05461199294532628 0.03286954365079365
1 0.2898015873015873 0.6139112103174603 0.07500440917107584 0.03996775793650794
1 0.6137654320987654 0.37665674603174604 0.0512037037037037 0.031468253968253965
1 0.6573368606701939 0.5013045634920635 0.05284391534391534 0.031205357142857142
1 0.8176587301587301 0.5245436507936508 0.044065255731922395 0.02293402777777778
1 0.8558201058201058 0.47902033730158733 0.042433862433862435 0.024836309523809524
1 0.5073721340388008 0.8140054563492064 0.07741622574955909 0.04223710317460318
1 0.42261463844797176 0.8094072420634921 0.08831569664902998 0.050352182539682544
1 0.08157407407407408 0.6956696428571428 0.073831569664903 0.03681547619047619
2 0.33123456790123457 0.5522519841269841 0.07948412698412699 0.04218253968253968
1 0.0918121693121693 0.036733630952380955 0.06910493827160494 0.035798611111111114
1 0.7660846560846561 0.3071899801587301 0.01829805996472663 0.010602678571428572
1 0.8216798941798942 0.21774801587301587 0.015674603174603174 0.009774305555555555
1 0.8092768959435627 0.21915922619047618 0.017627865961199293 0.011733630952380954
1 0.7662522045855379 0.2424330357142857 0.018738977072310405 0.010114087301587301
2 0.5184347442680776 0.6086731150793651 0.03843915343915344 0.02264136904761905
1 0.9254365079365079 0.27945436507936505 0.02072310405643739 0.011041666666666667