1 0.11909611992945326 0.22733630952380954 0.11792768959435625 0.0779389880952381
1 0.08598765432098766 0.44535466269841273 0.11641093474426807 0.06713045634920635
1 0.13137566137566137 0.38366567460317463 0.09796296296296296 0.05465029761904762
1 0.04606701940035274 0.4933556547619048 0.0921384479717813 0.06477678571428572
1 0.6974338624338624 0.5357688492063492 0.07606701940035274 0.04344990079365079
1 0.658805114638448 0.19528521825396825 0.05455467372134039 0.036284722222222225
1 0.7481481481481481 0.5489384920634921 0.05662698412698413 0.03850198412698413
1 0.6061684303350969 0.2049875992063492 0.04458994708994709 0.03747519841269841
1 0.6060493827160494 0.0774156746031746 0.06554673721340387 0.04472718253968254
1 0.08611552028218696 0.2795014880952381 0.11219135802469135 0.06162450396825397
1 0.5358906525573193 0.07553323412698414 0.0603615520282187 0.038931051587301584
1 0.1940299823633157 0.3727256944444444 0.06225749559082892 0.05071180555555556
1 0.15281305114638447 0.4337624007936508 0.06729276895943563 0.05233382936507936
1 0.03169312169312169 0.24392609126984127 0.06338624338624338 0.04074900793650794
1 0.10011022927689595 0.34721478174603176 0.06137566137566137 0.017544642857142856
1 0.6721031746031746 0.6661309523809524 0.04628306878306878 0.02037450396825397
1 0.6534920634920635 0.6975396825396826 0.04125220458553792 0.02320436507936508
1 0.6751234567901235 0.560297619047619 0.05835537918871252 0.02037450396825397
1 0.7103395061728395 0.6044419642857143 0.04829365079365079 0.02037450396825397
1 0.5659567901234568 0.32598958333333333 0.0492989417989418 0.032824900793650795
1 0.35199735449735453 0.3762078373015873 0.03208553791887125 0.023050595238095238
1 0.18932098765432098 0.05679563492063492 0.0500705467372134 0.044226190476190474
1 0.7574779541446208 0.16953373015873013 0.04707231040564374 0.03316220238095238
1 0.8548192239858906 0.18431299603174603 0.0580379188712522 0.0287921626984127
1 0.8358553791887126 0.11349206349206349 0.0612389770723104 0.03881696428571428
1 0.7609038800705468 0.5205505952380952 0.0457010582010582 0.02416418650793651