1 0.5188977072310406 0.5680183531746031 0.07466931216931216 0.0427405753968254
1 0.34216049382716046 0.2731473214285714 0.06979717813051146 0.043985615079365076
1 0.3913756613756614 0.31499007936507933 0.07070546737213404 0.037839781746031746
1 0.6901190476190476 0.6002628968253969 0.08393738977072311 0.04964781746031746
1 0.310842151675485 0.1154513888888889 0.04921075837742504 0.030357142857142857
1 0.5081746031746032 0.11813740079365079 0.08758377425044091 0.06414930555555555
2 0.1607583774250441 0.9824330357142858 0.049951499118165786 0.030625
1 0.24590388007054675 0.013958333333333333 0.04720458553791887 0.027371031746031747
1 0.05720899470899471 0.6974156746031747 0.05981040564373898 0.0319593253968254
1 0.6070943562610229 0.5128100198412698 0.06848765432098766 0.03943948412698413
1 0.5503306878306878 0.3137797619047619 0.09763668430335097 0.0574875992063492
1 0.8611022927689594 0.9798586309523809 0.08252645502645502 0.040280257936507934
1 0.1682142857142857 0.4542485119047619 0.039347442680776015 0.02668154761904762
1 0.611331569664903 0.15111607142857142 0.08846560846560846 0.05453621031746032
1 0.31544532627865957 0.5931795634920635 0.04687830687830687 0.031574900793650794
1 0.2756216931216931 0.9843998015873016 0.03787477954144621 0.031200396825396826
1 0.16126984126984126 0.42087053571428573 0.048134920634920635 0.030243055555555554
1 0.20578924162257498 0.2601636904761905 0.053919753086419754 0.029077380952380952
1 0.22152116402116404 0.013256448412698414 0.03833333333333333 0.025806051587301586
1 0.5727689594356261 0.1106845238095238 0.061397707231040564 0.044404761904761905
1 0.40318783068783065 0.21281498015873018 0.061397707231040564 0.034208829365079366
1 0.4613712522045856 0.36938244047619045 0.07017195767195768 0.047366071428571424
1 0.5078615520282187 0.3991517857142857 0.055551146384479715 0.029273313492063493
1 0.5777380952380952 0.42102430555555553 0.08186507936507936 0.04604910714285714
1 0.49382716049382713 0.430562996031746 0.07075396825396825 0.04144345238095238
1 0.6148721340388007 0.45983878968253966 0.07543209876543211 0.04341765873015873
1 0.9689726631393298 0.528420138888889 0.06205026455026454 0.03979910714285714
1 0.9285934744268078 0.5553918650793651 0.07367724867724867 0.0319047619047619
1 0.6879673721340388 0.6770932539682539 0.055551146384479715 0.038484623015873014
1 0.6444003527336861 0.6114732142857143 0.07601851851851851 0.0440749007936508
1 0.017248677248677246 0.7963293650793651 0.03450176366843034 0.02894593253968254
1 0.11081128747795414 0.7858035714285715 0.05438271604938272 0.03618303571428571
1 0.04151675485008818 0.6468328373015874 0.03976190476190476 0.016775793650793652
1 0.2637257495590829 0.5205257936507937 0.03625661375661376 0.019407242063492064
1 0.12981481481481483 0.3090252976190476 0.04561287477954145 0.025327380952380952
1 0.11987654320987653 0.18534970238095239 0.03976190476190476 0.025327380952380952
1 0.24055555555555558 0.37335813492063497 0.033161375661375656 0.017842261904761906
1 0.04915784832451499 0.5731696428571429 0.04482363315696649 0.028871527777777777
1 0.9782186948853615 0.702688492063492 0.0435626102292769 0.04554563492063492
1 0.8660714285714286 0.6402678571428572 0.07807760141093475 0.03456597222222222
1 0.94342151675485 0.31860863095238096 0.06940035273368607 0.05001736111111111
1 0.09072751322751323 0.11691220238095237 0.03976190476190476 0.021552579365079365
1 0.2932363315696649 0.8862251984126984 0.049316578483245145 0.02974702380952381