2 0.4109887566137566 0.7274404761904761 0.023756613756613757 0.017983630952380952
2 0.3716203703703704 0.7392063492063492 0.01740410052910053 0.013710317460317461
2 0.35986111111111113 0.7581671626984127 0.01683862433862434 0.011902281746031746
2 0.22360780423280424 0.7398983134920635 0.017999338624338623 0.011121031746031747
2 0.16637896825396825 0.642093253968254 0.020069444444444445 0.014134424603174604
2 0.006087962962962963 0.6259623015873016 0.010962301587301587 0.010181051587301586
2 0.03127645502645503 0.5420560515873016 0.018849206349206348 0.011145833333333332
2 0.004017857142857143 0.560625 0.008035714285714287 0.009761904761904762
2 0.30699404761904764 0.5231870039682539 0.02056878306878307 0.013350694444444445
2 0.3410648148148149 0.625297619047619 0.01985780423280423 0.014972718253968254
2 0.3931580687830688 0.7186507936507937 0.018425925925925925 0.013643353174603174
2 0.4620734126984127 0.6910218253968253 0.012757936507936508 0.011458333333333334
2 0.09618055555555556 0.3938169642857143 0.015664682539682537 0.011274801587301587
2 0.10751653439153439 0.33579117063492064 0.016550925925925924 0.01091765873015873
2 0.2503141534391535 0.3854365079365079 0.014232804232804232 0.00953125
2 0.25503637566137566 0.4677132936507936 0.014262566137566138 0.00804563492063492
2 0.3886706349206349 0.46997023809523814 0.019523809523809523 0.014769345238095238
2 0.45616402116402116 0.4061731150793651 0.013201058201058201 0.010374503968253969
2 0.543369708994709 0.3399652777777778 0.014943783068783068 0.012562003968253969
2 0.5084391534391535 0.3068675595238095 0.014130291005291003 0.01091765873015873
2 0.5793452380952381 0.38290674603174607 0.015813492063492064 0.009769345238095238
2 0.6494477513227513 0.4103968253968254 0.015889550264550262 0.012197420634920636
2 0.7204332010582011 0.3629464285714286 0.016550925925925924 0.012683531746031746
2 0.7583201058201058 0.35901289682539683 0.01519510582010582 0.010114087301587301
2 0.7810582010582011 0.3675347222222222 0.01416005291005291 0.009933035714285714
2 0.862390873015873 0.3937673611111111 0.013730158730158731 0.007643849206349206
2 0.8269907407407407 0.4316344246031746 0.01349867724867725 0.009188988095238094
2 0.718720238095238 0.48130952380952385 0.017248677248677246 0.011396329365079366
2 0.6547354497354497 0.48406994047619045 0.013508597883597885 0.01029265873015873
2 0.6921560846560846 0.5111979166666667 0.008273809523809524 0.010230654761904762
2 0.6849669312169313 0.511297123015873 0.009798280423280422 0.01043154761904762
2 0.7875099206349205 0.47264880952380955 0.00763558201058201 0.004231150793650793
2 0.8113888888888888 0.47321180555555553 0.011818783068783069 0.007120535714285715
2 0.8173412698412698 0.5368998015873017 0.015482804232804234 0.011297123015873016
2 0.8183201058201058 0.49106646825396827 0.009781746031746032 0.006622023809523809
2 0.8897189153439155 0.5589186507936508 0.014222883597883597 0.009409722222222222
2 0.7760416666666666 0.5515625000000001 0.012953042328042329 0.009268353174603174
2 0.7451256613756615 0.5564211309523809 0.015889550264550262 0.012802579365079364
2 0.762255291005291 0.5870486111111111 0.014824735449735449 0.011354166666666667
2 0.8792526455026456 0.573420138888889 0.012129629629629629 0.005295138888888889
2 0.8728703703703704 0.6060367063492064 0.015261243386243385 0.008705357142857143
2 0.8025297619047619 0.6614781746031746 0.017063492063492065 0.012279265873015872
2 0.7216269841269841 0.6441964285714286 0.017172619047619048 0.013926091269841269
2 0.7603736772486772 0.637733134920635 0.015178571428571428 0.007182539682539683
2 0.7567063492063493 0.6277777777777778 0.010198412698412698 0.01023313492063492
2 0.7454100529100529 0.6297247023809525 0.01351521164021164 0.012361111111111113
2 0.7094477513227513 0.6826835317460317 0.01636574074074074 0.009208829365079366
2 0.724021164021164 0.6833556547619047 0.018667328042328044 0.010200892857142858
2 0.716005291005291 0.6661433531746032 0.011818783068783069 0.010572916666666668
2 0.7148015873015873 0.6893477182539682 0.015297619047619048 0.0075223214285714286
2 0.6421164021164021 0.6468452380952381 0.017711640211640213 0.013043154761904763
2 0.6886375661375661 0.6983184523809524 0.013015873015873015 0.010451388888888889
2 0.6794708994708994 0.7180481150793651 0.015287698412698413 0.011937003968253968
2 0.6299900793650793 0.7033457341269841 0.014656084656084657 0.011235119047619048
2 0.6573743386243387 0.6844791666666667 0.012896825396825396 0.00882688492063492
2 0.5996792328042329 0.6696552579365079 0.015849867724867725 0.01318204365079365
2 0.6357572751322751 0.713422619047619 0.015615079365079365 0.010121527777777778
2 0.5843121693121693 0.6485416666666667 0.013971560846560847 0.01025297619047619
2 0.6146395502645503 0.6403323412698413 0.01810185185185185 0.015029761904761905
2 0.5665939153439153 0.6321924603174603 0.01621362433862434 0.01244047619047619
2 0.6614153439153438 0.6419568452380953 0.014503968253968253 0.012983630952380953
2 0.6753207671957672 0.6357862103174603 0.019351851851851853 0.007261904761904762
2 0.47624338624338625 0.6099727182539683 0.009203042328042327 0.007301587301587302
2 0.5173578042328042 0.5890376984126984 0.013710317460317461 0.007824900793650794
2 0.5448048941798942 0.589670138888889 0.015033068783068784 0.012180059523809524
2 0.5260152116402117 0.559563492063492 0.009246031746031747 0.009372519841269841
2 0.6523015873015873 0.5597123015873017 0.016884920634920635 0.011879960317460317
2 0.6274503968253968 0.5370833333333334 0.01840277777777778 0.012986111111111111
2 0.5613194444444445 0.5233333333333333 0.014500661375661377 0.01242311507936508
2 0.5706878306878307 0.5051587301587301 0.015575396825396826 0.007425595238095238
2 0.4967592592592593 0.507296626984127 0.011375661375661376 0.010374503968253969
2 0.5448445767195766 0.6004092261904762 0.013449074074074075 0.006279761904761905
2 0.5017890211640212 0.6208308531746032 0.009074074074074075 0.005173611111111111
2 0.5582870370370371 0.45867311507936503 0.014831349206349207 0.010796130952380953