2 0.3014748677248677 0.6179439484126985 0.033369708994708994 0.01923363095238095
2 0.5144940476190476 0.3250967261904762 0.02779431216931217 0.021646825396825397
2 0.22500661375661374 0.24677579365079366 0.03164021164021164 0.020853174603174603
2 0.16894179894179895 0.3180654761904762 0.020535714285714286 0.01433779761904762
2 0.42796626984126984 0.30571924603174605 0.02847222222222222 0.019109623015873014
2 0.18664351851851851 0.26243055555555556 0.02639219576719577 0.01994791666666667
2 0.450135582010582 0.41339037698412695 0.02169642857142857 0.018137400793650792
2 0.2849107142857143 0.484593253968254 0.021789021164021163 0.01734375
2 0.29505291005291007 0.30459077380952376 0.024067460317460317 0.020783730158730158
2 0.1847387566137566 0.5887127976190476 0.020939153439153438 0.018524305555555554
2 0.4215608465608465 0.3944270833333333 0.029203042328042328 0.019866071428571427
2 0.1844179894179894 0.2072296626984127 0.02226521164021164 0.020749007936507937
2 0.22798280423280423 0.8079117063492064 0.03407738095238095 0.02378720238095238
2 0.29893849206349205 0.27005952380952386 0.021554232804232805 0.018950892857142857
2 0.2288260582010582 0.658578869047619 0.019652777777777776 0.015570436507936509
2 0.2696726190476191 0.3396453373015873 0.018313492063492063 0.016961805555555556
2 0.35788359788359786 0.5150297619047619 0.02156746031746032 0.019099702380952384
2 0.3471693121693121 0.5429761904761905 0.018644179894179894 0.017256944444444443
2 0.33968584656084655 0.43821180555555556 0.01681547619047619 0.016227678571428573
2 0.6893287037037038 0.43797371031746035 0.020400132275132276 0.0165203373015873
2 0.2577480158730159 0.478655753968254 0.021755952380952383 0.01859126984126984
2 0.08955026455026456 0.36416170634920636 0.01923611111111111 0.015734126984126982
2 0.41743386243386243 0.4642534722222222 0.023885582010582013 0.019122023809523808
2 0.3922685185185185 0.4463368055555556 0.025327380952380952 0.01875
2 0.6847420634920635 0.4602157738095238 0.016980820105820107 0.01615823412698413
2 0.39171296296296293 0.4018080357142857 0.017222222222222222 0.018003472222222223
2 0.07946097883597883 0.5207440476190476 0.018425925925925925 0.016237599206349207
2 0.5583101851851852 0.24514632936507935 0.02160383597883598 0.017844742063492063
2 0.08915343915343917 0.6191989087301588 0.014847883597883598 0.01244047619047619
2 0.023786375661375665 0.5358234126984127 0.017331349206349204 0.01380952380952381
2 0.20036044973544972 0.32600694444444445 0.019444444444444445 0.015220734126984126
2 0.07694113756613756 0.4734449404761905 0.016726190476190474 0.0184796626984127
2 0.5474239417989418 0.3762673611111111 0.019556878306878307 0.015302579365079366
2 0.14401124338624338 0.38190476190476186 0.016362433862433863 0.01296875
2 0.6515873015873016 0.48216517857142854 0.018435846560846562 0.01390625
2 0.04884589947089947 0.30972222222222223 0.013012566137566139 0.011684027777777778
2 0.7845469576719576 0.4462872023809524 0.016746031746031745 0.01359126984126984
2 0.5830092592592593 0.28908730158730156 0.01822089947089947 0.018251488095238095
2 0.13572420634920634 0.20444196428571426 0.02275462962962963 0.017703373015873016
2 0.2543419312169312 0.17373511904761904 0.029738756613756617 0.016220238095238097
2 0.23546296296296296 0.3848239087301587 0.015747354497354496 0.01361359126984127
2 0.41700727513227515 0.4192782738095238 0.0270734126984127 0.02048611111111111
2 0.041230158730158735 0.48139136904761903 0.015542328042328041 0.013819444444444445
2 0.5612566137566137 0.2105704365079365 0.023300264550264547 0.01566220238095238
2 0.771524470899471 0.46457093253968257 0.0240244708994709 0.017080853174603176
2 0.4380919312169312 0.6115476190476191 0.016240079365079364 0.01492063492063492
2 0.7030522486772487 0.3730183531746032 0.013022486772486774 0.01310515873015873
2 0.3772751322751323 0.6094047619047619 0.013693783068783067 0.013501984126984126
2 0.061507936507936505 0.6119518849206349 0.016709656084656084 0.01316220238095238
2 0.1502612433862434 0.4098090277777778 0.016299603174603175 0.012013888888888888
2 0.45216600529100526 0.5058581349206349 0.01572420634920635 0.014340277777777778
2 0.7522519841269841 0.46933035714285715 0.021299603174603172 0.013881448412698413
2 0.14712301587301588 0.2762400793650793 0.0179265873015873 0.01588045634920635
2 0.1760846560846561 0.6762202380952381 0.013174603174603176 0.011800595238095238
2 0.0077149470899470895 0.5349627976190475 0.014556878306878308 0.014149305555555556
2 0.051954365079365086 0.5716964285714285 0.01633267195767196 0.01484623015873016
2 0.32236111111111115 0.38012648809523814 0.020767195767195767 0.01581845238095238
2 0.16859126984126985 0.18491071428571426 0.017136243386243387 0.016547619047619047
2 0.44606481481481486 0.2538789682539683 0.01916335978835979 0.015520833333333333
2 0.06520833333333333 0.30645089285714283 0.017761243386243387 0.012748015873015873
2 0.07319775132275132 0.3196651785714286 0.012523148148148148 0.009074900793650795
2 0.05891203703703704 0.3165873015873016 0.015496031746031745 0.007646329365079365
2 0.5398809523809524 0.5010664682539683 0.015439814814814814 0.008804563492063492
2 0.6401124338624339 0.5463492063492064 0.014133597883597884 0.010029761904761904
2 0.6117328042328043 0.5354737103174604 0.013287037037037036 0.008333333333333333
2 0.7309358465608465 0.5668700396825397 0.022258597883597884 0.015885416666666666
2 0.7666865079365079 0.5693650793650793 0.021755952380952383 0.01290922619047619
2 0.7505257936507937 0.5805133928571429 0.02103505291005291 0.012720734126984127
2 0.7220337301587301 0.582313988095238 0.019966931216931216 0.011463293650793651
2 0.7331845238095238 0.6100744047619048 0.015525793650793651 0.012894345238095238
2 0.7498015873015873 0.6112227182539682 0.01310515873015873 0.010935019841269843
2 0.816547619047619 0.6015178571428572 0.01937830687830688 0.01158234126984127
2 0.8449537037037037 0.6233283730158731 0.017037037037037038 0.010838293650793652
2 0.8321792328042329 0.5533854166666666 0.015796957671957674 0.014379960317460317
2 0.8440244708994709 0.5652281746031746 0.021286375661375662 0.012986111111111111
2 0.864186507936508 0.5614781746031746 0.01742063492063492 0.012938988095238095
2 0.840707671957672 0.5044543650793651 0.021511243386243384 0.013754960317460317
2 0.8410019841269841 0.4466617063492064 0.020479497354497354 0.012425595238095239
2 0.8662169312169312 0.44166666666666665 0.022291666666666664 0.013373015873015873
2 0.8610085978835978 0.4531547619047619 0.0173015873015873 0.010825892857142857
2 0.8248478835978836 0.48920386904761903 0.01572420634920635 0.012428075396825397
2 0.8833300264550265 0.43122271825396824 0.018429232804232802 0.013149801587301588
2 0.7329034391534393 0.45742311507936506 0.0214484126984127 0.01267609126984127
2 0.7647354497354497 0.5867609126984127 0.01136904761904762 0.007594246031746032
2 0.7940046296296297 0.6129910714285715 0.014001322751322752 0.00839781746031746
2 0.8319113756613756 0.3802331349206349 0.019193121693121692 0.011044146825396825
2 0.8482539682539683 0.3779538690476191 0.011392195767195768 0.011738591269841269