2 0.3774470899470899 0.4473015873015873 0.05042768959435626 0.031083829365079366
1 0.6914109347442681 0.9040897817460317 0.07629629629629629 0.048898809523809525
2 0.4266798941798942 0.4219295634920635 0.05343915343915344 0.032822420634920635
2 0.6374559082892416 0.3144469246031746 0.05945767195767195 0.03624503968253968
2 0.3082716049382716 0.23548859126984129 0.04692239858906526 0.02808779761904762
2 0.5102733686067019 0.6243353174603175 0.042561728395061726 0.026726190476190476
2 0.4474338624338624 0.3607142857142857 0.04361111111111111 0.025364583333333333
2 0.3241358024691358 0.4328546626984127 0.041944444444444444 0.030441468253968252
2 0.6911463844797178 0.3490922619047619 0.06253968253968255 0.039392361111111114
1 0.5441534391534392 0.5458209325396826 0.04631393298059965 0.024863591269841268
1 0.06833774250440917 0.4183457341269841 0.04782627865961199 0.03235119047619048
2 0.730789241622575 0.3655381944444444 0.04736331569664903 0.03021329365079365
1 0.16752645502645502 0.4914037698412698 0.04555555555555555 0.03007688492063492
2 0.989021164021164 0.23629216269841272 0.02195326278659612 0.0416170634920635
2 0.5015961199294532 0.34656001984126983 0.040656966490299824 0.024499007936507937
1 0.6439506172839506 0.5119345238095238 0.046869488536155204 0.028561507936507937
1 0.3075176366843034 0.8862772817460317 0.03681657848324515 0.03218253968253968
1 0.5140255731922398 0.14485863095238097 0.05114197530864197 0.03074652777777778
2 0.7492195767195767 0.21354910714285713 0.040634920634920635 0.02902529761904762
2 0.3031172839506173 0.6076463293650795 0.02402116402116402 0.019563492063492064
2 0.14253086419753086 0.45219494047619047 0.0660978835978836 0.031964285714285716
2 0.8169223985890652 0.10068700396825397 0.04887566137566137 0.03332589285714286
2 0.10542328042328042 0.49237103174603175 0.03614197530864197 0.02961309523809524
1 0.5957142857142856 0.3403125 0.04261022927689594 0.027658730158730157
1 0.33321428571428574 0.2560094246031746 0.0376278659611993 0.025890376984126984
2 0.6634347442680776 0.3607217261904762 0.04319664902998236 0.03231398809523809
1 0.9855555555555554 0.49523065476190475 0.028893298059964725 0.03411458333333334
2 0.1743342151675485 0.4759474206349206 0.042345679012345684 0.025396825396825397
2 0.633637566137566 0.29229662698412695 0.045326278659611995 0.03716269841269841
1 0.6284567901234568 0.22487103174603174 0.04032627865961199 0.022336309523809526
1 0.6709347442680776 0.21278273809523812 0.03692239858906525 0.021867559523809525
1 0.8783686067019401 0.19202628968253968 0.05392416225749559 0.026999007936507936
1 0.8205864197530864 0.38260664682539686 0.04395061728395062 0.023526785714285715
1 0.7874735449735449 0.38732390873015876 0.036177248677248676 0.019193948412698413
2 0.5427116402116402 0.3440079365079365 0.04148589065255732 0.01744295634920635
2 0.5816049382716049 0.35329117063492066 0.03770723104056437 0.01842013888888889
2 0.5900617283950618 0.3689905753968254 0.03287037037037037 0.018464781746031746
1 0.5323324514991181 0.36089533730158735 0.04044973544973545 0.016808035714285713
1 0.4110890652557319 0.5973958333333332 0.03959876543209877 0.022589285714285715
1 0.921137566137566 0.8055381944444444 0.06425044091710759 0.03588789682539682
1 0.2620899470899471 0.9000744047619047 0.05261463844797178 0.033710317460317454
1 0.33875661375661376 0.8961433531746031 0.04370811287477954 0.02343501984126984
1 0.39306878306878307 0.8553819444444445 0.05179012345679012 0.03376984126984127
1 0.1850705467372134 0.8300992063492063 0.040745149911816575 0.02187748015873016
2 0.15788359788359788 0.8298809523809524 0.037826278659611995 0.025672123015873016
1 0.1510626102292769 0.543891369047619 0.06369047619047619 0.03318948412698412
1 0.21390652557319223 0.5301760912698413 0.04541887125220459 0.02032738095238095
2 0.06434303350970018 0.32240079365079366 0.05172398589065256 0.019957837301587303
2 0.8480291005291005 0.12747271825396825 0.03790123456790123 0.02171378968253968
2 0.9076190476190477 0.4079092261904762 0.043095238095238096 0.027251984126984125
2 0.9914594356261024 0.4694642857142857 0.017081128747795417 0.024362599206349207