1 0.1710626102292769 0.5244494047619047 0.06145061728395062 0.03263888888888889
1 0.5959435626102292 0.133702876984127 0.041278659611992945 0.026240079365079366
1 0.7785846560846561 0.17950396825396825 0.039585537918871254 0.023313492063492064
1 0.17555555555555558 0.26330605158730164 0.049695767195767196 0.03152777777777778
1 0.9710714285714285 0.657827380952381 0.053752204585537915 0.032929067460317464
1 0.17959876543209877 0.16557539682539682 0.04721781305114638 0.02544890873015873
1 0.467663139329806 0.3383531746031746 0.04403439153439154 0.0282390873015873
1 0.8176146384479718 0.8055803571428571 0.05318783068783069 0.03125496031746031
1 0.09958553791887126 0.5573983134920635 0.058827160493827156 0.031106150793650793
1 0.05562169312169313 0.2916294642857143 0.05055114638447972 0.031138392857142858
1 0.6332275132275133 0.6991369047619048 0.05333333333333333 0.028998015873015873
1 0.28003527336860673 0.20984623015873016 0.05212962962962963 0.03152529761904762
1 0.34792768959435627 0.2471502976190476 0.046763668430335095 0.02808531746031746
1 0.1262169312169312 0.2683234126984127 0.05378306878306879 0.029623015873015874
1 0.4087301587301587 0.5272470238095238 0.05369929453262787 0.026560019841269843
1 0.14521604938271607 0.16127728174603173 0.04171957671957672 0.024990079365079368
1 0.5520105820105821 0.32767857142857143 0.048994708994708994 0.024985119047619048
1 0.0748589065255732 0.07341021825396826 0.03302028218694886 0.019630456349206352
1 0.1738183421516755 0.37612847222222223 0.05148589065255732 0.03139136904761904
1 0.7686816578483244 0.15328373015873015 0.043465608465608464 0.024248511904761905
1 0.583478835978836 0.6794642857142857 0.043179012345679016 0.03169890873015873
1 0.07145061728395062 0.03838541666666667 0.03205026455026455 0.019608134920634922
1 0.5831305114638448 0.27113343253968253 0.04025573192239859 0.025225694444444443
1 0.302989417989418 0.23329613095238094 0.04593915343915344 0.02750496031746032
1 0.680626102292769 0.06828869047619048 0.03571428571428571 0.021220238095238094
1 0.4282936507936508 0.46108878968253963 0.05235008818342152 0.030577876984126985
1 0.17972222222222223 0.12637400793650794 0.043249559082892415 0.025749007936507935
1 0.6948192239858906 0.7422941468253967 0.051111111111111114 0.03031498015873016
1 0.3835978835978836 0.24643601190476191 0.04115961199294532 0.026061507936507935
1 0.26269400352733685 0.3634077380952381 0.038937389770723106 0.027636408730158733
1 0.6337213403880071 0.5119419642857143 0.04439594356261023 0.026899801587301587
1 0.5762125220458554 0.161812996031746 0.03342592592592593 0.02980406746031746
1 0.19221781305114638 0.13357886904761906 0.041234567901234566 0.02219246031746032
1 0.10106701940035273 0.29961805555555554 0.04172398589065256 0.026723710317460316
1 0.6049691358024691 0.7010367063492063 0.03261022927689594 0.021884920634920632
1 0.6535449735449735 0.7090922619047619 0.046653439153439155 0.021599702380952383
1 0.6813403880070547 0.8351364087301587 0.05472663139329806 0.028189484126984125
1 0.7135097001763668 0.8429389880952382 0.04407848324514991 0.02696924603174603
1 0.87663139329806 0.8503224206349206 0.03615079365079365 0.024479166666666666
1 0.8201499118165785 0.7492534722222222 0.04173721340388007 0.01908234126984127
1 0.8945061728395062 0.6539112103174604 0.04101410934744268 0.023412698412698413
1 0.9323853615520282 0.6658358134920636 0.03853615520282187 0.01922123015873016
1 0.7345811287477954 0.6257366071428571 0.03721781305114638 0.027901785714285716
1 0.7337301587301587 0.6441592261904762 0.03892416225749559 0.01598958333333333
1 0.6644091710758377 0.5279389880952381 0.03490299823633157 0.020421626984126987
1 0.797173721340388 0.25910218253968254 0.03168871252204586 0.019471726190476192
1 0.9863536155202822 0.3301066468253968 0.02611111111111111 0.012197420634920636
1 0.804021164021164 0.2980208333333333 0.03257054673721341 0.01878472222222222
1 0.7618121693121693 0.32630704365079366 0.02031305114638448 0.014955357142857142
1 0.6555776014109347 0.19702132936507935 0.02414021164021164 0.013529265873015872
1 0.6695502645502646 0.2026909722222222 0.03368165784832452 0.017532242063492062
1 0.695652557319224 0.19062003968253968 0.033007054673721344 0.020575396825396823
1 0.6435361552028218 0.13795386904761905 0.03905643738977072 0.022671130952380953
1 0.5626410934744268 0.12688988095238096 0.03155643738977072 0.020823412698412695
1 0.6997839506172839 0.06381200396825397 0.029347442680776017 0.01849702380952381
1 0.6698280423280424 0.08307291666666666 0.02886243386243386 0.01689236111111111
1 0.6417063492063493 0.06785218253968253 0.03398148148148148 0.020964781746031745
1 0.668615520282187 0.05717261904761905 0.032623456790123455 0.020749007936507937
1 0.3040828924162257 0.25140376984126983 0.0490652557319224 0.021763392857142856
1 0.21186507936507937 0.2042311507936508 0.03644179894179894 0.021046626984126984
1 0.25470899470899466 0.18293154761904762 0.03852292768959436 0.01857390873015873
1 0.026944444444444444 0.29240823412698413 0.04583333333333334 0.02860863095238095
1 0.4637786596119929 0.4011631944444444 0.05944444444444444 0.030734126984126985
1 0.3496957671957672 0.42319196428571426 0.04196649029982363 0.019419642857142858
1 0.5659479717813051 0.3069791666666667 0.04204144620811287 0.022700892857142857
1 0.5471296296296296 0.3472123015873016 0.04675925925925926 0.022398313492063494
1 0.0737037037037037 0.6259672619047619 0.05174603174603175 0.02671626984126984
1 0.4387742504409171 0.7787946428571428 0.03865961199294533 0.0219890873015873