1 0.9605952380952382 0.7236309523809523 0.07881393298059965 0.05250496031746031
1 0.5548589065255732 0.3034598214285714 0.0821384479717813 0.04579861111111111
1 0.927067901234568 0.2728844246031746 0.07488977072310406 0.04628224206349207
1 0.5599691358024691 0.7786334325396825 0.0723236331569665 0.053080357142857144
2 0.8618474426807761 0.2744742063492064 0.0587610229276896 0.03954613095238095
1 0.30250000000000005 0.48438244047619045 0.06154761904761905 0.03781498015873016
1 0.20892857142857144 0.4668253968253968 0.071331569664903 0.04095734126984127
1 0.1423236331569665 0.4552951388888889 0.052760141093474426 0.0362078373015873
1 0.36794973544973547 0.3952281746031746 0.0795546737213404 0.04579861111111111
1 0.3896340388007055 0.33098958333333334 0.07633597883597884 0.03936011904761905
1 0.4293915343915344 0.3495510912698413 0.039757495590828924 0.023705357142857143
1 0.6723148148148148 0.855875496031746 0.0707716049382716 0.047859623015873015
1 0.8309523809523809 0.57296875 0.06997354497354497 0.030414186507936508
1 0.3335758377425044 0.7261631944444444 0.06758818342151675 0.024600694444444442
1 0.9084832451499119 0.21111855158730158 0.03578483245149912 0.029521329365079365