2 0.10980489417989418 0.3935044642857143 0.04774140211640212 0.03508928571428571
2 0.20337632275132275 0.35734126984126985 0.04201058201058201 0.03007688492063492
2 0.19144179894179894 0.4511532738095238 0.039146825396825395 0.028645833333333332
2 0.0253042328042328 0.5836334325396826 0.039146825396825395 0.028645833333333332
2 0.37190145502645505 0.5818427579365079 0.04296626984126985 0.029360119047619048
2 0.14049603174603176 0.679952876984127 0.04029431216931217 0.02306299603174603
2 0.16541666666666668 0.6185193452380953 0.033931878306878306 0.021870039682539685
2 0.19961309523809523 0.624484126984127 0.01749669312169312 0.02345982142857143
2 0.3416997354497354 0.661063988095238 0.030221560846560847 0.025052083333333336
2 0.3849074074074074 0.6111631944444444 0.028630952380952382 0.02306299603174603
2 0.42467261904761905 0.6274652777777778 0.023326719576719578 0.021473214285714286
2 0.24653108465608464 0.7795610119047619 0.02968915343915344 0.022666170634920636
2 0.06706679894179894 0.9527281746031746 0.03976190476190476 0.029424603174603176
2 0.019087301587301587 0.9481572420634921 0.026507936507936508 0.028231646825396826
2 0.3933928571428571 0.8185267857142857 0.02968915343915344 0.022666170634920636
2 0.3263227513227513 0.8123635912698413 0.023859126984126986 0.015905257936507936
2 0.6712037037037037 0.5425694444444444 0.020145502645502647 0.016302083333333335
2 0.6940013227513228 0.5378000992063492 0.02120701058201058 0.01550843253968254
2 0.6902910052910053 0.5604637896825396 0.011663359788359789 0.011530257936507938
2 0.5047089947089947 0.6768824404761905 0.01701058201058201 0.013149801587301588
2 0.6453769841269841 0.6585292658730159 0.016749338624338625 0.011383928571428571
2 0.6148875661375661 0.6409623015873016 0.014917328042328043 0.010401785714285714
2 0.657417328042328 0.6596081349206349 0.010469576719576719 0.008831845238095238
2 0.7794775132275131 0.5128695436507936 0.009308862433862433 0.006500496031746032
2 0.7817228835978836 0.49999255952380955 0.008667328042328042 0.006741071428571429
2 0.7998578042328043 0.4940947420634921 0.00962962962962963 0.006981646825396825
2 0.7952050264550264 0.5097420634920635 0.008667328042328042 0.006019345238095238
2 0.8292261904761905 0.49734375 0.010591931216931217 0.007222222222222223
2 0.8563492063492063 0.49553819444444447 0.00962962962962963 0.006500496031746032
2 0.8680654761904762 0.49385416666666665 0.009308862433862433 0.007462797619047619
2 0.8706316137566138 0.4851860119047619 0.008667328042328042 0.006981646825396825
2 0.8552248677248676 0.4590674603174603 0.010591931216931217 0.007703373015873016
2 0.8289054232804233 0.4465500992063492 0.009308862433862433 0.006259920634920635
2 0.8001785714285714 0.45365079365079364 0.007701719576719577 0.006981646825396825
2 0.7279596560846561 0.45244791666666667 0.014123677248677248 0.011795634920634922
2 0.6940972222222221 0.44089285714285714 0.013802910052910053 0.012757936507936508
2 0.6209160052910053 0.49096478174603175 0.022787698412698412 0.01612847222222222
2 0.5894609788359788 0.5327306547619047 0.0176521164021164 0.012036210317460317
2 0.4046527777777778 0.733921130952381 0.025714285714285717 0.02127232142857143
2 0.3504431216931217 0.6934623015873016 0.013253968253968254 0.016302083333333335
2 0.3746957671957672 0.6819295634920635 0.01298941798941799 0.011929563492063493
2 0.149646164021164 0.7816170634920635 0.028488756613756615 0.016339285714285712
2 0.1409325396825397 0.7376264880952381 0.0264781746031746 0.021867559523809525
2 0.5752050264550265 0.2737127976190476 0.029060846560846558 0.023504464285714285
2 0.5190806878306878 0.2632440476190476 0.027351190476190473 0.023931051587301588
2 0.11251653439153439 0.12158730158730159 0.02220899470899471 0.013878968253968255