1 0.3749074074074074 0.3258655753968254 0.08967813051146384 0.05248511904761905
1 0.3988403880070547 0.598484623015873 0.06171516754850088 0.04245039682539682
1 0.7224647266313933 0.2588020833333333 0.0778042328042328 0.047061011904761904
1 0.5346604938271604 0.5175024801587302 0.06975308641975309 0.04320684523809524
1 0.2840035273368607 0.7428422619047619 0.06375220458553792 0.04127480158730158
1 0.7776234567901235 0.12874007936507936 0.0665873015873016 0.039015376984126986
1 0.29041887125220456 0.5105084325396825 0.05858906525573192 0.040052083333333335
1 0.27126984126984127 0.5480853174603175 0.061829805996472656 0.03625
1 0.5616843033509701 0.07827380952380952 0.060194003527336865 0.038261408730158736
1 0.3398236331569665 0.39469742063492064 0.0607363315696649 0.0369593253968254
1 0.6494223985890653 0.2616691468253968 0.06685626102292769 0.042016369047619045
1 0.4516269841269841 0.7183234126984127 0.0690079365079365 0.04568700396825397
1 0.5613536155202822 0.7662425595238095 0.07389770723104057 0.04455109126984127
1 0.6936640211640211 0.29222718253968255 0.07343033509700177 0.04070436507936508
1 0.21673280423280425 0.8059474206349206 0.0449647266313933 0.023869047619047616
1 0.8817768959435626 0.6387996031746032 0.0757716049382716 0.045935019841269846
1 0.4379761904761905 0.6235565476190476 0.05930776014109347 0.03576388888888889
1 0.7545590828924162 0.5468650793650793 0.058999118165784833 0.027043650793650797
1 0.20665784832451498 0.8386011904761904 0.03807760141093475 0.029047619047619048
1 0.7135537918871252 0.10081845238095238 0.05708553791887125 0.03097718253968254
1 0.205679012345679 0.645421626984127 0.04006172839506173 0.027388392857142858
1 0.9411067019400352 0.15842757936507937 0.07559964726631394 0.04447172619047619
1 0.9049647266313933 0.18632936507936507 0.0655379188712522 0.03618799603174603
1 0.4832098765432099 0.2509623015873016 0.07595238095238095 0.042953869047619046
1 0.35880511463844794 0.15942460317460316 0.04870811287477954 0.030255456349206348
1 0.39600970017636683 0.09571924603174603 0.055480599647266315 0.031041666666666665
1 0.2662169312169312 0.5043501984126985 0.048800705467372134 0.03197668650793651
1 0.5233465608465608 0.550875496031746 0.05725749559082893 0.029915674603174604
1 0.18649029982363316 0.6784275793650794 0.037848324514991184 0.02531498015873016
1 0.25889770723104055 0.6858258928571429 0.04004409171075837 0.027063492063492064
1 0.21740299823633158 0.7803893849206349 0.0408641975308642 0.02412450396825397
1 0.15981922398589066 0.8358506944444445 0.04332010582010582 0.023390376984126986
1 0.1043562610229277 0.9858953373015873 0.07943562610229277 0.028211805555555556
1 0.44343915343915347 0.8778000992063492 0.04357583774250441 0.025421626984126984
1 0.2804761904761905 0.6183258928571429 0.025573192239858905 0.020161210317460317
1 0.7588139329805996 0.6242187499999999 0.07304232804232805 0.03588541666666666
1 0.962147266313933 0.6502827380952381 0.0757010582010582 0.05437748015873016
1 0.48149029982363317 0.7616443452380952 0.054907407407407405 0.03166914682539682
1 0.7000396825396825 0.7999900793650794 0.07022927689594356 0.046547619047619046
1 0.7821428571428571 0.8117584325396826 0.07422839506172839 0.0391765873015873
1 0.9752557319223987 0.9145610119047619 0.04948853615520282 0.06389136904761905
1 0.8477601410934744 0.9101661706349207 0.09256172839506173 0.05146577380952381
1 0.977094356261023 0.8589037698412698 0.04580687830687831 0.048933531746031746
1 0.418831569664903 0.5028968253968255 0.059708994708994705 0.03597718253968254
1 0.26152116402116404 0.35981150793650796 0.05559964726631393 0.030813492063492064
1 0.14579805996472664 0.5088715277777778 0.037394179894179896 0.01958581349206349
1 0.07279982363315697 0.5196850198412698 0.03891534391534392 0.017978670634920632
1 0.44069664902998235 0.5577604166666666 0.06521164021164022 0.035724206349206346