1 0.41438712522045856 0.31745535714285716 0.09309964726631394 0.05710565476190476
1 0.633888888888889 0.702467757936508 0.0628968253968254 0.03940228174603175
1 0.35397707231040565 0.12665426587301587 0.0685978835978836 0.035032242063492064
1 0.587226631393298 0.6633531746031746 0.0568342151675485 0.028799603174603176
1 0.49373015873015874 0.3626909722222222 0.0645899470899471 0.05248015873015873
1 0.3116358024691358 0.8734499007936508 0.08591269841269841 0.04393353174603174
1 0.31343033509700174 0.13515376984126987 0.04056437389770723 0.029114583333333333
1 0.6343562610229277 0.3539012896825397 0.07884038800705467 0.03501984126984127
1 0.1765652557319224 0.12520833333333334 0.039329805996472664 0.023120039682539683
1 0.14459876543209876 0.127547123015873 0.03475308641975308 0.021006944444444446
2 0.13657407407407407 0.10924107142857142 0.02214285714285714 0.012455357142857143
1 0.4137830687830688 0.16017857142857145 0.056446208112874784 0.03208581349206349
1 0.3658553791887125 0.1901215277777778 0.06615961199294533 0.03779017857142857
1 0.6516622574955908 0.3974082341269841 0.0651278659611993 0.03300347222222222
1 0.4266490299823633 0.40810267857142857 0.07373456790123456 0.03371279761904762
1 0.6366622574955908 0.4794890873015873 0.055546737213403884 0.030158730158730156
1 0.8240035273368607 0.5726760912698413 0.06041005291005291 0.036803075396825397
1 0.8642592592592593 0.5937078373015873 0.04994268077601411 0.02478918650793651
1 0.8334347442680776 0.6373189484126984 0.04797178130511464 0.027713293650793648
1 0.2258994708994709 0.7873214285714286 0.07103174603174603 0.039910714285714285
1 0.43119047619047624 0.7800049603174604 0.07960758377425045 0.03932787698412698
1 0.3050440917107584 0.7026289682539683 0.06149029982363316 0.03786210317460317
1 0.29544973544973546 0.6497941468253968 0.0713800705467372 0.034164186507936505
1 0.23037477954144622 0.6658829365079365 0.07038800705467371 0.031041666666666665
1 0.1012037037037037 0.665719246031746 0.053752204585537915 0.024831349206349208
1 0.054625220458553794 0.6877083333333334 0.06169753086419753 0.03024801587301587
1 0.42653880070546735 0.6470039682539682 0.07827601410934744 0.03904513888888889
1 0.3654232804232804 0.5091517857142858 0.0406657848324515 0.022185019841269842
1 0.3035185185185185 0.31193204365079363 0.05523809523809524 0.03039186507936508
1 0.8365961199294533 0.31171378968253965 0.0442283950617284 0.022762896825396825
1 0.6531569664902998 0.6452901785714286 0.06364638447971781 0.03169146825396826
1 0.07122134038800705 0.47083829365079366 0.04322751322751323 0.022398313492063494
1 0.8667107583774251 0.7397569444444444 0.051649029982363315 0.028504464285714286
1 0.8172222222222222 0.728452380952381 0.04596119929453263 0.026587301587301587
1 0.20121252204585538 0.6796726190476191 0.04450176366843034 0.020753968253968257
1 0.4462830687830688 0.45808035714285716 0.041768077601410936 0.025848214285714287