2 0.3086433531746032 0.23227843915343915 0.019072420634920637 0.024189814814814817
2 0.2849206349206349 0.31352843915343914 0.02000248015873016 0.024189814814814817
2 0.3672544642857143 0.32314153439153437 0.016282242063492065 0.021087962962962965
2 0.3998164682539682 0.3414384920634921 0.020932539682539685 0.024189814814814817
2 0.2891071428571429 0.39788029100529104 0.016282242063492065 0.02046626984126984
2 0.32841269841269843 0.44098544973544973 0.013955853174603175 0.018607804232804233
2 0.42377480158730163 0.4245502645502645 0.013025793650793652 0.016746031746031745
2 0.5368105158730159 0.5464252645502646 0.019536210317460317 0.029771825396825397
2 0.5461160714285714 0.5572784391534392 0.015815972222222224 0.024189814814814817
2 0.3302728174603175 0.14668650793650792 0.014885912698412699 0.021709656084656085
2 0.4365674603174603 0.14761574074074074 0.01255952380952381 0.0198478835978836
2 0.47191964285714283 0.15536706349206347 0.018142361111111113 0.021709656084656085
2 0.4988988095238095 0.17056547619047618 0.01721230158730159 0.024808201058201057
2 0.4386607142857143 0.1048181216931217 0.013955853174603175 0.024808201058201057
2 0.575654761904762 0.2434424603174603 0.019072420634920637 0.02542989417989418
2 0.615890376984127 0.2654596560846561 0.018606150793650793 0.028531746031746033
2 0.6051909722222223 0.29895171957671957 0.016746031746031745 0.024808201058201057
2 0.5130877976190477 0.348260582010582 0.016746031746031745 0.02666997354497355
2 0.2863144841269841 0.5975958994708995 0.013489583333333334 0.016746031746031745
2 0.4298214285714286 0.6462830687830687 0.021398809523809525 0.02604828042328042
2 0.4740128968253968 0.7526521164021164 0.02232886904761905 0.02542989417989418
2 0.5063417658730158 0.7340443121693122 0.013489583333333334 0.024189814814814817
2 0.5628621031746032 0.6022453703703704 0.02046875 0.0198478835978836
2 0.5744915674603175 0.6524834656084656 0.021398809523809525 0.03101190476190476
2 0.5954241071428571 0.6893882275132275 0.018606150793650793 0.027910052910052913
2 0.597750496031746 0.719781746031746 0.023258928571428573 0.02666997354497355
2 0.410749007936508 0.7455191798941798 0.01767609126984127 0.016127645502645505
2 0.30189732142857145 0.6698511904761905 0.015815972222222224 0.016127645502645505
2 0.25933531746031746 0.6062764550264551 0.013489583333333334 0.011785714285714287
2 0.5444518849206349 0.26432539682539685 0.016822916666666667 0.016822089947089947
2 0.5209375 0.2538723544973545 0.011088789682539683 0.018353174603174604
2 0.6442410714285715 0.4684920634920635 0.013764880952380952 0.014272486772486772
2 0.6547569444444444 0.505707671957672 0.017204861111111112 0.02141203703703704
2 0.7306498015873016 0.5232969576719577 0.02141121031746032 0.023958333333333335
2 0.787046130952381 0.4957671957671958 0.020262896825396826 0.020902777777777777
2 0.8126636904761905 0.43153439153439155 0.01873511904761905 0.02498015873015873
2 0.8862624007936507 0.474864417989418 0.02141121031746032 0.02599867724867725
2 0.8939112103174603 0.5276289682539682 0.02141121031746032 0.028548280423280423
2 0.7730902777777777 0.5666269841269841 0.01529265873015873 0.022939814814814816
2 0.8038690476190475 0.5926256613756613 0.019499007936507936 0.015803571428571427
2 0.899454365079365 0.6285648148148149 0.017204861111111112 0.02141203703703704
2 0.8725 0.6650165343915344 0.01911706349206349 0.022939814814814816
2 0.6027728174603175 0.5587268518518518 0.019561011904761907 0.023012566137566137
2 0.7720337301587302 0.22373346560846563 0.01492311507936508 0.015671296296296298