1 0.18673721340388005 0.6511954365079364 0.06982363315696649 0.037730654761904764
1 0.3705070546737213 0.6711780753968254 0.033346560846560847 0.01806299603174603
1 0.12559082892416223 0.5595535714285714 0.02541005291005291 0.013834325396825397
1 0.10672839506172839 0.5586284722222222 0.018686067019400354 0.012700892857142857
1 0.3017989417989418 0.043640873015873015 0.018112874779541446 0.01156498015873016
1 0.2981922398589065 0.07683531746031746 0.021507936507936507 0.015629960317460317
1 0.5965608465608465 0.10784970238095239 0.021710758377425046 0.012653769841269842
1 0.7732716049382716 0.06289434523809524 0.020727513227513227 0.013003472222222222
1 0.8337610229276896 0.23901041666666667 0.04302028218694885 0.019779265873015872
1 0.800731922398589 0.49909226190476186 0.046997354497354496 0.0311656746031746
1 0.899973544973545 0.3969766865079365 0.01873015873015873 0.00798859126984127