1 0.20777777777777778 0.562219742063492 0.08505291005291006 0.04541914682539682
1 0.7713492063492063 0.5764558531746031 0.06947971781305115 0.04156001984126984
1 0.212663139329806 0.7611011904761905 0.08225749559082893 0.04904513888888889
1 0.44117283950617286 0.4603224206349206 0.06901675485008818 0.04313244047619048
1 0.6925440917107584 0.8190054563492064 0.0753747795414462 0.052078373015873015
1 0.04534832451499118 0.47883184523809524 0.07289241622574956 0.04156001984126984
1 0.027301587301587302 0.6956324404761904 0.054607583774250436 0.04444940476190476
1 0.4469091710758378 0.9529489087301587 0.0724074074074074 0.0436235119047619
1 0.6777777777777778 0.3540724206349206 0.05172398589065256 0.03055803571428571
1 0.28219135802469136 0.5680208333333334 0.06703703703703703 0.038931051587301584
1 0.42047619047619045 0.25257440476190474 0.053214285714285714 0.03481150793650794
1 0.966931216931217 0.8063665674603174 0.06613756613756613 0.046612103174603174
1 0.8663271604938271 0.8983209325396826 0.07081128747795415 0.05063988095238096
1 0.8289550264550264 0.6262524801587303 0.058734567901234574 0.03795882936507937
1 0.37023809523809526 0.3560267857142857 0.053752204585537915 0.030486111111111113
1 0.30619047619047624 0.8480233134920635 0.0706305114638448 0.04351438492063492
1 0.8720767195767195 0.9428199404761904 0.05986772486772487 0.0402281746031746
1 0.576494708994709 0.36253224206349205 0.04216931216931217 0.027209821428571427
1 0.7014770723104057 0.6523239087301588 0.07234567901234569 0.051106150793650794
1 0.7288888888888888 0.7089558531746032 0.06638888888888889 0.04251736111111111
1 0.20038800705467372 0.7174156746031746 0.06493386243386244 0.04981646825396826
1 0.5462698412698412 0.8216418650793651 0.05009259259259259 0.025778769841269842
1 0.37094356261022926 0.17540178571428572 0.02197530864197531 0.015302579365079366
1 0.2762477954144621 0.18893849206349206 0.035577601410934745 0.014126984126984127
1 0.592257495590829 0.22690228174603175 0.03139329805996473 0.015892857142857143
1 0.5367989417989418 0.22660962301587304 0.025114638447971783 0.015302579365079366
1 0.4975573192239859 0.2180753968253968 0.026159611992945326 0.011183035714285715
1 0.44209876543209875 0.2698710317460317 0.01988095238095238 0.018246527777777775
1 0.6970017636684304 0.27920386904761907 0.03599206349206349 0.02054811507936508
1 0.6099779541446209 0.3710639880952381 0.027398589065255732 0.017524801587301585
1 0.6529541446208114 0.3754439484126984 0.05103174603174603 0.02568452380952381
1 0.7609259259259259 0.3822420634920635 0.03813932980599647 0.021150793650793653
1 0.3636772486772487 0.37952380952380954 0.05479276895943563 0.02175595238095238
1 0.1625 0.5535739087301588 0.022023809523809525 0.029007936507936507
1 0.9301410934744268 0.9188938492063492 0.05640652557319224 0.03263392857142858
1 0.9901851851851851 0.8842956349206349 0.019629629629629632 0.030518353174603174
1 0.8826014109347443 0.6901537698412697 0.041900352733686065 0.024776785714285716
1 0.977147266313933 0.6776140873015872 0.041900352733686065 0.031123511904761904
1 0.9821252204585538 0.5812202380952382 0.03574514991181658 0.01601438492063492
1 0.9532407407407406 0.20758928571428573 0.029545855379188714 0.017524801587301585
1 0.7638800705467372 0.4518923611111111 0.03008377425044092 0.018432539682539682
1 0.809810405643739 0.5901364087301587 0.05747795414462082 0.033239087301587304
1 0.7509876543209877 0.6611458333333333 0.03330687830687831 0.030820932539682537
1 0.863531746031746 0.8225024801587302 0.03169312169312169 0.01933779761904762
1 0.7622707231040564 0.883844246031746 0.0612389770723104 0.030820932539682537
1 0.6736331569664903 0.7013343253968255 0.049422398589065254 0.030820932539682537
1 0.6161552028218695 0.5951215277777778 0.05371693121693122 0.022058531746031746
1 0.08986772486772486 0.9772123015873015 0.058743386243386236 0.028110119047619047