2 0.20773148148148146 0.44937003968253963 0.0031746031746031746 0.0023809523809523807
2 0.20123015873015873 0.4681299603174603 0.0031746031746031746 0.0022668650793650795
2 0.19896494708994708 0.4673363095238095 0.0025694444444444445 0.0015873015873015873
2 0.19057539682539681 0.4745907738095238 0.003928571428571429 0.002720734126984127
2 0.19866071428571427 0.4758928571428571 0.004381613756613756 0.0021527777777777778
2 0.1960185185185185 0.4768576388888889 0.0024173280423280424 0.0022668650793650795
2 0.2111309523809524 0.4655233134920635 0.003627645502645503 0.0022668650793650795
2 0.21264219576719576 0.46291418650793653 0.0024173280423280424 0.0018129960317460317
2 0.225489417989418 0.4558308531746032 0.0033234126984126987 0.0023809523809523807
2 0.22193783068783068 0.4593452380952381 0.0025694444444444445 0.0019270833333333332
2 0.22065145502645503 0.4625173611111111 0.003928571428571429 0.0023809523809523807
2 0.2152876984126984 0.46461557539682535 0.0028703703703703703 0.002041170634920635
2 0.21770502645502646 0.4665997023809524 0.0040806878306878305 0.0026066468253968253
2 0.2216335978835979 0.46642857142857147 0.0031746031746031746 0.002041170634920635
2 0.22594246031746032 0.45957093253968256 0.0024173280423280424 0.001701388888888889
2 0.22375 0.4587772817460317 0.0025694444444444445 0.0021527777777777778
2 0.2479298941798942 0.4498809523809524 0.0034755291005291004 0.0018129960317460317
2 0.229265873015873 0.43962301587301583 0.0027215608465608466 0.0019270833333333332
2 0.26085317460317464 0.4579836309523809 0.0033234126984126987 0.0021527777777777778
2 0.24936507936507937 0.467562003968254 0.003627645502645503 0.002041170634920635
2 0.2452116402116402 0.46994295634920635 0.0025694444444444445 0.0018129960317460317
2 0.24180886243386243 0.4732862103174603 0.0030224867724867725 0.0023809523809523807
2 0.2480820105820106 0.47135912698412696 0.0031746031746031746 0.0021527777777777778
2 0.23538690476190474 0.48002976190476193 0.0025694444444444445 0.0018129960317460317
2 0.23349867724867726 0.4832043650793651 0.0030224867724867725 0.0018129960317460317
2 0.22851190476190475 0.4857539682539682 0.0030224867724867725 0.0021527777777777778
2 0.2346329365079365 0.48547123015873017 0.0034755291005291004 0.0018129960317460317
2 0.2269246031746032 0.47544146825396827 0.0034755291005291004 0.0028348214285714283
2 0.23017195767195767 0.4745907738095238 0.003928571428571429 0.002041170634920635
2 0.22798280423280423 0.47005704365079365 0.0034755291005291004 0.002492559523809524
2 0.23168320105820106 0.46495535714285713 0.0033234126984126987 0.0029464285714285716
2 0.2286607142857143 0.46166914682539684 0.0021164021164021165 0.002041170634920635
2 0.2276025132275132 0.4630853174603175 0.0024173280423280424 0.0014732142857142858
2 0.28835978835978837 0.4748735119047619 0.007860449735449736 0.0064608134920634925
2 0.323042328042328 0.8421850198412698 0.022966269841269843 0.017224702380952382
2 0.3332804232804233 0.8515476190476191 0.024464285714285716 0.02022073412698413
2 0.36598214285714287 0.874015376984127 0.027959656084656084 0.02022073412698413
2 0.5891666666666667 0.8483630952380952 0.02396494708994709 0.021344246031746034
2 0.5654497354497354 0.8152232142857143 0.022466931216931215 0.018722718253968252
2 0.5122751322751322 0.774593253968254 0.03395171957671958 0.025838293650793653
2 0.48506613756613753 0.7674776785714286 0.022466931216931215 0.017599206349206347
2 0.4171593915343915 0.9635143849206349 0.03345238095238095 0.026961805555555555
2 0.3587433862433862 0.7373338293650793 0.02146825396825397 0.015726686507936505
2 0.34875661375661376 0.7933159722222223 0.019470899470899472 0.012358630952380953
2 0.3722255291005291 0.6319196428571429 0.010486111111111111 0.007115575396825397
2 0.3921957671957672 0.6296726190476191 0.022466931216931215 0.012358630952380953
2 0.38945105820105824 0.6390352182539683 0.012982804232804231 0.00861359126984127
2 0.4156613756613757 0.5819270833333333 0.01747685185185185 0.015726686507936505
2 0.4940509259259259 0.6126339285714285 0.022466931216931215 0.018722718253968252
2 0.3984358465608465 0.5388640873015873 0.01697751322751323 0.01273313492063492
2 0.42589947089947094 0.5354935515873016 0.01697751322751323 0.008988095238095238
2 0.4423743386243386 0.5484126984126984 0.021967592592592594 0.019097222222222224
2 0.5584623015873016 0.5626413690476191 0.02146825396825397 0.012358630952380953
2 0.5057837301587301 0.5793055555555556 0.01697751322751323 0.010486111111111111
2 0.4363822751322751 0.47351934523809525 0.02596230158730159 0.016101190476190477
2 0.5502215608465608 0.47707589285714286 0.027959656084656084 0.02246775793650794
2 0.6762929894179894 0.5377405753968254 0.03245370370370371 0.02471478174603175
2 0.6346031746031746 0.4941145833333333 0.02396494708994709 0.022842261904761903
2 0.6610648148148148 0.4718328373015873 0.027959656084656084 0.016475694444444446
2 0.6715509259259259 0.4358829365079365 0.02396494708994709 0.01797371031746032
2 0.615380291005291 0.39993551587301585 0.02546296296296296 0.018722718253968252
2 0.6348544973544974 0.4092956349206349 0.02546296296296296 0.017224702380952382
2 0.33552579365079366 0.5008556547619047 0.02396494708994709 0.016101190476190477
2 0.33802248677248675 0.5276289682539683 0.008988095238095238 0.005992063492063492
2 0.3060681216931217 0.530064484126984 0.008988095238095238 0.005617559523809524
2 0.3215443121693122 0.543358134920635 0.007989417989417989 0.005992063492063492
2 0.3297850529100529 0.554030257936508 0.009487433862433862 0.007864583333333333
2 0.34351521164021165 0.5465401785714286 0.006990740740740741 0.00636656746031746
2 0.30556878306878305 0.5605828373015873 0.009986772486772487 0.006741071428571429
2 0.34875661375661376 0.4591021825396825 0.009487433862433862 0.006741071428571429
2 0.337771164021164 0.4697743055555556 0.006491402116402116 0.005617559523809524
2 0.38420634920634916 0.3540625 0.02146825396825397 0.01685019841269841
2 0.41266534391534393 0.3432018849206349 0.03245370370370371 0.020595238095238097
2 0.4748280423280424 0.364734623015873 0.03495039682539682 0.02546378968253968
2 0.42639880952380954 0.3085639880952381 0.022966269841269843 0.015726686507936505
2 0.46734126984126984 0.3068799603174603 0.029957010582010585 0.025089285714285713
2 0.520515873015873 0.30781498015873016 0.036448412698412695 0.02771081349206349
2 0.49704695767195767 0.3145560515873016 0.03145502645502646 0.026212797619047618
2 0.5769345238095238 0.32110863095238096 0.03544973544973545 0.02808531746031746
2 0.6405952380952381 0.17693700396825396 0.03495039682539682 0.024340277777777777
2 0.6023974867724868 0.14117559523809525 0.03245370370370371 0.02396577380952381
2 0.6051455026455027 0.28515873015873017 0.040942460317460315 0.02808531746031746
2 0.6368485449735449 0.29564484126984125 0.03544973544973545 0.02808531746031746
2 0.6977645502645502 0.2716790674603175 0.04144179894179894 0.027336309523809523
2 0.8270800264550265 0.23666666666666666 0.037447089947089944 0.03220486111111111
2 0.8073578042328041 0.16476686507936508 0.03095568783068783 0.02171875
2 0.8919907407407408 0.16345734126984127 0.02646164021164021 0.027336309523809523
2 0.9206977513227513 0.16439236111111113 0.03594907407407407 0.02771081349206349
2 0.8468022486772487 0.24078373015873017 0.040942460317460315 0.026212797619047618
2 0.8917394179894179 0.254640376984127 0.03994378306878307 0.026961805555555555
2 0.8682738095238095 0.24921130952380954 0.020968915343915342 0.015352182539682539
2 0.8550429894179894 0.26362847222222224 0.03145502645502646 0.02546378968253968
2 0.8815046296296296 0.27898065476190476 0.037447089947089944 0.026961805555555555
2 0.8428075396825397 0.30631696428571425 0.03694775132275133 0.029208829365079365
2 0.7070006613756613 0.34601190476190474 0.020968915343915342 0.028459821428571428
2 0.7299669312169312 0.3456374007936508 0.02596230158730159 0.02396577380952381
2 0.7332142857142856 0.37035218253968255 0.028458994708994708 0.02321676587301587
2 0.7541832010582011 0.37465773809523806 0.034451058201058204 0.021344246031746034
2 0.7843915343915344 0.37222470238095234 0.02396494708994709 0.018722718253968252
2 0.7951256613756614 0.3602405753968254 0.023465608465608464 0.01273313492063492
2 0.8350694444444444 0.36080357142857145 0.030456349206349206 0.022842261904761903
2 0.7424503968253968 0.47782490079365075 0.048931878306878306 0.03145585317460317
2 0.7065013227513227 0.5549652777777777 0.03894510582010582 0.02396577380952381
2 0.7162367724867725 0.5869841269841269 0.03544973544973545 0.025089285714285713
2 0.7616732804232805 0.5701314484126984 0.0384457671957672 0.027336309523809523
2 0.796875 0.5695709325396826 0.03694775132275133 0.020969742063492062
2 0.869021164021164 0.5611433531746032 0.03544973544973545 0.026587301587301587
2 0.8800066137566137 0.6905233134920635 0.02146825396825397 0.018722718253968252
2 0.8785085978835979 0.7642956349206349 0.0184755291005291 0.016475694444444446
2 0.8892427248677249 0.8826289682539683 0.019970238095238096 0.017224702380952382
2 0.9391732804232804 0.8384399801587302 0.017976190476190475 0.016475694444444446
2 0.9763690476190476 0.8723288690476191 0.022466931216931215 0.021344246031746034
2 0.718234126984127 0.9228844246031747 0.03245370370370371 0.024340277777777777
2 0.7496891534391534 0.9924280753968253 0.03145502645502646 0.015141369047619048
2 0.8752645502645503 0.6571974206349207 0.017976190476190475 0.014977678571428572
2 0.9142096560846561 0.6191865079365079 0.017976190476190475 0.01310763888888889
2 0.8849999999999999 0.6358506944444444 0.022466931216931215 0.014977678571428572
2 0.6720502645502645 0.6905233134920635 0.019970238095238096 0.014228670634920634
2 0.5894179894179894 0.6315451388888889 0.024464285714285716 0.01685019841269841
2 0.5624537037037036 0.728720238095238 0.030456349206349206 0.019471726190476192
2 0.6031481481481482 0.6678695436507937 0.014980158730158729 0.011609623015873016
2 0.6498313492063492 0.6500818452380953 0.022466931216931215 0.015726686507936505
2 0.5267559523809524 0.5609573412698413 0.020968915343915342 0.015726686507936505
2 0.8879960317460318 0.47351934523809525 0.04044312169312169 0.028834325396825396
2 0.7244775132275133 0.3984375 0.03095568783068783 0.02022073412698413
2 0.853045634920635 0.3855183531746032 0.028458994708994708 0.020595238095238097
2 0.9097156084656085 0.4044295634920635 0.040942460317460315 0.028459821428571428
2 0.9256911375661375 0.4173487103174603 0.03495039682539682 0.024340277777777777
2 0.8695205026455026 0.30631696428571425 0.02146825396825397 0.014228670634920634
2 0.9044708994708994 0.30107390873015877 0.024464285714285716 0.016475694444444446
2 0.9563988095238095 0.30538194444444444 0.03245370370370371 0.027336309523809523
2 0.9284391534391534 0.34357638888888886 0.037447089947089944 0.024340277777777777
2 0.9828604497354497 0.34245287698412696 0.02546296296296296 0.016101190476190477
2 0.9566468253968254 0.33702380952380956 0.03095568783068783 0.019471726190476192
2 0.9895568783068783 0.37053819444444447 0.020882936507936507 0.024340277777777777
2 0.9668849206349207 0.2437797619047619 0.024464285714285716 0.018722718253968252
2 0.7419510582010581 0.23460565476190476 0.040942460317460315 0.021344246031746034
2 0.9825694444444444 0.17712549603174602 0.034864417989417994 0.03220486111111111