1 0.33701499118165784 0.5851240079365079 0.07528218694885362 0.04039186507936508
1 0.32659171075837745 0.32832589285714286 0.06504850088183421 0.03543650793650793
1 0.7578130511463845 0.3038194444444444 0.07062610229276896 0.04600694444444445
1 0.20512345679012348 0.39634920634920634 0.06995149911816578 0.041748511904761906
1 0.37963403880070545 0.8527852182539682 0.058888888888888886 0.03790922619047619
1 0.7751366843033509 0.6918080357142857 0.07049382716049382 0.03607390873015873
1 0.8240873015873016 0.30270089285714286 0.06667989417989417 0.03943452380952381
1 0.8789417989417989 0.27396825396825397 0.0696604938271605 0.04178819444444445
1 0.06055996472663139 0.765890376984127 0.07492063492063492 0.043432539682539684
1 0.7876763668430335 0.827609126984127 0.057160493827160486 0.0392906746031746
1 0.8299779541446208 0.37802331349206353 0.06304673721340388 0.042162698412698416
1 0.2927248677248677 0.9213492063492064 0.05278659611992945 0.035354662698412705
1 0.5629012345679013 0.34056299603174606 0.0600352733686067 0.03183779761904762
1 0.5468783068783069 0.6451091269841269 0.0538668430335097 0.03522321428571429
1 0.619457671957672 0.7950173611111112 0.05106701940035273 0.03483382936507936
1 0.6553174603174603 0.37809027777777776 0.049695767195767196 0.037222222222222226
1 0.5906084656084656 0.4721552579365079 0.0665873015873016 0.04121527777777778
1 0.9563095238095237 0.887514880952381 0.06702380952380951 0.04142113095238095
1 0.28534391534391534 0.47959573412698414 0.057261904761904764 0.034037698412698415
1 0.320489417989418 0.4642013888888889 0.04983245149911816 0.031376488095238096
1 0.5822089947089947 0.9876959325396825 0.032733686067019395 0.02460565476190476
1 0.6005555555555555 0.010741567460317462 0.0455026455026455 0.021480654761904763
1 0.9625970017636685 0.09919394841269841 0.03852733686067019 0.03036954365079365
1 0.618236331569665 0.8937078373015873 0.054241622574955906 0.037214781746031746
1 0.6803042328042328 0.06797123015873016 0.046441798941798944 0.027574404761904765
1 0.6656834215167549 0.09820684523809524 0.0430026455026455 0.024188988095238097
1 0.8196340388007055 0.023462301587301587 0.037843915343915346 0.021770833333333333
1 0.8028615520282187 0.011852678571428571 0.04214285714285714 0.01886656746031746
1 0.6605246913580247 0.26487103174603177 0.05848324514991181 0.032413194444444446
1 0.36423280423280424 0.33961557539682535 0.035260141093474424 0.032896825396825397
1 0.3779938271604938 0.3207465277777778 0.0473015873015873 0.026123511904761903
1 0.19566137566137565 0.6010987103174603 0.038703703703703705 0.026607142857142857
1 0.25543650793650796 0.9392609126984127 0.05504409171075838 0.030478670634920636
1 0.2610273368606702 0.9141046626984127 0.04214285714285714 0.032413194444444446
1 0.6235405643738977 0.6214186507936508 0.053324514991181654 0.028544146825396827
1 0.5229144620811288 0.4620114087301587 0.044722222222222226 0.02709077380952381
1 0.46958994708994706 0.4046825396825397 0.056763668430335104 0.024672619047619047
1 0.5495767195767196 0.31808531746031743 0.053324514991181654 0.025639880952380952
1 0.7761992945326279 0.24164930555555555 0.04558201058201058 0.020803571428571428
1 0.98163139329806 0.27116071428571425 0.036737213403880066 0.03338045634920635
1 0.7465299823633157 0.14029761904761903 0.0430026455026455 0.022254464285714287
1 0.670842151675485 0.4378224206349206 0.04988536155202822 0.02515625
1 0.08041446208112875 0.4199231150793651 0.05418430335097002 0.031929563492063495
1 0.14362874779541446 0.39742559523809523 0.07052469135802468 0.03338045634920635
1 0.9422530864197531 0.5201140873015873 0.04728835978835979 0.02829861111111111
1 0.8972222222222223 0.5249528769841271 0.040784832451499116 0.028293650793650794
1 0.8282319223985891 0.25788690476190473 0.042821869488536154 0.026381448412698415
1 0.596031746031746 0.29019345238095234 0.03948853615520282 0.022472718253968255
1 0.5500925925925926 0.49765376984126986 0.04197089947089947 0.024871031746031745
1 0.2949029982363316 0.5700570436507936 0.04400352733686067 0.024223710317460317
1 0.7612918871252204 0.9904191468253968 0.04778659611992945 0.01916418650793651
1 0.7944532627865961 0.9740798611111111 0.04623456790123457 0.025677083333333333
1 0.6340961199294534 0.08476686507936507 0.04506172839506173 0.025347222222222222
1 0.6203439153439154 0.44161210317460314 0.04915784832451499 0.02798115079365079
1 0.4775485008818342 0.8228174603174603 0.04447971781305114 0.029298115079365077