1 0.4677777777777778 0.5930729166666666 0.07545855379188712 0.0432390873015873
1 0.5842592592592593 0.6093725198412698 0.06503086419753087 0.03936507936507937
1 0.028055555555555556 0.5445362103174604 0.04485008818342152 0.03060763888888889
1 0.2481922398589065 0.6562673611111112 0.0761331569664903 0.04010416666666666
1 0.3889417989417989 0.4850917658730159 0.06041887125220458 0.03799107142857143
1 0.0681084656084656 0.31325892857142856 0.054907407407407405 0.03265376984126984
1 0.9365917107583774 0.5010565476190476 0.0647530864197531 0.03391369047619048
1 0.37186507936507934 0.1834672619047619 0.04481922398589065 0.02560019841269841
1 0.028813932980599644 0.4380109126984127 0.051238977072310406 0.027961309523809524
1 0.18317460317460318 0.685203373015873 0.0388668430335097 0.019536210317460317
1 0.6603395061728395 0.6056572420634921 0.07029100529100528 0.04372519841269842
1 0.5961111111111111 0.8591195436507936 0.062023809523809516 0.03585813492063492
1 0.5991269841269841 0.8988541666666666 0.061164021164021164 0.034888392857142854
1 0.662010582010582 0.9238070436507937 0.05427248677248677 0.03246527777777778
1 0.5724250440917108 0.8818923611111111 0.038765432098765436 0.031011904761904765
1 0.5336596119929453 0.08770585317460318 0.03187389770723104 0.019382440476190477
1 0.5129850088183422 0.06856398809523809 0.03187389770723104 0.021805555555555557
1 0.24077160493827163 0.28104414682539686 0.043932980599647266 0.028105158730158727
1 0.0994973544973545 0.43779761904761905 0.038765432098765436 0.02277529761904762
1 0.14041446208112873 0.5679017857142857 0.04134920634920635 0.024228670634920634
1 0.0666358024691358 0.6041220238095238 0.042482363315696645 0.025860615079365077
1 0.018333333333333333 0.5853000992063492 0.023858024691358025 0.01505704365079365
1 0.4478130511463845 0.290687003968254 0.06576278659611993 0.03208085317460317
1 0.8185185185185185 0.07447172619047619 0.044810405643738976 0.026515376984126985
1 0.8575088183421516 0.07070684523809523 0.03200617283950617 0.029461805555555557
1 0.513884479717813 0.7150223214285714 0.06280864197530864 0.032921626984126984
1 0.008562610229276896 0.5544320436507936 0.01712962962962963 0.02248263888888889
1 0.15844797178130512 0.21960565476190477 0.042821869488536154 0.027299107142857142
1 0.52244708994709 0.6371354166666666 0.05281746031746032 0.025694444444444443
1 0.48640652557319225 0.6212772817460317 0.04782186948853615 0.02609623015873016
1 0.9424779541446208 0.9887921626984126 0.059237213403880065 0.0224156746031746