2 0.4428968253968254 0.3280704365079365 0.035958994708994704 0.023635912698412698
2 0.8329265873015873 0.467390873015873 0.04791997354497354 0.029466765873015874
2 0.6623280423280423 0.20654017857142856 0.03788029100529101 0.02972718253968254
2 0.6043154761904762 0.4322668650793651 0.0410978835978836 0.029409722222222223
2 0.9553538359788359 0.30253224206349205 0.04749338624338625 0.03430059523809524
2 0.7096362433862434 0.23375 0.04237103174603175 0.03163194444444445
2 0.7767030423280423 0.33428323412698413 0.03847222222222222 0.026800595238095238
2 0.8010615079365079 0.09966269841269841 0.04016534391534391 0.03385168650793651
2 0.5141005291005292 0.6204414682539682 0.036590608465608465 0.025751488095238095
2 0.9279894179894179 0.8240203373015873 0.05753637566137566 0.037214781746031746
2 0.6484358465608465 0.37239087301587304 0.03374669312169312 0.03003968253968254
2 0.3810648148148148 0.39044146825396825 0.026140873015873013 0.01818204365079365
2 0.934646164021164 0.26676339285714284 0.029666005291005288 0.03155505952380953
2 0.8317890211640211 0.31792658730158735 0.036312830687830686 0.024739583333333332
2 0.5420006613756614 0.27219742063492064 0.029656084656084658 0.026946924603174605
2 0.40970568783068784 0.570374503968254 0.030416666666666668 0.02050595238095238
2 0.37751322751322747 0.43611607142857145 0.02427579365079365 0.017723214285714283
2 0.49435515873015873 0.5482688492063492 0.02783730158730159 0.021039186507936507
2 0.5248677248677249 0.48416914682539686 0.036312830687830686 0.022413194444444444
2 0.3919543650793651 0.5385292658730159 0.022546296296296297 0.017393353174603172
2 0.3125165343915344 0.3714930555555555 0.022936507936507936 0.020128968253968253
2 0.3715542328042328 0.7793204365079365 0.01873346560846561 0.016269841269841268
2 0.3040873015873016 0.403968253968254 0.023088624338624335 0.016339285714285712
2 0.49551256613756617 0.36586309523809524 0.025327380952380952 0.019799107142857143
2 0.5634755291005291 0.6310168650793652 0.02757275132275132 0.02023561507936508
2 0.4591203703703704 0.6073040674603175 0.023303571428571427 0.018683035714285715
2 0.5599107142857143 0.3560763888888889 0.023416005291005293 0.021708829365079365
2 0.4126388888888889 0.5167609126984127 0.01851190476190476 0.016721230158730158
2 0.44512896825396825 0.5767261904761906 0.020876322751322753 0.015677083333333335
2 0.42795965608465614 0.6051785714285715 0.02398478835978836 0.019632936507936505
2 0.8291104497354498 0.5383407738095238 0.034517195767195766 0.020260416666666666
2 0.2914318783068783 0.9061383928571429 0.01902777777777778 0.01452876984126984
2 0.3087533068783069 0.6883035714285713 0.017757936507936507 0.01657986111111111
2 0.5445833333333333 0.4892336309523809 0.032195767195767194 0.019965277777777776
2 0.42835317460317457 0.4907242063492063 0.016240079365079364 0.014712301587301588
2 0.3210780423280423 0.4909226190476191 0.021683201058201054 0.01550843253968254
2 0.3115542328042328 0.3219717261904762 0.016392195767195767 0.01534970238095238
2 0.47151124338624334 0.6573462301587302 0.023072089947089945 0.018645833333333334
2 0.3002215608465609 0.5047767857142857 0.021316137566137563 0.01678075396825397
2 0.27918320105820105 0.43465525793650794 0.015122354497354497 0.012351190476190476
2 0.3288392857142857 0.34767113095238095 0.01934193121693122 0.017740575396825397
2 0.5566600529100529 0.24850198412698413 0.030324074074074076 0.025555555555555557
2 0.29219576719576723 0.6080431547619047 0.014570105820105822 0.013343253968253968
2 0.3259920634920635 0.8144196428571429 0.017671957671957672 0.014861111111111111
2 0.28041005291005294 0.49936011904761907 0.021841931216931215 0.016939484126984126
2 0.42831349206349206 0.36123015873015873 0.017962962962962962 0.015533234126984128
2 0.25534060846560847 0.7035218253968254 0.012086640211640211 0.011076388888888887
2 0.2616203703703704 0.41407738095238095 0.01631283068783069 0.013239087301587302
2 0.5194080687830688 0.6936061507936507 0.021828703703703704 0.01714781746031746
2 0.28291666666666665 0.40946180555555556 0.021375661375661374 0.01607142857142857
2 0.28054232804232804 0.4478720238095238 0.01958994708994709 0.01398561507936508
2 0.2765343915343915 0.5279141865079365 0.014540343915343914 0.010714285714285714
2 0.3376554232804233 0.560843253968254 0.01232142857142857 0.011011904761904761
2 0.409510582010582 0.5422991071428572 0.020608465608465607 0.01525297619047619
2 0.6824206349206349 0.6264508928571428 0.026871693121693123 0.017274305555555557
2 0.5655456349206349 0.760014880952381 0.024246031746031745 0.020580357142857143
2 0.9815013227513227 0.8710689484126984 0.036997354497354494 0.04200892857142857
2 0.5826984126984127 0.659593253968254 0.028654100529100533 0.019293154761904765