2 0.16006944444444446 0.2518501984126984 0.01273809523809524 0.00908482142857143
2 0.062232142857142854 0.24104166666666665 0.010859788359788361 0.012529761904761906
2 0.07476190476190477 0.3271056547619048 0.023389550264550266 0.014253472222222221
2 0.08457671957671957 0.3924181547619048 0.015453042328042328 0.012686011904761905
2 0.08666335978835979 0.41050843253968256 0.012529761904761905 0.00814484126984127
2 0.1562037037037037 0.42014136904761906 0.009189814814814814 0.007673611111111111
2 0.2617691798941799 0.3894419642857143 0.008978174603174603 0.006733630952380952
2 0.2502843915343915 0.4012673611111111 0.007728174603174603 0.005637400793650793
2 0.2821296296296296 0.39938740079365076 0.006683201058201058 0.004072420634920635
2 0.3073974867724868 0.4029910714285714 0.00876984126984127 0.005324900793650793
2 0.21833333333333332 0.3987624007936508 0.003968253968253968 0.0025049603174603172
2 0.10744378306878308 0.4488020833333333 0.010651455026455026 0.010181051587301586
2 0.19254298941798942 0.44472966269841274 0.010859788359788361 0.007673611111111111
2 0.2564451058201058 0.4224900793650794 0.00876984126984127 0.006733630952380952
2 0.3073974867724868 0.4176339285714286 0.00876984126984127 0.0064211309523809525
2 0.29486772486772483 0.42625 0.005846560846560846 0.006108630952380952
2 0.2962268518518518 0.43768353174603175 0.007728174603174603 0.006108630952380952
2 0.24694113756613756 0.446140873015873 0.008978174603174603 0.0064211309523809525
2 0.2625 0.453578869047619 0.005846560846560846 0.004699900793650793
2 0.2660515873015873 0.44817708333333334 0.005013227513227513 0.004856150793650794
2 0.3140806878306878 0.4589831349206349 0.006683201058201058 0.006108630952380952
2 0.3324570105820106 0.46305555555555555 0.005846560846560846 0.005481150793650794
2 0.3085482804232804 0.4710441468253968 0.0056382275132275134 0.004856150793650794
2 0.28787367724867724 0.4689285714285714 0.009398148148148149 0.006577380952380953
2 0.26772156084656085 0.4664236111111111 0.007936507936507936 0.005952380952380952
2 0.2242824074074074 0.4679117063492063 0.00876984126984127 0.0064211309523809525
2 0.2500760582010582 0.47903025793650794 0.010231481481481482 0.007048611111111111
2 0.28495039682539686 0.47824900793650793 0.0056382275132275134 0.004541170634920635
2 0.29382605820105817 0.4805183531746032 0.00876984126984127 0.006264880952380953
2 0.2762830687830688 0.478797123015873 0.006683201058201058 0.006264880952380953
2 0.1957771164021164 0.4757415674603175 0.008561507936507937 0.0064211309523809525
2 0.15589285714285714 0.4746453373015873 0.0056382275132275134 0.005796130952380953
2 0.15881613756613755 0.4830257936507936 0.006054894179894179 0.004699900793650793
2 0.15296957671957673 0.4822420634920635 0.006054894179894179 0.004699900793650793
2 0.10692129629629629 0.47668154761904763 0.016289682539682538 0.011746031746031746
2 0.06995701058201059 0.46963293650793647 0.02589616402116402 0.013313492063492064
2 0.15119378306878306 0.4906200396825397 0.009606481481481481 0.005481150793650794
2 0.13647156084656084 0.49500744047619044 0.008144841269841269 0.005168650793650794
2 0.20047619047619047 0.5144270833333333 0.00876984126984127 0.007361111111111111
2 0.18241402116402117 0.5212400793650793 0.008561507936507937 0.005637400793650793
2 0.2756547619047619 0.48921130952380953 0.0054298941798941805 0.003916170634920634
2 0.25519179894179894 0.48968005952380955 0.0062665343915343915 0.0042286706349206355
2 0.2708531746031746 0.49657242063492063 0.006683201058201058 0.005796130952380953
2 0.26636243386243386 0.5038566468253968 0.008561507936507937 0.006577380952380953
2 0.2625 0.5123139880952381 0.00876984126984127 0.007517361111111111
2 0.2537301587301587 0.5145064484126983 0.009189814814814814 0.006892361111111111
2 0.28484457671957675 0.5092584325396825 0.007936507936507936 0.005168650793650794
2 0.2722089947089947 0.5166989087301587 0.007308201058201059 0.005012400793650794
2 0.3112632275132275 0.5195957341269842 0.008144841269841269 0.0064211309523809525
2 0.2312797619047619 0.5182638888888889 0.013154761904761905 0.007832341269841269
2 0.3160648148148148 0.5379985119047619 0.007308201058201059 0.006264880952380953
2 0.1967195767195767 0.5302455357142857 0.00876984126984127 0.006733630952380952
2 0.1904530423280423 0.5293849206349206 0.005846560846560846 0.005952380952380952
2 0.18157738095238096 0.5341617063492063 0.009398148148148149 0.006733630952380952
2 0.19254298941798942 0.5476314484126985 0.007936507936507936 0.005481150793650794
2 0.17113756613756614 0.5442633928571428 0.006054894179894179 0.004699900793650793
2 0.20381944444444444 0.5494320436507937 0.006683201058201058 0.002819940476190476
2 0.1903505291005291 0.5551488095238095 0.005221560846560847 0.005796130952380953
2 0.2286706349206349 0.5539756944444445 0.004593253968253969 0.004072420634920635
2 0.2705390211640212 0.5853000992063492 0.006891534391534391 0.006264880952380953
2 0.2642757936507936 0.5845957341269842 0.007728174603174603 0.0064211309523809525
2 0.25519179894179894 0.5823239087301587 0.007936507936507936 0.005637400793650793
2 0.06839285714285714 0.5681498015873017 0.024014550264550266 0.01675843253968254
2 0.04416666666666667 0.5738665674603174 0.02318121693121693 0.016914682539682542
2 0.06264880952380952 0.59109375 0.022552910052910054 0.01566220238095238
2 0.17666997354497355 0.6149801587301587 0.009189814814814814 0.007048611111111111
2 0.09094576719576719 0.6183457341269841 0.011068121693121692 0.012217261904761904
2 0.15996362433862435 0.6549181547619047 0.013366402116402117 0.009866071428571429
2 0.14628637566137567 0.6543700396825397 0.013991402116402117 0.010024801587301587
2 0.12665674603174604 0.675672123015873 0.011904761904761904 0.010649801587301586
2 0.03402116402116402 0.7006522817460318 0.020082671957671955 0.012998511904761903
2 0.1984589947089947 0.7176463293650794 0.01566137566137566 0.011589781746031745
2 0.21255621693121693 0.6998685515873015 0.013366402116402117 0.00861359126984127
2 0.2715509259259259 0.7039409722222222 0.01273809523809524 0.010806051587301588
2 0.8325363756613757 0.29862599206349205 0.032681878306878305 0.015823412698412698
2 0.7036739417989417 0.32453373015873016 0.02482142857142857 0.022958829365079363
2 0.8164021164021165 0.39635912698412695 0.03681878306878307 0.025751488095238095
2 0.6771990740740741 0.41450892857142857 0.015720899470899472 0.011790674603174603
2 0.6757506613756614 0.4033407738095238 0.015307539682539683 0.012410714285714285
2 0.8062665343915344 0.44708829365079367 0.02068452380952381 0.006825396825396826
2 0.741111111111111 0.48788690476190477 0.01861441798941799 0.017686011904761906
2 0.8271593915343916 0.5221701388888889 0.03516203703703703 0.019856150793650794
2 0.33632936507936506 0.3895659722222222 0.0041964285714285714 0.0027827380952380955
2 0.3537599206349206 0.3855109126984127 0.0032275132275132274 0.002904265873015873
2 0.3714318783068783 0.4080853174603175 0.004358465608465608 0.0032688492063492063
2 0.3443981481481482 0.45281001984126984 0.005486111111111111 0.004114583333333333
2 0.3956382275132275 0.4341691468253968 0.0037103174603174607 0.002904265873015873
2 0.38192129629629634 0.4805282738095238 0.0040343915343915345 0.002420634920634921
2 0.39475198412698415 0.4946899801587301 0.004841269841269842 0.002420634920634921
2 0.3671527777777778 0.5073387896825396 0.004841269841269842 0.0035094246031746033
2 0.33398809523809525 0.4977752976190476 0.004358465608465608 0.0027827380952380955
2 0.34770833333333334 0.5094568452380953 0.005327380952380952 0.0031473214285714286
2 0.370625 0.5201686507936508 0.005327380952380952 0.0039955357142857145
2 0.38635912698412694 0.5183531746031746 0.0035515873015873017 0.0027827380952380955
2 0.35254960317460315 0.5385664682539683 0.005972222222222222 0.004479166666666666
2 0.4025793650793651 0.5349950396825397 0.004679232804232805 0.003630952380952381
2 0.4514781746031746 0.5355406746031747 0.005327380952380952 0.0032688492063492063
2 0.49125992063492063 0.5455877976190476 0.0061342592592592594 0.0039955357142857145
2 0.5097387566137567 0.5296701388888889 0.005327380952380952 0.003630952380952381
2 0.42977182539682546 0.5591443452380952 0.0051653439153439154 0.0039955357142857145
2 0.4202513227513227 0.5543625992063492 0.0038723544973544976 0.0019370039682539682
2 0.42315476190476187 0.5424404761904762 0.006455026455026455 0.004719742063492064
2 0.9573412698412699 0.5997693452380952 0.03701388888888889 0.023469742063492064
2 0.8064219576719577 0.6480977182539683 0.03398809523809524 0.023219246031746032
2 0.8133201058201058 0.6824206349206349 0.026921296296296294 0.02019097222222222
2 0.8224041005291005 0.6877207341269841 0.02018849206349206 0.014637896825396826
2 0.869348544973545 0.7847594246031746 0.021871693121693122 0.017413194444444443
2 0.7968320105820106 0.802046130952381 0.02490079365079365 0.018172123015873017
2 0.6272354497354498 0.8706944444444444 0.028267195767195767 0.024228670634920634
2 0.6534821428571429 0.8571924603174603 0.025575396825396828 0.017413194444444443
2 0.6462466931216931 0.8662772817460317 0.01716269841269841 0.012366071428571428
2 0.6640839947089947 0.8830605158730159 0.023892195767195767 0.020694444444444442
2 0.8062533068783069 0.8563070436507937 0.026921296296296294 0.02271329365079365
2 0.853531746031746 0.8912624007936508 0.025238095238095237 0.019432043650793648
2 0.9104001322751324 0.8884846230158729 0.029947089947089948 0.021956845238095237
2 0.9480886243386243 0.870062003968254 0.023892195767195767 0.018928571428571427
2 0.754431216931217 0.9233134920634921 0.02018849206349206 0.01640376984126984
2 0.9933101851851852 0.989858630952381 0.013382936507936507 0.020280257936507937