1 0.587226631393298 0.3801215277777778 0.07545855379188712 0.045612599206349205
2 0.03980599647266314 0.7233953373015873 0.07627425044091711 0.050106646825396825
1 0.8016358024691358 0.3470138888888889 0.07112874779541446 0.04738839285714286
1 0.7295634920634921 0.32699404761904766 0.08063932980599646 0.04595238095238095
1 0.5875396825396825 0.6595709325396825 0.08638447971781305 0.05457837301587302
1 0.07205908289241623 0.3685342261904762 0.08106701940035274 0.04052083333333333
1 0.3905996472663139 0.9096602182539683 0.05596119929453263 0.03660714285714286
1 0.22193121693121692 0.18257936507936506 0.06171516754850088 0.039151785714285715
1 0.4712786596119929 0.2653918650793651 0.03963403880070547 0.021909722222222223
1 0.503915343915344 0.2696651785714286 0.027548500881834213 0.019813988095238096
1 0.5611507936507937 0.24738343253968256 0.04907848324514991 0.02459573412698413
1 0.5099338624338624 0.19131200396825396 0.022389770723104056 0.013080357142857144
1 0.055418871252204585 0.44962797619047623 0.06793209876543209 0.03713293650793651
1 0.1048015873015873 0.5080803571428572 0.07373456790123456 0.03572668650793651
1 0.18504850088183422 0.8280332341269842 0.049316578483245145 0.026557539682539683
1 0.1792989417989418 0.8411433531746031 0.03964285714285714 0.01849702380952381
1 0.12361992945326279 0.7327380952380953 0.050299823633156965 0.026103670634920636
1 0.835679012345679 0.5838268849206348 0.08815255731922399 0.046510416666666665
1 0.5878747795414462 0.6471006944444445 0.08462081128747795 0.03945436507936508
1 0.6172751322751323 0.7035863095238095 0.0700925925925926 0.039637896825396826