2 0.3259093915343915 0.7116617063492063 0.03504298941798942 0.02587797619047619
2 0.9452083333333333 0.6174801587301587 0.056058201058201064 0.03643353174603175
2 0.07048611111111111 0.23672619047619048 0.04422619047619048 0.02736359126984127
2 0.23905753968253968 0.4289856150793651 0.033505291005291 0.02792906746031746
2 0.14475859788359788 0.7667088293650793 0.04033399470899471 0.022373511904761903
2 0.12139880952380953 0.3213516865079365 0.047377645502645505 0.02937003968253968
2 0.45091931216931214 0.664236111111111 0.03312830687830688 0.0249578373015873
2 0.6934623015873016 0.977361111111111 0.03514880952380953 0.02394097222222222
2 0.15250330687830688 0.6337698412698413 0.03352513227513227 0.028435019841269844
2 0.06544312169312169 0.5427628968253968 0.029970238095238095 0.02302331349206349
2 0.008498677248677249 0.45836557539682543 0.01699404761904762 0.024375
2 0.7413458994708995 0.33584325396825393 0.0380952380952381 0.03291418650793651
2 0.38776455026455026 0.8321552579365079 0.02518187830687831 0.01980654761904762
2 0.5809193121693121 0.9601537698412699 0.04171957671957672 0.032854662698412695
2 0.8463921957671957 0.4534697420634921 0.04996031746031746 0.03166666666666667
2 0.09804563492063492 0.532405753968254 0.03666666666666667 0.023058035714285715
2 0.2103670634920635 0.43858134920634917 0.023604497354497354 0.02531746031746032
2 0.3122585978835979 0.5230902777777777 0.022986111111111113 0.021086309523809525
2 0.6030919312169312 0.8712450396825397 0.022080026455026453 0.016629464285714286
2 0.6808101851851852 0.9439112103174603 0.032235449735449735 0.02185019841269841
2 0.012103174603174604 0.2740451388888889 0.024209656084656084 0.020617559523809524
2 0.6659060846560847 0.34758680555555554 0.03436838624338624 0.026582341269841273
2 0.7110152116402116 0.3391294642857143 0.03436838624338624 0.027388392857142858
2 0.4779497354497354 0.6573139880952381 0.03007275132275132 0.014499007936507937
2 0.8646031746031746 0.8107688492063492 0.01718584656084656 0.024972718253968254
2 0.3814517195767196 0.41060763888888885 0.019209656084656086 0.0205828373015873