1 0.17067019400352734 0.07670386904761904 0.06591710758377425 0.039325396825396826
1 0.7281172839506173 0.2246999007936508 0.04653439153439154 0.025059523809523813
1 0.12694003527336858 0.6574032738095238 0.05727072310405643 0.038482142857142854
1 0.7591093474426808 0.03711805555555556 0.06476631393298059 0.045882936507936505
1 0.19778659611992944 0.37326140873015873 0.0783774250440917 0.037894345238095234
1 0.5322795414462081 0.32124255952380953 0.05260582010582011 0.02994295634920635
1 0.6804938271604938 0.6090426587301587 0.058117283950617285 0.03571924603174603
1 0.28613315696649033 0.7103224206349207 0.052927689594356266 0.028841765873015873
1 0.23982363315696648 0.5235540674603174 0.07608024691358026 0.041401289682539685
1 0.2997795414462081 0.587514880952381 0.052098765432098765 0.03163194444444445
1 0.36634920634920637 0.613797123015873 0.047962962962962964 0.029305555555555553
1 0.23527336860670195 0.4768030753968254 0.062023809523809516 0.029771825396825397
1 0.20136684303350968 0.45680059523809524 0.0785626102292769 0.039074900793650794
1 0.13314373897707232 0.44935763888888886 0.04962081128747796 0.02791170634920635
1 0.25512345679012344 0.3816765873015873 0.05706349206349206 0.03395833333333333
1 0.5300925925925926 0.37027777777777776 0.04962081128747796 0.02791170634920635
1 0.7926587301587301 0.28375744047619045 0.04217372134038801 0.023258928571428573
1 0.6413227513227513 0.2502628968253968 0.02728835978835979 0.018606150793650793
1 0.6653483245149912 0.23925843253968254 0.03547178130511464 0.020148809523809524
1 0.6873500881834216 0.23959573412698412 0.026785714285714284 0.020178571428571428
1 0.596468253968254 0.2156498015873016 0.03826719576719577 0.025560515873015874
1 0.565379188712522 0.2152455357142857 0.04400793650793651 0.025828373015873016
1 0.427879188712522 0.0071875 0.06561728395061728 0.014375
1 0.8167372134038801 0.04448412698412699 0.06285273368606703 0.038462301587301594
1 0.3329100529100529 0.038462301587301594 0.051111111111111114 0.030305059523809522
1 0.7417989417989418 0.22747271825396825 0.034532627865961195 0.026808035714285715
1 0.6229982363315697 0.3038169642857143 0.02486331569664903 0.01398561507936508
1 0.050767195767195766 0.1600669642857143 0.054563492063492064 0.027194940476190477