2 0.2747222222222222 0.2277405753968254 0.04043320105820106 0.027762896825396826
2 0.23531084656084658 0.305922619047619 0.03514880952380953 0.024657738095238097
2 0.03100859788359788 0.36448660714285713 0.031851851851851846 0.02121279761904762
2 0.2547089947089947 0.1428125 0.030198412698412697 0.027547123015873014
2 0.44080026455026455 0.7108457341269842 0.04318452380952381 0.024528769841269844
2 0.0178505291005291 0.5792162698412698 0.03400132275132275 0.019057539682539683
2 0.3745899470899471 0.5293427579365079 0.032784391534391534 0.024538690476190474
2 0.32998015873015873 0.2053720238095238 0.044586640211640216 0.0296453373015873
2 0.3937665343915344 0.28633184523809524 0.034384920634920636 0.02741815476190476
2 0.6886078042328042 0.31257440476190473 0.042255291005291004 0.025972222222222223
2 0.41021825396825395 0.38494047619047617 0.03702380952380952 0.02390625
2 0.6144246031746031 0.4278968253968254 0.028621031746031745 0.019769345238095235
2 0.459728835978836 0.597140376984127 0.024689153439153438 0.0219890873015873
2 0.587390873015873 0.4059499007936508 0.04020502645502645 0.025414186507936507
2 0.5423710317460317 0.4142881944444445 0.03146164021164021 0.027420634920634922
2 0.13249669312169313 0.13551339285714287 0.040879629629629634 0.02711061507936508
2 0.05993055555555555 0.6303249007936508 0.030162037037037036 0.02183531746031746
2 0.3645734126984127 0.33415426587301583 0.03074074074074074 0.02185267857142857
2 0.5809391534391535 0.4383482142857143 0.03536044973544974 0.027410714285714285
2 0.28600198412698413 0.3938839285714286 0.024229497354497354 0.021393849206349208
2 0.06692460317460318 0.6838690476190477 0.032443783068783066 0.02
2 0.5686805555555555 0.28876488095238095 0.038250661375661375 0.022827380952380953
2 0.4717857142857143 0.5628323412698413 0.02429563492063492 0.018174603174603173
2 0.08320105820105819 0.38339285714285715 0.022619047619047622 0.017085813492063492
2 0.01954695767195767 0.7076413690476191 0.023465608465608464 0.016636904761904762
2 0.4474338624338624 0.463390376984127 0.02509920634920635 0.021242559523809525
2 0.5083597883597883 0.4597941468253969 0.022500000000000003 0.018725198412698412
2 0.18151455026455027 0.7806622023809524 0.01888888888888889 0.014843750000000001
2 0.40475198412698415 0.23865823412698411 0.027701719576719575 0.0228844246031746
2 0.023541666666666666 0.26415922619047616 0.02664021164021164 0.021726190476190475
2 0.7211838624338625 0.21502232142857144 0.03390542328042328 0.022373511904761903
2 0.24687830687830686 0.6731671626984127 0.02517857142857143 0.02281001984126984
2 0.7231117724867725 0.38012896825396825 0.03255291005291005 0.0237921626984127
2 0.3702513227513228 0.41277529761904763 0.01970568783068783 0.018464781746031746
2 0.22550264550264548 0.7424925595238095 0.017837301587301586 0.016170634920634922
2 0.09641534391534391 0.41918898809523814 0.02017857142857143 0.01869047619047619
2 0.3167791005291005 0.9409672619047619 0.03281415343915344 0.023621031746031744
2 0.8017328042328042 0.5847544642857143 0.023171296296296294 0.01687003968253968
2 0.7463458994708995 0.49591021825396825 0.022807539682539683 0.01884424603174603
2 0.01326388888888889 0.5271874999999999 0.023416005291005293 0.018415178571428572
2 0.5676587301587301 0.49563492063492065 0.023875661375661376 0.02054811507936508
2 0.0715542328042328 0.5558482142857143 0.01593915343915344 0.012321428571428572
2 0.05592592592592593 0.2595858134920635 0.030843253968253968 0.020947420634920635
2 0.6639285714285714 0.314484126984127 0.018621031746031746 0.01775297619047619
2 0.7615674603174604 0.44660218253968254 0.017685185185185186 0.014112103174603175
2 0.03469907407407408 0.2928199404761905 0.017701719576719576 0.01673115079365079
2 0.5068154761904762 0.680138888888889 0.027919973544973546 0.022495039682539682
2 0.3401752645502646 0.5296205357142857 0.01935846560846561 0.019345238095238096
2 0.823614417989418 0.6006274801587301 0.02044973544973545 0.01607390873015873
2 0.4436111111111111 0.5431919642857143 0.01960978835978836 0.01658482142857143
2 0.7943088624338623 0.36745783730158726 0.022321428571428572 0.016649305555555556
2 0.5353835978835979 0.48245535714285714 0.017847222222222223 0.018608630952380953
2 0.7250165343915344 0.716500496031746 0.022698412698412697 0.016716269841269844
2 0.3942757936507936 0.5501463293650793 0.020221560846560845 0.009794146825396826
2 0.00832010582010582 0.5105456349206349 0.013052248677248676 0.015424107142857142
2 0.4081646825396825 0.2614608134920635 0.03356812169312169 0.02048859126984127
2 0.35175925925925927 0.556049107142857 0.015231481481481483 0.018603670634920636
2 0.8417592592592593 0.5869816468253969 0.018333333333333333 0.01513888888888889
2 0.21866732804232805 0.11136656746031745 0.031081349206349206 0.02800843253968254
2 0.3524206349206349 0.10149801587301588 0.028366402116402116 0.018092757936507938
2 0.7321230158730159 0.17101686507936506 0.02580026455026455 0.015964781746031748
2 0.833392857142857 0.44653025793650797 0.02193121693121693 0.015481150793650793
2 0.8182374338624339 0.47265376984126983 0.017417328042328043 0.016448412698412698
2 0.8379100529100529 0.4653968253968254 0.023220899470899472 0.013546626984126984
2 0.8666137566137566 0.48402281746031744 0.023865740740740743 0.014030257936507936
2 0.8891898148148147 0.48136160714285714 0.0225760582010582 0.019350198412698413
2 0.9146693121693121 0.47555803571428573 0.02709325396825397 0.017415674603174603
2 0.9033829365079364 0.49490823412698415 0.0225760582010582 0.015481150793650793
2 0.8982208994708994 0.509422123015873 0.021286375661375662 0.01451388888888889
2 0.9046726190476191 0.5665079365079365 0.0225760582010582 0.010642361111111111
2 0.9137037037037037 0.5800545634920635 0.021286375661375662 0.013546626984126984
2 0.93369708994709 0.5723139880952381 0.01870701058201058 0.01451388888888889
2 0.5992427248677248 0.5505431547619047 0.019351851851851853 0.010642361111111111
2 0.5682837301587301 0.5391741071428571 0.014189814814814813 0.010158730158730159
2 0.7853373015873016 0.6010987103174603 0.0225760582010582 0.014997519841269841
2 0.8001752645502646 0.6315773809523809 0.023865740740740743 0.014997519841269841
2 0.9256349206349206 0.45620535714285715 0.019351851851851853 0.013546626984126984
2 0.9886210317460318 0.44846478174603177 0.022761243386243385 0.01451388888888889
2 0.9934556878306878 0.4332266865079365 0.01308531746031746 0.01693204365079365
2 0.745026455026455 0.26593253968253966 0.01585978835978836 0.01755952380952381