2 0.5949603174603174 0.21509176587301587 0.05178571428571429 0.03204613095238095
1 0.2773456790123457 0.8927876984126983 0.04627425044091711 0.03226934523809524
1 0.04302910052910053 0.6687053571428571 0.08605820105820106 0.0427281746031746
1 0.6752380952380953 0.5038244047619048 0.03394179894179895 0.025850694444444447
2 0.655952380952381 0.29324156746031743 0.044938271604938275 0.02818700396825397
1 0.5817636684303351 0.5137748015873016 0.04294091710758378 0.0259796626984127
2 0.059788359788359786 0.9126686507936508 0.05588624338624339 0.03912698412698413
2 0.5966093474426807 0.1751314484126984 0.04622134038800706 0.028439980158730158
2 0.5120149911816578 0.41864335317460316 0.039885361552028216 0.026540178571428572
1 0.5316225749559083 0.9178348214285714 0.03836860670194003 0.031083829365079366
2 0.7019929453262787 0.4333382936507937 0.039029982363315695 0.024032738095238097
1 0.18551587301587302 0.7063219246031746 0.05611992945326279 0.035868055555555556
2 0.5421604938271605 0.4159672619047619 0.036538800705467375 0.023152281746031744
1 0.47496031746031747 0.2303373015873016 0.04739417989417989 0.03005704365079365
2 0.6131701940035273 0.27854166666666663 0.049717813051146385 0.035525793650793655
1 0.32651234567901233 0.9283482142857142 0.05991622574955908 0.03758184523809524
1 0.027962962962962964 0.43101190476190476 0.05592592592592593 0.05097718253968254
1 0.5278218694885362 0.16560267857142857 0.047702821869488536 0.029055059523809525
1 0.5394091710758377 0.13862599206349208 0.04929453262786596 0.029977678571428572
1 0.5803262786596121 0.1492534722222222 0.04945767195767196 0.028167162698412698
1 0.8809347442680776 0.2354811507936508 0.03571428571428571 0.02009672619047619
1 0.5647751322751323 0.2907713293650794 0.03819664902998236 0.02331845238095238
1 0.5859435626102293 0.3025669642857143 0.03712522045855379 0.02413690476190476
1 0.453994708994709 0.2822867063492064 0.041432980599647264 0.021726190476190475
1 0.4232848324514991 0.29673611111111114 0.033738977072310404 0.019342757936507936
1 0.7142328042328043 0.39375992063492066 0.03456349206349207 0.01775297619047619
1 0.6309082892416226 0.38609375 0.03595238095238096 0.020711805555555556
1 0.4363271604938272 0.5115128968253968 0.03631834215167549 0.022633928571428572
1 0.9386992945326278 0.5358482142857143 0.03112874779541446 0.01961061507936508
1 0.8331040564373898 0.5804960317460317 0.02771164021164021 0.014270833333333333
1 0.81005291005291 0.5831696428571429 0.028262786596119926 0.014228670634920634
1 0.638289241622575 0.5149925595238095 0.038152557319223984 0.022433035714285714
1 0.4398544973544974 0.5313814484126984 0.03829365079365079 0.018717757936507935
1 0.6716666666666666 0.6805605158730159 0.042085537918871256 0.02671875
1 0.6395017636684304 0.6692931547619048 0.03638007054673722 0.020089285714285716
1 0.1783068783068783 0.6230853174603175 0.060352733686067014 0.036622023809523806
1 0.09615079365079365 0.4475917658730159 0.0552689594356261 0.02998511904761905
1 0.022592592592592595 0.49383184523809526 0.04518959435626102 0.0373735119047619
2 0.7263932980599648 0.4320907738095238 0.028778659611992944 0.019660218253968253