1 0.7305555555555556 0.27245287698412696 0.033090828924162256 0.022175099206349205
1 0.259537037037037 0.36904761904761907 0.03944885361552028 0.02880952380952381
1 0.3632848324514991 0.2627951388888889 0.03404761904761905 0.02474950396825397
1 0.1946252204585538 0.17500248015873016 0.03835537918871252 0.021574900793650792
1 0.3107583774250441 0.19278273809523808 0.02912257495590829 0.019578373015873014
1 0.4425220458553792 0.1889856150793651 0.022729276895943562 0.012785218253968254
1 0.2354673721340388 0.24732142857142858 0.03622574955908289 0.01997767857142857
1 0.2986860670194003 0.2728918650793651 0.04048941798941799 0.024771825396825396
1 0.37149029982363313 0.2439236111111111 0.04261904761904762 0.021175595238095236
1 0.18858465608465608 0.3827678571428571 0.03764550264550264 0.021574900793650792
1 0.34059082892416226 0.5397891865079365 0.044748677248677246 0.025570436507936507
1 0.448205467372134 0.7297743055555556 0.045458553791887124 0.028368055555555556
1 0.9770282186948854 0.7735243055555555 0.03622574955908289 0.024771825396825396
1 0.7902160493827161 0.6802306547619048 0.05185185185185185 0.026770833333333334
1 0.8672839506172839 0.5533730158730158 0.04119929453262786 0.02077628968253968
1 0.9564285714285714 0.1903844246031746 0.03338624338624339 0.017978670634920632
1 0.20137125220458552 0.5951264880952382 0.03764550264550264 0.021175595238095236
1 0.2752425044091711 0.15682291666666665 0.03054232804232804 0.018779761904761903
1 0.8015828924162257 0.25111607142857145 0.03054232804232804 0.009987599206349207
1 0.9067063492063492 0.26050595238095237 0.02912257495590829 0.017579365079365077
1 0.2628130511463845 0.6141046626984127 0.04261904761904762 0.018377976190476188
1 0.7536375661375662 0.6596527777777778 0.035515873015873015 0.023174603174603174