2 0.9786483134920635 0.5955919312169312 0.02531001984126984 0.022807539682539683
2 0.9736755952380952 0.4835879629629629 0.027338789682539683 0.025188492063492066
2 0.8893874007936509 0.42389550264550263 0.029637896825396824 0.021891534391534392
2 0.7529464285714286 0.3522619047619048 0.024399801587301585 0.030601851851851852
2 0.905689484126984 0.2777546296296296 0.019796626984126982 0.021299603174603172
2 0.9086805555555556 0.3002149470899471 0.018846726190476188 0.0223015873015873
2 0.6557837301587301 0.19358796296296296 0.010843253968253967 0.01839616402116402
2 0.6023958333333334 0.2364616402116402 0.010726686507936508 0.017076719576719575
2 0.6579117063492063 0.3689781746031746 0.01945188492063492 0.023799603174603175
2 0.6286929563492063 0.38945767195767195 0.016525297619047617 0.019775132275132275
2 0.6420758928571428 0.3893287037037037 0.012219742063492064 0.018217592592592594
2 0.670453869047619 0.45373677248677247 0.015151289682539683 0.01917989417989418
2 0.5310218253968254 0.5058465608465609 0.014910714285714286 0.02181547619047619
2 0.5577405753968254 0.5283730158730159 0.013928571428571427 0.018978174603174604
2 0.5087549603174604 0.5349669312169312 0.013913690476190477 0.01765873015873016
2 0.5171403769841271 0.540244708994709 0.011763392857142858 0.015324074074074075
2 0.43379464285714286 0.4284755291005291 0.016364087301587303 0.020892857142857144
2 0.46521329365079367 0.43167328042328046 0.013901289682539682 0.01713293650793651
2 0.48550099206349207 0.4338161375661375 0.010937500000000001 0.014166666666666668
2 0.46323412698412697 0.5029100529100529 0.00994047619047619 0.014494047619047618
2 0.47763392857142856 0.33787698412698414 0.014794146825396825 0.023998015873015872
2 0.6991716269841269 0.6415013227513228 0.01816468253968254 0.021755952380952383
2 0.6956324404761904 0.6854960317460318 0.01435515873015873 0.016871693121693124
2 0.7203695436507938 0.695324074074074 0.012356150793650794 0.01861441798941799
2 0.7066666666666667 0.6956216931216931 0.01900793650793651 0.026964285714285715
2 0.6399925595238095 0.690244708994709 0.021708829365079365 0.02056547619047619
2 0.6294047619047619 0.723095238095238 0.020121527777777776 0.019507275132275133
2 0.5632514880952382 0.7000099206349206 0.011887400793650794 0.016871693121693124
2 0.5336383928571429 0.7076917989417989 0.014699900793650795 0.013376322751322752
2 0.5497420634920634 0.7380026455026454 0.013169642857142857 0.017397486772486773
2 0.5546651785714285 0.7203902116402117 0.013221726190476192 0.017003968253968254
2 0.5664161706349207 0.7378042328042328 0.012256944444444445 0.017824074074074072
2 0.573095238095238 0.750436507936508 0.009779265873015874 0.011428571428571429
2 0.527797619047619 0.7422222222222222 0.009551091269841269 0.014229497354497354
2 0.5153571428571428 0.7848048941798942 0.00861359126984127 0.015221560846560848
2 0.8699032738095238 0.643614417989418 0.009171626984126983 0.01001653439153439
2 0.802063492063492 0.5251124338624339 0.021512896825396824 0.024064153439153437
2 0.2082390873015873 0.6669940476190476 0.010396825396825397 0.011795634920634922
2 0.2020907738095238 0.6683531746031746 0.007095734126984127 0.011226851851851852
2 0.1962127976190476 0.6534391534391535 0.00970734126984127 0.009365079365079364
2 0.14350446428571428 0.6111607142857143 0.011168154761904763 0.012533068783068783
2 0.13705853174603175 0.6048412698412698 0.00890625 0.009851190476190475
2 0.1262078373015873 0.5762400793650794 0.007028769841269841 0.008197751322751322
2 0.1396031746031746 0.5462136243386243 0.010548115079365079 0.009050925925925926
2 0.2661954365079365 0.4798544973544973 0.007194940476190476 0.00861441798941799
2 0.2692361111111111 0.4835284391534392 0.0057316468253968255 0.008333333333333333
2 0.31033234126984127 0.4684292328042328 0.007155257936507937 0.007943121693121693
2 0.25004464285714284 0.4971130952380952 0.00816220238095238 0.0072189153439153435
2 0.24817212301587302 0.5425496031746032 0.007584325396825397 0.010433201058201058
2 0.25944196428571425 0.5934722222222223 0.006361607142857143 0.007195767195767196
2 0.24863839285714284 0.5995899470899471 0.004558531746031746 0.008875661375661375
2 0.3012127976190476 0.6438624338624338 0.006736111111111111 0.008177910052910053
2 0.09017857142857143 0.4135945767195767 0.00861607142857143 0.009259259259259259
2 0.15835565476190477 0.44099867724867725 0.011259920634920635 0.0088260582010582
2 0.49706597222222226 0.5836640211640212 0.01033482142857143 0.016534391534391533