1 0.7422178130511463 0.7098015873015873 0.05599206349206349 0.03432539682539683
1 0.5979673721340388 0.43549107142857146 0.045092592592592594 0.026557539682539683
1 0.6657231040564373 0.24338789682539683 0.04384038800705468 0.029543650793650796
1 0.7192989417989417 0.8536359126984128 0.055912698412698414 0.03968501984126984
1 0.439457671957672 0.17731398809523807 0.048888888888888885 0.029263392857142856
1 0.5509435626102293 0.24948412698412697 0.04322310405643739 0.028484623015873015
1 0.5202645502645503 0.4528224206349206 0.04124779541446208 0.029600694444444443
1 0.48573633156966495 0.10586061507936508 0.05045855379188712 0.03007688492063492
1 0.2707539682539683 0.512108134920635 0.05652116402116402 0.03531498015873016
1 0.7083906525573193 0.2831845238095238 0.0407010582010582 0.0252703373015873
1 0.3097795414462081 0.5838665674603175 0.06036596119929453 0.03456597222222222
1 0.5754850088183422 0.598779761904762 0.043434744268077606 0.030582837301587302
1 0.5262610229276896 0.3817063492063492 0.049179894179894185 0.026160714285714287
1 0.27985008818342155 0.3301364087301587 0.06137125220458554 0.03691468253968254
1 0.829431216931217 0.7972916666666666 0.03497354497354497 0.025109126984126984
1 0.8602116402116402 0.25310019841269843 0.03891534391534392 0.02595982142857143
2 0.4883245149911816 0.8924950396825396 0.04193562610229277 0.027663690476190477
1 0.4821119929453263 0.030223214285714287 0.043932980599647266 0.025617559523809525
1 0.27878306878306874 0.09379464285714285 0.05777336860670194 0.03467509920634921
1 0.2595679012345679 0.13211309523809522 0.056446208112874784 0.03259424603174603
1 0.0867636684303351 0.1797048611111111 0.05536155202821869 0.03384424603174603
1 0.58163139329806 0.12826140873015873 0.04686067019400353 0.029362599206349208
1 0.6393650793650794 0.09960813492063492 0.036887125220458554 0.02304563492063492
1 0.7720194003527338 0.12933035714285715 0.031869488536155205 0.016292162698412698
1 0.36739858906525574 0.30095486111111114 0.05305114638447971 0.03503968253968254
1 0.3201410934744268 0.2946850198412699 0.04175485008818342 0.03225446428571429
1 0.2741798941798942 0.29935267857142855 0.05018518518518518 0.028794642857142855
1 0.5046340388007055 0.30637896825396826 0.046917989417989414 0.027328869047619046
1 0.35156525573192243 0.21704613095238096 0.054947089947089946 0.0302281746031746
1 0.14338183421516754 0.544327876984127 0.052270723104056435 0.02826140873015873
1 0.5408024691358024 0.7878893849206349 0.041084656084656085 0.022881944444444444
1 0.528694885361552 0.7399528769841269 0.04523809523809524 0.029283234126984126
1 0.8374338624338624 0.922906746031746 0.034638447971781304 0.027043650793650797
1 0.7960846560846561 0.9382812500000001 0.04302469135802469 0.02517857142857143
1 0.8657451499118166 0.833655753968254 0.045965608465608467 0.027415674603174605
1 0.8866798941798942 0.5492410714285714 0.047579365079365075 0.025781250000000002
1 0.8255291005291006 0.4773834325396825 0.038487654320987656 0.025778769841269842
1 0.6088932980599647 0.4508308531746032 0.04054673721340388 0.019556051587301587
1 0.5414770723104056 0.4624826388888889 0.04763227513227513 0.02400297619047619
1 0.5449250440917108 0.4766220238095238 0.04345679012345679 0.024667658730158727
1 0.4871693121693122 0.4493725198412698 0.044876543209876545 0.025302579365079365
1 0.9259611992945326 0.44124007936507936 0.040590828924162256 0.020248015873015873
1 0.9311728395061729 0.33224454365079364 0.04194885361552028 0.021899801587301586
1 0.8892239858906525 0.31334325396825397 0.032535273368606704 0.022321428571428572
1 0.8517989417989419 0.31552331349206353 0.04029541446208113 0.023623511904761904
1 0.8765123456790124 0.2813814484126984 0.035299823633156965 0.01955109126984127
1 0.8859259259259259 0.25700396825396826 0.03097442680776014 0.020736607142857143
1 0.4978924162257496 0.21994543650793652 0.04601410934744268 0.03325396825396826
1 0.5411507936507937 0.22843998015873018 0.051005291005291005 0.029858630952380952
1 0.8067063492063492 0.13209325396825397 0.024519400352733686 0.01603918650793651
1 0.49360229276895945 0.09493303571428571 0.04070987654320988 0.020820932539682542
1 0.4240432098765432 0.24688244047619046 0.04002645502645503 0.022408234126984127
1 0.27215167548500885 0.5469047619047619 0.047901234567901234 0.0259796626984127
1 0.2535582010582011 0.6565277777777777 0.020674603174603175 0.01204861111111111
1 0.37205467372134043 0.6443080357142857 0.02121252204585538 0.01156498015873016
1 0.3704188712522046 0.6310590277777778 0.022469135802469137 0.012581845238095237
1 0.5954144620811288 0.6674181547619048 0.02037477954144621 0.011919642857142858
1 0.34384920634920635 0.4773611111111111 0.03610670194003528 0.02318452380952381
1 0.3070326278659612 0.32302083333333337 0.04199294532627866 0.026443452380952383
1 0.6387654320987655 0.33568700396825396 0.05328042328042328 0.028276289682539684
1 0.9630820105820106 0.23044890873015872 0.013465608465608465 0.007886904761904762
1 0.9583245149911817 0.26183531746031746 0.01301146384479718 0.007978670634920635
1 0.9825088183421516 0.3513640873015873 0.009038800705467372 0.005615079365079365