1 0.042085537918871256 0.33636656746031746 0.0812037037037037 0.04296130952380953
1 0.8277777777777778 0.2613194444444445 0.0767989417989418 0.04583333333333334
1 0.38200176366843036 0.8264384920634921 0.06292768959435625 0.037901785714285714
1 0.7385670194003527 0.06579861111111111 0.04486331569664903 0.02880952380952381
1 0.03360229276895943 0.21557291666666667 0.06016313932980599 0.03669890873015873
1 0.7018562610229276 0.08091021825396826 0.031746031746031744 0.021006944444444446
1 0.7893562610229277 0.05614087301587302 0.047535273368606704 0.025811011904761903
1 0.8277072310405644 0.7346230158730159 0.0464373897707231 0.02933779761904762
1 0.7361287477954145 0.7077802579365079 0.05457671957671958 0.03261656746031746
1 0.17912257495590828 0.4992113095238095 0.06921075837742505 0.04061755952380953
1 0.3519047619047619 0.03653769841269841 0.050493827160493825 0.025942460317460315