2 0.7130431547619047 0.574295634920635 0.04204613095238095 0.04940145502645502
2 0.5060714285714286 0.9850793650793651 0.027093253968253968 0.02984457671957672
2 0.7804737103174603 0.33328373015873014 0.031922123015873015 0.033961640211640214
2 0.5595287698412699 0.37956349206349205 0.025143849206349204 0.03086970899470899
2 0.7149627976190476 0.6230191798941799 0.028896329365079368 0.028088624338624336
2 0.7176612103174603 0.9169444444444445 0.02570188492063492 0.028425925925925924
2 0.4090873015873016 0.6519146825396825 0.036068948412698414 0.0307010582010582
2 0.6213888888888889 0.2396957671957672 0.02834077380952381 0.03091600529100529
2 0.11517609126984127 0.5418849206349207 0.057152777777777775 0.06294312169312169
2 0.6966220238095239 0.42170304232804234 0.023067956349206352 0.03139880952380952
2 0.5641344246031746 0.8258399470899471 0.01750744047619048 0.028171296296296295
2 0.6349776785714286 0.3270866402116402 0.023836805555555556 0.024808201058201057
2 0.8990476190476191 0.9709656084656084 0.021884920634920632 0.02566137566137566
2 0.5530257936507937 0.9695370370370371 0.01583581349206349 0.023994708994708996
2 0.6748784722222223 0.7836640211640212 0.02967509920634921 0.029269179894179896
2 0.4417286706349206 0.009695767195767195 0.06593005952380952 0.01939153439153439
2 0.5341666666666667 0.08828373015873017 0.027018849206349206 0.04836640211640211
2 0.6870610119047619 0.692503306878307 0.02558531746031746 0.028521825396825396
2 0.25707589285714283 0.44816468253968256 0.01709573412698413 0.01937169312169312
2 0.4793998015873016 0.3011276455026455 0.017844742063492063 0.020750661375661377
2 0.4884672619047619 0.137744708994709 0.022566964285714284 0.031785714285714285
2 0.7384747023809525 0.6752347883597883 0.024781746031746033 0.022794312169312173
2 0.3977232142857143 0.6189550264550264 0.020280257936507937 0.028505291005291006
2 0.35252976190476193 0.4764351851851852 0.018442460317460316 0.029196428571428575
2 0.5123883928571428 0.5690839947089947 0.02032738095238095 0.02492063492063492
2 0.6568799603174603 0.5995006613756614 0.026803075396825395 0.03588293650793651
2 0.23966269841269844 0.49247354497354495 0.01658234126984127 0.018538359788359788
2 0.2584250992063492 0.7493320105820106 0.022276785714285714 0.030380291005291007
2 0.38138144841269844 0.5258829365079365 0.013740079365079365 0.023389550264550266
2 0.5748313492063492 0.8024239417989418 0.020476190476190478 0.018386243386243388
2 0.26537698412698413 0.27529761904761907 0.027281746031746032 0.04794973544973545
2 0.41259672619047616 0.764619708994709 0.013405257936507936 0.017873677248677246
2 0.46435763888888887 0.7725628306878307 0.011170634920634921 0.017873677248677246
2 0.6263417658730158 0.5764451058201059 0.017874503968253967 0.020853174603174603
2 0.6136830357142857 0.18668650793650793 0.02383184523809524 0.027804232804232804
2 0.6252256944444444 0.20902777777777778 0.020109126984126983 0.01886574074074074
2 0.04991319444444445 0.5935747354497355 0.01922123015873016 0.026455026455026454
2 0.053013392857142856 0.7585019841269841 0.020461309523809524 0.03058862433862434
2 0.33152529761904764 0.7596660052910053 0.016907242063492065 0.016908068783068785
2 0.4365972222222222 0.7057208994708994 0.018115079365079365 0.018518518518518517
2 0.42633184523809525 0.7733564814814815 0.012078373015873016 0.020128968253968253