1 0.4613447971781305 0.5278546626984126 0.056150793650793646 0.035
1 0.5264021164021164 0.5361631944444444 0.06099647266313933 0.037450396825396824
1 0.9156569664902998 0.2991641865079365 0.03172398589065256 0.022981150793650793
1 0.973452380952381 0.07716517857142857 0.030789241622574955 0.018737599206349206
1 0.5450044091710758 0.5542311507936507 0.05074514991181658 0.03418650793650794
1 0.692636684303351 0.04337797619047619 0.036609347442680774 0.022390873015873017
1 0.9414109347442681 0.08287946428571429 0.03225308641975309 0.02027777777777778
1 0.9404320987654321 0.14862599206349206 0.03332451499118166 0.02134920634920635
1 0.5886992945326279 0.5367088293650795 0.044016754850088186 0.028489583333333336
1 0.9350220458553793 0.2679836309523809 0.045559964726631395 0.021480654761904763
1 0.858805114638448 0.1751984126984127 0.030396825396825394 0.018881448412698412
1 0.8025396825396826 0.2198735119047619 0.02841269841269841 0.017289186507936507
1 0.5093562610229277 0.5627256944444444 0.046353615520282186 0.023328373015873018