1 0.5242592592592592 0.3656473214285714 0.07998677248677248 0.0506125992063492
1 0.4382936507936508 0.14943700396825396 0.06422398589065255 0.04697916666666666
1 0.28296296296296297 0.17494295634920634 0.07505731922398588 0.044270833333333336
1 0.3841446208112875 0.16919642857142858 0.06614197530864196 0.04221230158730158
1 0.37925925925925924 0.3828968253968254 0.07437830687830688 0.05607638888888889
2 0.377336860670194 0.12305555555555556 0.08059082892416226 0.048268849206349204
1 0.7949559082892417 0.3022718253968254 0.08325837742504409 0.04559027777777778
1 0.3181349206349206 0.9630605158730159 0.049550264550264546 0.02859375
2 0.016243386243386244 0.13359871031746032 0.032491181657848325 0.04079117063492063
1 0.44891975308641974 0.394171626984127 0.0748015873015873 0.04134920634920635
1 0.018443562610229277 0.1782217261904762 0.036882716049382716 0.04227430555555555
1 0.3149470899470899 0.3558581349206349 0.05919312169312169 0.036763392857142856
1 0.23026455026455026 0.55515625 0.05540564373897707 0.03050595238095238
1 0.7194356261022928 0.30635168650793654 0.06017195767195767 0.0390625
1 0.4786111111111111 0.5129513888888888 0.06957231040564374 0.05517609126984127
1 0.17061287477954143 0.45355406746031746 0.057813051146384485 0.038152281746031746
1 0.2731569664902998 0.4655456349206349 0.07274250440917107 0.03674355158730159
1 0.4568694885361552 0.5615798611111111 0.07051587301587302 0.03757688492063492
1 0.48730599647266315 0.6039583333333333 0.07794091710758377 0.045510912698412696
1 0.15394620811287477 0.5475099206349207 0.05172398589065256 0.03186755952380953