1 0.8736640211640212 0.6953125 0.08133597883597883 0.049206349206349205
1 0.7887830687830688 0.7197073412698413 0.07846560846560847 0.04811259920634921
1 0.813042328042328 0.21548611111111113 0.06684744268077603 0.03874503968253968
1 0.17697089947089947 0.27852926587301585 0.07193562610229277 0.05085813492063492
1 0.5772971781305114 0.5108556547619048 0.06250881834215168 0.036453373015873015
1 0.7295811287477955 0.5524131944444445 0.07023809523809524 0.04242311507936508
1 0.24355379188712523 0.3443700396825397 0.06025573192239859 0.0423859126984127
1 0.4159171075837742 0.21182539682539683 0.054435626102292765 0.03593998015873016
1 0.298994708994709 0.46868055555555554 0.0853968253968254 0.04389136904761905
2 0.06868165784832451 0.07678075396825397 0.03447530864197531 0.029895833333333333
1 0.15835978835978837 0.6085639880952382 0.059470899470899466 0.03735863095238095
1 0.45017195767195767 0.6616666666666667 0.06640211640211639 0.03764136904761905
1 0.030132275132275135 0.0989608134920635 0.06026455026455027 0.058683035714285715
1 0.9071031746031746 0.8139955357142857 0.051472663139329806 0.03985367063492064
1 0.6474074074074074 0.14095486111111113 0.0449647266313933 0.036488095238095236
1 0.7972530864197531 0.5577455357142856 0.06713403880070547 0.03515376984126985
1 0.8164506172839506 0.6238244047619048 0.04250881834215167 0.03445188492063492
1 0.7488139329805996 0.01093998015873016 0.03851410934744268 0.02187748015873016
1 0.7778218694885362 0.007442956349206349 0.03235008818342152 0.014888392857142857
1 0.6351940035273368 0.2448139880952381 0.05881393298059964 0.027294146825396826
1 0.612037037037037 0.2576339285714286 0.050727513227513225 0.026465773809523807
1 0.30767195767195765 0.19870535714285714 0.05513668430335097 0.03432291666666666
1 0.023527336860670194 0.3116021825396826 0.04705026455026455 0.039285714285714285
1 0.6421781305114639 0.5100992063492062 0.06395943562610229 0.03597718253968254
1 0.7763492063492063 0.5212648809523809 0.07940035273368608 0.039285714285714285
1 0.9373544973544974 0.5967361111111111 0.07057760141093473 0.03639136904761905
1 0.8969179894179894 0.47846478174603174 0.07204585537918871 0.03639136904761905
1 0.714594356261023 0.4513764880952381 0.06322751322751323 0.03432291666666666
1 0.6296825396825396 0.39658234126984127 0.06395943562610229 0.03391121031746031
1 0.5870414462081129 0.3628794642857143 0.050727513227513225 0.026879960317460316
1 0.214673721340388 0.5828819444444444 0.08380952380952382 0.04342261904761905
1 0.3179673721340388 0.5466989087301587 0.050727513227513225 0.0330828373015873
1 0.5719708994708995 0.6641418650793651 0.05881393298059964 0.03391121031746031
1 0.46132716049382716 0.713767361111111 0.04190476190476191 0.03225694444444444
1 0.8145811287477954 0.7923387896825397 0.07645943562610229 0.04631696428571429
1 0.8539109347442682 0.7966815476190475 0.0757231040564374 0.04342261904761905
1 0.7855379188712521 0.7706299603174602 0.05219576719576719 0.03349702380952381
1 0.034184303350970016 0.6633159722222222 0.053668430335097 0.03639136904761905
1 0.04447971781305114 0.5785391865079366 0.06395943562610229 0.03142857142857143
1 0.5657186948853615 0.4695734126984127 0.06395943562610229 0.03845982142857143
1 0.01833774250440917 0.1846502976190476 0.036671075837742505 0.029181547619047617