1 0.5759215167548501 0.606860119047619 0.04177689594356261 0.029861111111111113
1 0.401820987654321 0.614717261904762 0.05513227513227514 0.03390625
1 0.4099426807760141 0.6488492063492063 0.04722222222222222 0.026803075396825395
1 0.39668430335097 0.5525868055555556 0.05140652557319224 0.029603174603174603
1 0.5307010582010583 0.33012896825396826 0.058778659611992946 0.03388640873015873
1 0.5210008818342152 0.5289484126984126 0.06125661375661376 0.03126984126984127
1 0.5042063492063492 0.6512847222222222 0.03810846560846561 0.028025793650793652
1 0.2311904761904762 0.19255456349206349 0.06238095238095238 0.03468005952380953
2 0.682253086419753 0.7350099206349207 0.047530864197530866 0.024893353174603176
1 0.21736331569664905 0.4149875992063492 0.06696649029982363 0.03592013888888889
1 0.40972663139329807 0.30701884920634925 0.04768959435626102 0.025163690476190475
1 0.3939462081128748 0.43964285714285717 0.05662698412698413 0.03236111111111111
1 0.33721781305114634 0.46218998015873014 0.06324955908289241 0.033621031746031746
1 0.35938712522045857 0.4759002976190476 0.050339506172839506 0.03134672619047619
1 0.2960537918871252 0.4840302579365079 0.05677689594356262 0.02922619047619048
1 0.20322751322751323 0.437641369047619 0.07347883597883598 0.03401041666666667
1 0.2679188712522046 0.4145436507936508 0.057305996472663136 0.033062996031746034
1 0.13218253968253968 0.38333581349206347 0.0633641975308642 0.02791170634920635
1 0.10746913580246914 0.4530109126984127 0.04158289241622575 0.018797123015873017
1 0.34793209876543213 0.5226364087301587 0.04238536155202822 0.027254464285714285
1 0.39132716049382715 0.5226364087301587 0.05557760141093474 0.027254464285714285
1 0.45671516754850083 0.4951959325396826 0.05649470899470899 0.0317609126984127
1 0.45168430335097004 0.6137574404761905 0.04851410934744268 0.027800099206349207
1 0.4667328042328042 0.653702876984127 0.049140211640211644 0.02638640873015873
1 0.5251410934744268 0.6194320436507937 0.04812610229276896 0.02587797619047619
1 0.5781701940035273 0.4074875992063492 0.05644179894179894 0.02665426587301587
1 0.10719135802469136 0.27112847222222225 0.05700617283950617 0.030441468253968252
1 0.9110052910052909 0.056473214285714286 0.019210758377425044 0.010481150793650792
1 0.9106878306878307 0.06835565476190476 0.018580246913580248 0.009501488095238096
1 0.5736287477954145 0.05906746031746032 0.045414462081128745 0.024151785714285712
1 0.5458068783068784 0.6952802579365079 0.047019400352733685 0.02540922619047619
2 0.5679188712522045 0.6873040674603175 0.03878747795414462 0.021475694444444447
1 0.6384876543209876 0.29785218253968254 0.06634479717813051 0.03158730158730159
1 0.7813492063492063 0.12130208333333332 0.045405643738977076 0.018936011904761903
1 0.32162698412698415 0.09489583333333333 0.05853615520282186 0.02765376984126984
2 0.06873015873015872 0.37479910714285714 0.042455908289241624 0.022157738095238095