1 0.822610229276896 0.1937326388888889 0.0660626102292769 0.036686507936507934
1 0.5131922398589066 0.2523189484126984 0.05723544973544974 0.03622767857142857
1 0.7183730158730158 0.1515079365079365 0.05972663139329806 0.03869047619047619
1 0.7896384479717814 0.25390873015873017 0.05672398589065256 0.03783482142857143
1 0.5638844797178131 0.2568204365079365 0.050493827160493825 0.03723710317460317
1 0.5955335097001764 0.07179811507936508 0.05723985890652557 0.03646825396825397
1 0.49726190476190474 0.11895337301587301 0.06692239858906526 0.03281994047619048
1 0.4714109347442681 0.11278769841269841 0.06583333333333334 0.03804811507936508
1 0.9679541446208113 0.28281001984126986 0.06409171075837743 0.03570188492063492
1 0.8030335097001764 0.3120436507936508 0.06172398589065256 0.034893353174603174
1 0.7924514991181658 0.34218998015873014 0.05241181657848325 0.03243303571428572
1 0.4552601410934744 0.675498511904762 0.07287477954144621 0.0418328373015873
1 0.22432098765432099 0.8971329365079365 0.05202380952380952 0.027782738095238093
1 0.9570458553791886 0.8857911706349207 0.08066137566137566 0.04693204365079365
1 0.2951940035273369 0.70671875 0.060970017636684304 0.036867559523809525
1 0.419457671957672 0.17839285714285713 0.05077601410934744 0.02734623015873016
1 0.4645679012345679 0.1784747023809524 0.05582010582010582 0.036870039682539685
1 0.4949250440917108 0.18843501984126984 0.05937389770723104 0.031158234126984125
1 0.3468342151675485 0.009556051587301587 0.02846560846560847 0.01911458333333333
1 0.648179012345679 0.17825892857142858 0.05470458553791887 0.03521329365079365
1 0.6527380952380952 0.41885416666666664 0.06795855379188712 0.033511904761904764
1 0.6783112874779542 0.4493625992063492 0.05548500881834215 0.03061259920634921
1 0.9202204585537919 0.029754464285714287 0.07193121693121693 0.044439484126984126
1 0.7524206349206349 0.01556547619047619 0.05864197530864197 0.02826140873015873
1 0.7566402116402117 0.005806051587301587 0.05997795414462081 0.011614583333333333
2 0.146005291005291 0.27654761904761904 0.01615079365079365 0.0071651785714285715
2 0.12508818342151676 0.28471726190476193 0.010930335097001764 0.0069717261904761905
2 0.12061287477954145 0.2612921626984127 0.012998236331569666 0.006031746031746032
2 0.11114197530864198 0.2624875992063492 0.011278659611992944 0.005580357142857143
2 0.11458553791887124 0.22829613095238097 0.011278659611992944 0.007445436507936508
2 0.11585097001763668 0.23343005952380955 0.013055555555555555 0.004928075396825397
2 0.14000881834215168 0.30155257936507934 0.014320987654320987 0.007524801587301587
2 0.14009700176366843 0.3072842261904762 0.009607583774250441 0.004456845238095238
2 0.059925044091710754 0.33425843253968257 0.010233686067019401 0.006691468253968254
2 0.05401234567901234 0.3406349206349206 0.01306437389770723 0.004915674603174603
2 0.027958553791887122 0.3135590277777778 0.013223104056437389 0.005967261904761904
2 0.049850088183421515 0.4092857142857143 0.013002645502645502 0.005662202380952381
2 0.0481305114638448 0.42121527777777773 0.009559082892416226 0.005696924603174603
2 0.14023809523809525 0.3522693452380952 0.012835097001763668 0.0066840277777777775
2 0.1194047619047619 0.3517857142857143 0.011613756613756614 0.0057167658730158735