1 0.3646604938271605 0.5726165674603174 0.043822751322751326 0.02839781746031746
1 0.09785273368606702 0.5282713293650793 0.03239417989417989 0.017864583333333333
1 0.022504409171075837 0.4292311507936508 0.04195326278659612 0.02840029761904762
1 0.853179012345679 0.31488343253968254 0.051305114638447974 0.03764880952380953
1 0.362962962962963 0.526326884920635 0.04601410934744268 0.026624503968253967
1 0.06832010582010581 0.3434945436507937 0.04958994708994709 0.02763888888888889
1 0.37956349206349205 0.7378943452380953 0.041851851851851855 0.026061507936507935
1 0.21930776014109346 0.3731696428571428 0.038452380952380946 0.02587549603174603
1 0.8946516754850088 0.37293650793650795 0.057658730158730166 0.03445436507936508
1 0.10296296296296296 0.4323859126984127 0.04255291005291006 0.031929563492063495
1 0.4824250440917108 0.23200148809523807 0.04067019400352734 0.025575396825396828
1 0.044938271604938275 0.29989831349206353 0.045992063492063494 0.028635912698412695
1 0.7966975308641976 0.45236359126984127 0.03958994708994709 0.03181547619047619
1 0.1945546737213404 0.5955729166666667 0.0383641975308642 0.02626984126984127
1 0.8383553791887126 0.5186979166666666 0.0535273368606702 0.02790674603174603
1 0.9008597883597884 0.5877033730158729 0.05828924162257495 0.026299603174603177
1 0.9779276895943563 0.4880257936507937 0.04414021164021164 0.03140128968253968
1 0.027517636684303348 0.253390376984127 0.037530864197530864 0.027447916666666666
1 0.539973544973545 0.35599702380952386 0.03164902998236332 0.023291170634920633
1 0.8945987654320988 0.6818824404761904 0.03436507936507936 0.02638888888888889
1 0.9603703703703703 0.2080406746031746 0.0466710758377425 0.031468253968253965
1 0.9417680776014109 0.6127083333333333 0.037676366843033514 0.027465277777777776
1 0.29188712522045857 0.5961532738095239 0.044259259259259255 0.02124751984126984
1 0.5599823633156966 0.608189484126984 0.03631393298059965 0.024657738095238097
1 0.19915343915343917 0.6283482142857143 0.035771604938271605 0.022648809523809522
1 0.3825352733686067 0.39036458333333335 0.03666666666666667 0.02875
1 0.8246957671957672 0.8678769841269842 0.03125661375661376 0.024660218253968257
1 0.2506966490299824 0.1240625 0.02205467372134039 0.01157986111111111
1 0.04006613756613757 0.1563169642857143 0.02720017636684303 0.010751488095238095
1 0.31502645502645504 0.24088541666666666 0.031613756613756615 0.018608630952380953
1 0.2635626102292769 0.17327380952380952 0.02867283950617284 0.013234126984126984
1 0.6675440917107583 0.21917658730158732 0.029409171075837744 0.018196924603174604
1 0.5727028218694886 0.2086309523809524 0.03235008818342152 0.02109126984126984
1 0.47235449735449736 0.3376537698412699 0.03455467372134039 0.017782738095238095
1 0.3087742504409171 0.46213045634920635 0.03822751322751323 0.01612847222222222
1 0.11248236331569665 0.6157589285714286 0.030877425044091713 0.014888392857142857
1 0.25547619047619047 0.693296130952381 0.030141093474426808 0.01695436507936508
1 0.09336860670194003 0.5429761904761905 0.03675925925925926 0.01654265873015873
1 0.3550925925925926 0.5394618055555556 0.048522927689594354 0.01695436507936508
1 0.2709126984126984 0.46233630952380955 0.030141093474426808 0.01736855158730159
1 0.39185185185185184 0.48404761904761906 0.04705026455026455 0.012819940476190476
1 0.4646340388007055 0.5330505952380953 0.03235008818342152 0.013234126984126984
1 0.13196649029982363 0.3004365079365079 0.03455467372134039 0.017782738095238095
1 0.23011022927689595 0.31780505952380955 0.033818342151675486 0.0219171626984127
1 0.45397266313932977 0.21545386904761907 0.03308201058201058 0.015714285714285715
1 0.4756613756613756 0.29071676587301587 0.01617283950617284 0.01157986111111111
1 0.6050529100529101 0.27562251984126984 0.026468253968253967 0.015300099206349206
1 0.5583686067019401 0.3132564484126984 0.031613756613756615 0.017782738095238095
1 0.542932098765432 0.5961160714285714 0.030141093474426808 0.015300099206349206
1 0.5194047619047619 0.6186532738095237 0.02867283950617284 0.014888392857142857
1 0.41831569664903 0.6043874007936507 0.03970017636684304 0.018608630952380953
1 0.36906084656084653 0.6260962301587302 0.033818342151675486 0.02233134920634921
1 0.4010405643738977 0.625890376984127 0.038963844797178133 0.015300099206349206
1 0.2992195767195767 0.8250099206349206 0.033818342151675486 0.019022817460317462
1 0.3734700176366843 0.8492013888888889 0.03235008818342152 0.01695436507936508
1 0.37567460317460316 0.870704365079365 0.03528659611992945 0.019437003968253968
1 0.44184303350970017 0.8142584325396826 0.03528659611992945 0.02150297619047619
1 0.6101984126984127 0.8535441468253968 0.03675925925925926 0.030602678571428572
1 0.7921560846560846 0.8667757936507937 0.03455467372134039 0.02398561507936508
1 0.7689991181657848 0.7939930555555555 0.04264109347442681 0.025639880952380952
1 0.4866887125220458 0.7764186507936508 0.027936507936507936 0.017782738095238095
1 0.3653835978835979 0.7933730158730159 0.03822751322751323 0.020262896825396826
1 0.24518077601410937 0.7096329365079365 0.02720017636684303 0.01406001984126984
1 0.22753968253968251 0.6256845238095239 0.02867283950617284 0.013234126984126984
1 0.34186067019400357 0.3907936507936508 0.033818342151675486 0.01736855158730159
1 0.6392372134038801 0.27913938492063495 0.030141093474426808 0.01654265873015873
1 0.5921869488536154 0.3539880952380952 0.025731922398589065 0.014888392857142857
1 0.7017283950617283 0.4267708333333333 0.03308201058201058 0.023157242063492064
1 0.8675132275132275 0.35833085317460317 0.04558201058201058 0.018608630952380953
1 0.7667945326278659 0.35915922619047624 0.04558201058201058 0.0219171626984127
1 0.753558201058201 0.40940228174603177 0.03822751322751323 0.02150297619047619
1 0.7976719576719576 0.41023065476190473 0.048522927689594354 0.020677083333333336
1 0.8502336860670193 0.44476190476190475 0.04778659611992945 0.024399801587301585
1 0.6090961199294533 0.5777132936507937 0.04337742504409171 0.015714285714285715
1 0.5943915343915344 0.616173115079365 0.02425925925925926 0.019848710317460317
1 0.6282098765432098 0.6341617063492063 0.038963844797178133 0.02109126984126984
1 0.7576014109347443 0.7350644841269842 0.04190476190476191 0.02274553571428571
1 0.8028174603174603 0.7106671626984127 0.041168430335097005 0.023571428571428573
1 0.741794532627866 0.7102529761904761 0.03822751322751323 0.020262896825396826
1 0.6675440917107583 0.719764384920635 0.029409171075837744 0.017782738095238095
1 0.4414770723104056 0.7371329365079364 0.031613756613756615 0.01612847222222222
1 0.23342151675485007 0.6875074404761905 0.02279100529100529 0.01695436507936508
1 0.9105202821869488 0.7569816468253968 0.04337742504409171 0.026879960317460316
1 0.9737433862433862 0.7462301587301587 0.02867283950617284 0.020262896825396826
1 0.9366181657848325 0.74375 0.04558201058201058 0.023571428571428573
1 0.9811772486772486 0.679030257936508 0.03764991181657849 0.024811507936507937
1 0.9329409171075838 0.6711731150793651 0.033818342151675486 0.01736855158730159
1 0.9186067019400354 0.7040500992063492 0.04925485008818342 0.01695436507936508
1 0.7318694885361553 0.6403645833333332 0.04484567901234568 0.018608630952380953
1 0.7550308641975308 0.6097619047619047 0.04558201058201058 0.0219171626984127
1 0.6833509700176367 0.6289930555555555 0.04631834215167548 0.018196924603174604
1 0.816415343915344 0.5657217261904761 0.04043650793650794 0.023157242063492064
1 0.8057583774250441 0.18278521825396826 0.03970017636684304 0.019848710317460317
1 0.7480467372134039 0.18257688492063492 0.02425925925925926 0.013645833333333334
1 0.8068606701940035 0.036185515873015876 0.04043650793650794 0.02274553571428571
1 0.8638359788359788 0.011165674603174604 0.04410934744268078 0.01736855158730159
1 0.961984126984127 0.038665674603174605 0.03308201058201058 0.01612847222222222
1 0.7587037037037037 0.47805059523809523 0.026468253968253967 0.01406001984126984
1 0.9605114638447972 0.8111557539682539 0.03308201058201058 0.011991567460317461
1 0.8781701940035274 0.7706299603174602 0.02279100529100529 0.009511408730158731
1 0.7965652557319224 0.2654910714285714 0.04190476190476191 0.019848710317460317
1 0.6153439153439153 0.2576339285714286 0.02205467372134039 0.012405753968253969
1 0.7726719576719577 0.18381696428571428 0.020586419753086418 0.012819940476190476
1 0.6076278659611992 0.8824900793650793 0.015440917107583775 0.015714285714285715
1 0.17166225749559083 0.6172073412698412 0.030141093474426808 0.011991567460317461
1 0.27753086419753087 0.5336706349206349 0.031613756613756615 0.01447420634920635
1 0.03235008818342152 0.40443948412698416 0.03675925925925926 0.014888392857142857
1 0.5230820105820105 0.4513764880952381 0.02720017636684303 0.010337301587301588
1 0.48485008818342157 0.5870188492063493 0.01985008818342152 0.005376984126984127
1 0.2679717813051146 0.7168700396825397 0.016909171075837743 0.010337301587301588
1 0.14887566137566136 0.49955357142857143 0.031613756613756615 0.01406001984126984
1 0.4569135802469136 0.7013616071428571 0.03308201058201058 0.01157986111111111
1 0.991468253968254 0.4703993055555556 0.017063492063492065 0.02109126984126984
1 0.42309523809523814 0.21586805555555555 0.02867283950617284 0.01406001984126984
1 0.24147707231040563 0.13955357142857142 0.031424162257495586 0.013955853174603175
1 0.14182539682539683 0.3605109126984127 0.0388668430335097 0.026049107142857145
1 0.7426234567901234 0.8456870039682539 0.026463844797178133 0.014885912698412699
1 0.7951366843033509 0.7435813492063492 0.030599647266313937 0.016282242063492065
1 0.7591666666666667 0.7607936507936508 0.029770723104056436 0.01534970238095238
1 0.7198544973544974 0.45755456349206347 0.022905643738977074 0.016341765873015873
1 0.7519797178130512 0.45237103174603177 0.0279320987654321 0.015399305555555557
1 0.24479276895943566 0.39503720238095236 0.031441798941798944 0.021294642857142856
1 0.42701940035273367 0.33223710317460314 0.02630952380952381 0.014799107142857143
1 0.33622574955908285 0.5024156746031746 0.032081128747795416 0.019489087301587302
1 0.47610670194003524 0.49970734126984123 0.0359347442680776 0.019129464285714284
1 0.656089065255732 0.8600967261904762 0.032724867724867726 0.018767361111111113
1 0.2436243386243386 0.445109126984127 0.03292768959435626 0.018990575396825395
1 0.8833245149911817 0.5263343253968253 0.04421516754850088 0.029464285714285714