2 0.43534832451499117 0.07673363095238095 0.09849206349206349 0.0558953373015873
1 0.5460229276895944 0.046875 0.07939594356261023 0.0569047619047619
1 0.1279673721340388 0.0868080357142857 0.08979717813051147 0.06000744047619047
1 0.4816005291005291 0.49004464285714283 0.1065432098765432 0.050451388888888886
1 0.8252645502645503 0.6132167658730158 0.08626984126984127 0.04732886904761905
1 0.33932980599647267 0.14077876984126983 0.08634038800705467 0.05254712301587302
1 0.9757671957671957 0.7876909722222222 0.04846560846560847 0.04693948412698413
1 0.10325396825396825 0.8023412698412699 0.05948853615520282 0.030806051587301587
1 0.41809964726631393 0.44559027777777777 0.09273809523809524 0.0482266865079365
1 0.012799823633156966 0.13017857142857142 0.025595238095238095 0.05389136904761905
1 0.25124779541446207 0.10559771825396826 0.06975308641975309 0.04477678571428571
1 0.6415255731922399 0.6568725198412699 0.09885802469135803 0.05159722222222222
1 0.13496031746031745 0.6610590277777777 0.04985890652557319 0.028137400793650794
1 0.2334435626102293 0.7360466269841269 0.10100970017636685 0.05201636904761905
1 0.19589506172839508 0.5849479166666667 0.07598765432098765 0.04119295634920635
1 0.13894620811287478 0.6118154761904763 0.045171957671957676 0.021470734126984126
1 0.0916710758377425 0.5065575396825397 0.07984567901234568 0.049689980158730156
1 0.04184744268077601 0.5313169642857143 0.05992063492063492 0.03554563492063492
1 0.6504673721340388 0.5060515873015873 0.04373456790123457 0.02648065476190476
1 0.30971781305114643 0.7556125992063493 0.048095238095238094 0.023080357142857142
1 0.5502601410934744 0.9276388888888888 0.0497663139329806 0.02715029761904762