2 0.678859126984127 0.6119742063492063 0.013784722222222223 0.01621362433862434
2 0.7344791666666667 0.5431316137566138 0.01304811507936508 0.013468915343915342
2 0.682517361111111 0.48211309523809526 0.013603670634920635 0.014308862433862434
2 0.6587177579365079 0.353776455026455 0.01460813492063492 0.015353835978835979
2 0.637390873015873 0.5295171957671958 0.015069444444444444 0.015112433862433864
2 0.6258209325396825 0.5993849206349207 0.015830853174603175 0.014735449735449737
2 0.42263392857142856 0.41734126984126985 0.013663194444444445 0.014361772486772487
2 0.6636954365079365 0.633561507936508 0.014885912698412699 0.01840277777777778
2 0.6246775793650793 0.7442261904761904 0.015257936507936509 0.016964285714285713
2 0.6193477182539683 0.35765542328042327 0.014858630952380951 0.014083994708994711
2 0.5205555555555555 0.4275033068783069 0.01351686507936508 0.016044973544973546
2 0.35913194444444446 0.40005291005291005 0.015243055555555557 0.015284391534391534
2 0.6188144841269841 0.5068353174603175 0.012859623015873017 0.014457671957671957
2 0.6994940476190477 0.5532969576719577 0.014077380952380952 0.015284391534391534
2 0.7173710317460318 0.7131878306878306 0.013422619047619048 0.012757936507936508
2 0.5230704365079365 0.5365410052910053 0.012145337301587301 0.011613756613756613
2 0.6845758928571428 0.32874669312169313 0.015243055555555557 0.014606481481481482
2 0.5504513888888889 0.37795634920634924 0.0139484126984127 0.014990079365079364
2 0.4831374007936508 0.48314814814814816 0.013263888888888888 0.016408730158730157
2 0.5811383928571429 0.6082539682539683 0.013115079365079366 0.013237433862433862
2 0.5896800595238095 0.37612764550264555 0.014263392857142856 0.015598544973544974
2 0.7866741071428571 0.53698082010582 0.01282986111111111 0.013802910052910053
2 0.3682614087301587 0.5451785714285714 0.011912202380952381 0.01384920634920635
2 0.5067534722222222 0.6683234126984127 0.012289186507936508 0.011527777777777777
2 0.6326860119047618 0.46379960317460317 0.017410714285714286 0.01265542328042328
2 0.5635119047619047 0.4865906084656085 0.011899801587301587 0.010935846560846561
2 0.7164136904761904 0.37950727513227517 0.014501488095238095 0.01658068783068783
2 0.6504265873015873 0.6863558201058201 0.012239583333333333 0.01261574074074074
2 0.7044345238095239 0.6917460317460318 0.010669642857142858 0.011418650793650793
2 0.5379265873015873 0.6651157407407408 0.015059523809523809 0.013260582010582011
2 0.7138020833333334 0.390380291005291 0.01113343253968254 0.014169973544973546
2 0.5280679563492063 0.6431216931216931 0.013640873015873016 0.012705026455026455
2 0.3559672619047619 0.2874636243386243 0.011934523809523808 0.014232804232804232
2 0.5639930555555556 0.39591269841269844 0.007998511904761904 0.016408730158730157
2 0.41480406746031745 0.3039616402116402 0.012309027777777778 0.013260582010582011
2 0.6734300595238095 0.7038029100529101 0.009831349206349206 0.011392195767195768
2 0.3881150793650794 0.32226190476190475 0.012638888888888889 0.012136243386243388
2 0.4631448412698413 0.2620734126984127 0.009833829365079365 0.013253968253968254
2 0.7124355158730159 0.46020833333333333 0.015711805555555555 0.014332010582010583
2 0.7231746031746032 0.7997585978835978 0.01402281746031746 0.012447089947089948
2 0.5216344246031747 0.448478835978836 0.010855654761904763 0.010181878306878306
2 0.3679861111111111 0.5863425925925926 0.008881448412698414 0.013088624338624339
2 0.01478422619047619 0.3640178571428571 0.013836805555555555 0.0107010582010582
2 0.27999751984126986 0.4334325396825397 0.008588789682539684 0.011653439153439154
2 0.44062003968253965 0.31693783068783066 0.014000496031746032 0.013369708994708995
2 0.7222172619047619 0.4351884920634921 0.011986607142857143 0.01271494708994709
2 0.4691517857142857 0.6500529100529101 0.011989087301587303 0.015453042328042328
2 0.10230902777777777 0.3497123015873016 0.010786210317460318 0.00988425925925926
2 0.050935019841269843 0.41569113756613757 0.010327380952380952 0.010935846560846561
2 0.6311954365079365 0.7109656084656085 0.009563492063492064 0.013898809523809523
2 0.7384945436507937 0.28935185185185186 0.016078869047619047 0.012698412698412698
2 0.5991964285714286 0.5364186507936508 0.011428571428571429 0.010578703703703703
2 0.6766790674603175 0.781848544973545 0.011500496031746032 0.01019510582010582
2 0.3804538690476191 0.5306977513227513 0.00804811507936508 0.010730820105820106
2 0.336984126984127 0.5461871693121694 0.01042906746031746 0.011789021164021163
2 0.3356820436507937 0.5215542328042329 0.008501984126984127 0.012394179894179893
2 0.37580605158730157 0.6316534391534391 0.011902281746031746 0.012847222222222223
2 0.3548933531746032 0.6373974867724868 0.011334325396825398 0.01375330687830688
2 0.3370411706349207 0.6355059523809524 0.011448412698412697 0.01330026455026455
2 0.34990575396825396 0.6418551587301587 0.008387896825396826 0.010882936507936506
2 0.35211805555555553 0.6514517195767195 0.00986111111111111 0.011031746031746031
2 0.3772941468253968 0.5826058201058201 0.012018849206349207 0.014480820105820106
2 0.3119122023809524 0.5019973544973545 0.012452876984126985 0.012357804232804232
2 0.31850198412698416 0.5189880952380953 0.011728670634920635 0.012357804232804232
2 0.3216889880952381 0.5307638888888889 0.009992559523809523 0.011583994708994709
2 0.3037326388888889 0.5540310846560846 0.007385912698412699 0.008303571428571428
2 0.32958085317460317 0.44783730158730156 0.010716765873015873 0.014480820105820106
2 0.31799603174603175 0.43712301587301583 0.00984623015873016 0.01312830687830688
2 0.2875124007936508 0.43036375661375664 0.009412202380952382 0.011970899470899472
2 0.5522966269841271 0.393994708994709 0.013700396825396826 0.0177744708994709
2 0.5265624999999999 0.4164616402116402 0.00962797619047619 0.011355820105820107
2 0.5256374007936507 0.6620899470899471 0.012219742063492064 0.01580026455026455
2 0.466202876984127 0.6645601851851852 0.014811507936507937 0.012837301587301588
2 0.442874503968254 0.6613492063492064 0.014072420634920636 0.014318783068783068
2 0.42880456349206353 0.659375 0.011850198412698413 0.013330026455026456
2 0.3495610119047619 0.5658134920634921 0.008147321428571429 0.011848544973544973
2 0.778735119047619 0.5811177248677248 0.011850198412698413 0.01580026455026455
2 0.7022668650793651 0.44929232804232805 0.014441964285714285 0.0177744708994709
2 0.7637375992063492 0.306359126984127 0.009997519841269842 0.014318783068783068
2 0.7568874007936508 0.2863624338624339 0.010369543650793652 0.013826058201058202
2 0.46342757936507933 0.25081349206349207 0.009997519841269842 0.009874338624338624
2 0.3314161706349206 0.29154761904761906 0.010369543650793652 0.014318783068783068
2 0.30901289682539684 0.3088260582010582 0.009997519841269842 0.013330026455026456
2 0.3303050595238095 0.31277777777777777 0.010369543650793652 0.013330026455026456
2 0.3440054563492063 0.30808862433862433 0.008147321428571429 0.014811507936507937