2 0.8155853174603175 0.0387202380952381 0.05023148148148148 0.040813492063492066
2 0.934540343915344 0.10072668650793651 0.05651124338624338 0.0455233134920635
2 0.9915145502645503 0.0855530753968254 0.01697089947089947 0.03401289682539682
2 0.9740707671957672 0.12061011904761905 0.05185515873015873 0.04343005952380953
2 0.894074074074074 0.12845982142857143 0.05651124338624338 0.04238343253968253
2 0.5741898148148148 0.1794766865079365 0.04325727513227513 0.03976686507936508
2 0.5584920634920635 0.22369295634920633 0.0453505291005291 0.036103670634920634
2 0.7405853174603175 0.2870064484126984 0.04953373015873016 0.044476686507936514
2 0.7018650793650794 0.3131696428571429 0.04744047619047619 0.04029017857142857
2 0.6791898148148148 0.33671626984126984 0.04395502645502645 0.029826388888888892
2 0.6076785714285714 0.36497271825396826 0.04744047619047619 0.03401289682539682
2 0.5567460317460318 0.3267757936507936 0.03069775132275132 0.026686507936507935
2 0.8860515873015873 0.6598288690476191 0.02651124338624339 0.026163194444444444
2 0.9725628306878308 0.7100620039682539 0.0390707671957672 0.026163194444444444
2 0.5933763227513227 0.5690426587301588 0.03837301587301588 0.015173611111111112
2 0.625816798941799 0.5638095238095239 0.022324735449735452 0.018313492063492063
2 0.5323280423280423 0.5172395833333334 0.040466269841269845 0.025639880952380952
2 0.5518617724867725 0.4918625992063492 0.04325727513227513 0.03139632936507936
2 0.3690707671957672 0.58421875 0.04465277777777778 0.029826388888888892
2 0.3931415343915344 0.6357589285714286 0.042559523809523804 0.029303075396825397
2 0.2539550264550265 0.7095386904761906 0.03767526455026455 0.024069940476190474
2 0.5159325396825397 0.6985491071428572 0.023022486772486774 0.024069940476190474
2 0.4751190476190476 0.8351190476190475 0.020929232804232804 0.024069940476190474
2 0.7430257936507936 0.8516021825396825 0.02511574074074074 0.031919642857142855
2 0.3756977513227513 0.7372718253968253 0.03279100529100529 0.018836805555555555
2 0.34360780423280424 0.73046875 0.02162698412698413 0.014650297619047618
2 0.3523280423280423 0.7576785714285714 0.016742724867724868 0.011512896825396825
2 0.3812797619047619 0.8803819444444444 0.03 0.021453373015873016
2 0.33767526455026453 0.9303521825396825 0.029302248677248677 0.02302331349206349
2 0.19430224867724868 0.751922123015873 0.02720899470899471 0.020930059523809524
2 0.25953703703703707 0.7644791666666667 0.03069775132275132 0.010466269841269842
2 0.23023478835978836 0.4424156746031746 0.032093253968253965 0.02773313492063492
2 0.19290674603174604 0.5180257936507936 0.03697751322751323 0.021976686507936508
2 0.11653769841269843 0.35319940476190476 0.02367063492063492 0.01988343253968254
2 0.27842261904761906 0.2032862103174603 0.01953373015873016 0.020406746031746033
2 0.2110978835978836 0.2535193452380953 0.028604497354497355 0.026686507936507935
2 0.27528439153439155 0.27680307539682536 0.02441798941798942 0.026163194444444444
2 0.45528439153439154 0.20040674603174602 0.023022486772486774 0.021976686507936508