2 0.5927579365079365 0.18167162698412698 0.0710978835978836 0.07068452380952381
2 0.48197751322751325 0.15376984126984128 0.06779100529100529 0.05952380952380952
2 0.7018849206349206 0.43526785714285715 0.0710978835978836 0.052083333333333336
2 0.6498015873015873 0.5338541666666666 0.05291005291005291 0.04092261904761905
2 0.796957671957672 0.535094246031746 0.0496031746031746 0.043402777777777776
2 0.808531746031746 0.5003720238095238 0.03968253968253968 0.026041666666666668
2 0.8978174603174603 0.47867063492063494 0.07275132275132275 0.03720238095238095
2 0.984457671957672 0.5078125 0.031084656084656083 0.03844246031746032
2 0.8664021164021164 0.5202132936507936 0.046296296296296294 0.033482142857142856
2 0.4125958994708995 0.5030853174603175 0.06255952380952381 0.04394097222222222
2 0.4314649470899471 0.5343650793650794 0.0566005291005291 0.02755704365079365
2 0.5054431216931217 0.6233630952380953 0.03971891534391534 0.029789186507936508
2 0.5516170634920635 0.5857539682539683 0.034755291005291004 0.037983630952380956
2 0.47863095238095243 0.5902207341269842 0.051636904761904766 0.03649305555555555
2 0.4384160052910053 0.6062351190476191 0.03276785714285715 0.03127976190476191
2 0.34209325396825396 0.47254960317460315 0.04666997354497354 0.018618551587301586
2 0.6833167989417989 0.5891914682539682 0.03166335978835979 0.03903273809523809
2 0.6720337301587301 0.5623040674603175 0.04185515873015873 0.03220982142857143
2 0.19846230158730158 0.4182589285714286 0.02696759259259259 0.020540674603174602
2 0.057119708994708994 0.06666914682539683 0.06238095238095238 0.046785714285714285
2 0.19845238095238096 0.06272321428571428 0.023783068783068784 0.020176091269841268
2 0.6859391534391535 0.4006969246031746 0.04376653439153439 0.04187996031746032
2 0.21349537037037036 0.2697842261904762 0.022837301587301587 0.018990575396825395
2 0.1524239417989418 0.2314310515873016 0.02681216931216931 0.019734623015873014