2 0.549160052910053 0.039216269841269843 0.04638227513227513 0.030999503968253968
2 0.514431216931217 0.33485615079365083 0.0496792328042328 0.03944196428571429
2 0.46083664021164017 0.3326016865079365 0.05161706349206349 0.034933035714285715
2 0.5162334656084656 0.42346478174603175 0.04005952380952381 0.03808531746031746
2 0.578098544973545 0.44476934523809525 0.05165343915343915 0.03605654761904762
2 0.6609325396825397 0.4583531746031746 0.04837301587301587 0.03594246031746032
2 0.540515873015873 0.49082093253968256 0.04562830687830687 0.03639136904761905
2 0.4068650793650793 0.4323685515873016 0.03626653439153439 0.03605654761904762
2 0.34334656084656084 0.42160466269841274 0.024970238095238097 0.017003968253968254
2 0.5729100529100529 0.5801612103174604 0.04097883597883598 0.02906001984126984
2 0.6694246031746032 0.5757638888888889 0.02236441798941799 0.015307539682539683
2 0.7854100529100528 0.6619494047619048 0.04600529100529101 0.04134424603174603
2 0.698290343915344 0.721470734126984 0.03379960317460317 0.02150049603174603
2 0.7303075396825396 0.7149801587301587 0.03274140211640212 0.028978174603174603
2 0.7083630952380953 0.7096825396825397 0.028878968253968254 0.012894345238095238
2 0.7727810846560846 0.7899107142857144 0.030410052910052908 0.023683035714285712
2 0.07431547619047618 0.3671428571428571 0.012033730158730159 0.0090625
2 0.09702380952380951 0.38035714285714284 0.010426587301587301 0.004526289682539683
2 0.1469212962962963 0.4003174603174603 0.013882275132275131 0.00917906746031746
2 0.24455026455026455 0.34061507936507934 0.01990740740740741 0.013638392857142858
2 0.0482473544973545 0.21779017857142857 0.017238756613756616 0.011413690476190477
2 0.08930555555555555 0.2715104166666667 0.01334325396825397 0.00875248015873016
2 0.20813161375661376 0.27248759920634924 0.01244047619047619 0.010709325396825396
2 0.14751984126984127 0.2789583333333333 0.011640211640211642 0.005585317460317461
2 0.11665343915343915 0.29240823412698413 0.011838624338624338 0.008400297619047618
2 0.17776124338624338 0.37920386904761905 0.014778439153439153 0.00996031746031746
2 0.05333002645502646 0.32616815476190475 0.010201719576719576 0.009689980158730158
2 0.049864417989417986 0.3080084325396826 0.006709656084656085 0.006914682539682539
2 0.14365410052910055 0.21590773809523808 0.011491402116402117 0.011103670634920636
2 0.15466931216931218 0.24122271825396827 0.008455687830687831 0.005334821428571429
2 0.17254629629629628 0.19080853174603177 0.009742063492063493 0.007901785714285714
2 0.581385582010582 0.274593253968254 0.038697089947089945 0.04617063492063492
2 0.736005291005291 0.3234945436507936 0.037417328042328044 0.02584077380952381
2 0.3668915343915344 0.6577926587301587 0.018287037037037036 0.01234126984126984
2 0.49863756613756616 0.48672867063492065 0.024758597883597886 0.024370039682539684