1 0.45258377425044094 0.33738591269841267 0.07781746031746033 0.04476686507936508
1 0.38046296296296295 0.438578869047619 0.06783950617283951 0.038936011904761904
1 0.3046869488536155 0.526875 0.058827160493827156 0.033405257936507934
1 0.36068783068783067 0.6144618055555556 0.06327160493827161 0.033720238095238095
1 0.8440696649029982 0.4907415674603175 0.07242504409171076 0.04109375
1 0.5080776014109347 0.35209077380952386 0.06330687830687831 0.04149305555555556
1 0.1011331569664903 0.23925099206349207 0.06956790123456791 0.04091765873015873
1 0.418015873015873 0.35720734126984127 0.06144620811287479 0.04217261904761905
1 0.485 0.6076587301587302 0.06141093474426808 0.03725446428571429
1 0.3236772486772487 0.5954960317460317 0.05531305114638448 0.029300595238095237
1 0.423668430335097 0.4118253968253968 0.06611552028218694 0.0366765873015873
1 0.32981922398589064 0.42270089285714285 0.06052910052910053 0.03702628968253968
1 0.7544929453262786 0.10259176587301587 0.07899470899470899 0.039020337301587306
1 0.32384920634920633 0.5537748015873016 0.054409171075837745 0.02881448412698413
1 0.3676058201058201 0.5283457341269842 0.05095679012345679 0.029915674603174604
1 0.6238800705467372 0.43595734126984126 0.052402998236331565 0.031237599206349206
1 0.8591534391534391 0.03135416666666667 0.04297619047619047 0.036210317460317464
1 0.7924250440917108 0.48437996031746033 0.054735449735449734 0.03333333333333333
1 0.7452998236331569 0.053519345238095234 0.07011463844797179 0.047227182539682534
1 0.5959126984126984 0.4585714285714286 0.05502204585537919 0.027991071428571428
1 0.8291887125220458 0.20554811507936507 0.06795414462081129 0.04134672619047619
1 0.5962698412698413 0.4336135912698412 0.04322751322751323 0.02668402777777778
1 0.6606393298059965 0.43421130952380954 0.04152557319223986 0.02549107142857143
1 0.7490299823633156 0.4650967261904762 0.051843033509700175 0.03000248015873016
1 0.8347927689594355 0.4542261904761905 0.07350970017636685 0.038484623015873014
1 0.9021428571428571 0.48137896825396825 0.04561728395061728 0.028370535714285713