2 0.20757936507936509 0.5318584656084656 0.03562996031746032 0.04337632275132275
2 0.49300099206349207 0.5690343915343915 0.03640376984126984 0.04130952380952381
2 0.539861111111111 0.5168816137566138 0.03253224206349206 0.04027777777777777
2 0.6277728174603174 0.5313425925925925 0.033306051587301586 0.04853835978835979
2 0.5836235119047619 0.46059854497354497 0.02710813492063492 0.045439814814814815
2 0.3617137896825397 0.681087962962963 0.037177579365079365 0.05473544973544974
2 0.5514806547619048 0.691415343915344 0.03872767857142857 0.05679894179894179
2 0.5340525793650794 0.7445998677248677 0.04569940476190476 0.055767195767195764
2 0.5321155753968253 0.7843617724867724 0.04337549603174603 0.04234126984126984
2 0.47092757936507934 0.7921064814814814 0.04027777777777778 0.051636904761904766
2 0.40818700396825397 0.7926223544973544 0.04337549603174603 0.05679894179894179
2 0.36597470238095237 0.7967526455026456 0.03485367063492063 0.05473544973544974
2 0.23042906746031747 0.19105489417989419 0.028658234126984126 0.026851851851851852
2 0.16540922619047618 0.08344907407407408 0.024836309523809524 0.029804894179894178
2 0.15150049603174603 0.17451388888888889 0.023841765873015872 0.029140211640211643
2 0.2541964285714286 0.010595238095238095 0.019124503968253968 0.02119378306878307
2 0.4086780753968254 0.05381283068783069 0.02011656746031746 0.028809523809523813
2 0.48107390873015876 0.14769179894179893 0.013412698412698413 0.02318121693121693
2 0.6638665674603175 0.14355158730158732 0.02980406746031746 0.03609457671957672
2 0.657782738095238 0.24985119047619045 0.02160714285714286 0.03211970899470899
2 0.7844469246031746 0.11888227513227513 0.018625992063492063 0.04635912698412698
2 0.8063020833333334 0.17269179894179895 0.02955605158730159 0.03675595238095238
2 0.8302703373015873 0.17865410052910052 0.02185515873015873 0.03013558201058201
2 0.8405753968253967 0.2970403439153439 0.026574900793650796 0.03443783068783069
2 0.821453373015873 0.30813161375661374 0.022103174603174604 0.03145833333333333
2 0.7859375000000001 0.2879332010582011 0.024588293650793652 0.03211970899470899
2 0.7093179563492062 0.3132638888888889 0.02682291666666667 0.031789021164021165
2 0.7721527777777778 0.3606183862433862 0.015895337301587303 0.025830026455026456
2 0.5282638888888889 0.38512566137566134 0.024836309523809524 0.035763888888888894
2 0.5569494047619047 0.4028406084656085 0.02905753968253968 0.020198412698412698
2 0.5629092261904762 0.37667989417989417 0.023097718253968252 0.03808201058201058
2 0.9243948412698413 0.5180291005291006 0.028231646825396826 0.03442791005291005
2 0.7933953373015873 0.5393716931216931 0.028576388888888887 0.03580357142857143
2 0.7961483134920635 0.5194047619047619 0.026510416666666668 0.028002645502645505
2 0.8276512896825398 0.6293452380952381 0.030297619047619045 0.04406746031746032
2 0.8892782738095238 0.5976719576719577 0.014459325396825396 0.028458994708994708
2 0.8956473214285714 0.584130291005291 0.013427579365079365 0.026164021164021164
2 0.8080257936507936 0.581603835978836 0.021344246031746034 0.020198412698412698
2 0.7999355158730159 0.6727248677248677 0.026510416666666668 0.03350859788359788
2 0.8238640873015873 0.6658399470899471 0.022723214285714288 0.03810185185185185
2 0.6949305555555556 0.592850529100529 0.015493551587301587 0.016984126984126983
2 0.7369320436507937 0.5049437830687831 0.023067956349206352 0.03121362433862434
2 0.7393427579365079 0.5832109788359788 0.018246527777777775 0.027083333333333334
2 0.8867088293650793 0.8622982804232805 0.030540674603174604 0.036554232804232804
2 0.8622420634920634 0.8761805555555556 0.03366319444444444 0.02637566137566138
2 0.8959052579365079 0.8787268518518518 0.02533482142857143 0.029616402116402117
2 0.892435515873016 0.893535052910053 0.028804563492063492 0.024986772486772488
2 0.8374280753968254 0.9606283068783069 0.02707093253968254 0.03053902116402116
2 0.7753050595238096 0.8766435185185184 0.02568204365079365 0.03933201058201058
2 0.7385193452380953 0.9009358465608465 0.021517857142857144 0.042572751322751325
2 0.2736731150793651 0.20562830687830688 0.027666170634920634 0.044365079365079364
2 0.026359126984126985 0.29112103174603177 0.014580853174603175 0.02691798941798942
2 0.07253224206349206 0.38359126984126984 0.020188492063492065 0.022433862433862434
2 0.13608878968253968 0.07128637566137566 0.014955357142857142 0.015952380952380954
2 0.1051736111111111 0.6098478835978837 0.016180555555555556 0.030049603174603177
2 0.1505357142857143 0.9315310846560846 0.030627480158730156 0.038525132275132275
2 0.5362673611111111 0.8610317460317461 0.024270833333333332 0.02696759259259259
2 0.4590104166666667 0.8523379629629629 0.02232638888888889 0.038151455026455026