2 0.30982473544973543 0.1572470238095238 0.035651455026455024 0.02037202380952381
2 0.17868055555555556 0.2132688492063492 0.03989417989417989 0.031830357142857146
2 0.3484457671957672 0.21899801587301587 0.03310515873015873 0.029285714285714286
2 0.1209589947089947 0.1995808531746032 0.028012566137566135 0.027375992063492064
2 0.11713955026455027 0.24637400793650793 0.04244047619047619 0.028010912698412698
2 0.1285978835978836 0.2845709325396826 0.03650132275132275 0.02673859126984127
2 0.10780092592592593 0.32022073412698415 0.035651455026455024 0.028010912698412698
2 0.07214947089947091 0.40998511904761903 0.037347883597883595 0.028010912698412698
2 0.061964285714285715 0.42876488095238097 0.03055886243386243 0.018462301587301586
2 0.21942129629629628 0.38261160714285714 0.0348015873015873 0.022919146825396825
2 0.2461607142857143 0.3711507936507937 0.03395171957671958 0.02673859126984127
2 0.23215608465608464 0.3507787698412698 0.03310515873015873 0.01273313492063492
2 0.24573743386243388 0.271202876984127 0.03310515873015873 0.022919146825396825
2 0.20414351851851853 0.2737475198412698 0.019523809523809523 0.015277777777777777
2 0.5483465608465609 0.2030828373015873 0.03225529100529101 0.021644345238095237
2 0.5059027777777777 0.33963789682539686 0.03225529100529101 0.026101190476190476
2 0.6005489417989418 0.3297718253968254 0.0348015873015873 0.029285714285714286
2 0.35820767195767195 0.4746031746031746 0.03055886243386243 0.027375992063492064
2 0.551739417989418 0.5509970238095238 0.04074404761904762 0.026101190476190476
2 0.6417162698412698 0.5860119047619048 0.03225529100529101 0.02228174603174603
2 0.7915343915343915 0.31576636904761907 0.04159391534391534 0.03310515873015873
2 0.807662037037037 0.19639880952380953 0.03650132275132275 0.03628720238095238
2 0.9252248677248678 0.17952876984126984 0.03395171957671958 0.024191468253968257
2 0.7202347883597883 0.5790079365079365 0.03819775132275133 0.02992063492063492
2 0.745274470899471 0.5678670634920635 0.02546626984126984 0.024191468253968257
2 0.8441633597883598 0.5665947420634921 0.03310515873015873 0.02546378968253968
2 0.8950925925925927 0.5837847222222222 0.03650132275132275 0.02673859126984127
2 0.11501653439153439 0.6977405753968254 0.03140542328042328 0.02546378968253968
2 0.6973148148148147 0.6328050595238095 0.03650132275132275 0.029285714285714286
2 0.8997619047619048 0.6178422619047619 0.039047619047619046 0.027375992063492064
2 0.9239517195767196 0.6496750992063491 0.02970899470899471 0.021009424603174603
2 0.9383829365079366 0.575188492063492 0.03140542328042328 0.02355406746031746
2 0.977853835978836 0.5984250992063492 0.028859126984126984 0.022919146825396825
2 0.7307539682539683 0.6408407738095238 0.029930555555555557 0.02220982142857143
2 0.7490608465608465 0.6410813492063493 0.01814814814814815 0.01599950396825397
2 0.8383763227513228 0.7653794642857144 0.02611111111111111 0.019104662698412697
2 0.5474338624338625 0.8507539682539682 0.03548941798941799 0.029851190476190476
2 0.48806547619047624 0.8440376984126984 0.03814153439153439 0.028358134920634923
2 0.5107837301587301 0.8793625992063493 0.03449404761904762 0.029851190476190476
2 0.43797949735449737 0.8629439484126984 0.02089616402116402 0.01890625
2 0.30647156084656085 0.9496354166666666 0.03184193121693122 0.027115575396825395
2 0.2676653439153439 0.9248834325396825 0.027860449735449735 0.02437748015873016
2 0.12222222222222223 0.9057291666666667 0.03349867724867725 0.02537450396825397
2 0.10215608465608467 0.8828447420634921 0.017910052910052907 0.01890625
2 0.18291997354497352 0.8481423611111111 0.026865079365079363 0.022140376984126985
2 0.06119378306878307 0.8088392857142856 0.027529761904761904 0.02363095238095238
2 0.04494378306878307 0.8033655753968254 0.01691468253968254 0.021143353174603176
2 0.030515873015873017 0.7528670634920634 0.03515873015873015 0.02611855158730159
2 0.010446428571428572 0.7213988095238095 0.02089616402116402 0.015424107142857142
2 0.9419907407407407 0.4860218253968254 0.04337632275132275 0.032140376984126987
2 0.7303373015873016 0.4864136904761905 0.03083333333333333 0.02665178571428571
2 0.9637632275132275 0.29920634920634925 0.04066137566137566 0.02740079365079365
2 0.8980588624338625 0.34671626984126985 0.032999338624338626 0.02165674603174603
2 0.7913988095238096 0.36218501984126983 0.0341765873015873 0.01635168650793651
2 0.49941137566137567 0.3906919642857143 0.02651785714285714 0.025632440476190475
2 0.6252215608465609 0.47112599206349204 0.025929232804232802 0.02474950396825397