2 0.6832696078431372 0.14682291666666666 0.023205882352941177 0.025540364583333332
2 0.7060759803921568 0.4502734375 0.021428921568627454 0.027421875
2 0.7591372549019608 0.794921875 0.019661764705882354 0.023681640625
2 0.17650735294117648 0.9702473958333333 0.02307843137254902 0.027275390625000003
2 0.6152328431372549 0.5525618489583334 0.021421568627450982 0.024576822916666668
2 0.7062083333333333 0.9210872395833333 0.018901960784313727 0.0219921875
2 0.5125294117647059 0.7671679687499999 0.019924019607843138 0.021826171874999998
2 0.5070049019607843 0.9417903645833333 0.018737745098039216 0.022838541666666667
2 0.5820563725490197 0.887578125 0.015362745098039216 0.01787760416666667
2 0.36861764705882355 0.15419270833333334 0.017620098039215687 0.018212890625000002
2 0.9307279411764705 0.605341796875 0.020450980392156863 0.017848307291666667
2 0.45523039215686273 0.7929947916666666 0.01927205882352941 0.023564453125
2 0.38130392156862747 0.10721028645833335 0.01369607843137255 0.016927083333333332
2 0.8657892156862745 0.7746321614583334 0.01321813725490196 0.016780598958333334
2 0.8039044117647058 0.398369140625 0.015291666666666667 0.021116536458333335
2 0.43473529411764705 0.7987434895833333 0.023747549019607843 0.023854166666666666
2 0.08209558823529411 0.434013671875 0.011803921568627451 0.01275390625
2 0.5376225490196078 0.6268229166666667 0.015446078431372549 0.017805989583333334
2 0.5886176470588235 0.9326009114583332 0.01849264705882353 0.015735677083333333
0 0.23458578431372548 0.552421875 0.009563725490196079 0.0236328125
2 0.9934093137254902 0.4667643229166667 0.013181372549019608 0.030390625
2 0.5906053921568628 0.6880533854166666 0.015284313725490196 0.02704752604166667
0 0.4265073529411765 0.5487337239583333 0.012325980392156863 0.013935546875000001
2 0.40791666666666665 0.23135416666666667 0.02242892156862745 0.020296223958333335
2 0.8571274509803921 0.31328776041666667 0.021281862745098037 0.028867187500000002
0 0.2752107843137255 0.5037662760416667 0.012612745098039215 0.013977864583333333
2 0.681 0.4310188802083333 0.011995098039215685 0.016419270833333333
2 0.3537647058823529 0.23394205729166664 0.017308823529411765 0.015621744791666668
2 0.4314877450980392 0.6367317708333333 0.01297549019607843 0.016748046875000002
0 0.6024387254901961 0.29799804687500003 0.013198529411764706 0.014619140624999999
0 0.5467573529411764 0.41516601562500005 0.012073529411764705 0.014150390625
0 0.3471544117647059 0.3068359375 0.014071078431372548 0.016604817708333334
0 0.5797328431372549 0.2769466145833333 0.01305392156862745 0.01607421875
0 0.04462254901960784 0.3504622395833333 0.015240196078431372 0.012425130208333334
0 0.07694362745098039 0.308408203125 0.017759803921568625 0.014469401041666668
0 0.4029362745098039 0.7579524739583333 0.01418872549019608 0.012799479166666667
0 0.37502941176470583 0.27203776041666666 0.01642156862745098 0.013274739583333334
2 0.5025882352941177 0.10309895833333334 0.016088235294117646 0.016578776041666667
2 0.4556397058823529 0.5711848958333333 0.013541666666666667 0.01509765625
2 0.05896323529411764 0.9912337239583334 0.01934313725490196 0.013655598958333334
0 0.4245612745098039 0.5448177083333333 0.012568627450980393 0.014397786458333332
2 0.928906862745098 0.9865234374999999 0.02768627450980392 0.019934895833333334
0 0.6425808823529412 0.2771354166666667 0.013590686274509805 0.014020182291666667
2 0.40398039215686277 0.23451171875 0.018723039215686275 0.01654622395833333
2 0.4168014705882353 0.6469270833333333 0.012781862745098039 0.017236328125000002
0 0.05718137254901961 0.2867643229166667 0.01216421568627451 0.017932942708333333
0 0.2767377450980392 0.124833984375 0.018357843137254904 0.022786458333333332
2 0.40908823529411764 0.0192578125 0.015595588235294118 0.021311848958333334
2 0.8529460784313725 0.075712890625 0.01802450980392157 0.018736979166666667
0 0.18751715686274512 0.009440104166666666 0.011134803921568627 0.015869140625
0 0.5547696078431372 0.58087890625 0.011730392156862744 0.0130078125
0 0.27282107843137254 0.5652604166666667 0.013193627450980391 0.013037109375