1 0.5734479717813051 0.09210565476190476 0.03475749559082893 0.023055555555555555
1 0.9724294532627865 0.21569444444444444 0.04085537918871252 0.024466765873015873
1 0.8979365079365079 0.35664434523809524 0.04031305114638448 0.02369047619047619
1 0.5871913580246914 0.4595337301587301 0.03216049382716049 0.02546130952380952
1 0.8855379188712522 0.2600173611111111 0.03250440917107584 0.02211061507936508
1 0.42450176366843034 0.37806299603174603 0.04621693121693121 0.024526289682539684
1 0.32821869488536154 0.06818700396825397 0.037588183421516756 0.02376736111111111
1 0.08178130511463845 0.12636160714285716 0.04331569664902998 0.023368055555555555
1 0.3363007054673721 0.6920858134920634 0.04634479717813051 0.027547123015873014
1 0.3192151675485009 0.09096230158730159 0.02981922398589065 0.015912698412698413
1 0.4790123456790124 0.10472470238095238 0.03134920634920635 0.01763392857142857
1 0.3203615520282187 0.4840550595238095 0.030582010582010582 0.015912698412698413
1 0.26263668430335096 0.7541443452380953 0.061931216931216934 0.030535714285714288
1 0.05619929453262786 0.7210292658730159 0.04205026455026455 0.019352678571428573
1 0.6147266313932981 0.6889880952380952 0.03364197530864197 0.01978422619047619
1 0.6839241622574956 0.6894171626984127 0.02522927689594356 0.008601190476190476
1 0.6999779541446208 0.6975892857142857 0.028289241622574953 0.012901785714285715
1 0.7615299823633157 0.3477207341269841 0.03517195767195767 0.013333333333333332
1 0.6433994708994709 0.4386805555555556 0.0359347442680776 0.01892361111111111
1 0.4648677248677248 0.5877033730158729 0.01988095238095238 0.016773313492063492
1 0.6407231040564374 0.25224206349206346 0.015291005291005291 0.011612103174603174
1 0.8624559082892416 0.2780456349206349 0.03517195767195767 0.019352678571428573
1 0.8165784832451499 0.12300347222222222 0.01835097001763668 0.008601190476190476
1 0.49315696649029983 0.5806076388888889 0.016820987654320985 0.012041170634920634
1 0.5508862433862434 0.5960912698412698 0.032879188712522045 0.012041170634920634