1 0.35779541446208113 0.4897891865079365 0.04122574955908289 0.022976190476190476
1 0.5200396825396826 0.6328918650793651 0.048267195767195764 0.027222222222222224
1 0.31844797178130513 0.4674181547619048 0.042883597883597885 0.025277777777777777
1 0.3318033509700176 0.6056274801587301 0.04007936507936508 0.02312996031746032
1 0.31245590828924164 0.35827876984126983 0.043289241622574956 0.0240203373015873
1 0.5224779541446208 0.40874503968253967 0.040736331569664906 0.02717261904761905
1 0.7930599647266314 0.28883184523809524 0.038765432098765436 0.02009424603174603
1 0.7133818342151675 0.4963938492063492 0.04621252204585538 0.028648313492063492
1 0.6730908289241623 0.5470362103174603 0.04313492063492064 0.025017361111111112
1 0.5768871252204586 0.5645188492063492 0.047808641975308645 0.02580109126984127
1 0.15631834215167548 0.30878720238095236 0.04644620811287478 0.02302331349206349
1 0.44948853615520284 0.6106696428571428 0.03915784832451499 0.02441468253968254
1 0.662279541446208 0.2892485119047619 0.03544973544973545 0.02570188492063492
1 0.3491005291005291 0.3449231150793651 0.04095238095238095 0.02290426587301587
1 0.5585185185185185 0.3936160714285714 0.036283068783068785 0.025595238095238095
1 0.17907407407407408 0.5008978174603175 0.03608465608465609 0.026733630952380953
1 0.6859259259259259 0.3011036706349206 0.028536155202821867 0.020458829365079364
1 0.054052028218694884 0.16368055555555555 0.023439153439153437 0.014553571428571428
1 0.07553350970017637 0.21049107142857143 0.037354497354497355 0.02125
1 0.09978395061728396 0.2251388888888889 0.034722222222222224 0.019022817460317462
1 0.3990696649029983 0.1138516865079365 0.036649029982363315 0.020927579365079364
1 0.41807760141093475 0.08780505952380951 0.03504409171075838 0.019940476190476192
1 0.6349470899470899 0.2991418650793651 0.02603615520282187 0.014670138888888889
1 0.7390740740740741 0.27621527777777777 0.041666666666666664 0.02230902777777778
1 0.5991710758377425 0.267405753968254 0.024955908289241623 0.012328869047619049
1 0.34504850088183425 0.367467757936508 0.03128747795414462 0.01806547619047619
1 0.33672398589065256 0.40862599206349204 0.04482363315696649 0.024918154761904763
1 0.31376543209876545 0.48571924603174604 0.045965608465608467 0.021594742063492062
1 0.9671472663139329 0.5024107142857143 0.04766754850088183 0.024784226190476193
1 0.8990828924162257 0.38913194444444443 0.0457010582010582 0.02318452380952381
1 0.6206834215167548 0.656907242063492 0.03741181657848324 0.0209375
1 0.7026631393298061 0.6770337301587303 0.028156966490299824 0.016773313492063492
1 0.719973544973545 0.6895858134920635 0.015229276895943562 0.01130952380952381
1 0.5811552028218695 0.6987425595238095 0.02968253968253968 0.01529265873015873
1 0.5909656084656084 0.7161235119047619 0.037416225749559086 0.021398809523809525
1 0.4341534391534391 0.6619618055555556 0.03880511463844798 0.021974206349206347
1 0.4949559082892416 0.6620808531746032 0.022857142857142857 0.012180059523809524
1 0.3895899470899471 0.6594518849206349 0.04203703703703704 0.02220982142857143
1 0.10153439153439153 0.49193948412698413 0.03801146384479717 0.02007936507936508
1 0.1715520282186949 0.47042906746031743 0.04174162257495591 0.014794146825396825
1 0.024708994708994708 0.16712301587301587 0.021459435626102294 0.010451388888888889
1 0.22399029982363317 0.2519122023809524 0.028589065255731926 0.01716517857142857
1 0.7791798941798942 0.6138938492063492 0.029387125220458558 0.015153769841269841
1 0.7218915343915344 0.6057465277777777 0.026701940035273368 0.011277281746031745
1 0.35167107583774254 0.44264632936507936 0.02441798941798942 0.012842261904761905
1 0.759567901234568 0.46477430555555554 0.029559082892416228 0.01840277777777778
1 0.9429056437389771 0.3290029761904762 0.02236331569664903 0.011488095238095238
1 0.24015873015873013 0.33123511904761904 0.04593915343915344 0.02091765873015873