1 0.7127072310405644 0.09845734126984128 0.05971340388007055 0.03741319444444444
1 0.13911816578483244 0.3221750992063492 0.0622663139329806 0.035424107142857146
1 0.42885802469135803 0.1256498015873016 0.0588668430335097 0.03868303571428571
1 0.14275132275132274 0.2011954365079365 0.06522045855379188 0.03728670634920635
1 0.26508377425044094 0.9453968253968255 0.061790123456790115 0.04083085317460317
1 0.5779717813051146 0.3105456349206349 0.05359347442680776 0.034310515873015875
1 0.09071869488536155 0.09444692460317461 0.06164021164021165 0.03353174603174603
1 0.415326278659612 0.6648958333333334 0.06697971781305115 0.03924603174603175
1 0.4308245149911817 0.29990079365079364 0.054479717813051144 0.03276785714285715
1 0.8253968253968254 0.15783978174603175 0.05080246913580247 0.03162202380952381
1 0.7551322751322752 0.11395585317460317 0.046247795414462084 0.0352281746031746
1 0.2465299823633157 0.2931770833333333 0.07018959435626103 0.03428819444444445
1 0.9616225749559083 0.30038938492063494 0.05215167548500882 0.03213045634920635
1 0.43791005291005286 0.40518849206349206 0.053293650793650796 0.030753968253968252
1 0.665 0.3453174603174603 0.054969135802469135 0.03311755952380952
1 0.1869268077601411 0.33703621031746034 0.040114638447971786 0.026044146825396828
1 0.11108465608465608 0.2841344246031746 0.049545855379188715 0.03380952380952381
1 0.2299426807760141 0.4937872023809524 0.04909171075837743 0.02474702380952381
1 0.2519620811287478 0.3185119047619048 0.06237213403880071 0.030910218253968252
1 0.9528659611992945 0.3824776785714286 0.054925044091710756 0.033303571428571425
1 0.008589065255731923 0.25323412698412695 0.01718253968253968 0.027316468253968253
1 0.8619444444444445 0.9401041666666666 0.06067460317460318 0.03753720238095238
1 0.011790123456790123 0.12561011904761904 0.021335978835978837 0.023645833333333335
1 0.7170238095238095 0.008586309523809524 0.04178130511463845 0.01717013888888889
1 0.9164417989417989 0.2116170634920635 0.04208112874779541 0.0303546626984127
1 0.7232671957671957 0.02837797619047619 0.058544973544973546 0.029484126984126984
1 0.13320987654320987 0.06094246031746032 0.05684744268077602 0.03533978174603175
1 0.22499559082892417 0.14466021825396824 0.06370811287477955 0.03774305555555556
1 0.4290035273368607 0.1543080357142857 0.0523015873015873 0.02856894841269841
1 0.6249118165784833 0.12715029761904761 0.052588183421516756 0.03236111111111111
1 0.4237257495590829 0.33044394841269836 0.04587742504409171 0.02636904761904762
1 0.4536860670194004 0.33107142857142857 0.045026455026455026 0.02704861111111111
1 0.40588183421516755 0.2641121031746032 0.033201058201058196 0.02212797619047619
1 0.4426058201058201 0.38767857142857143 0.043355379188712524 0.02404265873015873
1 0.2778880070546737 0.4803000992063492 0.044382716049382716 0.023397817460317463
1 0.3249514991181658 0.46491567460317457 0.046296296296296294 0.025106646825396827
1 0.3656657848324515 0.42844742063492064 0.03820987654320988 0.022485119047619045
1 0.726141975308642 0.6197470238095238 0.05382716049382716 0.03318204365079365
1 0.9186684303350969 0.5318204365079365 0.04791446208112875 0.025848214285714287
1 0.9287962962962963 0.5333854166666667 0.041772486772486773 0.02271577380952381
1 0.9808686067019401 0.5827356150793651 0.03826278659611993 0.025404265873015874
1 0.9638007054673722 0.5651388888888889 0.04085978835978836 0.019265873015873018
1 0.8558553791887125 0.532078373015873 0.027874779541446206 0.018226686507936508
1 0.8812169312169312 0.5341765873015873 0.026984126984126985 0.016614583333333332
1 0.8318077601410935 0.5411185515873016 0.02940035273368607 0.018229166666666668
1 0.7934435626102293 0.5171155753968254 0.035965608465608465 0.02374751984126984
1 0.7652336860670194 0.5154687499999999 0.038813932980599646 0.02381200396825397
1 0.7223059964726631 0.6640699404761905 0.04910493827160494 0.026527777777777775
1 0.5309611992945327 0.9163417658730159 0.06299823633156966 0.03772569444444445
1 0.4690343915343915 0.8822321428571428 0.07347883597883598 0.037495039682539685
1 0.41878306878306876 0.8101959325396826 0.07524691358024692 0.04160218253968254
1 0.4008994708994709 0.7453075396825397 0.07357583774250441 0.03849950396825397
1 0.4280202821869489 0.7577207341269842 0.06329805996472664 0.03950396825396826
1 0.34557760141093474 0.7280505952380952 0.06830246913580247 0.03943452380952381
1 0.08975749559082892 0.8796081349206349 0.053871252204585544 0.036312003968253966
1 0.24116843033509702 0.7654117063492063 0.05270723104056438 0.025248015873015874
1 0.16692680776014107 0.28981150793650795 0.06327160493827161 0.03459573412698413
1 0.028827160493827157 0.30784226190476194 0.030079365079365077 0.016617063492063492
1 0.010052910052910053 0.3159623015873016 0.020105820105820106 0.022978670634920637
1 0.5760008818342152 0.38168154761904766 0.052460317460317464 0.026577380952380953
1 0.6220811287477954 0.34624751984126984 0.04589506172839506 0.02834573412698413
1 0.5244135802469135 0.01441468253968254 0.04700617283950617 0.02816468253968254
1 0.896984126984127 0.13279017857142855 0.03437389770723104 0.02037202380952381