2 0.17022927689594355 0.9252976190476191 0.041212522045855376 0.02751488095238095
1 0.21919753086419752 0.3630456349206349 0.028205467372134037 0.01583829365079365
1 0.4446296296296296 0.6097172619047619 0.026688712522045854 0.020106646825396823
1 0.41464726631393295 0.6326190476190475 0.02579805996472663 0.015223214285714286
1 0.9359744268077601 0.3154935515873016 0.030568783068783068 0.01867311507936508
1 0.4499118165784832 0.4581349206349207 0.023575837742504407 0.01621279761904762
1 0.22932980599647265 0.5375223214285714 0.02635361552028219 0.014441964285714285
1 0.8793165784832452 0.4069394841269841 0.031419753086419755 0.02116815476190476
1 0.384537037037037 0.5393353174603175 0.02481040564373898 0.014005456349206349
2 0.24279100529100528 0.30341765873015875 0.02279541446208113 0.011649305555555555
1 0.862826278659612 0.4341294642857143 0.027372134038800705 0.01527529761904762
1 0.2855511463844797 0.23112847222222221 0.02906966490299824 0.015352182539682539
1 0.15167989417989416 0.4337624007936508 0.025502645502645502 0.014538690476190476
1 0.9206393298059966 0.3902083333333333 0.03061728395061728 0.02369295634920635
1 0.14947971781305114 0.37473958333333335 0.02482363315696649 0.01503968253968254
1 0.17213844797178132 0.29732142857142857 0.020295414462081128 0.01363095238095238
1 0.23201499118165786 0.3617559523809524 0.022438271604938272 0.015238095238095238
1 0.8087786596119929 0.18759672619047618 0.026507936507936508 0.01601686507936508
1 0.7386596119929453 0.17512896825396826 0.022411816578483245 0.013291170634920637
1 0.7371869488536156 0.16549107142857142 0.017195767195767195 0.010863095238095238
1 0.698725749559083 0.1901934523809524 0.028761022927689596 0.015081845238095238
1 0.7752336860670194 0.21438492063492062 0.02824514991181658 0.01904265873015873
1 0.6162389770723105 0.19151289682539682 0.024894179894179896 0.015421626984126984
1 0.5999206349206349 0.195203373015873 0.02287477954144621 0.013998015873015872
1 0.6257716049382716 0.24919890873015874 0.019748677248677248 0.011398809523809525
1 0.6606393298059965 0.25432539682539684 0.030771604938271607 0.01688988095238095
1 0.6756349206349206 0.26389136904761906 0.030233686067019396 0.016061507936507936
1 0.6715299823633157 0.2872470238095238 0.027138447971781304 0.01771329365079365
1 0.689268077601411 0.2944593253968254 0.027248677248677248 0.016056547619047616
1 0.6888139329805997 0.30807539682539686 0.030388007054673722 0.012653769841269842
1 0.6937125220458553 0.32787450396825396 0.021763668430335097 0.01433779761904762
1 0.6672574955908289 0.32640625 0.021313932980599647 0.01216765873015873
1 0.7061375661375662 0.34201140873015873 0.02619047619047619 0.015426587301587302
1 0.6738359788359788 0.3531622023809524 0.02630511463844797 0.013980654761904762
1 0.632010582010582 0.31594742063492065 0.017861552028218694 0.013080357142857144
1 0.6328968253968255 0.32707589285714284 0.021962081128747795 0.009977678571428571
1 0.5828659611992946 0.31411954365079364 0.020158730158730157 0.012485119047619049
1 0.8330202821869488 0.3296502976190476 0.031124338624338627 0.016743551587301588
1 0.8604761904761905 0.3294171626984127 0.028558201058201057 0.01806299603174603
1 0.8844179894179893 0.3046304563492063 0.030299823633156964 0.016143353174603175
1 0.7607275132275132 0.2865128968253968 0.027976190476190477 0.016629464285714286
1 0.7664594356261023 0.3606795634920635 0.02809082892416226 0.015443948412698413
1 0.6209303350970018 0.3659449404761905 0.023681657848324517 0.014273313492063492
1 0.6063888888888889 0.37387152777777777 0.022799823633156968 0.01289186507936508
1 0.6081834215167548 0.38973214285714286 0.02466490299823633 0.014362599206349205
1 0.6422795414462081 0.4228546626984127 0.022513227513227513 0.014357638888888889
1 0.6708112874779542 0.4250570436507936 0.030088183421516753 0.0167609126984127
1 0.6969268077601412 0.4203645833333334 0.02550705467372134 0.015505952380952382
1 0.714268077601411 0.42180059523809527 0.023544973544973546 0.01646329365079365
1 0.7366754850088183 0.3873214285714286 0.02978835978835979 0.016054067460317463
1 0.7094444444444444 0.38651289682539686 0.030727513227513225 0.015967261904761904
1 0.8136375661375661 0.39385416666666667 0.028818342151675485 0.01533234126984127
1 0.8416225749559083 0.38288690476190473 0.03093915343915344 0.01598958333333333
1 0.8226940035273368 0.36339781746031746 0.028628747795414466 0.018368055555555558
1 0.866547619047619 0.4506522817460317 0.02330246913580247 0.013660714285714285
1 0.9323324514991183 0.4418874007936508 0.03537477954144621 0.017574404761904763
1 0.9711155202821868 0.45725942460317465 0.03201499118165785 0.015768849206349207
1 0.8845855379188713 0.45802579365079366 0.025348324514991184 0.01423611111111111
1 0.7828703703703703 0.46555555555555556 0.023796296296296295 0.013216765873015873
1 0.7958994708994709 0.4873189484126984 0.025714285714285714 0.013851686507936509
1 0.8255114638447971 0.49241567460317465 0.023672839506172837 0.012170138888888888
1 0.8880070546737213 0.4951388888888889 0.023117283950617285 0.012256944444444445
1 0.9867724867724867 0.5061483134920635 0.025163139329805996 0.013216765873015873
1 0.9537786596119929 0.524171626984127 0.023051146384479717 0.013772321428571429
1 0.8100264550264551 0.519828869047619 0.02091710758377425 0.012239583333333333
1 0.8028747795414463 0.5020957341269842 0.014792768959435624 0.00855654761904762
1 0.9866798941798942 0.4630431547619048 0.026080246913580248 0.014315476190476191
1 0.9758641975308643 0.39428075396825396 0.028650793650793652 0.015803571428571427
1 0.9945855379188712 0.3974950396825397 0.010833333333333334 0.015334821428571429
1 0.9449823633156965 0.3816121031746032 0.031181657848324513 0.016884920634920635
1 0.9893077601410935 0.33033978174603174 0.02138447971781305 0.016969246031746033
1 0.9802689594356261 0.3451264880952381 0.029854497354497352 0.015907738095238096
1 0.8970679012345679 0.34707341269841274 0.02761904761904762 0.017120535714285713
2 0.9950925925925925 0.3539880952380952 0.009810405643738977 0.015632440476190477
1 0.7751719576719577 0.3771329365079365 0.030868606701940037 0.016480654761904762
1 0.8498500881834216 0.5076884920634921 0.024700176366843036 0.015143849206349208
1 0.9768077601410935 0.5632490079365079 0.025246913580246912 0.013296130952380952
1 0.964783950617284 0.5781746031746031 0.027663139329806 0.013660714285714285
1 0.9480820105820106 0.5878125 0.025396825396825397 0.012256944444444445
1 0.9652160493827161 0.6032911706349205 0.024753086419753087 0.014494047619047618
1 0.9632319223985891 0.6343576388888889 0.025321869488536156 0.013442460317460318
1 0.9778306878306877 0.6518675595238095 0.02880070546737213 0.016297123015873015
1 0.9341093474426807 0.6610292658730159 0.02909611992945326 0.015850694444444445
1 0.950410052910053 0.6726240079365079 0.027663139329806 0.014789186507936508
1 0.9261507936507938 0.689124503968254 0.025277777777777777 0.014985119047619047
1 0.8877425044091711 0.6711235119047618 0.021283068783068786 0.012683531746031746
1 0.8291402116402117 0.6276016865079365 0.02201058201058201 0.013335813492063493
1 0.9200970017636685 0.5913070436507937 0.023765432098765433 0.011974206349206349
1 0.7211507936507936 0.39441220238095237 0.026979717813051144 0.011339285714285713
1 0.6402954144620812 0.37697420634920636 0.023082010582010582 0.012591765873015874
1 0.6196604938271605 0.3192757936507936 0.015705467372134036 0.01021329365079365
1 0.6444753086419753 0.31910218253968253 0.014268077601410934 0.008623511904761906
1 0.5977248677248678 0.3200570436507937 0.017552910052910053 0.01252232142857143
1 0.5557892416225749 0.32924107142857145 0.02359347442680776 0.013229166666666667
1 0.5371119929453263 0.27997271825396824 0.014069664902998236 0.009216269841269841
1 0.5123633156966491 0.2938268849206349 0.020083774250440917 0.011083829365079364
1 0.4337169312169312 0.2632638888888889 0.0156657848324515 0.008139880952380952
1 0.43740299823633155 0.21307787698412697 0.02156084656084656 0.013236607142857142
1 0.41149470899470897 0.21305555555555555 0.019933862433862436 0.012450396825396826
1 0.3496296296296296 0.18248511904761905 0.019770723104056438 0.012254464285714285
1 0.3737698412698413 0.22240079365079365 0.01694885361552028 0.011763392857142858
1 0.3614594356261023 0.2189236111111111 0.018478835978835977 0.011252480158730158
1 0.3299514991181658 0.23008184523809525 0.020652557319223986 0.012175099206349207
1 0.22741622574955908 0.23181051587301588 0.0223015873015873 0.013142361111111112
1 0.1768694885361552 0.2476636904761905 0.018853615520282186 0.011569940476190475
1 0.24066578483245152 0.28410466269841267 0.021450617283950618 0.013504464285714286
1 0.324673721340388 0.2937574404761905 0.018827160493827162 0.010168650793650794
1 0.2974426807760141 0.29072916666666665 0.0208994708994709 0.012075892857142856
1 0.2605555555555556 0.29853918650793654 0.023240740740740742 0.012767857142857142
1 0.2308774250440917 0.2968303571428571 0.025308641975308643 0.012589285714285714
1 0.27559082892416226 0.327532242063492 0.021865079365079365 0.013045634920634921
1 0.18936067019400354 0.30503968253968256 0.02234567901234568 0.014077380952380952
1 0.3482671957671958 0.3246502976190476 0.019960317460317463 0.010515873015873015
1 0.34910493827160494 0.2624206349206349 0.020745149911816578 0.012919146825396827
1 0.4651058201058201 0.24180059523809525 0.02101410934744268 0.011205357142857144
1 0.15634920634920635 0.3255753968253968 0.024691358024691357 0.013856646825396824
1 0.12195326278659611 0.32789682539682535 0.02149911816578483 0.012529761904761906
1 0.1221384479717813 0.39340277777777777 0.023192239858906526 0.012447916666666666
1 0.27459876543209877 0.3800669642857143 0.02125220458553792 0.011396329365079366
1 0.32070987654320987 0.374094742063492 0.027495590828924162 0.013938492063492064
1 0.2942592592592593 0.3611111111111111 0.018518518518518517 0.01253968253968254
1 0.31250440917107586 0.3621875 0.02238536155202822 0.011212797619047619
1 0.4234303350970018 0.35324156746031743 0.029603174603174603 0.014714781746031745
1 0.2785317460317461 0.391078869047619 0.02886243386243386 0.01177827380952381
1 0.3199118165784832 0.4645089285714286 0.026137566137566137 0.013368055555555555
1 0.21357142857142858 0.44258184523809524 0.021397707231040564 0.012105654761904762
1 0.1995899470899471 0.45109374999999996 0.021794532627865962 0.011912202380952381
1 0.2621119929453263 0.41957589285714286 0.020555555555555556 0.010815972222222222
1 0.29037918871252205 0.41844246031746035 0.0232010582010582 0.012805059523809524
1 0.432173721340388 0.3963665674603175 0.02361552028218695 0.011909722222222223
1 0.525299823633157 0.3219171626984127 0.020674603174603175 0.014253472222222221
1 0.5451719576719577 0.315890376984127 0.02447971781305115 0.011654265873015874
1 0.47908730158730156 0.3294568452380952 0.01581569664902998 0.01216765873015873
1 0.4947486772486772 0.4398115079365079 0.028430335097001765 0.015300099206349206
1 0.561278659611993 0.4606969246031746 0.021701940035273367 0.011103670634920636
1 0.5067768959435626 0.49059771825396825 0.02864638447971781 0.015436507936507938
1 0.531247795414462 0.49705357142857143 0.028456790123456793 0.01634920634920635
1 0.49839947089947084 0.4980753968253968 0.02790564373897707 0.014580853174603175
1 0.4381128747795414 0.474640376984127 0.016600529100529098 0.009751984126984126
1 0.44641975308641973 0.5071527777777778 0.02696649029982363 0.016066468253968253
1 0.3995194003527337 0.500109126984127 0.02701058201058201 0.014670138888888889
1 0.37624338624338627 0.5035515873015873 0.024951499118165785 0.01359375
1 0.41348765432098766 0.5387475198412699 0.026124338624338623 0.015076884920634921
1 0.34343033509700177 0.4980183531746032 0.011168430335097 0.006505456349206349
1 0.29178130511463846 0.4946106150793651 0.02211199294532628 0.011383928571428571
1 0.2818606701940035 0.5068353174603174 0.023350970017636686 0.012700892857142857
1 0.2648721340388007 0.4602207341269841 0.01767636684303351 0.010513392857142857
1 0.5623677248677249 0.5406498015873016 0.025379188712522045 0.014404761904761905
1 0.5907671957671957 0.5723958333333333 0.024052028218694885 0.014218749999999999
1 0.545489417989418 0.5780133928571429 0.02060846560846561 0.011547619047619048
1 0.5442857142857143 0.5623809523809524 0.023602292768959435 0.01433779761904762
1 0.505136684303351 0.677562003968254 0.018765432098765432 0.011865079365079367
1 0.3705731922398589 0.7176661706349207 0.02476190476190476 0.013717757936507938
1 0.2609435626102293 0.7202852182539683 0.025114638447971783 0.013732638888888888
1 0.41271604938271605 0.7072470238095238 0.024056437389770723 0.013273809523809525
1 0.3947927689594356 0.6973214285714285 0.025052910052910052 0.01376984126984127
1 0.45643298059964726 0.6955803571428572 0.0231305114638448 0.01282986111111111
1 0.4743871252204586 0.6921924603174603 0.020559964726631394 0.013015873015873015
1 0.3613007054673721 0.606827876984127 0.025674603174603173 0.013430059523809523
1 0.34867724867724864 0.5439756944444444 0.021216931216931217 0.011991567460317461
1 0.554620811287478 0.5317832341269841 0.028461199294532627 0.01433779761904762
1 0.5645238095238095 0.5348040674603174 0.023276014109347442 0.01244295634920635
1 0.6216710758377425 0.5690674603174604 0.01388447971781305 0.007311507936507936
1 0.7012345679012346 0.5908308531746032 0.012239858906525574 0.006892361111111111
1 0.7042945326278659 0.5840029761904761 0.014916225749559081 0.010319940476190476
1 0.6822354497354497 0.5773983134920635 0.017469135802469133 0.010262896825396826
1 0.7729409171075837 0.5671726190476191 0.016922398589065257 0.007998511904761904
1 0.7933818342151676 0.5766592261904763 0.009656084656084656 0.005334821428571429
1 0.759863315696649 0.5016145833333333 0.018831569664903 0.01021329365079365
1 0.7765564373897708 0.5002728174603175 0.014559082892416227 0.009025297619047619
1 0.9101984126984126 0.5892708333333333 0.020480599647266316 0.011183035714285715
1 0.35804673721340385 0.6902951388888889 0.023192239858906526 0.010873015873015875
1 0.21660493827160493 0.7174057539682539 0.021869488536155203 0.012745535714285714
1 0.23002204585537922 0.7091517857142857 0.01945767195767196 0.009243551587301588
1 0.18057760141093476 0.695969742063492 0.016212522045855382 0.00855654761904762
1 0.22167548500881834 0.6960912698412698 0.018972663139329805 0.009796626984126984
1 0.23654320987654323 0.6627628968253969 0.020846560846560846 0.010496031746031746
1 0.20988536155202822 0.6710267857142856 0.018840388007054672 0.00990327380952381
1 0.23824514991181658 0.6533234126984127 0.018324514991181658 0.009618055555555555
1 0.17283068783068783 0.595032242063492 0.02205467372134039 0.01207093253968254
1 0.24350088183421517 0.5453943452380953 0.016212522045855382 0.010158730158730159
1 0.48660052910052903 0.6284424603174603 0.023196649029982364 0.014203869047619049
1 0.49624779541446207 0.6271726190476191 0.017469135802469133 0.013038194444444444
1 0.23152557319223988 0.6075669642857143 0.020890652557319225 0.010798611111111111
1 0.1796604938271605 0.5105183531746031 0.02059964726631393 0.012428075396825397
1 0.16472663139329807 0.5344915674603175 0.01904761904761905 0.009692460317460317
1 0.1857010582010582 0.5407068452380953 0.02214726631393298 0.012452876984126985
1 0.09607583774250442 0.4819518849206349 0.02060405643738977 0.012313988095238095
1 0.06844797178130511 0.5034598214285715 0.021984126984126984 0.012651289682539682
1 0.05043650793650794 0.49377232142857147 0.024581128747795413 0.011649305555555555
1 0.024268077601410934 0.45015625 0.022504409171075837 0.012738095238095238
1 0.2927248677248677 0.4456994047619047 0.020908289241622576 0.012827380952380953
2 0.12571869488536155 0.6453000992063492 0.015264550264550264 0.008911210317460318
2 0.07714726631393298 0.7104290674603174 0.01933862433862434 0.011795634920634922
1 0.30496031746031743 0.33303075396825393 0.010066137566137565 0.006889880952380953
2 0.2976984126984127 0.30967509920634917 0.01985008818342152 0.01119047619047619
1 0.28611552028218695 0.24499007936507936 0.012195767195767196 0.008191964285714287
1 0.22411816578483246 0.3438839285714286 0.025339506172839504 0.01492311507936508
1 0.34779100529100526 0.37935763888888885 0.0233994708994709 0.01318700396825397
1 0.6731834215167548 0.5739186507936508 0.013280423280423281 0.009188988095238094
1 0.7493165784832452 0.3742088293650794 0.022094356261022928 0.012889384920634921
1 0.723778659611993 0.3739112103174603 0.02377425044091711 0.011629464285714286
1 0.9861463844797178 0.6812276785714286 0.017583774250440918 0.010414186507936508
1 0.9710052910052909 0.260406746031746 0.024448853615520284 0.014350198412698413
1 0.842416225749559 0.16684771825396827 0.027958553791887122 0.015438988095238096
2 0.015458553791887127 0.5379141865079364 0.011922398589065256 0.0057787698412698416
2 0.08322310405643739 0.5433333333333333 0.011022927689594356 0.005897817460317461
2 0.7234656084656085 0.6227455357142857 0.010983245149911816 0.006924603174603175