2 0.6712962962962963 0.06758432539682539 0.03306878306878307 0.021081349206349208
2 0.52744708994709 0.01488095238095238 0.03968253968253968 0.02976190476190476
2 0.5026455026455027 0.3118799603174603 0.046296296296296294 0.031001984126984128
2 0.7432208994708994 0.6175595238095238 0.044642857142857144 0.034722222222222224
2 0.3480489417989418 0.5344742063492064 0.04794973544973545 0.0248015873015873
2 0.44312169312169314 0.6057787698412699 0.04298941798941799 0.04092261904761905
2 0.2777777777777778 0.25793650793650796 0.03306878306878307 0.0248015873015873
2 0.07523148148148148 0.22321428571428573 0.021494708994708994 0.01984126984126984
2 0.46709656084656087 0.7508680555555556 0.044642857142857144 0.028521825396825396
2 0.5493551587301587 0.829124503968254 0.0316931216931217 0.02603422619047619
2 0.47955357142857147 0.8231820436507937 0.03244708994708995 0.02093998015873016
2 0.44748346560846564 0.9510887896825396 0.0316931216931217 0.031128472222222224
2 0.4195634920634921 0.9383556547619047 0.025658068783068783 0.013583829365079366
2 0.5587863756613757 0.67546875 0.038485449735449734 0.035654761904761904
2 0.6651884920634921 0.7111235119047619 0.04452050264550264 0.03452380952380952
2 0.4037169312169312 0.7459300595238095 0.03773148148148148 0.03056051587301587
2 0.38032407407407404 0.7747941468253968 0.027166005291005293 0.02263888888888889
2 0.5025694444444444 0.7555505952380953 0.022638888888888885 0.032824900793650795
2 0.5904794973544973 0.5308655753968253 0.02943121693121693 0.02942956349206349
2 0.3901322751322751 0.3084449404761905 0.0316931216931217 0.02942956349206349
2 0.37315476190476193 0.1910094246031746 0.017354497354497355 0.015280257936507936
2 0.39843253968253967 0.14148809523809525 0.01811177248677249 0.018110119047619045
2 0.7244246031746031 0.11092757936507937 0.027166005291005293 0.016979166666666667
2 0.8108267195767196 0.13243303571428572 0.017354497354497355 0.016979166666666667
2 0.8376157407407406 0.1188516865079365 0.01811177248677249 0.018110119047619045