1 0.13733245149911819 0.14732390873015871 0.052231040564373894 0.031163194444444445
1 0.6872354497354498 0.5500347222222222 0.057147266313932986 0.03349702380952381
1 0.8771604938271605 0.1413343253968254 0.05880070546737214 0.036068948412698414
1 0.5110670194003527 0.2397891865079365 0.045970017636684304 0.026051587301587305
1 0.5729497354497355 0.23302827380952382 0.04694444444444444 0.02620535714285714
1 0.7015123456790123 0.09687251984126984 0.049673721340388007 0.032328869047619044
1 0.743236331569665 0.5480530753968254 0.049268077601410935 0.027353670634920637
1 0.5333245149911816 0.21819196428571427 0.04439153439153439 0.02618799603174603
1 0.3435273368606702 0.14378720238095238 0.03323192239858907 0.02575644841269841
1 0.662279541446208 0.31351190476190477 0.04328483245149912 0.02827876984126984
1 0.44456349206349205 0.048752480158730155 0.03842151675485009 0.03656498015873016
1 0.4883862433862434 0.06081597222222222 0.04615079365079365 0.03356150793650794
1 0.35831569664902996 0.4894494047619048 0.0436331569664903 0.025171130952380952
1 0.31960758377425047 0.2951612103174603 0.0398015873015873 0.028660714285714286
1 0.5612610229276896 0.13882440476190477 0.04021164021164021 0.024722222222222225
1 0.18876543209876542 0.34216021825396825 0.035705467372134043 0.025672123015873016
1 0.29761463844797176 0.6312673611111111 0.04731040564373898 0.026530257936507935
1 0.443994708994709 0.025580357142857144 0.0381657848324515 0.025687003968253967
1 0.02831569664902998 0.11340029761904763 0.04191358024691358 0.023638392857142858
1 0.6722398589065256 0.212234623015873 0.044638447971781306 0.025749007936507935
1 0.9869753086419754 0.4696279761904762 0.026049382716049382 0.03211805555555555
1 0.5751058201058201 0.1878000992063492 0.046053791887125224 0.024012896825396823
1 0.06301587301587301 0.11017361111111111 0.04106701940035273 0.025917658730158732
1 0.06107142857142857 0.07865079365079365 0.024797178130511466 0.015240575396825398
1 0.1418915343915344 0.06676835317460317 0.0284700176366843 0.018856646825396825
1 0.1226058201058201 0.07994295634920634 0.021124338624338622 0.015240575396825398
1 0.17770723104056438 0.09414930555555556 0.0284700176366843 0.016272321428571428
1 0.23809082892416225 0.1526512896825397 0.02617283950617284 0.012398313492063492
1 0.3776851851851852 0.12772569444444445 0.039951499118165784 0.025570436507936507
1 0.41878306878306876 0.13005208333333335 0.036737213403880066 0.021438492063492062
1 0.6525088183421517 0.14632440476190475 0.035815696649029984 0.019888392857142858
1 0.7158774250440917 0.08962797619047619 0.03948853615520282 0.02428075396825397
1 0.5381701940035273 0.05256200396825397 0.0330599647266314 0.020404265873015873
1 0.7083024691358025 0.30724206349206346 0.05188712522045855 0.028154761904761905
1 0.8095546737213404 0.4840451388888889 0.06061287477954144 0.033576388888888885
1 0.9727954144620812 0.4769419642857143 0.05005291005291005 0.03177083333333333
1 0.729426807760141 0.4667385912698413 0.05188712522045855 0.0278968253968254
1 0.586388888888889 0.40126240079365083 0.036737213403880066 0.01937251984126984
1 0.4699823633156967 0.5023834325396825 0.040868606701940036 0.02428075396825397
1 0.38044091710758376 0.5451314484126983 0.0362742504409171 0.019888392857142858
1 0.31959876543209875 0.5448735119047619 0.04224426807760141 0.025570436507936507
1 0.32763227513227516 0.5176240079365079 0.0371957671957672 0.02324652777777778
1 0.2252336860670194 0.6221031746031747 0.03811287477954144 0.020922619047619048
1 0.04638007054673721 0.661235119047619 0.03489858906525573 0.019630456349206352
1 0.042473544973544976 0.6707911706349207 0.031684303350970014 0.0139484126984127
1 0.2702336860670194 0.6813814484126984 0.0362742504409171 0.02066468253968254
1 0.30054232804232806 0.6773784722222222 0.031684303350970014 0.01730654761904762
1 0.32028659611992943 0.6675644841269841 0.02433862433862434 0.015756448412698413
1 0.3668915343915344 0.6800917658730159 0.037654320987654324 0.021180555555555557
1 0.2734479717813051 0.6545188492063492 0.04178571428571429 0.020146329365079367
1 0.5657231040564373 0.7212896825396825 0.031225749559082888 0.017822420634920635
1 0.618531746031746 0.7145734126984127 0.0330599647266314 0.01369047619047619
1 0.699347442680776 0.7238715277777777 0.037654320987654324 0.021438492063492062
1 0.7604188712522046 0.7622271825396826 0.04959435626102293 0.02634672619047619
1 0.8545546737213404 0.7986483134920636 0.037654320987654324 0.021180555555555557
1 0.9816931216931217 0.7082440476190476 0.03661816578483245 0.02428075396825397
1 0.34301587301587305 0.017177579365079368 0.03489858906525573 0.019888392857142858
1 0.30949294532627863 0.02324652777777778 0.035815696649029984 0.01911458333333333
1 0.22362433862433861 0.049722222222222216 0.031225749559082888 0.015756448412698413
1 0.08632716049382716 0.20482886904761904 0.0330599647266314 0.022730654761904764
1 0.14625220458553792 0.31938244047619047 0.04362433862433862 0.024538690476190474
1 0.45092592592592595 0.31408730158730164 0.038571428571428576 0.02428075396825397
1 0.49959876543209875 0.47681299603174604 0.037654320987654324 0.02169642857142857
1 0.22867724867724867 0.3393998015873016 0.04224426807760141 0.0253125
1 0.12168430335097002 0.515687003968254 0.03214285714285715 0.018856646825396825
1 0.6316181657848324 0.6630431547619048 0.032601410934744265 0.02428075396825397
1 0.3581216931216931 0.5653521825396826 0.036331569664903 0.019561011904761907
1 0.7722927689594355 0.006713789682539682 0.03944444444444444 0.013430059523809523