2 0.01570767195767196 0.42410714285714285 0.03141534391534392 0.044642857142857144
2 0.10830026455026455 0.5543154761904762 0.06448412698412699 0.0496031746031746
2 0.3265542328042328 0.6907242063492064 0.07771164021164022 0.054563492063492064
2 0.32407407407407407 0.7254464285714286 0.06613756613756613 0.04712301587301587
2 0.40757275132275134 0.6925843253968254 0.08763227513227513 0.06076388888888889
2 0.4001322751322751 0.29699900793650796 0.05952380952380952 0.045882936507936505
2 0.32076719576719576 0.3404017857142857 0.046296296296296294 0.028521825396825396
2 0.3290343915343915 0.3900049603174603 0.056216931216931214 0.03844246031746032
2 0.4695767195767196 0.37202380952380953 0.046296296296296294 0.03720238095238095
2 0.40757275132275134 0.49169146825396826 0.05787037037037037 0.03844246031746032
2 0.49520502645502645 0.31436011904761907 0.05125661375661376 0.043402777777777776
2 0.6225198412698413 0.2951388888888889 0.06117724867724868 0.034722222222222224
2 0.5216600529100529 0.3404017857142857 0.0710978835978836 0.033482142857142856
2 0.6076388888888888 0.6355406746031746 0.06779100529100529 0.06820436507936507
2 0.6382275132275133 0.8376736111111112 0.056216931216931214 0.031001984126984128
2 0.6696428571428571 0.6653025793650794 0.08267195767195767 0.06076388888888889
2 0.7589285714285714 0.5667162698412699 0.08928571428571429 0.062003968253968256
2 0.873015873015873 0.30939980158730157 0.056216931216931214 0.043402777777777776
2 0.24388227513227514 0.5964781746031746 0.04794973544973545 0.03968253968253968
2 0.7738095238095238 0.9052579365079365 0.02976190476190476 0.02976190476190476
2 0.35466269841269843 0.8649553571428571 0.044642857142857144 0.03844246031746032