1 0.41994708994708996 0.29949652777777774 0.07114638447971781 0.0411061507936508
1 0.5773324514991182 0.7734176587301588 0.03898589065255732 0.023697916666666666
1 0.4946031746031746 0.29205109126984125 0.06375220458553792 0.03611111111111111
1 0.5534611992945326 0.755342261904762 0.03165784832451499 0.02764136904761905
1 0.5152028218694885 0.6981597222222222 0.04029100529100529 0.028055555555555556
1 0.7529585537918871 0.4244345238095238 0.04529982363315697 0.025721726190476187
1 0.5555555555555556 0.7296750992063492 0.033240740740740744 0.026376488095238095
1 0.7831746031746032 0.6155605158730159 0.03254409171075838 0.020109126984126983
1 0.9181040564373899 0.6088392857142858 0.02476190476190476 0.01972718253968254
1 0.7334479717813052 0.5601091269841271 0.0313668430335097 0.021793154761904764
1 0.9250749559082894 0.5558407738095238 0.036247795414462075 0.020652281746031745
1 0.7534744268077602 0.38499751984126984 0.033007054673721344 0.019890873015873018
1 0.7708906525573193 0.2799677579365079 0.046053791887125224 0.025669642857142856
1 0.7083245149911817 0.2965203373015873 0.046230158730158726 0.026431051587301586
1 0.7101058201058201 0.32347718253968255 0.04111992945326279 0.021599702380952383
1 0.6345194003527337 0.2788268849206349 0.042350088183421515 0.02587549603174603
1 0.6012830687830688 0.29500000000000004 0.04377865961199295 0.024635416666666667
1 0.5940079365079365 0.25156001984126986 0.04608906525573192 0.02718501984126984
1 0.6151675485008818 0.22151041666666665 0.03812610229276896 0.025071924603174603
1 0.6567548500881835 0.22374007936507936 0.03768518518518518 0.022686011904761903
1 0.6265035273368607 0.21281746031746032 0.03737213403880071 0.021026785714285713
1 0.569863315696649 0.22220238095238093 0.04396825396825397 0.026453373015873013
1 0.5577292768959435 0.24808531746031745 0.04120370370370371 0.02099702380952381
1 0.7009876543209876 0.24577380952380953 0.04193121693121693 0.024461805555555556
1 0.7993033509700176 0.23976190476190476 0.04062610229276896 0.02611855158730159
1 0.8232936507936508 0.18559027777777776 0.04298059964726632 0.026626984126984127
1 0.7889241622574956 0.18346478174603176 0.044193121693121694 0.026731150793650793
1 0.8369620811287478 0.30346478174603175 0.021172839506172842 0.016061507936507936
1 0.9834391534391534 0.3440699404761905 0.016335978835978836 0.010193452380952381
1 0.3384038800705467 0.5915749007936508 0.04630070546737214 0.031850198412698406
1 0.10209435626102294 0.791892361111111 0.04835537918871252 0.030669642857142857
1 0.06327601410934744 0.5726760912698413 0.06687830687830688 0.036349206349206346
1 0.30698853615520283 0.397078373015873 0.039052028218694884 0.02228174603174603
1 0.488884479717813 0.35097966269841274 0.037270723104056436 0.024007936507936506
1 0.23574514991181655 0.21397817460317461 0.07468694885361551 0.039863591269841264
1 0.6059082892416225 0.4886830357142857 0.02437389770723104 0.01515625
1 0.939589947089947 0.7237028769841269 0.03818342151675485 0.02304811507936508
1 0.37444885361552027 0.5094345238095238 0.04791005291005291 0.0274280753968254
1 0.2979453262786596 0.640389384920635 0.052142857142857144 0.028028273809523812
1 0.8949206349206349 0.23556299603174602 0.01951058201058201 0.010905257936507937
1 0.6490123456790123 0.15501240079365078 0.030559964726631396 0.01856150793650794
1 0.37315696649029984 0.35627728174603174 0.03549823633156967 0.02269345238095238
1 0.7891798941798941 0.35822172619047615 0.030326278659611995 0.01994791666666667
1 0.7599955908289242 0.4710515873015873 0.016512345679012348 0.009630456349206349
1 0.5847707231040564 0.441515376984127 0.04062610229276896 0.025592757936507934