2 0.5570469576719577 0.08569940476190477 0.025300925925925928 0.020813492063492065
2 0.596630291005291 0.15395337301587303 0.029381613756613755 0.02142361111111111
2 0.6362169312169312 0.17262400793650792 0.028564814814814814 0.01836309523809524
2 0.9014748677248677 0.20475942460317462 0.03509589947089947 0.02509672619047619
2 0.9239219576719577 0.24026537698412698 0.03591269841269841 0.023874007936507936
2 0.8802546296296296 0.2883159722222222 0.030198412698412697 0.01958829365079365
2 0.9316732804232805 0.28648065476190476 0.03509589947089947 0.020813492063492065
2 0.9582010582010582 0.310047123015873 0.027751322751322752 0.023874007936507936
2 0.6468253968253969 0.35289682539682543 0.031832010582010586 0.02509672619047619
2 0.8431183862433863 0.40799107142857144 0.027751322751322752 0.01775297619047619
2 0.96432208994709 0.43523065476190476 0.03999338624338624 0.026934523809523808
2 0.93942791005291 0.41717261904761904 0.024484126984126987 0.023874007936507936
2 0.8916798941798942 0.44288194444444445 0.03835978835978836 0.02142361111111111
2 0.9100462962962963 0.46032738095238096 0.021220238095238094 0.014692460317460318
2 0.8578108465608466 0.4866493055555556 0.032648809523809524 0.025709325396825397
2 0.892906746031746 0.5276636904761904 0.032648809523809524 0.01958829365079365
2 0.941875 0.52796875 0.01958994708994709 0.01775297619047619
2 0.7521130952380952 0.6044866071428572 0.04978835978835979 0.032442956349206346
2 0.7002843915343915 0.6151984126984127 0.04407407407407407 0.026934523809523808
2 0.6733531746031746 0.5178695436507937 0.029381613756613755 0.024486607142857143
2 0.6366236772486773 0.4545114087301587 0.032648809523809524 0.020200892857142858
2 0.6733531746031746 0.44226934523809525 0.017956349206349205 0.01775297619047619
2 0.6407043650793651 0.6445808531746031 0.0391765873015873 0.023261408730158733
2 0.5684722222222222 0.6454985119047619 0.036729497354497355 0.029995039682539682
2 0.5464351851851852 0.6292782738095238 0.02693452380952381 0.023261408730158733
2 0.5394973544973545 0.5897941468253969 0.029381613756613755 0.012854662698412699
2 0.8361805555555556 0.6323387896825398 0.022037037037037036 0.020813492063492065
2 0.9243287037037037 0.6950818452380952 0.03509589947089947 0.020200892857142858
2 0.803125 0.8132242063492063 0.03591269841269841 0.02509672619047619
2 0.7892493386243387 0.7933308531746032 0.03754298941798942 0.025709325396825397
2 0.781087962962963 0.7318105158730158 0.027751322751322752 0.022648809523809522
2 0.8296494708994709 0.7376264880952381 0.025300925925925928 0.022036210317460315
2 0.8818882275132275 0.771907242063492 0.02367063492063492 0.022036210317460315
2 0.6309093915343915 0.7951661706349207 0.022853835978835977 0.01958829365079365
2 0.46155092592592595 0.818735119047619 0.02693452380952381 0.015302579365079366
2 0.5044014550264551 0.78078125 0.02611772486772487 0.015302579365079366
2 0.5464351851851852 0.7550719246031745 0.030198412698412697 0.015302579365079366
2 0.4040112433862434 0.7789459325396826 0.03427910052910053 0.020200892857142858
2 0.42441468253968256 0.7296676587301587 0.02611772486772487 0.01958829365079365
2 0.4007473544973545 0.7168129960317461 0.029381613756613755 0.020813492063492065
2 0.41911044973544975 0.6580481150793651 0.030198412698412697 0.01958829365079365
2 0.4019708994708995 0.6675372023809525 0.031832010582010586 0.02142361111111111
2 0.29627645502645505 0.702735615079365 0.029381613756613755 0.020813492063492065
2 0.1526256613756614 0.6855952380952381 0.02611772486772487 0.015915178571428573
2 0.137119708994709 0.6779439484126983 0.032648809523809524 0.01775297619047619
2 0.21261574074074074 0.6188715277777778 0.03509589947089947 0.024486607142857143
2 0.21751322751322752 0.6445808531746031 0.028564814814814814 0.01958829365079365
2 0.18894510582010582 0.650701884920635 0.03346230158730159 0.015915178571428573
2 0.18894510582010582 0.7342584325396826 0.02367063492063492 0.014079861111111112
2 0.7047751322751322 0.8429141865079365 0.030198412698412697 0.025709325396825397
2 0.24403769841269843 0.49032242063492065 0.029381613756613755 0.01836309523809524
2 0.3007638888888889 0.45390128968253973 0.025300925925925928 0.018975694444444444
2 0.2803604497354497 0.44226934523809525 0.025300925925925928 0.014079861111111112
2 0.14854497354497354 0.4979737103174603 0.017956349206349205 0.011629464285714286
2 0.0836574074074074 0.33269593253968255 0.031832010582010586 0.014079861111111112
2 0.183234126984127 0.22526785714285713 0.030198412698412697 0.022036210317460315
2 0.12569113756613756 0.23016369047619048 0.03101521164021164 0.020813492063492065
2 0.6843716931216931 0.22526785714285713 0.02367063492063492 0.013467261904761904
2 0.04546957671957672 0.30753968253968256 0.034722222222222224 0.02976190476190476