1 0.8683245149911816 0.08187003968253968 0.052927689594356266 0.03163194444444445
1 0.9121560846560847 0.0907093253968254 0.05127425044091711 0.028841765873015873
1 0.9609479717813051 0.1102455357142857 0.04630952380952381 0.028841765873015873
1 0.5806966490299823 0.05914186507936508 0.05438271604938272 0.03263144841269841
1 0.8363007054673721 0.09415178571428572 0.03867283950617283 0.02651289682539683
1 0.5263139329805997 0.060161210317460315 0.04471340388007054 0.03194940476190476
1 0.5873456790123457 0.08395585317460318 0.055590828924162256 0.03194940476190476
1 0.4846208112874779 0.1859250992063492 0.058011463844797176 0.03467013888888889
1 0.426005291005291 0.19884176587301589 0.061635802469135796 0.03059027777777778
1 0.4193606701940035 0.2491468253968254 0.058011463844797176 0.037388392857142856
1 0.7722486772486773 0.3191641865079365 0.06526014109347442 0.03874751984126984
1 0.8743694885361551 0.369469246031746 0.06405202821869489 0.037388392857142856
1 0.7239065255731922 0.4541046626984127 0.06526014109347442 0.039427083333333335
1 0.6513977072310405 0.40753720238095237 0.06526014109347442 0.03467013888888889
1 0.9752821869488536 0.3837450396825397 0.04834215167548501 0.02787202380952381
1 0.9523192239858908 0.4333705357142857 0.05075837742504409 0.03194940476190476
1 0.4495723104056437 0.5237847222222223 0.08459876543209877 0.049625496031746034
1 0.175842151675485 0.5105282738095238 0.07130511463844798 0.04486607142857143
1 0.10030864197530864 0.6311904761904762 0.08943121693121693 0.04690476190476191
1 0.2574162257495591 0.7256845238095239 0.09184744268077602 0.04826636904761905
1 0.41633597883597884 0.7651116071428571 0.07855379188712522 0.04554563492063492
1 0.19940917107583775 0.8198363095238095 0.07492945326278659 0.04350694444444444
1 0.09728835978835979 0.8388690476190477 0.0809700176366843 0.03670882936507936
1 0.10030864197530864 0.9088888888888889 0.06526014109347442 0.03806795634920635
1 0.4550088183421517 0.5679712301587302 0.08580687830687832 0.04826636904761905
1 0.5166446208112875 0.5472371031746032 0.06646825396825397 0.03806795634920635
1 0.34563932980599643 0.5451984126984126 0.07976190476190477 0.04078869047619048
1 0.7045723104056437 0.5390798611111112 0.033840388007054675 0.01631448412698413
1 0.5867416225749559 0.5587921626984127 0.03021164021164021 0.019035218253968252
1 0.255 0.4432266865079365 0.08217813051146385 0.04622519841269841
1 0.025983245149911818 0.32800099206349204 0.051966490299823635 0.037388392857142856
1 0.41097442680776014 0.10306051587301587 0.03030864197530864 0.01601438492063492
1 0.009642857142857144 0.06354166666666666 0.019285714285714288 0.013432539682539681
1 0.008267195767195767 0.07619791666666667 0.0165299823633157 0.01601438492063492
1 0.22500440917107584 0.10951636904761905 0.018368606701940033 0.011364087301587302
1 0.2199514991181658 0.11132440476190476 0.019285714285714288 0.012914186507936508
1 0.38618165784832453 0.18493799603174602 0.04867283950617284 0.026862599206349206
1 0.28699294532627867 0.2045684523809524 0.04132716049382716 0.023762400793650794
1 0.47434303350970014 0.42670386904761903 0.07438712522045855 0.04132688492063492
1 0.47067019400352733 0.3918328373015873 0.05785714285714286 0.030478670634920636
1 0.9754144620811287 0.8596676587301587 0.04916666666666667 0.04468501984126984
1 0.7223412698412698 0.21853670634920636 0.060436507936507934 0.030756448412698412
1 0.6633465608465609 0.2586036706349206 0.060436507936507934 0.036423611111111115
1 0.03473104056437389 0.45075396825396824 0.06946208112874779 0.038117559523809526
1 0.9117680776014109 0.11348710317460317 0.04522927689594356 0.024771825396825396
1 0.9272398589065256 0.1379265873015873 0.04522927689594356 0.02142609126984127
1 0.5235802469135803 0.2913343253968254 0.05740299823633157 0.030820932539682537