1 0.7072619047619048 0.6468105158730159 0.04849647266313933 0.02637400793650794
1 0.608152557319224 0.2883531746031746 0.04568342151675485 0.026999007936507936
1 0.3972398589065256 0.40487847222222223 0.04010141093474427 0.027690972222222224
2 0.07942239858906526 0.34932291666666665 0.04628306878306878 0.027234623015873018
1 0.759294532627866 0.35334077380952383 0.03918430335097002 0.027497519841269843
1 0.6127292768959436 0.46250744047619047 0.04058641975308642 0.03253720238095238
1 0.1975705467372134 0.39886656746031746 0.04138888888888889 0.02771081349206349
1 0.9377072310405643 0.5196502976190476 0.04823192239858907 0.027750496031746032
1 0.7024691358024692 0.707313988095238 0.046635802469135804 0.03162946428571429
1 0.44323192239858905 0.2570560515873016 0.03809964726631393 0.029047619047619048
1 0.3514726631393298 0.42799603174603174 0.035533509700176366 0.022145337301587305
1 0.5069620811287477 0.7832986111111112 0.034082892416225745 0.028157242063492065
1 0.6671164021164021 0.2659449404761905 0.045149911816578486 0.02546875
1 0.6634479717813051 0.439781746031746 0.03850529100529101 0.024727182539682542
1 0.4749118165784832 0.30637896825396826 0.03302028218694886 0.020791170634920635
1 0.17810405643738977 0.2763293650793651 0.035555555555555556 0.031004464285714288
1 0.29444885361552026 0.5511235119047619 0.035392416225749554 0.023306051587301587
1 0.30795855379188714 0.24733134920634922 0.04595238095238095 0.018432539682539682
1 0.9469664902998235 0.7353968253968254 0.06661375661375663 0.03756696428571429
1 0.2063447971781305 0.23437748015873017 0.032601410934744265 0.021470734126984126
1 0.2405379188712522 0.24287450396825397 0.038963844797178133 0.02236359126984127
1 0.28705467372134036 0.3819791666666667 0.03657848324514991 0.01878472222222222
1 0.25882716049382715 0.41060515873015874 0.03419312169312169 0.019680059523809523
1 0.1534700176366843 0.4513095238095238 0.04134920634920635 0.014312996031746033
1 0.11649029982363315 0.44840029761904765 0.032601410934744265 0.016550099206349207
1 0.09025132275132275 0.5284647817460317 0.016697530864197528 0.00939236111111111
1 0.09184303350970018 0.5649181547619048 0.016697530864197528 0.00894593253968254
1 0.039241622574955906 0.2948958333333333 0.010855379188712523 0.006282242063492063
1 0.05769841269841271 0.3248214285714286 0.01054673721340388 0.00540922619047619
1 0.14750440917107585 0.3310168650793651 0.014581128747795415 0.005932539682539683
1 0.026058201058201058 0.3288343253968254 0.008064373897707231 0.006455853174603175
1 0.002791005291005291 0.33625248015873016 0.005582010582010582 0.008375496031746033
1 0.027918871252204585 0.37778025793650793 0.011790123456790123 0.008025793650793651
1 0.049634038800705466 0.40098958333333334 0.011790123456790123 0.005582837301587302
1 0.04063932980599647 0.4047395833333334 0.012407407407407407 0.004712301587301587
1 0.03536596119929453 0.4304786706349206 0.01054673721340388 0.006631944444444444
1 0.0062037037037037035 0.4246329365079365 0.012407407407407407 0.006805555555555556
1 0.05056437389770723 0.42803571428571424 0.00992504409171076 0.006282242063492063
1 0.07724426807760142 0.4289955357142857 0.013029100529100529 0.006805555555555556
1 0.009616402116402117 0.4707862103174603 0.014889770723104058 0.008025793650793651
1 0.019541446208112875 0.49495535714285716 0.014889770723104058 0.007502480158730159
1 0.03024691358024691 0.5514037698412699 0.010855379188712523 0.005932539682539683
1 0.13122134038800706 0.5447718253968253 0.014889770723104058 0.006631944444444444
1 0.1487477954144621 0.5853422619047619 0.03009259259259259 0.015530753968253968
1 0.10221340388007054 0.4856200396825397 0.010238095238095237 0.008025793650793651
1 0.13463403880070549 0.49006944444444445 0.016750440917107586 0.012388392857142858
1 0.1583641975308642 0.5250545634920635 0.022645502645502646 0.01291170634920635
1 0.014113756613756613 0.4866666666666667 0.010855379188712523 0.005932539682539683
1 0.12455026455026456 0.3498611111111111 0.013959435626102292 0.008375496031746033
1 0.21466931216931218 0.24987599206349206 0.009307760141093474 0.005932539682539683
1 0.227852733686067 0.4015997023809524 0.03009259259259259 0.020066964285714285
1 0.26492063492063495 0.6574975198412699 0.02481922398589065 0.01046875
1 0.5383730158730159 0.16585813492063492 0.029470899470899474 0.017274305555555557
1 0.4262345679012346 0.20127976190476188 0.03536596119929453 0.022859623015873017
1 0.28198412698412695 0.24769593253968256 0.017993827160493827 0.017624007936507938
1 0.47648589065255736 0.2389707341269841 0.026058201058201058 0.015530753968253968
1 0.4887389770723104 0.22710565476190478 0.03691358024691358 0.013435019841269841
1 0.7356701940035273 0.2780580357142857 0.03567460317460317 0.02216021825396825
1 0.7006172839506173 0.26619295634920637 0.03443562610229277 0.019020337301587302
1 0.9217989417989417 0.25101190476190477 0.03319223985890653 0.01832093253968254
1 0.9363800705467372 0.3302306547619048 0.03443562610229277 0.017624007936507938
1 0.8839506172839506 0.35614335317460316 0.023884479717813052 0.01570436507936508
1 0.8316798941798942 0.359109623015873 0.02854056437389771 0.016750992063492065
1 0.8011243386243386 0.35195684523809523 0.02326719576719577 0.01326140873015873
1 0.942116402116402 0.4446130952380953 0.03350088183421517 0.017797619047619048
1 0.8903130511463845 0.5031547619047619 0.05397707231040565 0.03158234126984127
1 0.718452380952381 0.517202380952381 0.037226631393298064 0.02407986111111111
1 0.7041843033509699 0.6711061507936508 0.04280864197530864 0.020240575396825396
1 0.7473015873015874 0.7934275793650793 0.04032627865961199 0.01814732142857143
1 0.709457671957672 0.7885416666666667 0.035983245149911816 0.02407986111111111
1 0.7415652557319223 0.8558110119047619 0.03691358024691358 0.015181051587301587
1 0.6612169312169313 0.7894146825396826 0.03629629629629629 0.02128720238095238
1 0.8017460317460317 0.7320064484126984 0.045599647266313936 0.020590277777777777
1 0.7504056437389771 0.665 0.04343033509700176 0.025126488095238094
1 0.8651851851851852 0.632281746031746 0.031022927689594356 0.01797371031746032
1 0.9222619047619048 0.6231200396825397 0.027918871252204585 0.01814732142857143
1 0.6627689594356262 0.6362946428571429 0.028849206349206354 0.02390625
1 0.5079717813051146 0.838187003968254 0.03319223985890653 0.020763888888888887
1 0.4937037037037037 0.6622073412698413 0.03815696649029983 0.022683531746031743
1 0.5419400352733685 0.6150074404761905 0.04032627865961199 0.025999503968253967
1 0.47307319223985894 0.8184672619047619 0.03226190476190476 0.019020337301587302
1 0.3589153439153439 0.7088839285714286 0.025436507936507934 0.013784722222222223
1 0.3040079365079365 0.7156026785714286 0.034744268077601406 0.017100694444444446
1 0.22133597883597883 0.588484623015873 0.03195326278659612 0.014831349206349206
1 0.2439814814814815 0.4709623015873016 0.031331569664903 0.013960813492063491
1 0.3896296296296296 0.45804811507936505 0.031022927689594356 0.017797619047619048
1 0.24910052910052913 0.35718998015873016 0.02667989417989418 0.016054067460317463
1 0.36753086419753084 0.5384895833333333 0.029801587301587305 0.018159722222222223
1 0.5354012345679012 0.5572073412698413 0.031785714285714285 0.017599206349206347
1 0.5822310405643739 0.26062748015873016 0.037464726631393296 0.020644841269841268
1 0.27240740740740743 0.4000372023809524 0.028730158730158727 0.015572916666666667