1 0.8455996472663139 0.019402281746031747 0.09268077601410935 0.038804563492063494
1 0.7611111111111112 0.7011656746031746 0.08551587301587302 0.04218253968253968
1 0.3710449735449735 0.34987103174603174 0.07844356261022928 0.051349206349206346
1 0.8404409171075837 0.4538169642857143 0.0651984126984127 0.04276041666666667
1 0.6671031746031746 0.3394766865079365 0.0795326278659612 0.045751488095238095
2 0.5131613756613757 0.42275793650793647 0.06308201058201057 0.03771577380952381
2 0.7064770723104056 0.4085391865079365 0.09431216931216932 0.0506125992063492
1 0.8130379188712522 0.7344270833333334 0.08414021164021164 0.04580853174603174
1 0.5866402116402116 0.6882837301587301 0.0825 0.04378472222222222
1 0.16973544973544974 0.12614583333333335 0.04958553791887125 0.02732142857142857
1 0.30960758377425046 0.1943204365079365 0.039889770723104054 0.02091269841269841
1 0.205515873015873 0.22372271825396825 0.04328042328042328 0.02329861111111111
1 0.5184391534391534 0.30291666666666667 0.047081128747795416 0.02872767857142857
1 0.5937742504409171 0.41189732142857144 0.07406084656084656 0.04275297619047619
2 0.49088624338624337 0.39794146825396826 0.0645899470899471 0.03591517857142857
2 0.45919753086419757 0.3838516865079365 0.056807760141093476 0.030850694444444444
1 0.7973633156966491 0.5565476190476191 0.08838624338624339 0.04993799603174603
1 0.32384479717813053 0.5427157738095238 0.03865961199294533 0.02023313492063492
1 0.3072971781305115 0.633968253968254 0.03912698412698413 0.0205530753968254
1 0.2525396825396825 0.6666245039682539 0.038686067019400354 0.018566468253968255
1 0.2763447971781305 0.6581448412698412 0.035771604938271605 0.01588293650793651
1 0.2577777777777778 0.6893625992063492 0.03223985890652557 0.019174107142857142
1 0.17419753086419754 0.7052256944444444 0.03824074074074074 0.02371031746031746
1 0.06634479717813051 0.717859623015873 0.04003968253968254 0.02110615079365079
1 0.12575837742504412 0.7755183531746032 0.03400352733686067 0.020617559523809524
1 0.044920634920634916 0.673484623015873 0.036754850088183424 0.020731646825396827
1 0.10500881834215167 0.5983333333333334 0.06059964726631393 0.03085813492063492
1 0.13105379188712524 0.5000818452380952 0.04718253968253969 0.028097718253968257
1 0.8474691358024691 0.1998015873015873 0.08392416225749559 0.055672123015873015
1 0.6846296296296296 0.20556051587301588 0.08987654320987655 0.06379216269841269
1 0.09906966490299823 0.5169692460317461 0.04837301587301587 0.022447916666666668