2 0.10152281746031745 0.7564021164021164 0.027485119047619046 0.02785383597883598
2 0.17523809523809522 0.5820271164021164 0.022624007936507935 0.020836640211640212
2 0.8418055555555555 0.3555390211640212 0.039501488095238096 0.04467923280423281
2 0.8495014880952381 0.5605952380952381 0.02378968253968254 0.03236441798941799
2 0.5137053571428571 0.9411243386243386 0.030515873015873017 0.04056547619047619
2 0.13394345238095237 0.6263525132275132 0.019074900793650793 0.024695767195767198
2 0.15012152777777776 0.7769444444444444 0.023117559523809523 0.022625661375661375
2 0.8776215277777778 0.6204662698412698 0.03138392857142857 0.035525793650793655
2 0.9683655753968253 0.7053802910052911 0.03113343253968254 0.03666666666666667
2 0.43527777777777776 0.037040343915343915 0.0333531746031746 0.0482175925925926
2 0.038253968253968255 0.07845238095238095 0.015133928571428572 0.014636243386243386
2 0.5651165674603175 0.03141534391534392 0.031994047619047616 0.042496693121693116
2 0.11441716269841269 0.5153902116402116 0.013164682539682539 0.01199404761904762
2 0.4792881944444444 0.11568783068783067 0.0302281746031746 0.04412367724867725
2 0.8861284722222222 0.21392526455026453 0.0338640873015873 0.04943452380952381
2 0.10648313492063491 0.4472387566137566 0.015912698412698413 0.01531415343915344
2 0.09126488095238096 0.622037037037037 0.018990575396825395 0.019143518518518518
2 0.8136185515873017 0.3715806878306879 0.034647817460317455 0.041531084656084655
2 0.465999503968254 0.278234126984127 0.025260416666666664 0.03269179894179894
2 0.15421378968253968 0.48921626984126987 0.01640625 0.01554563492063492
2 0.09441220238095238 0.01677910052910053 0.018993055555555555 0.01960978835978836
2 0.5942063492063493 0.5356911375661376 0.02257688492063492 0.026435185185185183
2 0.08004960317460318 0.1060978835978836 0.014702380952380953 0.013948412698412698
2 0.13097718253968255 0.006137566137566137 0.013821924603174602 0.012261904761904762
2 0.06784722222222223 0.04024801587301587 0.009151785714285715 0.01191468253968254
2 0.6518030753968255 0.19476190476190477 0.02968998015873016 0.03886243386243386
2 0.006688988095238095 0.7123710317460318 0.01337797619047619 0.022523148148148146
2 0.10751240079365079 0.11718915343915344 0.012626488095238095 0.012516534391534393
2 0.8888963293650795 0.09237433862433862 0.022547123015873013 0.027440476190476192
2 0.6180977182539683 0.856712962962963 0.029114583333333333 0.024890873015873016
2 0.08536458333333333 0.38203373015873016 0.013940972222222223 0.01283399470899471
2 0.14922867063492065 0.3484126984126984 0.013898809523809523 0.012612433862433863
2 0.14891369047619046 0.1928670634920635 0.010337301587301588 0.012741402116402116
2 0.2607564484126984 0.27487433862433863 0.009454365079365078 0.011236772486772486
2 0.19605406746031745 0.0069708994708994705 0.015074404761904763 0.01280753968253968
2 0.41703869047619047 0.31850859788359787 0.015111607142857144 0.018878968253968256
2 0.21459325396825396 0.07687830687830688 0.012606646825396825 0.012261904761904762
2 0.9951835317460317 0.6586574074074074 0.009632936507936509 0.01839616402116402
2 0.8621031746031746 0.5543783068783069 0.024833829365079364 0.030426587301587302
2 0.8996875 0.6297718253968254 0.025503472222222223 0.02460978835978836
2 0.9674751984126985 0.6022519841269841 0.019464285714285715 0.024163359788359786
2 0.5595486111111111 0.05770171957671958 0.031887400793650794 0.03644179894179894
2 0.20167906746031744 0.17069775132275133 0.021922123015873016 0.030396825396825398
2 0.2819122023809524 0.20050925925925928 0.012276785714285714 0.012860449735449735
2 0.42418402777777775 0.28790343915343913 0.010084325396825395 0.01695436507936508
2 0.12780257936507936 0.11603835978835977 0.011837797619047618 0.012275132275132274
2 0.12363839285714286 0.16865079365079366 0.009645337301587302 0.013445767195767195
2 0.12013144841269842 0.17829695767195766 0.011398809523809525 0.010522486772486772
2 0.11508928571428571 0.18911044973544974 0.009206349206349206 0.012275132275132274
2 0.09842757936507937 0.2028472222222222 0.009206349206349206 0.011693121693121693
2 0.11070436507936508 0.09791666666666668 0.008330853174603175 0.0075992063492063494