2 0.3793617724867725 0.16326636904761904 0.02079695767195767 0.01861607142857143
2 0.175760582010582 0.3265327380952381 0.026835317460317462 0.018112599206349205
2 0.08821759259259258 0.3564707341269841 0.01811177248677249 0.012579365079365079
2 0.11437830687830687 0.3526959325396825 0.014087301587301588 0.011068948412698414
2 0.016435185185185185 0.37986607142857143 0.016772486772486772 0.010062003968253968
2 0.022136243386243384 0.38741319444444444 0.014758597883597884 0.010062003968253968
2 0.06775462962962962 0.3733234126984127 0.012076719576719578 0.008050595238095239
2 0.07580687830687831 0.38590277777777776 0.013416005291005291 0.007043650793650793
2 0.1066633597883598 0.38640625 0.026835317460317462 0.01911954365079365
2 0.2066203703703704 0.35043154761904766 0.018783068783068783 0.01660218253968254
2 0.4075363756613757 0.21785714285714286 0.02482142857142857 0.020126488095238097
2 0.33810515873015873 0.24854662698412697 0.01744047619047619 0.014087301587301586
2 0.3904298941798942 0.3134523809523809 0.030859788359788358 0.022137896825396828
2 0.27336970899470897 0.3579786706349206 0.02482142857142857 0.020627480158730158
2 0.23881944444444447 0.3811235119047619 0.029517195767195768 0.020627480158730158
2 0.19018518518518518 0.3992361111111111 0.028845899470899473 0.01660218253968254
2 0.13047949735449735 0.4349578373015873 0.022136243386243384 0.019623015873015875
2 0.030188492063492067 0.494327876984127 0.022807539682539683 0.01861607142857143
2 0.42229497354497353 0.3534499007936508 0.02750330687830688 0.019623015873015875
2 0.5098412698412699 0.2754662698412699 0.026835317460317462 0.01861607142857143
2 0.5437202380952381 0.27521329365079367 0.022136243386243384 0.017105654761904763
2 0.5537830687830688 0.29886160714285714 0.022136243386243384 0.017105654761904763
2 0.5930257936507937 0.37483382936507936 0.022807539682539683 0.017105654761904763
2 0.6440112433862434 0.3411235119047619 0.020125661375661377 0.015094246031746032
2 0.7097519841269841 0.34540178571428576 0.020125661375661377 0.015597718253968254
2 0.6889550264550265 0.37206597222222226 0.02146825396825397 0.01861607142857143
2 0.6430026455026455 0.3703050595238095 0.022136243386243384 0.016101190476190477
2 0.5960449735449735 0.429171626984127 0.026164021164021164 0.018112599206349205
2 0.5980588624338624 0.446780753968254 0.023478835978835978 0.015094246031746032
2 0.23077050264550264 0.4027579365079365 0.029517195767195768 0.019623015873015875
2 0.22607473544973544 0.4324429563492063 0.028174603174603175 0.020627480158730158
2 0.21232142857142855 0.44476934523809525 0.026164021164021164 0.01911954365079365
2 0.2680026455026455 0.43948660714285714 0.02482142857142857 0.020627480158730158
2 0.2981911375661376 0.42766369047619046 0.035555555555555556 0.024149305555555556
2 0.33005621693121695 0.4279141865079365 0.026835317460317462 0.020627480158730158
2 0.05534391534391535 0.4970957341269841 0.02079695767195767 0.016101190476190477
2 0.06809193121693122 0.5013715277777778 0.02482142857142857 0.01861607142857143
2 0.09760912698412699 0.4837624007936508 0.023478835978835978 0.014590773809523809
2 0.11370701058201059 0.4970957341269841 0.02079695767195767 0.014087301587301586
2 0.11572089947089947 0.5388541666666666 0.026164021164021164 0.016101190476190477
2 0.17441798941798944 0.5353323412698413 0.026835317460317462 0.022137896825396828
2 0.1952149470899471 0.534327876984127 0.024150132275132276 0.01911954365079365
2 0.21936507936507937 0.5413715277777778 0.018783068783068783 0.014087301587301586
2 0.16267857142857142 0.5368427579365079 0.014087301587301588 0.015094246031746032
2 0.07848875661375661 0.5725644841269841 0.024150132275132276 0.016101190476190477
2 0.04092261904761905 0.6002380952380952 0.024150132275132276 0.018112599206349205
2 0.008386243386243386 0.6163368055555556 0.016772486772486772 0.021130952380952382
2 0.14825727513227513 0.6208655753968254 0.032199074074074074 0.023144841269841267
2 0.087880291005291 0.6716815476190475 0.030859788359788358 0.018112599206349205
2 0.07077380952380953 0.680486111111111 0.03153108465608465 0.02264136904761905
2 0.14020502645502647 0.7355803571428572 0.024150132275132276 0.020126488095238097
2 0.19454365079365077 0.7368377976190476 0.026835317460317462 0.020627480158730158
2 0.3129497354497355 0.6329414682539682 0.028845899470899473 0.017105654761904763
2 0.32871362433862433 0.6032564484126984 0.029517195767195768 0.022137896825396828
2 0.3042261904761905 0.6736954365079365 0.02750330687830688 0.018112599206349205
2 0.29215277777777776 0.6988516865079365 0.030188492063492067 0.022137896825396828
2 0.3843948412698413 0.6331919642857143 0.029517195767195768 0.020627480158730158
2 0.4343716931216931 0.697594246031746 0.028845899470899473 0.019623015873015875
2 0.4521494708994709 0.7043849206349206 0.02549272486772487 0.018112599206349205
2 0.20192460317460317 0.7916790674603175 0.026835317460317462 0.020627480158730158
2 0.249890873015873 0.7675297619047619 0.035555555555555556 0.02264136904761905
2 0.252906746031746 0.8067733134920635 0.028174603174603175 0.021634424603174603
2 0.2532440476190476 0.8276537698412698 0.030188492063492067 0.020126488095238097
2 0.29651455026455026 0.7733159722222223 0.026835317460317462 0.021130952380952382
2 0.30121031746031746 0.8009871031746032 0.030859788359788358 0.021130952380952382
2 0.31965608465608464 0.8208606150793651 0.028845899470899473 0.02264136904761905
2 0.3686276455026455 0.8128100198412699 0.028845899470899473 0.02364831349206349
2 0.48501984126984127 0.787906746031746 0.030859788359788358 0.023144841269841267
2 0.3803670634920635 0.7728125 0.028174603174603175 0.022137896825396828
2 0.3957969576719577 0.750171130952381 0.028174603174603175 0.022137896825396828
2 0.4269907407407407 0.7572147817460317 0.03421296296296296 0.022137896825396828
2 0.5383531746031746 0.66765625 0.023478835978835978 0.017105654761904763
2 0.5923544973544973 0.7811135912698413 0.030859788359788358 0.02465277777777778
2 0.6118088624338625 0.7969618055555555 0.03354166666666667 0.026163194444444444
2 0.6564219576719577 0.7494171626984127 0.026164021164021164 0.02465277777777778
2 0.6584325396825397 0.7111780753968253 0.03153108465608465 0.026666666666666665
2 0.6986838624338625 0.6905505952380953 0.023478835978835978 0.017609126984126984
2 0.7151190476190477 0.7524355158730159 0.032199074074074074 0.02767113095238095
2 0.7630853174603175 0.7192286706349206 0.019454365079365078 0.019623015873015875
2 0.7634193121693121 0.685014880952381 0.02549272486772487 0.01861607142857143
2 0.8066898148148147 0.70765625 0.014087301587301588 0.012579365079365079
2 0.8224537037037036 0.7016195436507936 0.02549272486772487 0.01660218253968254
2 0.5561309523809523 0.6412425595238095 0.030859788359788358 0.021634424603174603
2 0.5816203703703704 0.6357093253968253 0.024150132275132276 0.01861607142857143
2 0.7124371693121693 0.6279092261904762 0.024150132275132276 0.018112599206349205
2 0.7489980158730158 0.6558333333333334 0.030188492063492067 0.021634424603174603
2 0.3189847883597884 0.5260243055555555 0.026164021164021164 0.021634424603174603
2 0.33340939153439153 0.5202405753968254 0.022807539682539683 0.01911954365079365
2 0.31596891534391536 0.47722222222222227 0.03354166666666667 0.020627480158730158
2 0.3904298941798942 0.46464285714285714 0.026835317460317462 0.01861607142857143
2 0.41525132275132276 0.531810515873016 0.024150132275132276 0.01911954365079365
2 0.39848214285714284 0.5526909722222222 0.02146825396825397 0.014590773809523809
2 0.4739517195767196 0.5554588293650794 0.02482142857142857 0.017105654761904763
2 0.6024173280423281 0.49307043650793647 0.020125661375661377 0.017105654761904763
2 0.6020833333333333 0.5217485119047619 0.023478835978835978 0.017105654761904763
2 0.6527314814814814 0.5164657738095237 0.022807539682539683 0.01861607142857143
2 0.6497123015873016 0.4928174603174603 0.026164021164021164 0.017609126984126984
2 0.7751587301587302 0.34514880952380955 0.010062830687830688 0.009057539682539683
2 0.7808630952380952 0.3594890873015873 0.009391534391534392 0.008554067460317461
2 0.8422453703703703 0.31269593253968253 0.02482142857142857 0.017609126984126984
2 0.8878604497354496 0.3272867063492063 0.01811177248677249 0.014590773809523809
2 0.8409027777777778 0.3647718253968254 0.02079695767195767 0.015094246031746032
2 0.9670205026455027 0.33307291666666666 0.016772486772486772 0.014087301587301586
2 0.9556183862433862 0.34464533730158725 0.016772486772486772 0.011068948412698414
2 0.8979232804232805 0.3743303571428571 0.022136243386243384 0.016101190476190477
2 0.9224107142857142 0.39697172619047616 0.024150132275132276 0.013080357142857144
2 0.9180489417989417 0.419360119047619 0.014087301587301588 0.014590773809523809
2 0.9086574074074075 0.4563417658730159 0.02482142857142857 0.022137896825396828
2 0.9525992063492063 0.41206597222222224 0.01744047619047619 0.012075892857142856
2 0.9281117724867726 0.5056473214285714 0.02482142857142857 0.018112599206349205
2 0.9358267195767196 0.5182266865079365 0.018783068783068783 0.015094246031746032
2 0.900271164021164 0.542125496031746 0.029517195767195768 0.019623015873015875
2 0.8704199735449736 0.5131944444444444 0.023478835978835978 0.020126488095238097
2 0.8227910052910052 0.5297991071428572 0.030188492063492067 0.020126488095238097
2 0.8147387566137566 0.5936979166666666 0.02482142857142857 0.01911954365079365
2 0.6889550264550265 0.5811185515873016 0.028174603174603175 0.020126488095238097
2 0.706061507936508 0.5813690476190476 0.02482142857142857 0.01861607142857143
2 0.6523941798941799 0.6357093253968253 0.026164021164021164 0.019623015873015875
2 0.8382208994708995 0.6495436507936508 0.026164021164021164 0.01911954365079365
2 0.8613624338624339 0.6306770833333333 0.022807539682539683 0.017609126984126984
2 0.945218253968254 0.6696701388888889 0.024150132275132276 0.018112599206349205
2 0.9690343915343915 0.6256448412698412 0.023478835978835978 0.019623015873015875
2 0.9757407407407407 0.501624503968254 0.019454365079365078 0.018112599206349205