1 0.7462962962962962 0.45390128968253973 0.11353615520282187 0.06340525793650793
1 0.14003968253968255 0.7128397817460318 0.06138007054673722 0.03316220238095238
1 0.3215564373897707 0.1816220238095238 0.06615079365079365 0.04296378968253968
1 0.21941358024691357 0.7305828373015874 0.05579805996472663 0.030302579365079366
1 0.20572310405643737 0.38940724206349203 0.058540564373897715 0.035902777777777777
1 0.3670855379188712 0.21719494047619048 0.06389329805996473 0.04005952380952381
2 0.2736375661375661 0.02601686507936508 0.08212081128747796 0.04060763888888889
2 0.25481481481481477 0.7590997023809524 0.04653880070546737 0.02988343253968254
1 0.4247222222222222 0.21277777777777776 0.04981922398589065 0.03714781746031746
1 0.5937698412698413 0.7492609126984127 0.05078483245149912 0.039414682539682534
1 0.36201940035273367 0.24319444444444444 0.0653395061728395 0.03401537698412699
1 0.6294179894179894 0.6429117063492062 0.07681216931216932 0.04646329365079365
2 0.24486772486772487 0.0707390873015873 0.08009259259259259 0.040907738095238094
2 0.03207671957671958 0.04089285714285714 0.03993386243386243 0.023978174603174605
1 0.019836860670194006 0.2822247023809524 0.03812610229276896 0.028447420634920634
1 0.5563712522045855 0.5401537698412698 0.07771164021164022 0.03998511904761905
1 0.6595458553791886 0.6828993055555556 0.070326278659612 0.04416914682539683
1 0.1729805996472663 0.7584226190476191 0.04572751322751323 0.02626736111111111
1 0.2164021164021164 0.6895337301587301 0.04344797178130512 0.02679315476190476
1 0.23564814814814816 0.6758258928571428 0.03848324514991182 0.024518849206349207
1 0.2279232804232804 0.7472941468253969 0.04525132275132275 0.021302083333333333
1 0.19731040564373897 0.7338913690476191 0.041296296296296296 0.022785218253968256
1 0.4320546737213404 0.18722470238095237 0.053209876543209876 0.02762152777777778
1 0.046529982363315694 0.563764880952381 0.01788800705467372 0.010200892857142858
1 0.06053791887125221 0.576688988095238 0.024100529100529098 0.01404513888888889
1 0.16448412698412698 0.4276388888888889 0.04195326278659612 0.021674107142857144
1 0.21039241622574956 0.4250917658730159 0.03672398589065256 0.02001736111111111