2 0.14827132936507936 0.1526058201058201 0.06702132936507937 0.09303350970017636
2 0.08469494047619047 0.18606701940035272 0.061054067460317454 0.07671075837742504
2 0.10764632936507935 0.2464594356261023 0.04911706349206349 0.05875661375661375
2 0.3869766865079365 0.18647707231040564 0.04223214285714286 0.08079365079365079
2 0.3594345238095238 0.3117460317460317 0.01836309523809524 0.04896384479717813
2 0.4131423611111111 0.30521604938271607 0.03121527777777778 0.05875661375661375
2 0.5095436507936508 0.2517636684303351 0.028459821428571428 0.049779541446208116
2 0.5919419642857143 0.4345634920634921 0.021574900793650792 0.05467813051146385
2 0.46616319444444443 0.5961507936507936 0.028000992063492065 0.04325396825396825
2 0.49072172619047616 0.5373941798941799 0.02478918650793651 0.03998677248677249
2 0.6181076388888889 0.8442416225749559 0.018821924603174604 0.03346119929453263
2 0.5988293650793651 0.9841975308641975 0.016066468253968253 0.029378306878306875
2 0.7098239087301588 0.6316931216931218 0.019935515873015872 0.03322751322751323
2 0.575250496031746 0.6220943562610229 0.006644345238095238 0.009598765432098765
2 0.727532242063492 0.35009259259259257 0.019888392857142858 0.021503527336860673
2 0.6436780753968254 0.7052865961199294 0.008405257936507936 0.016768077601410934
0 0.5228844246031746 0.4493562610229277 0.03017361111111111 0.046296296296296294
0 0.5412772817460317 0.45174162257495587 0.011160714285714286 0.02167989417989418
0 0.5128993055555556 0.3216931216931217 0.020481150793650794 0.029828042328042332
0 0.5180183531746032 0.3546164021164021 0.01546875 0.032923280423280424
0 0.5334871031746031 0.31685185185185183 0.01416170634920635 0.019369488536155204
0 0.5335962301587301 0.33331569664903 0.016123511904761904 0.01588183421516755
0 0.5086483134920635 0.33931657848324515 0.010677083333333332 0.014717813051146385
0 0.5307638888888889 0.36972222222222223 0.017867063492063493 0.022076719576719576
0 0.5154042658730159 0.39141534391534394 0.007626488095238095 0.01898148148148148
0 0.47574900793650793 0.4255026455026455 0.015034722222222222 0.029052028218694886
0 0.4797792658730159 0.4516490299823633 0.005228174603174603 0.007746913580246914
0 0.41659474206349206 0.42162698412698413 0.013509424603174603 0.01820546737213404
0 0.4159399801587301 0.4386728395061728 0.00566468253968254 0.007358906525573193
0 0.40864087301587304 0.46733686067019403 0.008497023809523808 0.01820546737213404
0 0.4021031746031746 0.48341269841269846 0.008933531746031747 0.017817460317460315
0 0.39632936507936506 0.5027777777777778 0.016123511904761904 0.016269841269841268
0 0.3915376984126984 0.5182716049382716 0.017430555555555557 0.016269841269841268
0 0.5193253968253968 0.5463536155202823 0.01546875 0.032923280423280424
0 0.5090848214285715 0.5562345679012346 0.005446428571428572 0.010846560846560847
0 0.49448660714285714 0.5643650793650794 0.012854662698412699 0.013170194003527338
0 0.5035292658730158 0.5763756613756614 0.010022321428571427 0.02788800705467372
0 0.4938343253968254 0.5835405643738977 0.018955853174603177 0.02285273368606702
0 0.5441641865079365 0.5666931216931217 0.008933531746031747 0.02788800705467372
0 0.5522271825396825 0.5934171075837742 0.024620535714285713 0.02014109347442681
0 0.5402430555555556 0.6042636684303351 0.012418154761904762 0.023240740740740742
0 0.5377380952380952 0.6249867724867725 0.005228174603174603 0.011234567901234569
0 0.5116989087301588 0.6499691358024692 0.004139384920634921 0.007746913580246914
0 0.4060267857142857 0.5308597883597883 0.008060515873015874 0.019753086419753086
0 0.3988368055555555 0.5345414462081128 0.008497023809523808 0.01859347442680776
0 0.40003472222222225 0.5190476190476191 0.010458829365079365 0.017817460317460315
0 0.4211681547619048 0.5275705467372134 0.0065376984126984125 0.013946208112874779
0 0.44851438492063495 0.5070414462081129 0.009370039682539683 0.013170194003527338
0 0.46790426587301587 0.4518430335097002 0.004139384920634921 0.007358906525573193
0 0.40428323412698414 0.6832848324514992 0.007189980158730159 0.019369488536155204
0 0.40667906746031746 0.6641093474426808 0.004139384920634921 0.008134920634920634
0 0.3804241071428571 0.6577160493827161 0.009151785714285715 0.014717813051146385
0 0.37878968253968254 0.6850264550264551 0.005012400793650794 0.013558201058201057
0 0.39023065476190477 0.6896737213403881 0.005228174603174603 0.007358906525573193
0 0.5181274801587302 0.7998765432098764 0.0065376984126984125 0.019369488536155204
0 0.5438368055555556 0.8204056437389771 0.011765873015873016 0.04028218694885362
0 0.5136607142857142 0.8188536155202822 0.012418154761904762 0.019369488536155204
0 0.5294568452380952 0.8490696649029983 0.010458829365079365 0.02788800705467372
0 0.5318551587301588 0.8831569664902998 0.010895337301587302 0.02091710758377425
0 0.5191071428571429 0.8763756613756614 0.011984126984126984 0.015105820105820105
0 0.5914459325396826 0.8415167548500881 0.013291170634920637 0.032923280423280424
0 0.5992881944444445 0.8709523809523809 0.009370039682539683 0.029052028218694886
0 0.5882862103174603 0.8701807760141094 0.013072916666666667 0.025952380952380952
0 0.5781547619047619 0.8473236331569665 0.008497023809523808 0.01820546737213404
0 0.5802232142857143 0.7392548500881835 0.007844742063492064 0.01588183421516755
0 0.5636656746031745 0.7125264550264551 0.011765873015873016 0.01820546737213404
0 0.553859126984127 0.7140784832451499 0.003921130952380953 0.005035273368606702
0 0.41986111111111113 0.8484876543209876 0.01263640873015873 0.013558201058201057
0 0.4236755952380952 0.838805114638448 0.012418154761904762 0.009682539682539683
0 0.43064732142857143 0.8477116402116401 0.005882936507936508 0.012006172839506174
0 0.48980158730158735 0.8227292768959436 0.008278769841269842 0.017041446208112872
0 0.48359375 0.8405467372134038 0.007189980158730159 0.021693121693121695
0 0.46234871031746033 0.8107231040564374 0.0069717261904761905 0.014717813051146385
0 0.46812251984126985 0.8300881834215168 0.011984126984126984 0.02014109347442681
0 0.5199801587301587 0.9546208112874779 0.006753472222222222 0.014329805996472662
0 0.5354489087301587 0.9912257495590828 0.010240575396825397 0.014717813051146385
0 0.5206324404761905 0.9790255731922398 0.011547619047619048 0.02517636684303351
0 0.21888888888888888 0.03819664902998236 0.022549603174603174 0.03252204585537919
0 0.1961284722222222 0.03252204585537919 0.016165674603174605 0.04084215167548501
0 0.20484871031746033 0.015507054673721342 0.011488095238095238 0.031009700176366842
0 0.5437549603174603 0.40749559082892417 0.0209796626984127 0.03667989417989418
0 0.5456770833333333 0.43236331569664904 0.013638392857142858 0.03294973544973545
0 0.5612375992063492 0.336005291005291 0.0069940476190476185 0.014298941798941799
0 0.36487847222222225 0.7587874779541447 0.012490079365079365 0.017671957671957672
0 0.3778794642857143 0.7590167548500882 0.011979166666666666 0.02447089947089947
0 0.3731646825396825 0.7157407407407407 0.008665674603174602 0.023108465608465606
0 0.37584077380952385 0.6985185185185185 0.006371527777777778 0.008611111111111111
0 0.34142857142857147 0.8883862433862434 0.010451388888888889 0.02854938271604938
0 0.2972048611111111 0.9457098765432098 0.011726190476190477 0.013593474426807759
0 0.30439980158730157 0.5609347442680777 0.013439980158730158 0.024285714285714285
0 0.3158581349206349 0.5687698412698413 0.013439980158730158 0.015670194003527337
0 0.33150049603174603 0.5460493827160494 0.00550843253968254 0.014100529100529101
0 0.3283060515873016 0.5570194003527337 0.00705109126984127 0.014885361552028218
0 0.3124404761904762 0.5305776014109347 0.01013640873015873 0.012927689594356261
0 0.3219171626984127 0.5123633156966491 0.00793154761904762 0.009400352733686067