2 0.1267906746031746 0.04414021164021164 0.02582093253968254 0.030013227513227516
2 0.17379712301587302 0.011917989417989418 0.031118551587301587 0.023835978835978835
2 0.16088789682539684 0.1853835978835979 0.029131944444444443 0.028250661375661377
2 0.06720238095238094 0.23437830687830688 0.01920138888888889 0.03442791005291005
2 0.027145337301587302 0.2361441798941799 0.010592757936507937 0.01324074074074074
2 0.049657738095238095 0.24320767195767196 0.009268353174603174 0.01324074074074074
2 0.07349206349206348 0.2988227513227513 0.009268353174603174 0.011474867724867726
2 0.04436011904761905 0.30544312169312166 0.010592757936507937 0.010591931216931217
2 0.062237103174603174 0.32442460317460314 0.006622023809523809 0.007946428571428571
2 0.14069444444444443 0.4365376984126984 0.015228174603174603 0.02207010582010582
2 0.14863839285714284 0.34251984126984125 0.011254960317460318 0.014123677248677248
2 0.13109375 0.31162367724867723 0.015890376984126982 0.014123677248677248
2 0.15559027777777779 0.36370701058201055 0.015890376984126982 0.024718915343915345
2 0.1774404761904762 0.30323743386243385 0.022509920634920636 0.029130291005291006
2 0.26119295634920636 0.18494378306878306 0.028469742063492065 0.03442791005291005
2 0.30820188492063494 0.06753306878306878 0.023172123015873018 0.02736772486772487
2 0.2506001984126984 0.32044973544973543 0.023172123015873018 0.022953042328042326
2 0.22941468253968253 0.39460317460317457 0.02582093253968254 0.031779100529100525
2 0.3108506944444444 0.4109358465608466 0.020525793650793652 0.02560185185185185
2 0.12877728174603176 0.5932308201058202 0.017876984126984127 0.02118716931216931
2 0.24033730158730157 0.6038260582010582 0.018539186507936508 0.02648478835978836
2 0.2635119047619048 0.5967625661375661 0.027807539682539684 0.035310846560846564
2 0.5369543650793651 0.6806283068783068 0.015890376984126982 0.022953042328042326
2 0.30125 0.5446792328042328 0.017214781746031745 0.017655423280423282
2 0.2856919642857143 0.557037037037037 0.024496527777777777 0.02118716931216931
2 0.5197395833333334 0.39946097883597886 0.018539186507936508 0.018538359788359788
2 0.5293402777777778 0.3676785714285714 0.012579365079365079 0.018538359788359788
2 0.5382787698412699 0.38003968253968257 0.015890376984126982 0.009708994708994709
2 0.5442361111111111 0.31647817460317457 0.011917162698412698 0.02560185185185185
2 0.5114632936507936 0.2988227513227513 0.017876984126984127 0.023835978835978835
2 0.46379216269841267 0.30853174603174605 0.027145337301587302 0.03266203703703704
2 0.4383035714285714 0.3169212962962963 0.023834325396825395 0.033544973544973544
2 0.40420386904761907 0.3275132275132275 0.031118551587301587 0.033544973544973544
2 0.3836805555555556 0.3743022486772487 0.031118551587301587 0.031779100529100525
2 0.39725198412698415 0.2842559523809524 0.025158730158730158 0.03884259259259259
2 0.37375 0.277635582010582 0.028469742063492065 0.03266203703703704
2 0.3379960317460317 0.22290343915343913 0.024496527777777777 0.03266203703703704
2 0.41546130952380955 0.17479166666666668 0.036413690476190474 0.04767195767195767
2 0.3903000992063492 0.007503306878306879 0.03509176587301587 0.015006613756613758
2 0.4174479166666667 0.03928240740740741 0.02582093253968254 0.03266203703703704
2 0.4386334325396825 0.037076719576719576 0.01920138888888889 0.028250661375661377
2 0.40155753968253965 0.031339285714285715 0.020525793650793652 0.030896164021164022
2 0.4760416666666667 0.01986111111111111 0.023834325396825395 0.03619378306878307
2 0.531326884920635 0.07989087301587301 0.031118551587301587 0.03619378306878307
2 0.5892584325396825 0.03840277777777778 0.027807539682539684 0.03795965608465609
2 0.6405704365079365 0.007063492063492063 0.027145337301587302 0.014123677248677248
2 0.6475223214285715 0.041048280423280424 0.021187996031746033 0.02207010582010582
2 0.6548065476190476 0.06621031746031746 0.015890376984126982 0.024718915343915345
2 0.5184151785714286 0.1774404761904762 0.029131944444444443 0.037076719576719576
2 0.7574280753968253 0.02427579365079365 0.027807539682539684 0.03795965608465609
2 0.8233060515873016 0.13330026455026456 0.021847718253968255 0.031779100529100525
2 0.7465054563492063 0.23084656084656086 0.03509176587301587 0.041491402116402114
2 0.9484424603174603 0.14301256613756613 0.031118551587301587 0.04237433862433862
2 0.9265922619047618 0.1668452380952381 0.027145337301587302 0.028250661375661377
2 0.9004414682539682 0.13903769841269842 0.027807539682539684 0.0397255291005291
2 0.8653497023809524 0.2895535714285714 0.021187996031746033 0.031779100529100525
2 0.9189781746031747 0.34472883597883597 0.025158730158730158 0.03442791005291005
2 0.8405208333333334 0.40078373015873014 0.029794146825396824 0.03884259259259259
2 0.5256994047619047 0.557037037037037 0.01324156746031746 0.015889550264550262
2 0.8180109126984126 0.7004894179894181 0.024496527777777777 0.02560185185185185
2 0.8891840277777778 0.7229993386243386 0.04369791666666666 0.060029761904761905
2 0.7580902777777777 0.6700330687830688 0.018539186507936508 0.02118716931216931
2 0.8183407738095239 0.5301124338624339 0.017214781746031745 0.02736772486772487
2 0.9626760912698413 0.5490906084656085 0.018539186507936508 0.022953042328042326