1 0.6042636684303351 0.23246279761904762 0.09354497354497354 0.06020833333333333
1 0.15246913580246915 0.5808953373015873 0.11433862433862434 0.061622023809523814
1 0.4753439153439153 0.5162797619047619 0.08765432098765433 0.04702380952380952
1 0.1891931216931217 0.47655753968253967 0.11795855379188712 0.06242311507936508
1 0.9557098765432099 0.09728174603174604 0.06847883597883599 0.051659226190476186
1 0.40788800705467376 0.9823958333333334 0.07202821869488536 0.035205853174603174
1 0.9591490299823633 0.13045386904761905 0.05200176366843033 0.038864087301587295
1 0.8464462081128747 0.23648809523809525 0.06925485008818341 0.0449156746031746
1 0.758963844797178 0.190672123015873 0.07155643738977072 0.05256200396825397
1 0.7258818342151675 0.7224156746031747 0.08421516754850088 0.045265376984126984
1 0.1694268077601411 0.8525024801587302 0.07528659611992945 0.04722222222222222
1 0.13829805996472663 0.871374007936508 0.06804673721340389 0.035969742063492065
1 0.34518077601410935 0.9587028769841269 0.08318342151675485 0.04378472222222222
1 0.27338624338624334 0.9248983134920635 0.09862433862433863 0.056946924603174603
1 0.24520282186948855 0.48010416666666667 0.05791446208112874 0.05191220238095238
1 0.33105379188712525 0.5008159722222222 0.07376102292768959 0.044337797619047624
1 0.6985537918871252 0.5561532738095237 0.0857936507936508 0.047752976190476186
1 0.7516446208112875 0.47842261904761907 0.06906084656084656 0.04722470238095238
1 0.7563007054673722 0.24901289682539682 0.06445767195767195 0.03729662698412698
1 0.9572310405643739 0.2384920634920635 0.061970899470899475 0.034794146825396825
1 0.36768959435626103 0.08447420634920635 0.08111992945326278 0.048070436507936506
1 0.48558201058201056 0.019208829365079366 0.06501763668430335 0.03585813492063492
1 0.9813668430335096 0.01986359126984127 0.0372663139329806 0.03972718253968254
1 0.8203174603174603 0.30121031746031746 0.07301146384479718 0.04400793650793651
1 0.22691358024691358 0.0672296626984127 0.058615520282186945 0.03390128968253968
1 0.4951146384479718 0.23512152777777778 0.06481922398589064 0.033648313492063486
1 0.4571913580246914 0.7702628968253967 0.09572751322751323 0.04560267857142857