1 0.31726190476190474 0.16553819444444445 0.07290564373897707 0.044647817460317464
1 0.3315873015873016 0.5993229166666666 0.0800352733686067 0.05941468253968254
1 0.7064814814814815 0.4201016865079365 0.0647530864197531 0.036488095238095236
1 0.9631305114638449 0.7441939484126985 0.04406966490299824 0.02849950396825397
1 0.9780687830687832 0.48357886904761904 0.04386243386243387 0.0311359126984127
1 0.8579629629629629 0.4238913690476191 0.045992063492063494 0.03404265873015873
1 0.8212125220458554 0.8233085317460317 0.03967813051146384 0.02556795634920635
1 0.9405246913580247 0.5705530753968253 0.04529100529100529 0.031222718253968253
1 0.037425044091710755 0.1753125 0.06355379188712522 0.04095486111111111
1 0.6196031746031746 0.13299355158730158 0.05892416225749558 0.03647073412698413
1 0.7837610229276896 0.4701835317460317 0.07889329805996473 0.043023313492063495
1 0.9175352733686066 0.39480158730158726 0.047645502645502644 0.032475198412698414
1 0.03258818342151675 0.10747767857142858 0.06354056437389771 0.03978670634920635
1 0.5849074074074074 0.1733234126984127 0.061168430335096995 0.024084821428571428
1 0.866657848324515 0.2786929563492064 0.054285714285714284 0.02580357142857143
1 0.8139021164021164 0.7016765873015872 0.026759259259259257 0.015052083333333332
1 0.899537037037037 0.6655481150793651 0.045110229276895945 0.013333333333333332
1 0.9457936507936507 0.6687748015873016 0.04587301587301588 0.02236359126984127
1 0.4985097001763668 0.9734871031746032 0.06881393298059964 0.04429811507936508
1 0.38076278659611995 0.9922271825396825 0.06728395061728394 0.01554563492063492
1 0.9924338624338624 0.7513492063492063 0.013761022927689595 0.009461805555555555
1 0.5818518518518518 0.24342509920634922 0.03364197530864197 0.024945436507936507
1 0.48130952380952374 0.5797470238095238 0.03134920634920635 0.01806299603174603
1 0.5795546737213404 0.5403968253968254 0.02293650793650794 0.009890873015873016
1 0.4396384479717813 0.7648983134920635 0.039757495590828924 0.030535714285714288
1 0.2595767195767196 0.3326661706349206 0.045110229276895945 0.02451388888888889
1 0.08792768959435626 0.5700719246031747 0.07951499118165785 0.04859871031746031
1 0.09595679012345679 0.6130803571428571 0.07875220458553793 0.030535714285714288
1 0.17700176366843035 0.7894122023809523 0.05581569664902998 0.05031994047619047
1 0.46066137566137566 0.4388963293650794 0.037464726631393296 0.027956349206349207