1 0.22991181657848328 0.48552827380952385 0.05965167548500881 0.03931051587301587
1 0.23600088183421516 0.34035714285714286 0.06912698412698413 0.03812996031746032
1 0.060515873015873016 0.03535218253968254 0.05478835978835979 0.03858382936507936
1 0.030868606701940037 0.4926116071428572 0.0557363315696649 0.03787202380952381
1 0.2742195767195767 0.40999255952380953 0.05202821869488536 0.03411706349206349
1 0.09018959435626103 0.4935267857142857 0.059889770723104065 0.03260664682539682
1 0.332473544973545 0.33949156746031744 0.06539241622574957 0.03674355158730159
1 0.24082451499118168 0.9660987103174603 0.04696649029982363 0.02601686507936508
1 0.6327072310405644 0.2922445436507936 0.04129188712522046 0.024089781746031744
1 0.152173721340388 0.7113764880952381 0.043853615520282184 0.027594246031746032
1 0.018443562610229277 0.41570684523809526 0.036887125220458554 0.03418402777777778
1 0.06581128747795414 0.4164236111111111 0.054069664902998235 0.032822420634920635
1 0.4796560846560846 0.704749503968254 0.04041005291005291 0.026984126984126982
1 0.36966931216931215 0.3929513888888889 0.04350970017636684 0.028509424603174603
1 0.1509215167548501 0.3253893849206349 0.062023809523809516 0.032098214285714285
1 0.2274206349206349 0.4100520833333333 0.05623456790123457 0.035818452380952374
1 0.403152557319224 0.4093526785714286 0.04879188712522046 0.02697916666666667
1 0.3655246913580247 0.4730828373015873 0.05623456790123457 0.03535218253968254
1 0.30226190476190473 0.4970386904761905 0.05871693121693121 0.030235615079365077
1 0.057888007054673715 0.5140178571428572 0.05127425044091711 0.02511904761904762
1 0.31507936507936507 0.5642559523809524 0.0430026455026455 0.023258928571428573
1 0.053752204585537915 0.7442782738095237 0.038042328042328044 0.02046875
1 0.0880731922398589 0.8901116071428571 0.053752204585537915 0.03395833333333333
1 0.016124338624338624 0.9366294642857143 0.03225308641975309 0.032098214285714285
1 0.2753835978835979 0.9498859126984127 0.04630952380952381 0.02697916666666667
1 0.18896384479717812 0.9326760912698413 0.04217372134038801 0.02791170634920635
1 0.15505731922398588 0.8910416666666666 0.05540564373897707 0.029305555555555553
1 0.12528659611992946 0.8735987103174603 0.03555996472663139 0.024188988095238097
1 0.2249382716049383 0.9147668650793651 0.04962081128747796 0.026515376984126985
1 0.5375352733686067 0.8428968253968254 0.04465608465608466 0.024188988095238097
1 0.575163139329806 0.8403373015873016 0.03555996472663139 0.02186259920634921
1 0.4800617283950617 0.7763764880952381 0.04052028218694886 0.021398809523809525
1 0.5888095238095239 0.7693998015873016 0.03473104056437389 0.019536210317460317
1 0.5681349206349207 0.6954365079365079 0.038042328042328044 0.02511904761904762
1 0.36924603174603177 0.735905257936508 0.052098765432098765 0.029771825396825397
1 0.19543650793650794 0.7105828373015873 0.03724867724867725 0.02039434523809524
1 0.22921075837742505 0.03128968253968254 0.06009700176366844 0.027936507936507936
1 0.6121252204585538 0.21799603174603174 0.03306437389770723 0.0206671626984127
1 0.7054805996472663 0.28206349206349207 0.02814373897707231 0.017269345238095236
1 0.6942901234567902 0.36481398809523813 0.030061728395061733 0.016550099206349207
1 0.5084832451499118 0.4232762896825397 0.03453703703703704 0.019067460317460316
1 0.6175352733686067 0.4403670634920635 0.027504409171075838 0.017269345238095236
1 0.6364021164021164 0.42849454365079365 0.025582010582010584 0.017269345238095236
1 0.5628483245149911 0.47850198412698414 0.029422398589065257 0.017269345238095236
1 0.5219135802469136 0.5040451388888889 0.033258377425044096 0.019427083333333334
1 0.5478174603174604 0.5274305555555555 0.030061728395061733 0.019427083333333334
1 0.7038800705467373 0.4741840277777778 0.03517636684303351 0.015830853174603175
1 0.7336243386243386 0.4790426587301587 0.02814373897707231 0.01547123015873016
1 0.6965255731922398 0.5054861111111111 0.02814373897707231 0.014389880952380953
1 0.7358641975308642 0.6598288690476191 0.02494268077601411 0.014389880952380953
1 0.7524911816578483 0.6470585317460318 0.023664021164021165 0.01547123015873016
1 0.7323456790123457 0.6341046626984127 0.02302469135802469 0.013311011904761905
1 0.7406569664902998 0.5518973214285714 0.017910052910052907 0.011512896825396825
1 0.7181040564373898 0.6607514880952381 0.026062610229276896 0.014660218253968254
1 0.7172045855379188 0.6765500992063492 0.021569664902998237 0.012385912698412698
1 0.7533774250440918 0.7211631944444444 0.024717813051146384 0.015672123015873014
1 0.7495590828924162 0.711937003968254 0.022469135802469137 0.011374007936507936
1 0.6542901234567902 0.691842757936508 0.026962081128747796 0.015672123015873014
1 0.014982363315696648 0.5317683531746032 0.029964726631393296 0.026488095238095238
1 0.41806437389770723 0.7636855158730158 0.03247795414462081 0.018268849206349205
1 0.7993386243386243 0.46946180555555556 0.015268959435626103 0.007361111111111111
1 0.9312874779541446 0.46557539682539684 0.017447089947089947 0.006951884920634921
1 0.844047619047619 0.32101686507936505 0.02035714285714286 0.008179563492063491