2 0.018187830687830687 0.689484126984127 0.036375661375661374 0.05952380952380952
2 0.11574074074074074 0.3255208333333333 0.07275132275132275 0.053323412698412696
2 0.9151785714285714 0.14260912698412698 0.09093915343915344 0.06448412698412699
2 0.8424272486772487 0.5815972222222222 0.04794973544973545 0.034722222222222224
2 0.42162698412698413 0.5146329365079365 0.05291005291005291 0.044642857142857144
2 0.501818783068783 0.47371031746031744 0.06448412698412699 0.034722222222222224
2 0.5125661375661376 0.5084325396825397 0.0496031746031746 0.042162698412698416
2 0.6944444444444444 0.5096726190476191 0.046296296296296294 0.03720238095238095
2 0.7109788359788359 0.5592757936507936 0.0496031746031746 0.042162698412698416
2 0.6803902116402116 0.6293402777777778 0.0744047619047619 0.053323412698412696
2 0.49437830687830686 0.5753968253968254 0.05291005291005291 0.03720238095238095
2 0.7630621693121693 0.33978174603174605 0.044642857142857144 0.022321428571428572
2 0.4373346560846561 0.39558531746031744 0.044642857142857144 0.02976190476190476