1 0.8288447971781305 0.5565500992063492 0.07398589065255733 0.04615079365079365
1 0.7316225749559082 0.13391617063492064 0.08167989417989419 0.05016369047619047
1 0.7360537918871252 0.06283234126984127 0.08988977072310406 0.06599702380952381
1 0.6256922398589065 0.22895833333333332 0.0702336860670194 0.03944196428571429
1 0.8885802469135802 0.05089781746031746 0.09079805996472663 0.05935763888888889
1 0.5170679012345679 0.16830853174603175 0.059201940035273376 0.03756448412698413
1 0.8227601410934744 0.02471478174603175 0.07505731922398588 0.0494295634920635
1 0.7473589065255732 0.664437003968254 0.043915343915343914 0.028159722222222225
1 0.7670149911816578 0.19021825396825398 0.08044973544973545 0.04500744047619048
1 0.9584391534391533 0.43749255952380955 0.05190917107583774 0.034216269841269846
1 0.24220899470899473 0.4851785714285714 0.05164021164021164 0.02974950396825397
1 0.5161243386243386 0.5084102182539683 0.044748677248677246 0.034005456349206355
1 0.09242945326278659 0.509640376984127 0.04658289241622575 0.03107638888888889
1 0.26920194003527337 0.058680555555555555 0.03852733686067019 0.03152281746031746
1 0.8731878306878307 0.712748015873016 0.04738977072310406 0.03377728174603174
1 0.6995194003527336 0.1761656746031746 0.05507495590828924 0.0391765873015873
1 0.3205202821869489 0.10360367063492064 0.03666666666666667 0.023050595238095238
1 0.43241622574955907 0.019169146825396825 0.04246031746031746 0.027026289682539683
1 0.5313007054673722 0.1926388888888889 0.05698412698412699 0.029541170634920635
1 0.16592592592592592 0.23569196428571426 0.05028218694885362 0.02765376984126984
1 0.2541975308641975 0.2589459325396825 0.04804673721340388 0.026396329365079366
1 0.3044797178130511 0.23474950396825398 0.05028218694885362 0.02451140873015873
1 0.5190079365079364 0.22720734126984127 0.05474867724867725 0.029541170634920635
1 0.7056084656084656 0.25328869047619046 0.04357583774250441 0.022626488095238095
1 0.24972663139329807 0.20363839285714286 0.041340388007054675 0.02388392857142857
1 0.8815917107583775 0.38936259920634925 0.055868606701940035 0.033311011904761906
1 0.6888492063492063 0.4540997023809524 0.04804673721340388 0.027026289682539683
1 0.71510582010582 0.5273214285714285 0.05139770723104056 0.032683531746031745
1 0.7380114638447971 0.5301488095238095 0.05028218694885362 0.027026289682539683
1 0.7726499118165784 0.5571750992063492 0.05698412698412699 0.033311011904761906
1 0.7391269841269841 0.5914285714285714 0.05251763668430335 0.03519593253968254
1 0.26649029982363315 0.7243576388888889 0.05028218694885362 0.030796130952380953
1 0.24693562610229275 0.7689831349206349 0.0536331569664903 0.030796130952380953
1 0.3832539682539683 0.4013045634920635 0.05139770723104056 0.027026289682539683
1 0.3095061728395062 0.056879960317460315 0.049162257495590826 0.03205357142857143
1 0.6031305114638449 0.28486855158730157 0.035321869488536155 0.02831349206349206
1 0.6176984126984127 0.49970238095238095 0.05033509700176367 0.02682291666666667
1 0.34085978835978836 0.6790178571428572 0.06358024691358025 0.03476934523809524
1 0.2900837742504409 0.6817485119047619 0.04856701940035273 0.02632688492063492
1 0.22827160493827162 0.674796626984127 0.06623015873015874 0.03228670634920635
1 0.6225573192239859 0.6896974206349207 0.04945326278659612 0.02831349206349206
1 0.1426146384479718 0.5297519841269841 0.05739858906525574 0.030300099206349206
1 0.24151675485008817 0.6077380952380953 0.052098765432098765 0.030300099206349206
1 0.8927733686067019 0.22898809523809524 0.04238536155202822 0.02086309523809524
1 0.4769091710758378 0.31948660714285715 0.04631834215167548 0.025171130952380952
1 0.8092107583774251 0.06212797619047619 0.05823192239858906 0.030674603174603177