1 0.4809876543209877 0.41916170634920635 0.07764550264550264 0.045644841269841266
1 0.2294268077601411 0.9386210317460317 0.07483245149911817 0.05126984126984127
1 0.1567636684303351 0.7064781746031746 0.07382275132275133 0.04431547619047619
1 0.5102336860670195 0.8697197420634921 0.07808641975308642 0.05156746031746032
1 0.6256922398589065 0.39031001984126984 0.08477513227513228 0.046341765873015875
1 0.4369664902998236 0.8251760912698413 0.07309964726631393 0.0450124007936508
1 0.6407363315696649 0.6948090277777778 0.061671075837742506 0.04187251984126984
1 0.9799823633156967 0.7948561507936508 0.04003968253968254 0.032103174603174606
1 0.025405643738977073 0.8368725198412699 0.05080687830687831 0.043149801587301584
1 0.5002910052910053 0.7071701388888889 0.06267636684303352 0.03971974206349207
1 0.6824250440917108 0.5625570436507936 0.04611552028218695 0.0348015873015873
1 0.17502204585537917 0.6189409722222222 0.0663668430335097 0.04240823412698413
1 0.40636243386243387 0.6830555555555555 0.04632275132275132 0.03471478174603174
1 0.772663139329806 0.5245734126984127 0.05100088183421517 0.032408234126984126
1 0.3956393298059965 0.22783482142857142 0.04243827160493827 0.022963789682539683
1 0.4563403880070547 0.2311582341269841 0.048884479717813054 0.028402777777777777
1 0.43163139329806 0.22436011904761904 0.03384479717813051 0.019640376984126982
1 0.42357142857142854 0.2450595238095238 0.04029100529100529 0.02054811507936508
1 0.255163139329806 0.3547470238095238 0.05801587301587302 0.027800099206349207
1 0.16035273368606703 0.46352678571428574 0.06285273368606703 0.03505208333333334
1 0.2127248677248677 0.47893601190476187 0.048346560846560846 0.027800099206349207
1 0.3738844797178131 0.4975198412698413 0.0569400352733686 0.03233134920634921
1 0.6564462081128748 0.5510044642857143 0.049422398589065254 0.030518353174603174
1 0.9751410934744268 0.8932093253968254 0.04971340388007055 0.035654761904761904
1 0.6532231040564374 0.5984449404761905 0.03867724867724868 0.016619543650793652
1 0.6097089947089946 0.5975272817460318 0.04619929453262787 0.01845486111111111
1 0.5311111111111111 0.7851488095238095 0.04115961199294532 0.03602678571428571
1 0.7940167548500882 0.9540649801587302 0.05146825396825397 0.027562003968253968
1 0.05210758377425044 0.693779761904762 0.04512345679012346 0.03263392857142858
1 0.004567901234567901 0.33918402777777773 0.009131393298059965 0.012993551587301587
1 0.6809435626102294 0.34879464285714284 0.07303350970017636 0.04027777777777778
1 0.5925617283950617 0.4339905753968254 0.05127425044091711 0.02666418650793651
1 0.8911155202821869 0.9815203373015873 0.04878747795414462 0.030672123015873017
1 0.4741975308641975 0.2656125992063492 0.045542328042328044 0.021572420634920635
1 0.37712081128747793 0.3289831349206349 0.043143738977072306 0.02966269841269841