1 0.6334171075837742 0.3869593253968254 0.05981040564373898 0.039002976190476185
1 0.5392019400352734 0.3020238095238095 0.06592592592592593 0.03717013888888889
1 0.16182098765432099 0.46681795634920636 0.058690476190476196 0.03260416666666667
1 0.03180335097001764 0.4411433531746032 0.059087301587301584 0.03223214285714286
1 0.7536067019400353 0.11430555555555555 0.061913580246913576 0.04037202380952381
1 0.49011463844797176 0.35474950396825394 0.06206790123456791 0.032279265873015876
1 0.30362433862433863 0.3553794642857143 0.04168430335097002 0.02797123015873016
1 0.2148721340388007 0.4674131944444444 0.055714285714285716 0.03716765873015873
1 0.14417989417989419 0.48263640873015873 0.06673721340388007 0.033931051587301586
1 0.020559964726631394 0.47118055555555555 0.041124338624338626 0.0314484126984127
1 0.4762874779541446 0.09608382936507937 0.0519973544973545 0.023335813492063495
1 0.42669753086419754 0.11033730158730158 0.055163139329805995 0.040324900793650795
1 0.8077116402116402 0.6341245039682539 0.050317460317460316 0.03766369047619048
1 0.8354717813051146 0.6164434523809523 0.044149029982363315 0.025203373015873016
1 0.37234567901234567 0.5414260912698413 0.0406657848324515 0.020337301587301588
1 0.4119753086419753 0.5369444444444444 0.04482804232804233 0.020153769841269844
1 0.36287918871252206 0.009027777777777777 0.06408730158730158 0.018055555555555554
1 0.4295899470899471 0.5159895833333333 0.04798941798941799 0.024933035714285713