2 0.040949900793650795 0.20155092592592594 0.04007688492063492 0.045304232804232805
2 0.02570188492063492 0.32236772486772486 0.0339781746031746 0.04298280423280423
2 0.12502728174603175 0.3490873015873016 0.044434523809523806 0.05459986772486773
2 0.18340029761904764 0.4222718253968254 0.0339781746031746 0.04762896825396826
2 0.2147668650793651 0.26776785714285717 0.06360119047619048 0.08015542328042327
2 0.2487450396825397 0.3078472222222222 0.06708829365079365 0.08131944444444444
2 0.3175744047619048 0.3421164021164021 0.05488839285714286 0.06157076719576719
2 0.2639930555555556 0.33340277777777777 0.04182043650793651 0.04646825396825397
2 0.27357638888888886 0.4083333333333333 0.04530505952380952 0.05227513227513228
2 0.2997147817460318 0.5221759259259259 0.04007688492063492 0.0499537037037037
2 0.24133928571428573 0.5012665343915343 0.04182043650793651 0.05924603174603175
2 0.11021577380952381 0.6848115079365079 0.06882936507936507 0.08248015873015872
2 0.1193625992063492 0.7731018518518519 0.057502480158730156 0.0848015873015873
2 0.0988888888888889 0.864292328042328 0.07754216269841269 0.10455026455026456
2 0.069265873015873 0.9119212962962964 0.06360119047619048 0.09061177248677249
2 0.23480654761904762 0.8486111111111111 0.07580109126984128 0.10571428571428572
2 0.3380505952380952 0.9780324074074075 0.06969990079365079 0.04393518518518519
2 0.20692460317460318 0.9148280423280424 0.06708829365079365 0.08712632275132276
2 0.34937748015873016 0.7823941798941799 0.06621527777777778 0.09874338624338624
2 0.28533978174603175 0.7144345238095238 0.06882936507936507 0.09758267195767195
2 0.3306448412698413 0.6522850529100529 0.0461780753968254 0.0499537037037037
2 0.4565426587301587 0.5320502645502646 0.04704861111111111 0.06273148148148147
2 0.5070758928571428 0.6749371693121693 0.04878968253968254 0.06505291005291006
2 0.4177703373015873 0.6964285714285714 0.03746527777777778 0.04298280423280423
2 0.564141865079365 0.8230522486772486 0.06360119047619048 0.09177248677248677
2 0.45218501984126985 0.8073710317460316 0.04007688492063492 0.05111441798941799
2 0.6020436507936509 0.9014682539682539 0.07318700396825396 0.10455026455026456
2 0.8102752976190477 0.9867460317460318 0.06621527777777778 0.026507936507936508
2 0.8965302579365079 0.8433829365079365 0.08015625 0.10919973544973546
2 0.5380059523809523 0.37464285714285717 0.05663194444444444 0.07318452380952381
2 0.44477926587301586 0.3816137566137566 0.04269097222222222 0.05227513227513228
2 0.5018477182539682 0.2201388888888889 0.05924603174603175 0.08015542328042327
2 0.568499503968254 0.25557208994708996 0.03920634920634921 0.04414351851851852
2 0.5915873015873017 0.028462301587301585 0.06795882936507937 0.056921296296296296
2 0.6159821428571428 0.07666997354497354 0.06447420634920635 0.09061177248677249
2 0.7662772817460318 0.1353373015873016 0.07928571428571429 0.10803571428571428
2 0.8425124007936509 0.18761243386243387 0.06098958333333333 0.07783399470899471
2 0.5959449404761904 0.2979728835978836 0.06098958333333333 0.07550925925925926
2 0.6294866071428572 0.38103174603174605 0.049662698412698415 0.05576058201058201
2 0.9652554563492063 0.6354398148148148 0.06949156746031745 0.08828703703703704
2 0.9357366071428571 0.4884887566137566 0.07144345238095239 0.07550925925925926