1 0.6006922398589065 0.5160094246031747 0.09380070546737214 0.05212549603174603
2 0.3612389770723104 0.4295337301587302 0.10042768959435626 0.05639136904761905
1 0.6166666666666666 0.07050099206349206 0.07326278659611993 0.04870039682539683
1 0.4821340388007055 0.2421825396825397 0.10859347442680775 0.06366071428571429
1 0.6680952380952381 0.2815972222222222 0.10762345679012346 0.06441220238095238
1 0.3918562610229277 0.6232093253968255 0.09668871252204585 0.04709077380952381
1 0.5577821869488536 0.3902008928571428 0.08195326278659612 0.052182539682539685
2 0.4767813051146384 0.47347222222222224 0.1003747795414462 0.052447916666666664
1 0.3516975308641975 0.1999454365079365 0.08750440917107584 0.05118799603174603
2 0.09242063492063493 0.810188492063492 0.04552469135802469 0.02838045634920635
1 0.3138492063492063 0.3709176587301587 0.1123941798941799 0.05609623015873016
1 0.6714770723104057 0.03715525793650794 0.07134479717813051 0.04756944444444445
1 0.30522486772486773 0.6035565476190476 0.09806878306878307 0.05106894841269841
1 0.41796737213403884 0.6801984126984126 0.07178571428571429 0.0421031746031746
2 0.8076278659611993 0.7011755952380953 0.06108906525573193 0.03836805555555555
1 0.738778659611993 0.01849454365079365 0.06237654320987654 0.0369890873015873
2 0.03556437389770723 0.49965773809523806 0.07112874779541446 0.02895089285714286
1 0.4288668430335097 0.22095238095238096 0.08024691358024691 0.051768353174603175
2 0.876194885361552 0.6382316468253968 0.0817636684303351 0.03851686507936508
1 0.21450617283950618 0.30331349206349206 0.08189594356261024 0.0444171626984127
2 0.05164462081128748 0.4579786706349206 0.10328483245149912 0.058995535714285716
1 0.6023280423280423 0.26067460317460317 0.09118165784832452 0.057475198412698415
1 0.5167724867724868 0.27710565476190474 0.09074514991181658 0.05272073412698412
2 0.758095238095238 0.27667906746031745 0.09495149911816578 0.05265376984126984
1 0.4631305114638448 0.382219742063492 0.0795326278659612 0.04895089285714286
1 0.5035008818342152 0.5087326388888889 0.10571869488536155 0.05694196428571428
1 0.4959347442680776 0.5449677579365079 0.06437830687830687 0.0465625
1 0.5274779541446207 0.025952380952380952 0.1192283950617284 0.051904761904761905
2 0.8537257495590829 0.6081944444444444 0.06474867724867725 0.034727182539682544
2 0.8715299823633157 0.6923660714285714 0.06980599647266314 0.03936507936507937
1 0.32002645502645505 0.5654761904761905 0.0962742504409171 0.049481646825396824
1 0.44742063492063494 0.5818526785714286 0.10297178130511464 0.05351190476190476
1 0.3801455026455026 0.5248263888888889 0.09653439153439153 0.05385912698412698
1 0.26529541446208116 0.46433779761904764 0.09655202821869488 0.047586805555555556
1 0.9464726631393298 0.6169196428571428 0.05828042328042329 0.036969246031746034
2 0.1003395061728395 0.4804786706349206 0.08068783068783068 0.04587301587301588
2 0.04096560846560846 0.2837152777777778 0.06584656084656085 0.045954861111111106
2 0.8034744268077602 0.0161780753968254 0.10201940035273369 0.0323561507936508
2 0.11828924162257494 0.5670039682539683 0.028527336860670195 0.017643849206349208