1 0.16481922398589066 0.6423363095238096 0.10115961199294533 0.05280753968253968
1 0.8331481481481481 0.3280481150793651 0.08186948853615521 0.05363095238095238
2 0.6368342151675485 0.5212177579365079 0.06499999999999999 0.03764384920634921
1 0.7587389770723104 0.3510094246031746 0.08798500881834216 0.05882936507936508
1 0.2346825396825397 0.3198313492063492 0.09689153439153439 0.06459573412698412
1 0.4462610229276896 0.31092509920634925 0.1022310405643739 0.06755704365079365
1 0.16743827160493827 0.33044642857142853 0.05999118165784833 0.045404265873015874
1 0.5483686067019401 0.6464260912698412 0.044360670194003526 0.04003720238095238
1 0.5814065255731923 0.5030406746031746 0.06325837742504409 0.04173363095238095
1 0.019052028218694887 0.17118799603174603 0.03810846560846561 0.03707589285714286
1 0.33901234567901234 0.7919171626984127 0.0875573192239859 0.05204613095238095
1 0.564810405643739 0.5218799603174603 0.06343915343915343 0.02269345238095238
1 0.4142063492063492 0.3909449404761905 0.08073192239858906 0.04690724206349206
1 0.1867151675485009 0.576235119047619 0.08398148148148148 0.048554067460317464
1 0.428342151675485 0.6510168650793651 0.05017636684303351 0.03595982142857143
1 0.3537874779541446 0.70921875 0.09045855379188712 0.046855158730158726
1 0.1493783068783069 0.8121899801587301 0.08636243386243386 0.050272817460317455
1 0.08776455026455027 0.7657638888888889 0.1026058201058201 0.055773809523809524
1 0.04321428571428572 0.8772445436507937 0.0714241622574956 0.043712797619047616
1 0.018858024691358027 0.5691815476190476 0.037720458553791886 0.040818452380952386
1 0.6258553791887126 0.2840798611111111 0.09015873015873016 0.04773809523809523
1 0.4603174603174603 0.2789260912698413 0.07728395061728395 0.02893105158730159
1 0.6753042328042328 0.4453621031746032 0.0705731922398589 0.036068948412698414
1 0.6264197530864197 0.4313963293650794 0.04817901234567901 0.029379960317460315
1 0.6258597883597884 0.48172867063492064 0.052098765432098765 0.024533730158730158
1 0.8095414462081129 0.3486830357142857 0.04254850088183421 0.020290178571428574
1 0.2640299823633157 0.44370535714285714 0.07736772486772486 0.0454985119047619
1 0.3903880070546737 0.33815228174603174 0.04190476190476191 0.027006448412698413
1 0.053919753086419754 0.19900545634920636 0.06578483245149912 0.0319593253968254
1 0.11455026455026456 0.251235119047619 0.07309082892416226 0.03374007936507936