2 0.948234126984127 0.5942162698412699 0.07714781746031746 0.08330357142857142
2 0.11970238095238095 0.2453670634920635 0.06846478174603175 0.07956679894179895
2 0.9591170634920635 0.8561441798941799 0.07066468253968254 0.0530026455026455
2 0.7891121031746031 0.521603835978836 0.03615079365079365 0.03847222222222222
2 0.9815277777777778 0.9492162698412698 0.036941964285714286 0.051144179894179895
2 0.7022371031746032 0.5875727513227513 0.0373015873015873 0.041365740740740745
2 0.7600297619047619 0.5510582010582011 0.029583333333333333 0.0425925925925926
2 0.3050347222222222 0.5761607142857142 0.04265128968253968 0.05766203703703704
2 0.7571949404761905 0.4122089947089947 0.035344742063492064 0.050651455026455024
2 0.33194940476190476 0.6990641534391534 0.03517857142857143 0.04381944444444444
2 0.23598710317460317 0.6577480158730159 0.013625992063492062 0.011789021164021163
2 0.939077380952381 0.9325099206349206 0.058159722222222224 0.06430886243386244
2 0.010305059523809524 0.6253637566137565 0.020610119047619047 0.036871693121693125
2 0.060716765873015874 0.7399537037037036 0.019161706349206352 0.021339285714285713
2 0.04044642857142858 0.5765939153439154 0.014776785714285715 0.013521825396825397
2 0.6586334325396825 0.6530886243386244 0.01984375 0.02141203703703704
2 0.25328125 0.7046825396825397 0.0074131944444444445 0.011044973544973545
2 0.717467757936508 0.44933201058201055 0.01717013888888889 0.015674603174603174
2 0.05133680555555556 0.2178240740740741 0.0444890873015873 0.04942129629629629
2 0.6349206349206349 0.6018518518518519 0.032242063492063495 0.03968253968253968
2 0.8643353174603174 0.7853835978835979 0.0248015873015873 0.036375661375661374
2 0.2992336309523809 0.8531183862433862 0.016101190476190477 0.019679232804232803
2 0.3918055555555556 0.42567791005291006 0.0333655753968254 0.043816137566137565
2 0.41961061507936503 0.4469113756613757 0.024265873015873015 0.03505291005291005
2 0.20874255952380952 0.3476124338624339 0.03401289682539682 0.04281084656084656
2 0.21186507936507937 0.2895469576719577 0.020419146825396826 0.04131944444444444
2 0.3127628968253968 0.18486772486772485 0.035376984126984125 0.032579365079365076
2 0.25691964285714286 0.17016865079365082 0.02950644841269841 0.047275132275132276
2 0.7010193452380953 0.5394477513227514 0.024848710317460318 0.034067460317460316
2 0.7773487103174603 0.08732473544973544 0.02732142857142857 0.02830357142857143