2 0.3446924603174603 0.26405092592592594 0.02781001984126984 0.024537037037037038
2 0.28453869047619046 0.4394675925925926 0.024404761904761905 0.022083333333333333
2 0.09579861111111111 0.4846428571428571 0.018901289682539683 0.019662698412698413
2 0.060203373015873016 0.47193452380952383 0.019856150793650794 0.01704695767195767
2 0.1285391865079365 0.39400132275132277 0.02122767857142857 0.02212632275132275
2 0.5428050595238095 0.4693022486772487 0.013774801587301587 0.018829365079365078
2 0.38297867063492064 0.3462665343915344 0.016021825396825395 0.02
2 0.35388144841269836 0.3346097883597884 0.017854662698412696 0.021511243386243384
2 0.24755208333333334 0.6913756613756613 0.014320436507936508 0.01587962962962963
2 0.0729861111111111 0.6641104497354497 0.014553571428571428 0.012705026455026455
2 0.2994345238095238 0.6855919312169312 0.017606646825396824 0.015591931216931216
2 0.36744791666666665 0.5251951058201059 0.016292162698412698 0.020578703703703703
2 0.2335689484126984 0.563151455026455 0.01800843253968254 0.015476190476190475
2 0.3729712301587301 0.4792625661375661 0.018137400793650792 0.020304232804232804
2 0.5619642857142858 0.3794378306878307 0.01570684523809524 0.019017857142857142
2 0.2361483134920635 0.494103835978836 0.016046626984126986 0.01732142857142857
2 0.05498511904761905 0.43287367724867726 0.015225694444444444 0.020631613756613758
2 0.35320436507936503 0.5072453703703704 0.013482142857142857 0.018330026455026453
2 0.412281746031746 0.4824206349206349 0.013851686507936509 0.014798280423280423
2 0.28526785714285713 0.22395833333333334 0.018040674603174604 0.017671957671957672
2 0.1525843253968254 0.6598478835978836 0.01564236111111111 0.015839947089947088
2 0.5470238095238095 0.49327380952380956 0.015329861111111112 0.017043650793650795
2 0.2521602182539683 0.23639219576719578 0.016877480158730158 0.017192460317460318
2 0.49479662698412696 0.3995304232804233 0.01911706349206349 0.020618386243386244
2 0.06406250000000001 0.3556283068783069 0.017465277777777777 0.018604497354497353
2 0.1498611111111111 0.5639087301587301 0.01821924603174603 0.01296957671957672
2 0.26427331349206346 0.5284821428571429 0.018184523809523807 0.01759589947089947
2 0.01019593253968254 0.445380291005291 0.016098710317460317 0.02183862433862434
2 0.2599702380952381 0.6515839947089948 0.014417162698412698 0.015525793650793651
2 0.24231646825396824 0.29021825396825396 0.016706349206349207 0.014973544973544974
2 0.28410466269841267 0.4729761904761905 0.014754464285714286 0.018055555555555557
2 0.006217757936507936 0.5199074074074074 0.012433035714285714 0.021580687830687832
2 0.2652951388888889 0.32227513227513227 0.014496527777777778 0.014970238095238095
2 0.21893849206349206 0.6205985449735449 0.013521825396825398 0.01318452380952381
2 0.45650049603174603 0.47092923280423277 0.014501488095238095 0.014798280423280423
2 0.15121775793650793 0.40986441798941803 0.016354166666666666 0.01826388888888889
2 0.3888764880952381 0.38853174603174606 0.022524801587301586 0.017043650793650795
2 0.33999007936507936 0.36423280423280424 0.01556795634920635 0.017080026455026456
2 0.08145337301587302 0.7179298941798942 0.011046626984126983 0.012953042328042329
2 0.1848263888888889 0.4126752645502646 0.014503968253968253 0.01666005291005291
2 0.22615575396825396 0.4633465608465609 0.014015376984126984 0.018462301587301586
2 0.5763020833333333 0.46507275132275133 0.015369543650793651 0.015003306878306878
2 0.4623511904761905 0.5777612433862435 0.015357142857142857 0.013260582010582011
2 0.34552083333333333 0.4156448412698413 0.013603670634920635 0.015952380952380954
2 0.41929811507936504 0.5824966931216932 0.013722718253968253 0.011746031746031747
2 0.40327380952380953 0.6204464285714286 0.015329861111111112 0.016574074074074074
2 0.5609647817460317 0.4210218253968254 0.013807043650793651 0.015403439153439153
2 0.15311507936507937 0.3318915343915344 0.01958333333333333 0.01671626984126984
2 0.4860987103174603 0.26570436507936507 0.01626240079365079 0.01761574074074074
2 0.0543328373015873 0.3822089947089947 0.01644345238095238 0.015515873015873016
2 0.3734077380952381 0.3795205026455027 0.02310515873015873 0.01853174603174603
2 0.005458829365079365 0.39174933862433864 0.01091765873015873 0.02654431216931217
2 0.3228918650793651 0.6176256613756614 0.012276785714285714 0.012642195767195765
2 0.5154265873015873 0.36970238095238095 0.016649305555555556 0.019583333333333335
2 0.3303720238095238 0.5463458994708995 0.013559027777777777 0.014623015873015873
2 0.5817137896825396 0.2777579365079365 0.020753968253968257 0.02084325396825397
2 0.8157291666666666 0.3798941798941799 0.00945188492063492 0.01042989417989418
2 0.3805059523809524 0.5750694444444444 0.010674603174603175 0.012099867724867725
2 0.6904439484126984 0.3660813492063492 0.009176587301587302 0.011302910052910052
2 0.11678571428571428 0.4477083333333333 0.014486607142857141 0.01631283068783069
2 0.13727926587301587 0.3656679894179894 0.01513888888888889 0.017526455026455025
2 0.3828447420634921 0.5387235449735449 0.02009920634920635 0.020985449735449736
2 0.6036359126984128 0.3614880952380953 0.016078869047619047 0.017347883597883598
2 0.17895585317460316 0.35041997354497356 0.016631944444444446 0.02039021164021164
2 0.5316443452380952 0.3191501322751323 0.01597718253968254 0.013776455026455026
2 0.40527281746031746 0.44115410052910053 0.011493055555555557 0.013210978835978836
2 0.4355654761904762 0.47665674603174607 0.015930059523809523 0.012688492063492063
2 0.2846676587301587 0.66869708994709 0.012767857142857142 0.013191137566137566
2 0.5776413690476191 0.3967724867724867 0.014427083333333333 0.015363756613756614