2 0.38909060846560845 0.30364583333333334 0.02646494708994709 0.023635912698412698
2 0.3473181216931217 0.20806795634920633 0.028822751322751323 0.019377480158730157
2 0.6387830687830688 0.30259176587301584 0.03229497354497354 0.027507440476190477
2 0.0922255291005291 0.19398561507936507 0.027595899470899472 0.022814980158730156
2 0.5740707671957672 0.5768303571428572 0.02967261904761905 0.023866567460317463
2 0.25433862433862436 0.10080605158730159 0.029315476190476194 0.022504960317460316
2 0.22481150793650795 0.2783457341269841 0.035069444444444445 0.023239087301587302
2 0.5741732804232804 0.7254761904761905 0.025863095238095237 0.021857638888888888
2 0.6539814814814815 0.5944766865079365 0.03248346560846561 0.022207341269841273
2 0.6059556878306879 0.2896775793650794 0.027728174603174602 0.03624503968253968
2 0.38894841269841274 0.1947222222222222 0.0248015873015873 0.02001736111111111
2 0.8308498677248677 0.3261334325396825 0.03481812169312169 0.023772321428571427
2 0.6534755291005291 0.6673983134920635 0.029355158730158728 0.023898809523809524
2 0.3495171957671958 0.027492559523809523 0.03492724867724868 0.027296626984126986
2 0.2845634920634921 0.12706597222222224 0.02593915343915344 0.023936011904761904
2 0.5283829365079364 0.45281001984126984 0.02464616402116402 0.018271329365079365
2 0.08605158730158731 0.3905109126984127 0.02072089947089947 0.017001488095238094
2 0.4665343915343915 0.18272817460317461 0.027605820105820106 0.023333333333333334
2 0.16439814814814815 0.14881944444444445 0.020757275132275134 0.025188492063492066
2 0.043511904761904766 0.2861805555555556 0.018445767195767196 0.01648809523809524
2 0.04031746031746032 0.24417658730158728 0.02435515873015873 0.016334325396825396
2 0.17083333333333334 0.42872271825396824 0.022966269841269843 0.020811011904761905
2 0.6669279100529101 0.561780753968254 0.024523809523809524 0.01836309523809524
2 0.06528439153439153 0.37321676587301583 0.019050925925925926 0.013561507936507936
2 0.7490906084656085 0.30369295634920634 0.03048941798941799 0.023588789682539683
2 0.1394047619047619 0.2271800595238095 0.020651455026455028 0.018519345238095238
2 0.2526851851851852 0.23300843253968254 0.02640542328042328 0.02613343253968254
2 0.7075330687830688 0.5864310515873016 0.024546957671957675 0.01937251984126984
2 0.6113955026455026 0.698125 0.02426256613756614 0.021999007936507938
2 0.9148743386243386 0.44531994047619045 0.03054232804232804 0.019387400793650793
2 0.17510251322751322 0.3211036706349206 0.03154761904761905 0.018683035714285715
2 0.4318849206349206 0.5166493055555555 0.030459656084656086 0.023871527777777776
2 0.10269179894179895 0.4216517857142857 0.02017526455026455 0.014104662698412698
2 0.21715277777777778 0.43467757936507934 0.019447751322751325 0.015550595238095238
2 0.13005291005291003 0.42476438492063495 0.01671626984126984 0.014486607142857141
2 0.29122354497354497 0.4154439484126984 0.019054232804232803 0.014786706349206348
2 0.15182870370370372 0.370672123015873 0.02712301587301587 0.01864831349206349
2 0.19375 0.21866319444444443 0.02271825396825397 0.019836309523809523
2 0.4608994708994709 0.37346974206349204 0.01439484126984127 0.012566964285714285
2 0.3951289682539682 0.3509300595238095 0.02521494708994709 0.018950892857142857
2 0.6971395502645503 0.6123834325396825 0.01906415343915344 0.015379464285714285
2 0.07324404761904763 0.5700496031746032 0.019279100529100528 0.01408234126984127
2 0.14457010582010582 0.4608705357142857 0.01698743386243386 0.014069940476190475
2 0.11673611111111111 0.3980605158730159 0.015651455026455027 0.01308531746031746
2 0.08459325396825397 0.3495362103174603 0.01626984126984127 0.014476686507936508
2 0.44923280423280426 0.1569394841269841 0.022979497354497353 0.02075892857142857
2 0.9419411375661375 0.514171626984127 0.026339285714285718 0.021669146825396828
2 0.7037466931216931 0.4552008928571428 0.019229497354497353 0.015555555555555555
2 0.017311507936507937 0.6692708333333334 0.018287037037037036 0.014184027777777778
2 0.6302579365079365 0.6822147817460318 0.02665674603174603 0.02138144841269841
2 0.23696428571428574 0.4622023809523809 0.020591931216931217 0.016609623015873015
2 0.08024140211640211 0.22207093253968255 0.014083994708994711 0.014345238095238097
2 0.1766335978835979 0.13 0.02490079365079365 0.019231150793650797
2 0.01830357142857143 0.23884920634920634 0.018075396825396824 0.014169146825396826
2 0.18841931216931215 0.3262847222222222 0.02796957671957672 0.015823412698412698
2 0.006058201058201059 0.5159275793650793 0.011941137566137567 0.012123015873015874
2 0.46958333333333335 0.5412896825396826 0.01915674603174603 0.02032738095238095
2 0.7341335978835979 0.423859126984127 0.03005291005291005 0.02165674603174603
2 0.491875 0.3354464285714286 0.014169973544973546 0.01207093253968254
2 0.09249338624338624 0.3314955357142857 0.02150132275132275 0.014169146825396826
2 0.0369510582010582 0.6173735119047619 0.018875661375661375 0.012566964285714285
2 0.7506646825396827 0.4128819444444444 0.012787698412698414 0.015248015873015872
2 0.1881580687830688 0.49875 0.018816137566137564 0.013908730158730159
2 0.22932208994708997 0.5412624007936507 0.019298941798941798 0.015414186507936507
2 0.07454695767195768 0.3774429563492063 0.006028439153439154 0.009283234126984128
2 0.498098544973545 0.3123784722222222 0.03499669312169312 0.024107142857142858
2 0.5452876984126984 0.36645585317460316 0.015631613756613757 0.01257688492063492
2 0.5970734126984126 0.3981696428571429 0.02048941798941799 0.01825644841269841
2 0.4658399470899471 0.5808134920634921 0.01533068783068783 0.015843253968253968
2 0.6943055555555555 0.6994642857142856 0.022896825396825395 0.02279513888888889
2 0.7412003968253967 0.6706944444444444 0.03009589947089947 0.02263640873015873
2 0.8445568783068783 0.6037896825396826 0.028306878306878305 0.018720238095238095
2 0.9224503968253968 0.6112400793650794 0.027721560846560845 0.01911458333333333
2 0.8686739417989418 0.5506770833333333 0.018528439153439154 0.01337797619047619
2 0.8977678571428571 0.5776785714285714 0.01871031746031746 0.01567956349206349
2 0.8758994708994708 0.5385615079365079 0.020287698412698413 0.011540178571428571
2 0.8508333333333333 0.5482068452380953 0.01900132275132275 0.010327380952380952
2 0.5661111111111111 0.2681274801587301 0.02498015873015873 0.018152281746031746
2 0.7087731481481481 0.25592013888888887 0.02616732804232804 0.013459821428571429
2 0.9250033068783069 0.19479910714285714 0.014186507936507936 0.010173611111111112
2 0.9698478835978837 0.28442460317460316 0.011428571428571429 0.009402281746031745
2 0.9626785714285714 0.35015625 0.018293650793650792 0.013638392857142858
2 0.9887863756613757 0.31004464285714284 0.02216269841269841 0.013566468253968254
2 0.2812367724867725 0.6271676587301587 0.017701719576719576 0.013335813492063493
2 0.20383267195767196 0.38019593253968254 0.020535714285714286 0.015833333333333335
2 0.2932142857142857 0.4359722222222222 0.015912698412698413 0.010523313492063492
2 0.3075859788359788 0.4446701388888889 0.011646825396825397 0.009010416666666667
2 0.3155026455026455 0.4345188492063492 0.0136739417989418 0.008965773809523809
2 0.4146527777777778 0.43182291666666667 0.024090608465608464 0.017083333333333332