2 0.8869014550264549 0.14659970238095238 0.050175264550264546 0.03763144841269841
2 0.5486276455026455 0.257219742063492 0.02205687830687831 0.01654265873015873
2 0.6616600529100529 0.4042336309523809 0.03528769841269841 0.027705853174603175
2 0.4507572751322751 0.39844494047619045 0.019298941798941798 0.02109126984126984
2 0.631058201058201 0.47577628968253965 0.03363425925925926 0.02853422619047619
2 0.6605588624338624 0.5473189484126985 0.03528769841269841 0.024399801587301585
2 0.6145171957671958 0.5454563492063492 0.02591600529100529 0.023157242063492064
2 0.7970271164021164 0.5322247023809523 0.05458664021164021 0.03473710317460318
2 0.6671759259259259 0.6095560515873016 0.015439814814814814 0.018196924603174604
2 0.8562996031746031 0.6463616071428572 0.03639219576719577 0.015714285714285715
2 0.8982043650793651 0.6707589285714286 0.05624007936507936 0.03639136904761905
2 0.4237400793650794 0.6664161706349205 0.03363425925925926 0.025225694444444443
2 0.3674966931216931 0.6356076388888889 0.03583994708994709 0.02233134920634921
2 0.4824603174603175 0.806812996031746 0.03418650793650793 0.0289484126984127
2 0.4094047619047619 0.7528472222222222 0.03142857142857143 0.01695436507936508
2 0.7247949735449736 0.8516815476190476 0.03253306878306878 0.0219171626984127
2 0.2933366402116402 0.7873784722222222 0.028670634920634923 0.01406001984126984
2 0.34612103174603176 0.5100868055555555 0.030863095238095238 0.01984126984126984
2 0.056216931216931214 0.5495610119047619 0.008819444444444446 0.007026289682539682