1 0.24082451499118168 0.34220734126984126 0.06977072310405644 0.04459325396825397
1 0.709973544973545 0.9360019841269841 0.07242504409171076 0.033368055555555554
1 0.9651940035273369 0.3071527777777778 0.06961199294532627 0.031150793650793648
1 0.28383597883597883 0.41341021825396823 0.07698412698412699 0.03359126984126984
1 0.4093827160493827 0.5277380952380952 0.09784832451499118 0.0485639880952381
1 0.3194488536155203 0.9027008928571428 0.07626543209876543 0.03601934523809523
1 0.6615608465608466 0.8996651785714286 0.13742063492063492 0.07284722222222223
1 0.4316887125220459 0.6894196428571429 0.07626543209876543 0.036827876984126984
1 0.12986772486772488 0.5473685515873016 0.05540123456790124 0.027115575396825395
1 0.036331569664903 0.9530877976190476 0.05971781305114638 0.03156746031746032
1 0.5727072310405644 0.9905059523809523 0.058999118165784833 0.018988095238095238