1 0.9567592592592592 0.2743725198412698 0.08648148148148148 0.05615079365079365
1 0.703258377425044 0.1462078373015873 0.08695326278659612 0.061510416666666665
1 0.6161463844797178 0.22739335317460319 0.06656084656084657 0.03926587301587301
1 0.8268430335097001 0.2678224206349206 0.0853747795414462 0.052559523809523806
1 0.38756613756613756 0.6732242063492063 0.06920634920634922 0.036728670634920635
1 0.41852733686067023 0.2014732142857143 0.055101410934744265 0.030054563492063494
1 0.17518959435626102 0.5034871031746032 0.0507363315696649 0.02994047619047619
1 0.45526455026455026 0.21838045634920636 0.05254409171075838 0.03328373015873016
1 0.4648721340388007 0.5313293650793651 0.05734567901234568 0.03353422619047619
1 0.9601984126984127 0.7032589285714286 0.04150793650793651 0.0294171626984127
1 0.47750440917107584 0.019375 0.05538800705467372 0.03874751984126984
1 0.07924162257495591 0.23282490079365079 0.03882275132275132 0.026019345238095237
1 0.9747045855379189 0.5071577380952381 0.05059082892416226 0.03933531746031746
1 0.1675573192239859 0.18374255952380952 0.039431216931216935 0.02492559523809524
1 0.1495326278659612 0.24137400793650796 0.03837301587301587 0.022998511904761907
1 0.11936507936507938 0.2394097222222222 0.03687389770723104 0.019965277777777776
1 0.2347883597883598 0.3349131944444444 0.045568783068783064 0.025796130952380952
1 0.053985890652557315 0.36789186507936505 0.04925485008818342 0.0264484126984127
1 0.14065696649029982 0.3857837301587302 0.044581128747795414 0.026453373015873013
1 0.08720899470899471 0.3749231150793651 0.04015873015873016 0.025307539682539685
1 0.06671075837742504 0.29244295634920636 0.03970899470899471 0.022261904761904764
1 0.3027689594356261 0.12012896825396825 0.03402116402116402 0.022041170634920636
1 0.4973544973544973 0.1754265873015873 0.05479276895943563 0.02886904761904762
1 0.5049955908289241 0.18690724206349207 0.05064373897707231 0.026783234126984124
1 0.3908509700176367 0.22975198412698414 0.043373015873015876 0.026592261904761903
1 0.2760493827160494 0.2312921626984127 0.03620811287477954 0.022517361111111113
1 0.610216049382716 0.549982638888889 0.05966931216931218 0.029627976190476187
1 0.6945414462081129 0.4859920634920635 0.05164021164021164 0.02638640873015873
1 0.37168430335097 0.7929315476190476 0.05963403880070547 0.03027281746031746
1 0.3812257495590829 0.8126612103174603 0.05574955908289241 0.028075396825396826
1 0.9642151675485009 0.34891617063492064 0.0715652557319224 0.05112103174603175
1 0.13588183421516756 0.48690724206349206 0.06037477954144621 0.027420634920634922
1 0.09891093474426808 0.5341989087301587 0.053042328042328044 0.026284722222222223
1 0.5225749559082893 0.5818080357142857 0.044947089947089944 0.02936755952380952
1 0.09024250440917107 0.8031845238095239 0.037530864197530864 0.01851190476190476