1 0.5843165784832451 0.19708085317460317 0.0712389770723104 0.04075892857142857
1 0.6540255731922399 0.5422271825396826 0.08631834215167548 0.050042162698412704
1 0.3979365079365079 0.42993551587301587 0.06514550264550265 0.040287698412698414
1 0.4972442680776014 0.33508680555555553 0.0750220458553792 0.04467261904761905
1 0.7557142857142858 0.24002976190476188 0.058655202821869486 0.03526289682539683
1 0.43373015873015874 0.46174603174603174 0.051499118165784834 0.03253472222222222
1 0.8306128747795414 0.008028273809523808 0.05709435626102293 0.016059027777777776
1 0.502310405643739 0.009176587301587302 0.04214285714285714 0.018353174603174604
1 0.43943562610229275 0.015101686507936508 0.04690035273368607 0.02867559523809524
1 0.1631305114638448 0.007646329365079365 0.05437830687830688 0.01529265873015873
1 0.10977513227513228 0.14930307539682539 0.048258377425044095 0.026381448412698415
1 0.16075396825396823 0.1575248015873016 0.04417989417989418 0.027527281746031744
1 0.18624338624338624 0.2139186507936508 0.047579365079365075 0.02791170634920635
1 0.09652116402116402 0.21984623015873014 0.04622134038800706 0.028293650793650794
1 0.07850529100529101 0.24183035714285714 0.03194444444444445 0.01873511904761905
1 0.2032363315696649 0.345062003968254 0.040784832451499116 0.025617559523809525
1 0.40341269841269844 0.4630133928571428 0.05641534391534392 0.03364583333333333
1 0.16788800705467372 0.5475099206349207 0.06525132275132275 0.03058779761904762
1 0.509104938271605 0.6071552579365079 0.07205026455026455 0.03899801587301587
1 0.36194885361552026 0.6367857142857143 0.06865079365079364 0.034027777777777775
1 0.37792328042328044 0.6627852182539682 0.06525132275132275 0.0325
1 0.38403880070546736 0.7237698412698412 0.0489373897707231 0.025999503968253967
1 0.2824206349206349 0.7438417658730159 0.052336860670194 0.03326388888888889
1 0.6243165784832452 0.7275917658730159 0.052336860670194 0.0321155753968254
1 0.7707980599647266 0.743077876984127 0.053015873015873016 0.030205853174603177
1 0.7898280423280423 0.6897395833333334 0.059814814814814814 0.034409722222222223
1 0.677336860670194 0.6639335317460318 0.07137125220458554 0.034791666666666665
1 0.5927116402116402 0.6941369047619048 0.053015873015873016 0.0325
1 0.6545634920634921 0.5109970238095238 0.0625352733686067 0.02867559523809524
1 0.7293342151675486 0.17702380952380953 0.053015873015873016 0.03135168650793651
1 0.8003659611992946 0.24450644841269842 0.057777777777777775 0.03708581349206349
1 0.9383465608465609 0.16880208333333332 0.041463844797178136 0.034027777777777775
1 0.9747089947089946 0.16249503968253967 0.04622134038800706 0.03135168650793651
1 0.9764109347442681 0.20627232142857144 0.03466490299823633 0.024087301587301588
1 0.9904144620811288 0.2087574404761905 0.019171075837742503 0.025999503968253967
1 0.3758818342151676 0.36819196428571427 0.05437830687830688 0.028293650793650794
1 0.10195767195767196 0.4375868055555555 0.047579365079365075 0.025617559523809525
1 0.15871252204585537 0.45421875 0.04962081128747796 0.026763392857142857
1 0.12744708994708995 0.5947296626984127 0.05369929453262787 0.03326388888888889
1 0.34903439153439153 0.6794171626984127 0.045542328042328044 0.022175099206349205
1 0.5818959435626102 0.73078125 0.04938712522045856 0.028759920634920635
1 0.5972927689594356 0.624563492063492 0.052292768959435625 0.03072172619047619
1 0.4991005291005291 0.4725892857142857 0.047645502645502644 0.028107638888888887
1 0.4270502645502645 0.49072916666666666 0.04880511463844797 0.02451140873015873
1 0.2873148148148148 0.4884399801587302 0.029634038800705465 0.025166170634920635
1 0.2263095238095238 0.18808779761904762 0.036604938271604937 0.01732142857142857
1 0.33496031746031746 0.22992063492063491 0.0458994708994709 0.02581845238095238
1 0.3718562610229277 0.21864583333333334 0.046481481481481485 0.02549355158730159
1 0.4401234567901235 0.2340079365079365 0.03892857142857143 0.018301091269841273
1 0.26059082892416224 0.07582341269841271 0.030793650793650797 0.018955853174603177
1 0.40186948853615523 0.08532986111111111 0.04634038800705467 0.03217757936507937