1 0.06069664902998236 0.27623511904761905 0.08618606701940035 0.050037202380952384
1 0.17199294532627865 0.37809275793650793 0.07355379188712521 0.03999255952380952
1 0.05133597883597884 0.3425843253968254 0.07342592592592592 0.04576140873015873
1 0.5647795414462081 0.3566493055555556 0.04732804232804233 0.02740079365079365
1 0.02130952380952381 0.3844345238095238 0.04261463844797178 0.036589781746031745
1 0.2191931216931217 0.36089037698412696 0.05772486772486772 0.0353844246031746
1 0.06498236331569665 0.3921056547619048 0.06670194003527337 0.03581349206349207
1 0.2567636684303351 0.38373511904761903 0.04859347442680776 0.028955853174603176
1 0.18025573192239858 0.41094246031746035 0.06430335097001764 0.03779265873015873
1 0.6817063492063492 0.6960441468253967 0.046291887125220456 0.03105902777777778
1 0.3361463844797178 0.3334077380952381 0.049034391534391535 0.029573412698412696
1 0.2279541446208113 0.40464781746031747 0.0424294532627866 0.027115575396825395
1 0.23528659611992944 0.18554563492063492 0.06328924162257495 0.03759920634920635
1 0.315489417989418 0.1310515873015873 0.04471781305114639 0.024032738095238097
1 0.36971340388007057 0.1486954365079365 0.04096560846560846 0.023668154761904765
1 0.3913492063492064 0.1184920634920635 0.01978395061728395 0.012212301587301588
1 0.29421516754850086 0.18834573412698413 0.05826278659611992 0.032862103174603176
1 0.3365299823633157 0.2146031746031746 0.05098765432098765 0.02736111111111111
1 0.3818606701940035 0.22989583333333335 0.036609347442680774 0.022291666666666664
1 0.007270723104056437 0.33372271825396826 0.014541446208112874 0.03414186507936508
1 0.11838183421516756 0.35140128968253964 0.07042328042328043 0.03505208333333334
1 0.6174559082892417 0.3839012896825397 0.04362433862433862 0.023901289682539684
1 0.6643077601410935 0.3931175595238095 0.04650352733686067 0.023601190476190477
1 0.6826631393298059 0.37584077380952385 0.03665784832451499 0.019871031746031748
1 0.8478659611992946 0.3504563492063492 0.04360229276895944 0.022284226190476188
1 0.7631128747795415 0.2476934523809524 0.04120370370370371 0.021626984126984126
1 0.4864991181657849 0.2618526785714286 0.03944444444444444 0.022752976190476188
1 0.12135361552028219 0.38302827380952376 0.055846560846560846 0.030620039682539683
1 0.13860670194003527 0.3995982142857143 0.04072310405643739 0.019642857142857142
1 0.8160978835978836 0.6873239087301587 0.050793650793650794 0.02822668650793651
1 0.8835097001763669 0.7129265873015873 0.06636243386243386 0.03410714285714286
1 0.9499426807760141 0.7044990079365079 0.05217813051146385 0.028127480158730157
1 0.6939726631393298 0.5752827380952381 0.049356261022927686 0.027142857142857142
1 0.6341137566137567 0.5488392857142858 0.05211199294532628 0.02562748015873016
1 0.23371252204585535 0.8693501984126983 0.04819223985890653 0.03027777777777778
1 0.8274426807760141 0.8776884920634921 0.049850088183421515 0.02640873015873016
1 0.94168430335097 0.8843700396825397 0.0461331569664903 0.026478174603174604
1 0.959074074074074 0.8517162698412698 0.056340388007054674 0.024625496031746033
1 0.8171119929453263 0.5988492063492064 0.056040564373897706 0.032643849206349204
1 0.9559656084656085 0.3729017857142857 0.04904761904761905 0.02547123015873016
1 0.9175 0.3453174603174603 0.04839506172839506 0.022881944444444444
1 0.8779012345679013 0.4668154761904762 0.04670634920634921 0.024918154761904763
1 0.5843298059964727 0.4672321428571429 0.041829805996472666 0.025535714285714283
1 0.5162169312169312 0.4243774801587301 0.039025573192239864 0.023313492063492064
1 0.3022795414462081 0.6205753968253968 0.051556437389770726 0.029446924603174603
1 0.5499779541446208 0.6755605158730159 0.01905643738977072 0.012943948412698412
1 0.5710185185185185 0.6719444444444445 0.021269841269841272 0.012562003968253969
1 0.589510582010582 0.6793154761904762 0.018174603174603173 0.012356150793650794
2 0.5741754850088183 0.7079265873015873 0.019118165784832452 0.00959077380952381
2 0.5463932980599647 0.7896850198412699 0.025074955908289242 0.014112103174603175
2 0.4766622574955908 0.795094246031746 0.021477072310405645 0.011949404761904762
1 0.3026234567901235 0.45480406746031743 0.04766754850088183 0.02575892857142857
1 0.6793518518518519 0.29735863095238096 0.04369047619047619 0.022862103174603177
1 0.4945634920634921 0.5854637896825398 0.043699294532627865 0.02230902777777778
1 0.5361640211640212 0.6184424603174603 0.03355820105820106 0.016862599206349204
1 0.5967636684303351 0.600890376984127 0.03199294532627866 0.01771577380952381
1 0.43366402116402114 0.6049231150793651 0.03718694885361552 0.020027281746031748
1 0.44821869488536153 0.6410044642857143 0.01777336860670194 0.01027529761904762
1 0.4372310405643739 0.4346825396825397 0.03005731922398589 0.016066468253968253