1 0.6355026455026455 0.4853720238095238 0.08689594356261024 0.04389136904761905
1 0.3208333333333333 0.4101785714285714 0.07267636684303351 0.044126984126984126
1 0.9717636684303351 0.31391617063492067 0.05647707231040564 0.035066964285714285
1 0.3990299823633157 0.17666170634920633 0.06106701940035273 0.0392906746031746
1 0.4114329805996473 0.31065724206349205 0.06988536155202822 0.04161458333333333
1 0.3573148148148148 0.6123859126984127 0.0703042328042328 0.04031746031746032
1 0.2470546737213404 0.7375967261904761 0.057160493827160486 0.03890376984126984
1 0.3138492063492063 0.4402405753968254 0.05805555555555555 0.033407738095238095
1 0.558231922398589 0.6450446428571429 0.0437037037037037 0.03141121031746032
1 0.5203791887125221 0.006897321428571428 0.04691358024691358 0.013797123015873016
1 0.5874470899470899 0.007375992063492063 0.04985449735449735 0.014751984126984126
1 0.9330555555555556 0.07773561507936508 0.040396825396825396 0.022199900793650796
1 0.6889594356261023 0.1457886904761905 0.04612433862433862 0.02756448412698413
1 0.7229850088183422 0.16081845238095238 0.052504409171075836 0.030962301587301587
1 0.7062433862433862 0.18509672619047618 0.04552469135802469 0.024466765873015873
1 0.6792328042328042 0.18397321428571428 0.04349206349206349 0.0248015873015873
1 0.6559126984126984 0.1522643849206349 0.05105379188712522 0.028953373015873016
1 0.48053791887125213 0.16187003968253968 0.046746031746031744 0.027904265873015876
1 0.5224206349206348 0.2184325396825397 0.05910493827160494 0.03522569444444444
1 0.5609435626102293 0.22086805555555555 0.047813051146384476 0.03321924603174603
1 0.713721340388007 0.27372519841269843 0.039069664902998236 0.020228174603174602
1 0.7788800705467372 0.27126240079365077 0.023293650793650793 0.012725694444444446
1 0.9448015873015873 0.2482217261904762 0.037892416225749556 0.02169146825396825
1 0.8702998236331569 0.12643849206349206 0.03618606701940035 0.021547619047619048
1 0.2797574955908289 0.017765376984126984 0.039713403880070546 0.026125992063492063
1 0.3157319223985891 0.03857886904761905 0.04591269841269841 0.025605158730158728
1 0.13928571428571426 0.07580605158730158 0.052372134038800706 0.030384424603174604
1 0.19246031746031747 0.22514136904761906 0.05779100529100529 0.029722222222222223
1 0.27677689594356264 0.3478050595238095 0.05952821869488536 0.03420138888888889
1 0.1598015873015873 0.3879191468253968 0.0564594356261023 0.033578869047619045
1 0.03687830687830688 0.45456349206349206 0.06986772486772487 0.04041914682539682
1 0.09769400352733686 0.5481125992063491 0.07011904761904762 0.03398561507936508
1 0.07369488536155203 0.6032341269841269 0.06034391534391535 0.0349875992063492
1 0.08359347442680776 0.6281051587301587 0.05561728395061728 0.03302331349206349
1 0.17660493827160495 0.730079365079365 0.0495326278659612 0.02546875
1 0.44769400352733685 0.7205208333333333 0.05105820105820106 0.02709077380952381
1 0.5495855379188712 0.6801860119047619 0.057923280423280425 0.03319940476190476
1 0.5936772486772487 0.6679985119047619 0.06083774250440917 0.03463045634920635
1 0.3644488536155203 0.6336359126984127 0.06615961199294533 0.03644097222222222
1 0.6830423280423281 0.676624503968254 0.052698412698412696 0.026939484126984128
1 0.6654541446208113 0.6602802579365079 0.057226631393298054 0.02521577380952381
1 0.6359347442680776 0.6438169642857142 0.051710758377425045 0.02755456349206349
1 0.6600617283950617 0.5989657738095239 0.06631834215167548 0.03504960317460317
1 0.5100485008818342 0.5622147817460317 0.06855820105820107 0.04068204365079365
1 0.613126102292769 0.45193204365079365 0.06165343915343916 0.03430059523809524
1 0.3695855379188713 0.4341319444444445 0.06964285714285713 0.03740327380952381
1 0.9165608465608467 0.47371031746031744 0.04257936507936508 0.025384424603174603
1 0.9747795414462082 0.39172371031746034 0.05044091710758378 0.02398561507936508
1 0.24237213403880073 0.3795138888888889 0.06586860670194003 0.03311011904761905