1 0.5016005291005291 0.5081646825396826 0.05006172839506173 0.02761904761904762
1 0.5291181657848324 0.3821899801587302 0.04261463844797178 0.03122767857142857
1 0.37295855379188714 0.5932093253968255 0.05013227513227513 0.03412450396825397
1 0.5960670194003528 0.5412301587301587 0.055652557319223986 0.029149305555555557
1 0.5750396825396825 0.5936805555555555 0.049841269841269846 0.028625992063492065
1 0.327010582010582 0.593343253968254 0.054171075837742506 0.03671875
1 0.8709126984126985 0.5446279761904762 0.05832892416225749 0.03418650793650794
1 0.5091490299823633 0.20528769841269842 0.047707231040564374 0.030808531746031747
1 0.9556701940035274 0.580952380952381 0.059043209876543205 0.0353844246031746
1 0.31961640211640213 0.26338045634920637 0.04679012345679012 0.027658730158730157
1 0.7474691358024691 0.6186359126984128 0.03989858906525573 0.03011656746031746
1 0.8311640211640211 0.3447842261904762 0.04882275132275132 0.03363839285714285
1 0.4471649029982363 0.19169642857142857 0.04126102292768959 0.030463789682539683
1 0.34200617283950613 0.24164930555555555 0.04011904761904762 0.03126736111111111
1 0.9001543209876544 0.2596329365079365 0.04944885361552028 0.02666418650793651
1 0.6613095238095238 0.11074156746031746 0.038880070546737214 0.02345982142857143
1 0.5676455026455027 0.21154017857142857 0.045242504409171075 0.026242559523809526
1 0.5224029982363315 0.22545882936507936 0.035343915343915344 0.02306299603174603
1 0.42201940035273366 0.26581845238095236 0.03675925925925926 0.021870039682539685
1 0.3887962962962963 0.27456597222222223 0.043827160493827164 0.02425595238095238
1 0.655299823633157 0.4133407738095238 0.050895061728395065 0.02982142857142857
1 0.7949118165784832 0.3890848214285714 0.05725749559082893 0.030617559523809526
1 0.9799867724867726 0.461453373015873 0.04002645502645503 0.025845734126984127
1 0.9157936507936508 0.5366071428571428 0.038880070546737214 0.02664186507936508
1 0.8949382716049383 0.579749503968254 0.050895061728395065 0.029424603174603176
1 0.39445326278659615 0.442765376984127 0.045242504409171075 0.027435515873015875
1 0.30856261022927695 0.48213045634920637 0.055846560846560846 0.02345982142857143
1 0.28028659611992945 0.47676339285714286 0.036053791887125215 0.028628472222222225
1 0.27215608465608465 0.5258705357142857 0.039585537918871254 0.025052083333333336
1 0.299726631393298 0.53859375 0.03675925925925926 0.020280257936507937
1 0.17849206349206348 0.36960069444444443 0.030396825396825394 0.016302083333333335
1 0.22055555555555556 0.3680084325396825 0.02827601410934744 0.01550843253968254
1 0.2106569664902998 0.36999751984126983 0.02261904761904762 0.013916170634920635
1 0.5927380952380952 0.6759771825396825 0.038880070546737214 0.02544890873015873
1 0.5899118165784832 0.6435689484126984 0.04453703703703704 0.027435515873015875
1 0.5224029982363315 0.39922371031746035 0.041000881834215165 0.01988095238095238