1 0.5045855379188713 0.5371155753968254 0.06992945326278659 0.03529265873015873
1 0.9693871252204587 0.023683035714285712 0.06123015873015873 0.04736855158730159
1 0.11082451499118165 0.9075099206349206 0.04547178130511464 0.030265376984126985
1 0.5596649029982363 0.4709970238095238 0.07227954144620811 0.03968253968253968
1 0.9191225749559083 0.038794642857142854 0.09386243386243386 0.06129464285714285
1 0.471657848324515 0.3514608134920635 0.07376984126984128 0.047378472222222225
1 0.5180335097001764 0.12012400793650793 0.08074955908289241 0.057539682539682536
1 0.0192989417989418 0.45254464285714285 0.0385978835978836 0.02935267857142857
1 0.803937389770723 0.5448487103174603 0.06623015873015874 0.03835813492063492
1 0.9796384479717813 0.29028273809523814 0.04071869488536155 0.043370535714285716
1 0.3359435626102293 0.3139186507936508 0.0685846560846561 0.04542162698412698
1 0.08629188712522046 0.10259672619047619 0.047297178130511465 0.028244047619047617
1 0.20601851851851852 0.07371775793650794 0.046635802469135804 0.02748263888888889
1 0.8131393298059965 0.21713045634920636 0.08492063492063492 0.0482266865079365
1 0.5836287477954145 0.23100942460317458 0.06977513227513228 0.0452827380952381
1 0.46170634920634923 0.24447420634920636 0.07214285714285715 0.05453621031746032
1 0.5967680776014109 0.3446626984126984 0.08318783068783069 0.05023561507936508
1 0.41939153439153437 0.3425421626984127 0.06393298059964726 0.050342261904761904
1 0.7527998236331569 0.5290054563492063 0.06844356261022927 0.04120287698412698
1 0.5790608465608466 0.6635292658730159 0.06549382716049382 0.035071924603174605
1 0.5367989417989418 0.6991964285714285 0.06916225749559084 0.029910714285714284
1 0.48841710758377427 0.7347321428571428 0.07720899470899471 0.031207837301587302
1 0.2991005291005291 0.9084771825396826 0.06078924162257496 0.03074652777777778
1 0.6727733686067019 0.9424131944444444 0.07598765432098765 0.04145337301587301
1 0.7302028218694885 0.9283531746031746 0.07378306878306878 0.045791170634920636