2 0.7910141093474427 0.8032465277777778 0.08677689594356261 0.05375744047619048
1 0.42423280423280424 0.21980406746031747 0.09151234567901236 0.05876736111111111
1 0.8935714285714286 0.36296875 0.10136684303350971 0.06830357142857142
1 0.8319135802469135 0.20940972222222223 0.1240652557319224 0.07776289682539683
1 0.3351499118165785 0.6863715277777778 0.10445767195767196 0.06683035714285714
1 0.6860714285714286 0.5831746031746032 0.09324955908289242 0.06468998015873015
1 0.45156966490299827 0.6819866071428572 0.10922839506172839 0.06777281746031746
1 0.738615520282187 0.7311830357142858 0.0918562610229277 0.056850198412698415
1 0.5732716049382717 0.7534945436507937 0.09648589065255732 0.06387896825396826
1 0.06310405643738977 0.8801785714285715 0.08524250440917108 0.05514880952380953
1 0.3127954144620811 0.7709002976190477 0.07945326278659612 0.0670858134920635
1 0.25845238095238093 0.627264384920635 0.08076278659611992 0.04827380952380952
1 0.664836860670194 0.7367063492063493 0.06267195767195767 0.04837549603174603
1 0.9761331569664903 0.7654340277777778 0.04773809523809524 0.038531746031746035
1 0.9663227513227512 0.3182465277777778 0.06735449735449735 0.08888888888888888
1 0.3093165784832451 0.5898313492063492 0.06999999999999999 0.05120535714285714
1 0.40071869488536155 0.7333209325396826 0.09818783068783069 0.05427083333333333
1 0.6862257495590829 0.10952628968253969 0.11318783068783068 0.07083333333333335
1 0.8997795414462081 0.6313194444444444 0.10714285714285714 0.06037450396825397
1 0.8298192239858906 0.7006597222222222 0.10339506172839506 0.04677579365079365
1 0.4927513227513227 0.2261483134920635 0.0830731922398589 0.04586061507936508