1 0.7535361552028219 0.24320436507936508 0.05346119929453263 0.026304563492063494
1 0.7286199294532628 0.21422123015873015 0.04519400352733686 0.026423611111111113
1 0.7888183421516755 0.22746527777777778 0.06775132275132276 0.031790674603174605
1 0.32172398589065254 0.027946428571428573 0.04071428571428572 0.029285714285714286
1 0.9572839506172839 0.3834077380952381 0.05772045855379188 0.033926091269841266
1 0.8686904761904762 0.1614955357142857 0.06867724867724867 0.04423859126984127
1 0.23126984126984126 0.03988343253968254 0.051587301587301584 0.02977926587301587
1 0.45137125220458557 0.3225024801587301 0.03993827160493827 0.0259796626984127
1 0.5287962962962963 0.6444295634920635 0.035485008818342156 0.02546378968253968
1 0.8404012345679012 0.11852678571428571 0.06378747795414462 0.03799107142857143
1 0.1618915343915344 0.6878695436507936 0.03774691358024691 0.03612351190476191
1 0.8884171075837742 0.780610119047619 0.05613756613756613 0.03000248015873016
1 0.42744708994708996 0.0525719246031746 0.04952380952380952 0.029766865079365077
1 0.9887257495590828 0.4106374007936508 0.022544091710758378 0.035354662698412705
1 0.15468253968253967 0.6275372023809523 0.03801587301587302 0.019188988095238096
1 0.1289594356261023 0.1702703373015873 0.03492063492063492 0.025617559523809525
1 0.10289241622574956 0.03791666666666667 0.0530026455026455 0.03062251984126984
1 0.24097883597883596 0.17387896825396826 0.050343915343915344 0.02947420634920635
1 0.1909479717813051 0.20751488095238096 0.06014550264550264 0.04016617063492063
1 0.8803615520282188 0.41574652777777776 0.07108024691358025 0.041738591269841266
1 0.9726984126984126 0.4423511904761905 0.05459876543209877 0.03158234126984127
1 0.7699294532627866 0.20927579365079363 0.06126984126984127 0.03463789682539682
1 0.7465035273368607 0.0958953373015873 0.0799647266313933 0.04625
1 0.6507539682539683 0.03255456349206349 0.07969135802469136 0.04404017857142857
1 0.33269841269841266 0.37798363095238097 0.045264550264550264 0.026560019841269843
1 0.2602865961199295 0.4186160714285714 0.03452380952380952 0.024092261904761905
1 0.21040564373897708 0.49882440476190476 0.03870811287477954 0.024588293650793652
1 0.1091225749559083 0.6660416666666666 0.0373015873015873 0.021827876984126984
1 0.02076278659611993 0.4415625 0.04152116402116402 0.02623263888888889
1 0.33362874779541446 0.047904265873015876 0.05204585537918872 0.02570188492063492
1 0.802742504409171 0.5762822420634921 0.07006613756613757 0.039950396825396826
1 0.9282760141093475 0.5895411706349207 0.06777336860670194 0.04006448412698412
1 0.9214550264550265 0.4980481150793651 0.06207671957671957 0.0411359126984127