2 0.31837301587301586 0.35230406746031745 0.023111772486772486 0.016654265873015873
2 0.37955357142857143 0.3249429563492064 0.024017857142857143 0.015634920634920633
2 0.4128637566137566 0.3035292658730159 0.019034391534391536 0.013596230158730158
2 0.31565145502645503 0.29316220238095236 0.023111772486772486 0.016654265873015873
2 0.23203703703703701 0.30828869047619045 0.022658730158730156 0.016994047619047617
2 0.1665509259259259 0.4156969246031746 0.024927248677248676 0.016994047619047617
2 0.18875661375661373 0.46786954365079364 0.02673941798941799 0.020734126984126983
2 0.2515244708994709 0.47381944444444446 0.022658730158730156 0.017673611111111112
2 0.20167328042328042 0.5005009920634921 0.023564814814814816 0.017333829365079365
2 0.30545634920634923 0.5259920634920635 0.023564814814814816 0.019375
2 0.48310846560846565 0.46141121031746035 0.01994047619047619 0.01597470238095238
2 0.34012566137566136 0.3830654761904762 0.018581349206349206 0.012916666666666667
2 0.37615410052910053 0.41892609126984126 0.01812830687830688 0.014615575396825396
2 0.3192791005291005 0.4277628968253968 0.02039351851851852 0.01597470238095238
2 0.46566137566137566 0.35332341269841266 0.01586309523809524 0.013256448412698414
2 0.5146064814814815 0.32375248015873015 0.014047619047619047 0.010535714285714285
2 0.3976818783068783 0.4979513888888889 0.02039351851851852 0.015634920634920633
2 0.38000661375661376 0.5072991071428572 0.02039351851851852 0.01597470238095238
2 0.35576058201058197 0.5137574404761904 0.022658730158730156 0.01597470238095238
2 0.37343584656084655 0.523953373015873 0.020846560846560846 0.01597470238095238
2 0.412635582010582 0.4760267857142857 0.013141534391534392 0.014615575396825396
2 0.46928571428571425 0.484015376984127 0.017675264550264552 0.01019593253968254
2 0.4806150793650794 0.49132440476190475 0.01586309523809524 0.013256448412698414
2 0.48265542328042327 0.5069593253968254 0.01631613756613757 0.01257688492063492
2 0.6258664021164021 0.5290525793650793 0.01812830687830688 0.013936011904761904
2 0.6143088624338625 0.5256522817460317 0.010423280423280423 0.010535714285714285
2 0.5186838624338624 0.47823660714285715 0.017675264550264552 0.012916666666666667
2 0.5155125661375661 0.5530158730158731 0.016769179894179895 0.013596230158730158
2 0.5377182539682539 0.5480853174603175 0.01586309523809524 0.011217757936507936
2 0.5535813492063492 0.5377182539682539 0.01586309523809524 0.01087797619047619
2 0.5676289682539682 0.5598139880952381 0.018581349206349206 0.014955357142857142
2 0.5955026455026455 0.5620213293650794 0.01631613756613757 0.01257688492063492
2 0.5551686507936507 0.5798660714285714 0.00906415343915344 0.013596230158730158
2 0.35666666666666663 0.5825868055555555 0.022658730158730156 0.018355654761904764
2 0.3763822751322752 0.574937996031746 0.017675264550264552 0.014615575396825396
2 0.4241931216931217 0.5813963293650793 0.017222222222222222 0.013936011904761904
2 0.34012566137566136 0.6096081349206349 0.017675264550264552 0.013936011904761904
2 0.3548544973544973 0.6471676587301588 0.021752645502645503 0.014275793650793652
2 0.14162367724867725 0.6089285714285714 0.028551587301587304 0.02005456349206349
2 0.1321064814814815 0.6279613095238096 0.028551587301587304 0.018013392857142856
2 0.18649140211640214 0.6356101190476191 0.024017857142857143 0.015634920634920633
2 0.151140873015873 0.6447867063492064 0.024927248677248676 0.017673611111111112
2 0.03602843915343915 0.6216741071428572 0.029457671957671957 0.017673611111111112
2 0.01812830687830688 0.602470238095238 0.02719246031746032 0.018013392857142856
2 0.007476851851851852 0.6194642857142857 0.014953703703703703 0.02005456349206349
2 0.013141534391534392 0.6594022817460318 0.022658730158730156 0.01631448412698413
2 0.16564484126984128 0.6655208333333333 0.023111772486772486 0.01631448412698413
2 0.24132936507936506 0.7003621031746032 0.024927248677248676 0.02005456349206349
2 0.23543650793650794 0.7312921626984127 0.024017857142857143 0.02141369047619048
2 0.29707010582010585 0.7392782738095238 0.024927248677248676 0.016994047619047617
2 0.43257605820105816 0.6582142857142858 0.01586309523809524 0.010535714285714285
2 0.45410383597883597 0.6655208333333333 0.017222222222222222 0.013596230158730158
2 0.18875661375661373 0.772249503968254 0.027645502645502643 0.0237921626984127
2 0.03101190476190476 0.4208382936507936 0.03283399470899471 0.018606150793650793
2 0.04779431216931217 0.49718005952380956 0.025539021164021167 0.014776785714285715
2 0.06822420634920635 0.4982738095238095 0.024080687830687827 0.015870535714285715
2 0.027728174603174602 0.48213045634920637 0.02042989417989418 0.013134920634920635
2 0.2575727513227513 0.3524305555555556 0.024808201058201057 0.016418650793650794
2 0.22254960317460318 0.3817088293650793 0.023349867724867725 0.011493055555555557
2 0.2728968253968254 0.2758159722222222 0.023349867724867725 0.016418650793650794
2 0.2944212962962963 0.2952430555555556 0.012404100529100529 0.008209325396825397
2 0.3139318783068783 0.5725322420634921 0.017255291005291006 0.012767857142857142
2 0.3277380952380953 0.5402653769841269 0.023237433862433862 0.013804563492063491
2 0.24260912698412698 0.5713244047619047 0.02093584656084656 0.014838789682539683
2 0.568693783068783 0.6196155753968254 0.014857804232804233 0.011475694444444445
2 0.5460747354497354 0.6124652777777778 0.012638888888888889 0.011143353174603174
2 0.5548346560846561 0.6131299603174603 0.011087962962962963 0.011475694444444445
2 0.5474074074074073 0.6259375 0.012638888888888889 0.009811507936507938
2 0.4475727513227513 0.691483134920635 0.015026455026455025 0.013774801587301587
2 0.4617625661375661 0.6961334325396825 0.015264550264550264 0.01126984126984127
2 0.07624007936507937 0.4056175595238095 0.0216005291005291 0.012626488095238095
2 0.05384259259259259 0.3391468253968254 0.016200396825396826 0.014057539682539682
2 0.07544642857142857 0.3222296626984127 0.021283068783068782 0.01072172619047619
2 0.13183201058201058 0.3578497023809524 0.018425925925925925 0.011436011904761905
2 0.21410714285714286 0.3480803571428572 0.014613095238095238 0.008100198412698411
2 0.19329695767195768 0.36082589285714284 0.011117724867724867 0.011197916666666667