1 0.3337125220458554 0.26181547619047624 0.06035714285714285 0.03333333333333333
1 0.08925044091710758 0.3493650793650794 0.06838624338624338 0.0407514880952381
1 0.15455467372134038 0.44483382936507937 0.06088624338624339 0.03684275793650794
1 0.39163139329805996 0.2302281746031746 0.04799823633156967 0.035793650793650794
1 0.2834435626102293 0.2944047619047619 0.05855820105820106 0.03621279761904762
1 0.20472222222222222 0.31813988095238094 0.059550264550264555 0.03244791666666667
1 0.11851410934744269 0.4669494047619048 0.06329805996472664 0.035828373015873015
1 0.5804188712522046 0.9357762896825397 0.045736331569664904 0.03129464285714286
1 0.012808641975308642 0.5035094246031746 0.025612874779541446 0.046302083333333334
1 0.788042328042328 0.7972420634920635 0.03275132275132275 0.0329389880952381
1 0.6051675485008818 0.42034226190476187 0.05035714285714286 0.028799603174603176
1 0.2604497354497355 0.35883432539682536 0.043139329805996475 0.03139632936507936
1 0.03158289241622575 0.14576140873015875 0.03345679012345679 0.02326388888888889
1 0.3176851851851852 0.15318948412698413 0.040612874779541445 0.025989583333333333
1 0.022213403880070547 0.35556299603174607 0.036631393298059964 0.01665922619047619
1 0.03779982363315697 0.3312301587301587 0.038192239858906525 0.019729662698412698
1 0.560405643738977 0.40992559523809524 0.046763668430335095 0.03156746031746032
1 0.3055335097001764 0.4958581349206349 0.04832451499118166 0.029813988095238095
1 0.6278218694885362 0.5065997023809523 0.04754409171075838 0.026743551587301587
1 0.4773941798941799 0.5907762896825397 0.04910493827160494 0.022358630952380953
1 0.4968827160493827 0.6181770833333333 0.03974867724867725 0.023675595238095235
1 0.5436463844797178 0.6280431547619048 0.05689594356261023 0.017976190476190475
1 0.5576763668430335 0.6784623015873016 0.04754409171075838 0.029375
1 0.600542328042328 0.4677976190476191 0.04130952380952381 0.028058035714285712
1 0.044814814814814814 0.6146701388888889 0.04910493827160494 0.01753720238095238