1 0.05022486772486772 0.25958333333333333 0.060044091710758384 0.03406001984126984
1 0.9559215167548502 0.31697916666666665 0.0646957671957672 0.03651289682539682
1 0.9312742504409172 0.546937003968254 0.04357583774250441 0.02575644841269841
1 0.28336860670194003 0.30554067460317463 0.062447089947089945 0.03734623015873016
1 0.04281305114638448 0.5875694444444445 0.06456349206349207 0.036736111111111115
1 0.43774250440917106 0.6337301587301587 0.06249559082892417 0.03666914682539683
1 0.04462962962962963 0.695076884920635 0.045965608465608467 0.027899305555555556
1 0.02162257495590829 0.9008531746031746 0.04324514991181658 0.03035218253968254
1 0.30786596119929455 0.4101661706349206 0.05478835978835979 0.03563492063492064
1 0.935705467372134 0.6338467261904762 0.05217372134038801 0.03167162698412698
1 0.2169753086419753 0.16793650793650794 0.04732363315696649 0.029811507936507938
1 0.4188668430335097 0.22437748015873019 0.06213403880070546 0.03321924603174603
1 0.7724382716049383 0.7492857142857142 0.049034391534391535 0.035520833333333335
1 0.07995590828924162 0.6375843253968253 0.050917107583774254 0.030818452380952384
1 0.4280246913580247 0.8157167658730158 0.05940917107583775 0.03293402777777778
1 0.3767989417989418 0.3960019841269841 0.060515873015873016 0.034494047619047626
1 0.9668298059964726 0.9113368055555556 0.06634038800705468 0.03558779761904762
1 0.4275132275132275 0.25815476190476194 0.06076719576719576 0.03325892857142857
1 0.3744400352733686 0.8023412698412699 0.05458994708994709 0.0344047619047619
1 0.6250176366843033 0.1610714285714286 0.039629629629629626 0.029295634920634923
1 0.6030776014109347 0.307202380952381 0.054365079365079366 0.03125744047619047
1 0.6081746031746031 0.8125471230158731 0.06205026455026454 0.03452380952380952
1 0.44528659611992943 0.2968105158730159 0.0566710758377425 0.03225198412698412
1 0.7448765432098766 0.20591021825396827 0.03954585537918871 0.026803075396825395
1 0.7101190476190476 0.27411954365079366 0.05317460317460317 0.028132440476190478
1 0.971931216931217 0.9319246031746031 0.05613756613756613 0.02630952380952381
1 0.9005599647266314 0.4039236111111111 0.054391534391534394 0.027800099206349207
1 0.4532186948853616 0.7824751984126984 0.056962081128747795 0.03636160714285715
1 0.6364506172839506 0.11131448412698412 0.04045855379188713 0.025416666666666667
1 0.20412698412698413 0.1339955357142857 0.043465608465608464 0.03052827380952381
1 0.3318121693121693 0.8372519841269842 0.05656084656084656 0.030047123015873017
1 0.39182980599647266 0.8528050595238096 0.04964726631393298 0.022976190476190476
1 0.6259215167548501 0.8287673611111112 0.0641005291005291 0.03711805555555556
1 0.4395899470899471 0.6799454365079365 0.06472663139329807 0.038531746031746035
1 0.36889329805996474 0.7313789682539683 0.06535714285714285 0.03252232142857143
1 0.02482363315696649 0.75046875 0.04964726631393298 0.02827876984126984
1 0.045559964726631395 0.6493700396825397 0.05593033509700176 0.026865079365079363
1 0.09929453262786596 0.4650223214285714 0.05027336860670194 0.0215625
1 0.084836860670194 0.44734623015873015 0.042733686067019404 0.022976190476190476
1 0.09929453262786596 0.43267609126984125 0.03645061728395062 0.018382936507936508
1 0.2102116402116402 0.409875992063492 0.04587742504409171 0.025806051587301586
1 0.12317460317460319 0.32839533730158726 0.026393298059964727 0.01413938492063492
1 0.05090388007054674 0.2073239087301587 0.04901675485008818 0.028633432539682542
1 0.020736331569664902 0.20131448412698413 0.028906525573192243 0.01732142857142857
1 0.17376102292768958 0.1846999007936508 0.0421031746031746 0.023683035714285712
1 0.2959920634920635 0.13379712301587302 0.04776014109347442 0.028633432539682542
1 0.19607142857142856 0.19760416666666666 0.035194003527336856 0.016966765873015873
1 0.5929276895943563 0.1161235119047619 0.03833333333333333 0.02226934523809524
1 0.6102116402116402 0.08307043650793651 0.03645061728395062 0.02121031746031746
1 0.598584656084656 0.2248214285714286 0.04964726631393298 0.027571924603174605
1 0.676194885361552 0.15765873015873014 0.0339373897707231 0.02121031746031746
1 0.16622134038800707 0.3105456349206349 0.023253968253968256 0.015200892857142857