2 0.5224454365079365 0.5003406084656085 0.029699900793650792 0.02590939153439153
2 0.542532242063492 0.5912003968253968 0.01916418650793651 0.019487433862433862
2 0.11952876984126984 0.49618055555555557 0.016292162698412698 0.01853174603174603
2 0.3246949404761905 0.482635582010582 0.018521825396825398 0.01880621693121693
2 0.5295709325396826 0.6413194444444444 0.020029761904761904 0.02499338624338624
2 0.5761557539682539 0.7643584656084657 0.010684523809523809 0.02195767195767196
2 0.5519791666666667 0.9651686507936508 0.023506944444444445 0.020142195767195767
2 0.05596478174603175 0.6657308201058201 0.016929563492063492 0.018703703703703705
2 0.11291666666666667 0.7841898148148148 0.015094246031746032 0.017533068783068786
2 0.13949900793650793 0.7844940476190476 0.012041170634920634 0.018138227513227512
2 0.7226165674603175 0.1721957671957672 0.03574900793650793 0.0457473544973545
2 0.8973958333333334 0.36406415343915344 0.013286210317460318 0.03265542328042328