1 0.7392768959435626 0.4715327380952381 0.0757936507936508 0.04626984126984127
1 0.7640079365079365 0.054558531746031744 0.07278659611992946 0.044330357142857144
1 0.07431657848324516 0.556326884920635 0.04847883597883598 0.02773809523809524
1 0.6325132275132275 0.7941145833333333 0.060546737213403874 0.03093998015873016
1 0.7109567901234568 0.5888318452380953 0.051587301587301584 0.03074900793650794
1 0.49532627865961204 0.44408234126984125 0.062292768959435627 0.0369890873015873
1 0.7510670194003528 0.5266220238095238 0.06171516754850088 0.03553819444444444
1 0.46393738977072313 0.4118625992063492 0.06758377425044092 0.036934523809523806
1 0.5945590828924162 0.3355704365079365 0.053858024691358024 0.03608382936507937
1 0.6370546737213404 0.24353670634920635 0.06145943562610229 0.03234871031746032
1 0.3222222222222222 0.3326438492063492 0.045626102292768964 0.027857142857142855
1 0.234673721340388 0.27788690476190475 0.030008818342151678 0.012512400793650794
1 0.8647089947089948 0.2556969246031746 0.05455026455026455 0.030379464285714284
1 0.640299823633157 0.4585342261904762 0.06014109347442681 0.03719246031746032
1 0.5966975308641975 0.4812152777777778 0.06645502645502646 0.0348139880952381
1 0.5621164021164021 0.4355183531746032 0.0660978835978836 0.03890128968253968
1 0.5347707231040564 0.31296875 0.05588624338624339 0.03795882936507937
1 0.41537918871252205 0.3075644841269841 0.059819223985890645 0.03198164682539682
1 0.438015873015873 0.565687003968254 0.05314373897707231 0.02607886904761905
1 0.9229012345679012 0.6430729166666667 0.0656437389770723 0.03279265873015873
1 0.7760802469135802 0.7461135912698412 0.05026455026455026 0.0321875
1 0.6631878306878306 0.7892038690476191 0.044444444444444446 0.027113095238095235
1 0.4504541446208113 0.8866914682539683 0.05090828924162257 0.03595238095238095
1 0.16074074074074074 0.9067683531746032 0.0555379188712522 0.03414186507936508
1 0.30619488536155204 0.7328125 0.05901675485008818 0.031574900793650794
1 0.5857716049382716 0.6968625992063492 0.04242504409171076 0.029776785714285714
1 0.19644620811287478 0.5928174603174603 0.04454585537918871 0.02776041666666667
1 0.025921516754850087 0.5801314484126985 0.05183862433862434 0.02531746031746032
1 0.09342592592592593 0.4856398809523809 0.051049382716049384 0.023588789682539683
1 0.2683862433862434 0.33331597222222226 0.03875661375661376 0.024791666666666667
1 0.7548985890652556 0.32473214285714286 0.04720899470899471 0.026140873015873017
1 0.4804409171075838 0.24664434523809525 0.057918871252204594 0.032710813492063485
1 0.6704541446208112 0.1305580357142857 0.05481040564373898 0.03577380952380953
1 0.7921693121693122 0.5570585317460317 0.026455026455026454 0.015386904761904761
1 0.644647266313933 0.6445188492063492 0.04544091710758377 0.023199404761904765
1 0.37894179894179897 0.4037450396825397 0.0408994708994709 0.02367311507936508
1 0.3517372134038801 0.7838219246031746 0.05862874779541446 0.030171130952380953