1 0.7918253968253968 0.8350595238095239 0.08595679012345679 0.05333085317460318
1 0.22314814814814815 0.27551091269841266 0.05585978835978836 0.03473462301587302
1 0.22162257495590829 0.3130109126984127 0.04978835978835979 0.030225694444444444
1 0.019563492063492064 0.7975520833333334 0.03912698412698413 0.033062996031746034
1 0.7402116402116402 0.4570436507936508 0.06121252204585539 0.03283482142857143
1 0.3834479717813051 0.8824429563492064 0.05921516754850089 0.03881448412698413
1 0.4998544973544974 0.7789360119047619 0.07278218694885362 0.04254960317460318
1 0.9478659611992947 0.3084052579365079 0.04006172839506173 0.02384920634920635
1 0.36160493827160495 0.13734871031746032 0.04837301587301587 0.0294171626984127
1 0.44837301587301587 0.17355902777777776 0.044554673721340386 0.02972718253968254
2 0.25353174603174605 0.19626240079365082 0.02955026455026455 0.015749007936507936
1 0.6665873015873015 0.2570213293650794 0.0430026455026455 0.024853670634920635
1 0.8766269841269841 0.3037996031746032 0.03517636684303351 0.018018353174603177
1 0.8934171075837742 0.3212003968253968 0.038042328042328044 0.02171378968253968
1 0.8322751322751323 0.5198239087301587 0.029611992945326276 0.017390873015873016
1 0.6799514991181659 0.7591021825396825 0.08414021164021164 0.047006448412698416
1 0.28915784832451497 0.7865352182539682 0.08598324514991182 0.04335069444444444
1 0.21761022927689594 0.9053720238095239 0.06114638447971782 0.034126984126984124
1 0.03263227513227514 0.9021279761904762 0.0652689594356261 0.04068204365079365
1 0.16778659611992947 0.9469469246031746 0.07591710758377425 0.042884424603174605
1 0.0690299823633157 0.7504191468253968 0.06308201058201057 0.032467757936507934
1 0.46119929453262787 0.6108878968253968 0.04470017636684303 0.02773313492063492
1 0.4769532627865961 0.5899429563492063 0.033258377425044096 0.01759424603174603
1 0.4410537918871252 0.6014236111111111 0.04341269841269841 0.02154265873015873
2 0.3043121693121693 0.5569122023809523 0.07584656084656086 0.043549107142857146
1 0.16855820105820107 0.5085069444444444 0.054025573192239856 0.028531746031746033
1 0.5224294532627866 0.5535094246031746 0.023641975308641976 0.01306547619047619
1 0.49272486772486773 0.5621651785714286 0.03331128747795414 0.019077380952380953
1 0.8109611992945326 0.6029464285714285 0.02726190476190476 0.01615823412698413
1 0.19001763668430335 0.32171130952380955 0.046552028218694884 0.026537698412698412
1 0.018624338624338627 0.4672321428571429 0.03724426807760141 0.04015128968253968
1 0.7179056437389771 0.2699107142857143 0.03821869488536155 0.02003472222222222
1 0.6038756613756613 0.28172371031746035 0.029237213403880073 0.01783482142857143
1 0.031119929453262786 0.6775124007936508 0.06223985890652557 0.04473214285714286
1 0.9847310405643739 0.6874776785714285 0.02378306878306878 0.012113095238095239
1 0.27600529100529103 0.2300297619047619 0.04906084656084656 0.02523809523809524
1 0.42523809523809525 0.20140376984126981 0.026067019400352734 0.015066964285714286
1 0.8379629629629629 0.597437996031746 0.028818342151675485 0.014243551587301588