1 0.636468253968254 0.18143849206349205 0.057817460317460316 0.03540426587301587
1 0.8786596119929453 0.5385367063492064 0.04077601410934745 0.028219246031746033
1 0.8271913580246913 0.5463715277777778 0.05172839506172839 0.02956845238095238
1 0.3388712522045855 0.6849801587301587 0.04115520282186949 0.026230158730158732
1 0.545273368606702 0.6254563492063493 0.03948412698412698 0.026527777777777775
1 0.46418871252204585 0.21739831349206348 0.04507495590828924 0.031443452380952384
1 0.8348589065255733 0.3965252976190476 0.037843915343915346 0.03396577380952381
1 0.6490035273368607 0.43697668650793653 0.04036596119929453 0.02492311507936508
1 0.6306437389770723 0.517718253968254 0.03746031746031746 0.02435515873015873
1 0.8549250440917108 0.3690104166666666 0.0378042328042328 0.028526785714285713
1 0.6673677248677248 0.5220114087301587 0.04552910052910053 0.027368551587301587
1 0.4459920634920635 0.2665997023809524 0.040873015873015874 0.029739583333333333
1 0.5619708994708994 0.040426587301587304 0.04128747795414462 0.020644841269841268
1 0.508452380952381 0.03720238095238095 0.03517195767195767 0.019352678571428573
1 0.486278659611993 0.15289434523809525 0.047402998236331574 0.02365327380952381
1 0.9132980599647267 0.1610639880952381 0.03899470899470899 0.02279513888888889
1 0.9519091710758377 0.16730158730158728 0.04434744268077601 0.02322420634920635
1 0.6422530864197531 0.1473015873015873 0.03670194003527336 0.02279513888888889
1 0.6556349206349207 0.1989112103174603 0.045110229276895945 0.02623511904761905
1 0.9484700176366844 0.3199801587301587 0.045110229276895945 0.020644841269841268
1 0.8532804232804233 0.6115749007936507 0.047402998236331574 0.029246031746031746
1 0.20490740740740743 0.6343675595238095 0.04281746031746032 0.024945436507936507
1 0.2668386243386244 0.7167286706349206 0.03364197530864197 0.015052083333333332
1 0.8922707231040564 0.9349950396825397 0.04587301587301588 0.02150297619047619
1 0.6957760141093474 0.802313988095238 0.032111992945326275 0.01849454365079365
1 0.670542328042328 0.809625496031746 0.03517195767195767 0.01763392857142857
1 0.8980070546737213 0.6986656746031746 0.04817019400352734 0.01763392857142857
1 0.17661816578483244 0.48642113095238093 0.050462962962962966 0.02666418650793651
1 0.2756349206349206 0.5049131944444444 0.04664021164021164 0.01806299603174603
1 0.44881393298059963 0.3875024801587302 0.04587301587301588 0.02150297619047619
1 0.4033201058201058 0.2632093253968254 0.045110229276895945 0.02666418650793651
1 0.4686904761904762 0.3154637896825397 0.03517195767195767 0.015052083333333332
1 0.4985097001763668 0.36062251984126986 0.04893298059964727 0.02365327380952381
1 0.42817019400352735 0.31825892857142857 0.03517195767195767 0.014623015873015873
1 0.5053924162257496 0.43932787698412695 0.047402998236331574 0.02193452380952381
1 0.8578659611992946 0.1782688492063492 0.04128747795414462 0.02193452380952381
1 0.883478835978836 0.1236483134920635 0.022173721340388006 0.009890873015873016
1 0.7026543209876542 0.3197643849206349 0.02140652557319224 0.015912698412698413
1 0.4641049382716049 0.7122123015873015 0.029056437389770727 0.01720238095238095
1 0.10130952380952381 0.35696676587301585 0.0359347442680776 0.016344246031746033
1 0.40675925925925926 0.2374032738095238 0.04281746031746032 0.02236359126984127
1 0.1525352733686067 0.35417162698412696 0.04052469135802469 0.015052083333333332
1 0.7859964726631393 0.393953373015873 0.04893298059964727 0.01892361111111111
1 0.29283509700176363 0.6941493055555555 0.029056437389770727 0.01720238095238095