1 0.7425088183421517 0.2740277777777778 0.04833774250440917 0.0283953373015873
1 0.37742504409171074 0.6610838293650793 0.048298059964726636 0.029660218253968255
1 0.426141975308642 0.37450396825396826 0.04024250440917108 0.02388640873015873
1 0.4256084656084656 0.4340376984126984 0.04467813051146385 0.024030257936507936
1 0.18950176366843036 0.6626909722222222 0.04501763668430335 0.0271875
1 0.5932098765432099 0.6730059523809524 0.05623456790123457 0.03170138888888889
2 0.021565255731922396 0.4320833333333334 0.04312610229276896 0.022901785714285715
1 0.9621252204585538 0.27000992063492063 0.05044532627865961 0.030446428571428572
1 0.5905291005291005 0.7140376984126984 0.05007495590828924 0.03387400793650794
1 0.24813492063492062 0.2937524801587302 0.03894620811287478 0.024717261904761905
1 0.12305555555555554 0.46156498015873015 0.038452380952380946 0.026334325396825398
1 0.38305114638447973 0.41325644841269843 0.042583774250440916 0.023861607142857143
1 0.8005114638447971 0.2472842261904762 0.042821869488536154 0.02867559523809524
2 0.03928130511463845 0.30134920634920637 0.03601410934744268 0.022472718253968255
1 0.7984964726631393 0.699312996031746 0.04045414462081129 0.03027281746031746
1 0.6500925925925927 0.4613045634920635 0.03398589065255732 0.02095982142857143
1 0.6794003527336862 0.5800223214285715 0.06207671957671957 0.034665178571428576
1 0.7672398589065256 0.30508184523809523 0.04450617283950617 0.032614087301587304
1 0.9419532627865961 0.8031374007936508 0.06164021164021165 0.03584077380952381
1 0.2253880070546737 0.6475347222222223 0.04622134038800706 0.02576140873015873
1 0.9151984126984127 0.7899578373015873 0.052548500881834215 0.033687996031746034
1 0.18990740740740739 0.7152083333333333 0.04153880070546737 0.02446924603174603
1 0.1880246913580247 0.2043154761904762 0.04117724867724868 0.022941468253968252
1 0.27912257495590825 0.2562648809523809 0.0427689594356261 0.021803075396825397
1 0.3201455026455027 0.28143353174603175 0.03331569664902998 0.022720734126984127
1 0.8777116402116403 0.17104662698412698 0.027998236331569663 0.018226686507936508
1 0.9274074074074075 0.1831597222222222 0.04066137566137566 0.02385416666666667
1 0.8504673721340388 0.1711904761904762 0.02955026455026455 0.01851190476190476
1 0.41360670194003524 0.13684771825396824 0.03232363315696649 0.02060267857142857
1 0.4728615520282187 0.19143849206349206 0.030440917107583777 0.01819940476190476
1 0.501278659611993 0.21052579365079366 0.03422398589065256 0.020213293650793652
1 0.404400352733686 0.1796155753968254 0.033289241622574954 0.023479662698412698
2 0.02050705467372134 0.3047420634920635 0.03373456790123457 0.02060515873015873
1 0.14896825396825397 0.18839285714285714 0.039025573192239864 0.019853670634920634
1 0.07945767195767196 0.25957341269841266 0.012746913580246913 0.007237103174603175
1 0.06736772486772487 0.2564732142857143 0.014497354497354498 0.008271329365079365
1 0.0516005291005291 0.26011656746031747 0.012354497354497354 0.007296626984126984
1 0.0651984126984127 0.2640773809523809 0.012799823633156966 0.007986111111111112
1 0.05856701940035274 0.33505704365079364 0.016878306878306878 0.009144345238095238
1 0.05841269841269841 0.5240575396825397 0.04158730158730158 0.022202380952380953
1 0.11468694885361552 0.5309598214285715 0.04025132275132275 0.021026785714285713
1 0.11223544973544974 0.5960267857142857 0.029845679012345677 0.014320436507936508
1 0.13407407407407407 0.6027876984126984 0.03117283950617284 0.017450396825396824
1 0.15529541446208112 0.7014732142857143 0.040656966490299824 0.023169642857142857
1 0.24996031746031744 0.6872792658730159 0.038042328042328044 0.021128472222222222
1 0.33913580246913577 0.6616914682539683 0.03823192239858906 0.025228174603174603
1 0.4201410934744268 0.615828373015873 0.039523809523809524 0.02080605158730159
1 0.2799162257495591 0.5553025793650793 0.04071869488536155 0.02373263888888889
1 0.3044576719576719 0.547594246031746 0.03572310405643739 0.020200892857142858
1 0.3394356261022928 0.45254216269841274 0.03464285714285714 0.02226438492063492
1 0.2850970017636684 0.47502976190476187 0.0403615520282187 0.024365079365079364
1 0.3037698412698413 0.4060590277777778 0.04280864197530864 0.022802579365079366
1 0.5650881834215167 0.46560515873015873 0.041044973544973544 0.023080357142857142
1 0.6907716049382716 0.5704811507936508 0.056574074074074075 0.027745535714285716
1 0.6313800705467372 0.6085119047619048 0.056080246913580246 0.02861359126984127
1 0.753699294532628 0.6203645833333333 0.0630599647266314 0.03246279761904761
1 0.5669223985890652 0.679298115079365 0.03828483245149912 0.022730654761904764
1 0.8310846560846561 0.771780753968254 0.06064814814814815 0.03176587301587302
1 0.7667768959435626 0.8655505952380953 0.06160934744268077 0.03539930555555555
1 0.7479673721340389 0.8838392857142857 0.055978835978835975 0.03145585317460317
1 0.9303835978835979 0.9709275793650795 0.05070987654320988 0.031024305555555555
1 0.8484611992945326 0.5825396825396826 0.06171075837742505 0.030168650793650793
1 0.8862345679012346 0.27060267857142856 0.03496031746031746 0.019484126984126986
1 0.8630511463844798 0.24431299603174605 0.038042328042328044 0.017527281746031746
1 0.8732275132275132 0.21698660714285714 0.02779100529100529 0.01763888888888889
1 0.8470546737213404 0.21579613095238095 0.030679012345679012 0.01887152777777778
1 0.9005731922398589 0.18723958333333335 0.02781746031746032 0.01703125
1 0.8765652557319223 0.18817212301587302 0.033994708994708994 0.01631448412698413
1 0.3416093474426808 0.8105580357142858 0.045903880070546736 0.02437251984126984
1 0.3723721340388007 0.7999677579365079 0.033972663139329805 0.019719742063492064
1 0.44010141093474425 0.8094667658730159 0.040868606701940036 0.02425595238095238
1 0.2707980599647266 0.8074454365079364 0.03997795414462081 0.024858630952380955
1 0.6671913580246914 0.7274975198412699 0.050555555555555555 0.026659226190476188
1 0.16824514991181658 0.6093998015873016 0.037222222222222226 0.02086061507936508
1 0.3887566137566138 0.21600446428571426 0.032773368606701936 0.018772321428571426
1 0.6630246913580247 0.5190997023809525 0.03579805996472663 0.02055059523809524
1 0.23694444444444443 0.7437996031746031 0.032213403880070546 0.01896577380952381
1 0.25610229276895946 0.7634449404761905 0.03875220458553792 0.02158234126984127
1 0.006962081128747795 0.6000074404761905 0.01392416225749559 0.00982390873015873
1 0.1959215167548501 0.3287475198412698 0.0415652557319224 0.0257390873015873
1 0.7927248677248677 0.5776860119047619 0.047235449735449735 0.027690972222222224
1 0.9636419753086419 0.5538864087301587 0.05477072310405644 0.0301984126984127
1 0.151358024691358 0.27401041666666665 0.03334215167548501 0.021649305555555557
1 0.12674162257495591 0.27314980158730157 0.032217813051146384 0.019928075396825395