1 0.2319179894179894 0.03643105158730158 0.042200176366843034 0.026468253968253967
1 0.04876984126984127 0.00902281746031746 0.044554673721340386 0.017239583333333336
1 0.6066975308641975 0.045984623015873013 0.03429012345679012 0.019774305555555555
1 0.5106657848324515 0.011408730158730158 0.044387125220458554 0.022013888888888892
1 0.4313624338624339 0.008995535714285715 0.03097442680776014 0.01632688492063492
1 0.5589153439153439 0.11019345238095238 0.045753968253968255 0.025186011904761905
1 0.4724823633156966 0.13819692460317462 0.0427689594356261 0.022705853174603174
1 0.7011243386243386 0.25952380952380955 0.031962081128747794 0.018090277777777778
1 0.5953968253968254 0.28124751984126983 0.04251322751322752 0.021654265873015874
1 0.4993871252204585 0.259265873015873 0.043289241622574956 0.024223710317460317
1 0.635136684303351 0.3281150793650794 0.052204585537918874 0.029575892857142856
1 0.48133156966490304 0.33620783730158726 0.0417989417989418 0.022792658730158732
1 0.644510582010582 0.3767931547619048 0.058165784832451495 0.036279761904761905
1 0.7152336860670194 0.4003819444444444 0.04564373897707231 0.026041666666666668
1 0.6786155202821869 0.4111582341269841 0.05624338624338624 0.030677083333333334
1 0.5143562610229276 0.4353869047619048 0.06707231040564374 0.036825396825396824
1 0.45836860670194 0.4396502976190476 0.06042328042328042 0.03635664682539683
1 0.39018077601410933 0.4345634920634921 0.05118165784832451 0.023697916666666666
1 0.46860670194003523 0.4996031746031746 0.06509259259259259 0.03532738095238095
1 0.6162169312169312 0.6211532738095238 0.0739241622574956 0.04455109126984127
1 0.703505291005291 0.6932266865079365 0.06826719576719577 0.03741319444444444
1 0.8020061728395061 0.6602380952380952 0.06773809523809524 0.036902281746031745
1 0.7593386243386243 0.7121651785714286 0.06057760141093474 0.03378968253968254
1 0.5763668430335097 0.8239806547619047 0.05585537918871253 0.035024801587301584
1 0.5396340388007055 0.7980753968253969 0.06593474426807759 0.035791170634920634
1 0.5281437389770722 0.7705257936507937 0.062054673721340395 0.034476686507936505
1 0.5940035273368607 0.8136706349206348 0.0517416225749559 0.03012152777777778
1 0.32959876543209876 0.654593253968254 0.06485449735449736 0.03951636904761905
1 0.2355952380952381 0.6511185515873016 0.07021164021164021 0.04042162698412698
1 0.11769400352733686 0.6206150793650794 0.06691358024691357 0.036423611111111115
1 0.3739506172839506 0.5485863095238096 0.07284391534391535 0.04324652777777778
1 0.026525573192239856 0.5376190476190476 0.05304673721340388 0.03158730158730159
1 0.22624779541446208 0.3798611111111111 0.09642857142857142 0.054499007936507936
1 0.10932098765432098 0.36028273809523814 0.047901234567901234 0.02380456349206349
2 0.48457671957671955 0.3063888888888889 0.04312169312169312 0.022718253968253967
1 0.24005291005291007 0.28233134920634917 0.07955908289241623 0.0425545634920635
1 0.28658289241622575 0.0419593253968254 0.041432980599647264 0.022919146825396825
1 0.6367416225749559 0.19485863095238093 0.033950617283950615 0.02050843253968254
1 0.07524250440917107 0.15592509920634923 0.06103615520282187 0.03194940476190476
2 0.8272442680776014 0.31760168650793646 0.010925925925925926 0.005786210317460317
2 0.8625970017636684 0.3330952380952381 0.01355379188712522 0.006825396825396826
2 0.7769929453262787 0.29306795634920635 0.011979717813051146 0.005875496031746032
2 0.7424514991181659 0.274905753968254 0.008738977072310406 0.005151289682539683
2 0.8847795414462082 0.26589781746031743 0.014391534391534391 0.007472718253968254
2 0.8553395061728395 0.2566666666666667 0.012116402116402117 0.007093253968253968
2 0.8789726631393298 0.22607390873015873 0.013946208112874779 0.008625992063492063
2 0.8685670194003527 0.22412698412698412 0.01468253968253968 0.008125
2 0.8617019400352733 0.23137896825396825 0.012786596119929453 0.006808035714285714
2 0.8730864197530864 0.20001736111111112 0.013452380952380954 0.007366071428571428
2 0.8681172839506174 0.20331349206349206 0.015573192239858907 0.008308531746031746
2 0.8685097001763669 0.2585044642857143 0.012561728395061728 0.0071875
1 0.9519091710758377 0.25027777777777777 0.014739858906525573 0.007313988095238095
1 0.9581305114638448 0.27380952380952384 0.013791887125220458 0.007348710317460317
1 0.9503747795414461 0.24061011904761903 0.012786596119929453 0.007185019841269841
1 0.9921957671957673 0.2504513888888889 0.015608465608465608 0.008224206349206349
1 0.9290828924162257 0.18260912698412698 0.011940035273368605 0.007018849206349207
1 0.9249559082892417 0.21754960317460317 0.0157363315696649 0.00683531746031746
1 0.833994708994709 0.162405753968254 0.01462962962962963 0.007862103174603174
1 0.8462169312169312 0.15953373015873015 0.013161375661375662 0.006071428571428571
1 0.9370943562610229 0.29725694444444445 0.01523809523809524 0.007472718253968254
1 0.9683421516754849 0.2959375 0.01301146384479718 0.008226686507936508