1 0.8958245149911817 0.4132043650793651 0.05732363315696649 0.04539930555555556
1 0.5462125220458554 0.4004737103174603 0.07257495590828925 0.03611111111111111
1 0.0669268077601411 0.5259771825396825 0.0815432098765432 0.04991319444444445
1 0.855352733686067 0.6270114087301588 0.0896384479717813 0.05062251984126984
1 0.698231922398589 0.3215873015873016 0.08117724867724868 0.04933035714285714
1 0.2742857142857143 0.8413715277777778 0.06901675485008818 0.04694444444444444
1 0.9495502645502645 0.42013392857142856 0.08670194003527336 0.050141369047619046
1 0.6533774250440917 0.5466617063492063 0.07408730158730159 0.04131696428571428
1 0.09760582010582011 0.8204910714285714 0.06849206349206349 0.03725446428571429
1 0.42119488536155203 0.627827380952381 0.0741225749559083 0.044987599206349205
1 0.32608906525573195 0.38861607142857146 0.07599647266313933 0.04684027777777778
1 0.8616710758377425 0.4097544642857143 0.08732804232804232 0.04917906746031746
1 0.15645502645502643 0.5354340277777777 0.08038800705467372 0.05103174603174603
1 0.38101851851851853 0.5370709325396825 0.06723104056437389 0.040597718253968254
1 0.3958377425044092 0.8190922619047619 0.0647530864197531 0.043325892857142854
1 0.16972663139329805 0.679327876984127 0.07154761904761905 0.0460094246031746
1 0.4631128747795414 0.5401438492063493 0.06691798941798942 0.04078373015873016
1 0.7845017636684304 0.903266369047619 0.0814373897707231 0.05124255952380953
1 0.3279761904761905 0.9067286706349206 0.06204144620811288 0.04256200396825397
1 0.24843474426807763 0.9205877976190476 0.06515432098765432 0.04238343253968253
1 0.5794532627865961 0.9301165674603175 0.05767195767195768 0.045935019841269846
1 0.48684744268077607 0.42910466269841274 0.07124338624338625 0.04971726190476191
1 0.8412257495590829 0.5800768849206349 0.07317019400352733 0.04462549603174603
1 0.24122134038800708 0.6770510912698412 0.06804673721340389 0.04698660714285714
1 0.11389329805996473 0.3501661706349206 0.05786596119929454 0.04639384920634921
1 0.9437213403880071 0.7310119047619048 0.09121252204585538 0.058784722222222224
1 0.020970017636684303 0.5466865079365079 0.041944444444444444 0.04939484126984127
1 0.43229276895943564 0.4389434523809524 0.0633994708994709 0.041401289682539685
1 0.33073192239858906 0.8587847222222222 0.06477954144620811 0.0433829365079365
1 0.11969135802469134 0.7069568452380952 0.07043650793650794 0.05070684523809524
1 0.34940917107583774 0.32816716269841273 0.06745149911816578 0.04671626984126984
1 0.1920679012345679 0.9008506944444444 0.03530864197530864 0.02706845238095238
1 0.30455908289241623 0.42472966269841267 0.04374779541446208 0.02523561507936508
1 0.561194885361552 0.37180555555555556 0.06354497354497354 0.030029761904761903
1 0.3815123456790123 0.37455109126984126 0.03649470899470899 0.0230828373015873
1 0.7378306878306878 0.5215550595238095 0.06409611992945327 0.029682539682539685
1 0.4626146384479718 0.4739583333333333 0.06868165784832451 0.034655257936507936
1 0.24991181657848321 0.7395337301587303 0.05878747795414463 0.042048611111111106
1 0.8314241622574956 0.4081125992063492 0.06372134038800706 0.0417609126984127
1 0.7117724867724867 0.821391369047619 0.058774250440917115 0.03180555555555556
1 0.6153218694885362 0.8920535714285714 0.05497795414462081 0.03823660714285714
2 0.6892768959435626 0.9904265873015873 0.05747795414462082 0.019149305555555555
1 0.16116843033509698 0.8989657738095238 0.06344356261022926 0.040500992063492065
1 0.14389329805996473 0.7991046626984126 0.045110229276895945 0.02808531746031746
1 0.56836860670194 0.21691964285714285 0.044404761904761905 0.03228670634920635