1 0.9089417989417989 0.4920337301587302 0.0752336860670194 0.04082589285714286
1 0.368505291005291 0.12171626984126983 0.08525132275132274 0.04990823412698413
1 0.48950176366843035 0.14580109126984128 0.08828924162257495 0.05257936507936508
1 0.4040520282186949 0.3487152777777778 0.07636243386243387 0.04206349206349206
1 0.4728747795414462 0.33034722222222224 0.07572751322751323 0.042460317460317455
1 0.24660934744268076 0.7291691468253969 0.06865961199294533 0.037894345238095234
1 0.6087566137566138 0.2348735119047619 0.08664462081128747 0.05087549603174603
1 0.5575529100529101 0.19871279761904762 0.08057760141093474 0.049970238095238095
1 0.7837125220458554 0.036974206349206354 0.06475749559082893 0.039352678571428566
1 0.4442989417989418 0.41803075396825395 0.08657407407407407 0.04465029761904762
2 0.21928571428571428 0.3478323412698413 0.06615520282186949 0.03504960317460317
1 0.4821252204585538 0.9123933531746031 0.08738977072310405 0.05777777777777778
1 0.33459876543209877 0.7935094246031745 0.07263227513227513 0.03775049603174603
1 0.2616710758377425 0.05168650793650794 0.07567460317460317 0.04882440476190476
1 0.9678262786596121 0.28531746031746036 0.06434303350970018 0.036803075396825397
1 0.4692945326278659 0.376078869047619 0.07319664902998235 0.04408234126984127
1 0.058156966490299826 0.16149305555555554 0.06018518518518518 0.03781498015873016
1 0.3504982363315696 0.7527306547619048 0.08318783068783069 0.043194444444444445
1 0.8315388007054674 0.038395337301587305 0.049250440917107584 0.03943452380952381
2 0.5009391534391535 0.17101934523809523 0.08076719576719577 0.04198660714285714
1 0.16825396825396827 0.49275049603174603 0.06488536155202822 0.03272569444444444
1 0.6958597883597883 0.5261359126984128 0.04026014109347443 0.026192956349206348
1 0.9212962962962963 0.3002777777777778 0.05941358024691358 0.03626488095238095
2 0.018315696649029982 0.1489112103174603 0.036626984126984126 0.026636904761904764
2 0.04376543209876543 0.13838541666666668 0.03590388007054674 0.01728670634920635
1 0.00814814814814815 0.1758531746031746 0.01629188712522046 0.02274801587301587
1 0.2918959435626102 0.036686507936507934 0.03775573192239859 0.024796626984126983
2 0.648531746031746 0.5633655753968253 0.03192239858906526 0.01310267857142857
1 0.5516975308641975 0.5853397817460317 0.029149029982363316 0.019759424603174605
1 0.5699250440917107 0.589045138888889 0.02190917107583774 0.015158730158730158
1 0.4663095238095238 0.6044791666666667 0.03812610229276896 0.023625992063492064
1 0.5041358024691358 0.6018799603174604 0.027645502645502647 0.016180555555555556
1 0.41024691358024695 0.8178497023809524 0.08009700176366844 0.04487351190476191
1 0.20584215167548503 0.9661731150793651 0.06914902998236332 0.04192708333333334
2 0.35658289241622576 0.9887400793650793 0.0750220458553792 0.02251984126984127
1 0.16217372134038802 0.9401165674603175 0.06936948853615521 0.04416914682539683
1 0.12831128747795414 0.8329489087301587 0.06344356261022926 0.04030753968253969
2 0.09997354497354498 0.7836433531746032 0.05395943562610229 0.025126488095238094
1 0.2895811287477954 0.6815550595238096 0.07248236331569664 0.0402703373015873
1 0.030229276895943565 0.6615376984126985 0.05419312169312169 0.032539682539682535
1 0.4202469135802469 0.4420064484126984 0.03698412698412698 0.018779761904761903
1 0.374510582010582 0.3612103174603175 0.06031305114638447 0.03732142857142857
1 0.3530864197530864 0.2364831349206349 0.039841269841269844 0.019831349206349203
1 0.48556878306878304 0.5214459325396825 0.03555996472663139 0.02533482142857143
1 0.485626102292769 0.6555332341269842 0.0523015873015873 0.031207837301587302