1 0.727173721340388 0.7070659722222222 0.0653968253968254 0.042926587301587306
1 0.6619708994708994 0.7949032738095239 0.05690035273368607 0.03810763888888889
1 0.03443562610229277 0.7999404761904763 0.06884038800705468 0.043908730158730154
1 0.3307495590828924 0.5793700396825396 0.0896957671957672 0.040736607142857144
1 0.22403880070546736 0.1446106150793651 0.04251322751322752 0.026103670634920636
1 0.5425705467372134 0.6481770833333332 0.06009700176366844 0.036004464285714285
1 0.91663139329806 0.6926413690476191 0.032561728395061725 0.024464285714285713
1 0.7349823633156967 0.13603174603174603 0.03235449735449735 0.023196924603174605
1 0.4704673721340388 0.6548412698412699 0.0532010582010582 0.040642361111111115
1 0.628099647266314 0.10934771825396825 0.04150793650793651 0.026803075396825395
1 0.2001763668430335 0.8233010912698413 0.07043650793650794 0.042167658730158736
1 0.7738403880070547 0.06945188492063491 0.04541005291005291 0.023559027777777776
1 0.4480952380952381 0.19565476190476191 0.04388007054673721 0.03077876984126984
1 0.4380335097001764 0.717108134920635 0.05273809523809524 0.031783234126984125
1 0.13504850088183423 0.8283234126984127 0.040163139329805995 0.03148561507936508
1 0.5772266313932981 0.1553720238095238 0.047173721340388004 0.02678075396825397
1 0.9645326278659612 0.7618774801587301 0.02968694885361552 0.02423859126984127
1 0.7477689594356262 0.4841071428571429 0.05264550264550265 0.029437003968253966
1 0.6405114638447972 0.18675347222222222 0.04532186948853616 0.0259796626984127
1 0.5022839506172839 0.2326140873015873 0.04372574955908289 0.02279761904761905
1 0.6171119929453263 0.24943700396825397 0.038743386243386246 0.019640376984126982
1 0.6172354497354497 0.2843576388888889 0.03849647266313933 0.023836805555555556
1 0.5187830687830688 0.38155257936507936 0.04841710758377425 0.027157738095238096
1 0.22642857142857142 0.37102430555555554 0.052098765432098765 0.02935763888888889
1 0.08728395061728396 0.3936334325396826 0.04956349206349206 0.026671626984126985
1 0.2656701940035273 0.2664236111111111 0.0554320987654321 0.02631200396825397
1 0.25446649029982366 0.2177281746031746 0.05425485008818342 0.023824404761904762
1 0.0925220458553792 0.6210143849206349 0.07898148148148149 0.043499503968253965
1 0.35300705467372134 0.6027331349206348 0.07828042328042328 0.033963293650793654
1 0.30635802469135803 0.5770833333333334 0.07088183421516754 0.04614583333333334
1 0.3726190476190476 0.6343998015873016 0.06373456790123458 0.038216765873015875
1 0.49006172839506174 0.681140873015873 0.06687830687830688 0.03204365079365079
1 0.4803747795414462 0.8607762896825397 0.05371693121693122 0.025870535714285714
1 0.2568606701940035 0.8574925595238095 0.06721781305114638 0.039419642857142854
1 0.6459171075837743 0.853844246031746 0.05336860670194004 0.03274801587301587
1 0.932283950617284 0.8238764880952381 0.057191358024691365 0.03252232142857143
1 0.7888712522045855 0.6316443452380952 0.054625220458553794 0.03270833333333333
1 0.8388359788359788 0.514719742063492 0.05525132275132275 0.03203621031746032
1 0.6504541446208113 0.5035813492063492 0.052120811287477954 0.02986855158730159
1 0.5751278659611994 0.48783234126984126 0.04298941798941799 0.028539186507936506
1 0.4415828924162257 0.2286830357142857 0.04411816578483245 0.02310763888888889
1 0.8874074074074074 0.6442683531746032 0.04191358024691358 0.02841517857142857