2 0.2258994708994709 0.27073412698412697 0.0822310405643739 0.04190228174603174
2 0.47743386243386243 0.30909970238095236 0.06481922398589064 0.03591765873015873
2 0.7188139329805996 0.33630952380952384 0.04450176366843034 0.029387400793650792
2 0.7149426807760141 0.23264136904761903 0.07546296296296297 0.04190228174603174
2 0.9331040564373898 0.43861607142857145 0.06094797178130511 0.022857142857142857
2 0.8005599647266314 0.47099454365079363 0.053209876543209876 0.031019345238095235
2 0.8600617283950617 0.4524925595238095 0.030956790123456788 0.01578125
2 0.8973059964726631 0.5395634920634921 0.05708112874779542 0.04190228174603174
2 0.4024559082892416 0.6973784722222222 0.034828042328042326 0.031019345238095235
2 0.39278218694885364 0.561875 0.05224426807760141 0.01578125
2 0.5170987654320988 0.16679315476190476 0.06481922398589064 0.04407986111111111
0 0.10303350970017637 0.41195188492063495 0.041600529100529096 0.020679563492063492
0 0.05127425044091711 0.4182093253968254 0.019347442680776015 0.007073412698412699
0 0.05837742504409171 0.42434275793650794 0.019594356261022926 0.008266369047619047
0 0.06756172839506172 0.41481398809523806 0.014285714285714285 0.010791170634920634
0 0.082663139329806 0.40723710317460315 0.013470017636684303 0.009873511904761906
0 0.08327601410934744 0.41768353174603173 0.02041005291005291 0.005969742063492063
0 0.24350088183421517 0.3150421626984127 0.02571869488536155 0.013318452380952382
0 0.15614197530864196 0.3130902777777778 0.03143298059964727 0.018139880952380952
0 0.24472663139329803 0.3047098214285714 0.02408289241622575 0.008266369047619047
0 0.2639153439153439 0.3087276785714286 0.03224867724867725 0.011711309523809523
0 0.309836860670194 0.33903769841269843 0.014695767195767194 0.010791170634920634
0 0.3341269841269841 0.34696180555555556 0.024902998236331568 0.013318452380952382
0 0.3122883597883598 0.36464285714285716 0.04735449735449736 0.023422619047619046
0 0.2733024691358025 0.36222966269841267 0.035515873015873015 0.02273313492063492
0 0.28514109347442684 0.37451636904761904 0.017552910052910053 0.005969742063492063
0 0.3412698412698413 0.37761656746031746 0.035921516754850086 0.02640625
0 0.3080026455026455 0.4014955357142857 0.03061728395061728 0.016302083333333335
0 0.31596119929453265 0.3911631944444445 0.026944444444444444 0.01768105158730159
0 0.3496384479717813 0.39919890873015873 0.034700176366843034 0.019518849206349206
0 0.3373941798941799 0.3947222222222222 0.034700176366843034 0.019288194444444445
0 0.35106701940035273 0.36188740079365084 0.031022927689594356 0.012859623015873017
0 0.2751410934744268 0.41079613095238093 0.02367724867724868 0.006428571428571429
0 0.2588095238095238 0.41871775793650795 0.019594356261022926 0.012628968253968255
0 0.3631128747795414 0.43777777777777777 0.01592151675485009 0.010791170634920634
0 0.36188712522045857 0.4497172619047619 0.01592151675485009 0.012628968253968255
0 0.390462962962963 0.44053323412698414 0.018368606701940033 0.014466765873015873
0 0.4057716049382716 0.4226215277777778 0.015511463844797178 0.014466765873015873
0 0.4257716049382716 0.4291666666666667 0.018778659611992946 0.011939484126984127
0 0.45638888888888884 0.42709821428571426 0.028575837742504412 0.012859623015873017
0 0.4447530864197531 0.4268700396825397 0.01592151675485009 0.022043650793650792
0 0.4729232804232804 0.4476512896825397 0.05347883597883598 0.022274305555555558
0 0.4108730158730159 0.40207093253968257 0.01183862433862434 0.012859623015873017
0 0.4227116402116402 0.408844246031746 0.019184303350970017 0.006659226190476191
0 0.4304673721340388 0.42021081349206346 0.013470017636684303 0.007807539682539682
0 0.4706746031746032 0.42066964285714287 0.01714726631393298 0.010104166666666668
0 0.47782186948853617 0.42905009920634923 0.011022927689594356 0.008035714285714285
0 0.6039594356261023 0.4439756944444444 0.0281657848324515 0.011252480158730158
0 0.6341666666666667 0.4451240079365079 0.03143298059964727 0.013546626984126984
0 0.6227380952380952 0.4587872023809524 0.034700176366843034 0.020205853174603175
0 0.49455908289241624 0.39919890873015873 0.02000440917107584 0.00941468253968254
0 0.3876058201058201 0.4886383928571429 0.02571869488536155 0.016532738095238093
0 0.4031172839506173 0.49047619047619045 0.019184303350970017 0.010562996031746033
0 0.40474867724867725 0.5031051587301587 0.042861552028218695 0.02158482142857143
0 0.3745414462081129 0.5303149801587301 0.019184303350970017 0.010791170634920634
0 0.38331569664903 0.5459300595238096 0.04164021164021164 0.022274305555555558
0 0.180842151675485 0.20585813492063493 0.022861552028218695 0.015843253968253968
0 0.22125661375661376 0.21159722222222221 0.017962962962962965 0.017222222222222222
0 0.3249426807760141 0.25625992063492065 0.013880070546737214 0.011480654761904761
0 0.3410670194003527 0.25809771825396827 0.022451499118165786 0.006889880952380953
0 0.36107142857142854 0.27658234126984127 0.02082010582010582 0.009873511904761906
0 0.35372134038800707 0.28576636904761904 0.01592151675485009 0.007118055555555555
2 0.8080952380952381 0.18636160714285713 0.06950176366843033 0.04008928571428571
0 0.22823633156966489 0.0372718253968254 0.03946208112874779 0.02816220238095238
0 0.2576851851851852 0.024350198412698414 0.04063932980599647 0.02617311507936508
0 0.4473412698412699 0.1088343253968254 0.03239417989417989 0.022197420634920636
0 0.4617680776014109 0.09160714285714286 0.03769400352733686 0.019546130952380954
0 0.4685449735449736 0.10253968253968254 0.02886243386243386 0.016235119047619047
0 0.5262654320987654 0.0891220238095238 0.024149029982363318 0.013251488095238096
0 0.37135802469135804 0.10701140873015874 0.027680776014109346 0.013913690476190477
0 0.375189594356261 0.11943700396825396 0.012958553791887125 0.011594742063492064
0 0.36164021164021165 0.12556547619047617 0.02827160493827161 0.012589285714285714
0 0.14430335097001762 0.1138045634920635 0.032985008818342154 0.014908234126984127
0 0.0662610229276896 0.047542162698412695 0.027680776014109346 0.01822172619047619
0 0.13753086419753088 0.011431051587301589 0.031216931216931216 0.02021081349206349
0 0.01619929453262787 0.011264880952380953 0.030039682539682536 0.022529761904761907
0 0.3716534391534391 0.08696924603174604 0.02709435626102293 0.014908234126984127
0 0.4879805996472663 0.08249503968253968 0.01825837742504409 0.014578373015873017
0 0.6599647266313933 0.2310863095238095 0.030039682539682536 0.0235218253968254
0 0.8104541446208112 0.3241840277777778 0.03180335097001764 0.02021081349206349
0 0.6602601410934744 0.3669246031746032 0.030626102292768957 0.015570436507936509
0 0.6964814814814815 0.34770833333333334 0.02532627865961199 0.024186507936507937
0 0.7913095238095238 0.33014880952380954 0.01943562610229277 0.010270337301587301
0 0.15372574955908289 0.5271106150793651 0.02355820105820106 0.013251488095238096
0 0.1419488536155203 0.5330753968253968 0.03180335097001764 0.015240575396825398
0 0.012072310405643738 0.4701264880952381 0.021794532627865962 0.00927579365079365
0 0.07833774250440917 0.6571502976190476 0.040052910052910055 0.015570436507936509
0 0.4517548500881834 0.7139682539682539 0.024735449735449735 0.01855406746031746
0 0.41258818342151676 0.654499007936508 0.031216931216931216 0.014908234126984127
0 0.4879805996472663 0.6619518849206348 0.030039682539682536 0.015240575396825398
0 0.05671516754850088 0.20061011904761905 0.030762786596119928 0.02054811507936508
0 0.12641093474426807 0.22970734126984127 0.020185185185185184 0.014260912698412698
0 0.10475308641975309 0.21196180555555555 0.018390652557319226 0.010952380952380951
0 0.15415343915343915 0.2051686507936508 0.016225749559082892 0.017242063492063493
0 0.1373853615520282 0.1937078373015873 0.023800705467372132 0.01257688492063492
0 0.0802336860670194 0.20486359126984127 0.014065255731922398 0.007708333333333333
0 0.1979673721340388 0.14877976190476191 0.020912698412698414 0.007504960317460318
0 0.04499118165784833 0.6542137896825396 0.021913580246913582 0.01652281746031746
0 0.2869753086419753 0.7225347222222223 0.02097883597883598 0.013638392857142858
0 0.4026014109347443 0.7755109126984128 0.022843915343915343 0.013112599206349206
0 0.5121825396825397 0.5772569444444444 0.011763668430335097 0.008120039682539684
0 0.5124514991181658 0.5659796626984127 0.011225749559082893 0.009623015873015872
0 0.4766269841269841 0.6068799603174603 0.011225749559082893 0.006617063492063492
0 0.4648677248677248 0.608234126984127 0.008020282186948854 0.011728670634920635
2 0.5926455026455026 0.6165029761904761 0.02191798941798942 0.019246031746031744
0 0.6574118165784832 0.49746775793650794 0.022292768959435626 0.010198412698412698
0 0.6530114638447971 0.328546626984127 0.016613756613756615 0.007214781746031746