2 0.6941501322751323 0.5842633928571429 0.024659391534391534 0.01849454365079365
2 0.9533432539682539 0.4838392857142857 0.0361276455026455 0.024945436507936507
2 0.7448974867724868 0.4612599206349206 0.022936507936507936 0.020213293650793652
2 0.5384589947089947 0.43502480158730156 0.014910714285714288 0.015912698412698413
2 0.4200462962962963 0.4517981150793651 0.016630291005291006 0.011612103174603174
2 0.5307175925925927 0.5158804563492064 0.010896164021164022 0.008172123015873016
2 0.5642658730158729 0.519967757936508 0.00802910052910053 0.008601190476190476
2 0.2743915343915344 0.5025496031746032 0.012043650793650794 0.006450892857142857
2 0.3684358465608466 0.3573958333333333 0.059064153439153444 0.02666418650793651
2 0.3288690476190476 0.3283655753968254 0.018921957671957673 0.013333333333333332
2 0.29790343915343914 0.34664434523809523 0.010896164021164022 0.011183035714285715
2 0.24658068783068782 0.28858382936507937 0.010320767195767196 0.011183035714285715
2 0.22564814814814815 0.28922867063492064 0.008601190476190478 0.008172123015873016
2 0.6514285714285715 0.35890128968253965 0.029818121693121695 0.01763392857142857
2 0.7939285714285714 0.32428075396825395 0.03498015873015873 0.024945436507936507
2 0.8435317460317461 0.24686507936507937 0.036699735449735454 0.02666418650793651
2 0.6376653439153439 0.28019593253968256 0.02064484126984127 0.012472718253968253
2 0.6161607142857143 0.2746056547619048 0.012043650793650794 0.009032738095238095
2 0.7150793650793651 0.12450892857142856 0.052757936507936504 0.02967509920634921