2 0.6486954365079365 0.6713227513227513 0.032557043650793656 0.033134920634920635
2 0.6917261904761904 0.17146825396825396 0.028276289682539684 0.027728174603174602
2 0.8867261904761905 0.04318452380952381 0.02824156746031746 0.03003637566137566
2 0.7328943452380953 0.11771164021164021 0.023422619047619046 0.027394179894179894
2 0.7893501984126984 0.5461309523809523 0.02855654761904762 0.029404761904761906
2 0.7532415674603175 0.3778571428571429 0.029799107142857145 0.027285052910052912
2 0.596812996031746 0.49831349206349207 0.02512152777777778 0.027043650793650793
2 0.6230431547619047 0.7083267195767196 0.03173115079365079 0.030456349206349206
2 0.7021750992063492 0.41929894179894184 0.027916666666666666 0.029130291005291006
2 0.5671130952380952 0.8856845238095238 0.027941468253968253 0.032992724867724865
2 0.47241319444444446 0.20982473544973546 0.027785218253968253 0.031435185185185184
2 0.8015649801587301 0.21322420634920633 0.030944940476190477 0.02581679894179894
2 0.7331547619047619 0.3543617724867725 0.02781001984126984 0.030006613756613756
2 0.9504588293650794 0.0827579365079365 0.023821924603174602 0.024517195767195767
2 0.39097718253968256 0.31127976190476186 0.02661706349206349 0.02616732804232804
2 0.7223536706349207 0.5574669312169312 0.02978174603174603 0.029927248677248677
2 0.9362251984126985 0.041038359788359784 0.024796626984126983 0.026455026455026454
2 0.6195808531746032 0.1827314814814815 0.026686507936507935 0.028700396825396827
2 0.8971254960317461 0.5496593915343916 0.029015376984126984 0.03023478835978836
2 0.4403174603174603 0.2242691798941799 0.021339285714285717 0.034692460317460316
2 0.4375322420634921 0.4897222222222222 0.01621031746031746 0.0179265873015873
2 0.2659449404761905 0.29574074074074075 0.02183035714285714 0.024484126984126987
2 0.5718005952380952 0.4540674603174603 0.01695436507936508 0.025763888888888888
2 0.4941393849206349 0.6340277777777777 0.02185019841269841 0.02203373015873016
2 0.3760590277777778 0.40253306878306877 0.020825892857142855 0.02287037037037037
2 0.3999875992063492 0.2143915343915344 0.025625 0.03076058201058201
2 0.6274181547619048 0.7890244708994709 0.022859623015873017 0.024401455026455028
2 0.4013740079365079 0.3437599206349206 0.021153273809523813 0.022810846560846563
2 0.4576612103174603 0.2724437830687831 0.02041170634920635 0.022972883597883596
2 0.42698660714285713 0.29136574074074073 0.024305555555555556 0.021233465608465608
2 0.2750768849206349 0.4612301587301587 0.014816468253968254 0.020046296296296295
2 0.8909499007936508 0.634646164021164 0.031138392857142858 0.03037037037037037
2 0.574280753968254 0.6272056878306879 0.024186507936507937 0.021068121693121694
2 0.330250496031746 0.67432208994709 0.02124503968253968 0.022757936507936505
2 0.8054985119047618 0.3271428571428571 0.019543650793650794 0.020231481481481482
2 0.41845486111111113 0.6816203703703703 0.014129464285714285 0.01253968253968254
2 0.5486731150793651 0.505598544973545 0.01783978174603175 0.018287037037037036
2 0.7525099206349206 0.8597784391534391 0.018013392857142856 0.017936507936507938
2 0.20083829365079364 0.1032010582010582 0.01750248015873016 0.020691137566137566
2 0.24464781746031744 0.09405753968253969 0.01659970238095238 0.015208333333333334
2 0.6767286706349207 0.46517857142857144 0.020004960317460317 0.019322089947089945
2 0.35863343253968255 0.6656051587301587 0.012447916666666666 0.011547619047619048
2 0.2569444444444444 0.47767526455026454 0.013139880952380951 0.014289021164021164
2 0.3102256944444444 0.5948313492063492 0.013596230158730158 0.013131613756613756
2 0.9626116071428571 0.24476521164021162 0.019516369047619046 0.021772486772486773
2 0.08057787698412698 0.24328373015873017 0.008358134920634922 0.009431216931216931
2 0.5655753968253968 0.17479166666666668 0.021783234126984127 0.02521494708994709
2 0.38289186507936507 0.5952248677248677 0.011902281746031746 0.0127744708994709
2 0.539233630952381 0.649728835978836 0.01590277777777778 0.018521825396825398
2 0.6396602182539682 0.8488359788359788 0.017557043650793653 0.01656084656084656
2 0.16085317460317458 0.1317228835978836 0.01820188492063492 0.01840277777777778
2 0.4159077380952381 0.7254199735449736 0.01367311507936508 0.012361111111111113
2 0.2461706349206349 0.049236111111111105 0.019322916666666665 0.017840608465608466
2 0.49423363095238093 0.4230092592592593 0.011924603174603175 0.010912698412698412
2 0.5888963293650793 0.8121296296296296 0.014456845238095237 0.01570767195767196
2 0.1661830357142857 0.22820767195767197 0.00818452380952381 0.008118386243386243
2 0.5595089285714285 0.6984060846560847 0.01614583333333333 0.01693452380952381
2 0.20080853174603175 0.13589616402116403 0.013519345238095238 0.01781746031746032
2 0.018655753968253967 0.36639550264550264 0.008328373015873015 0.010555555555555556
2 0.3358928571428571 0.6891203703703704 0.02108878968253968 0.02589285714285714
2 0.4569419642857143 0.2244642857142857 0.014848710317460316 0.023449074074074074
2 0.4431125992063492 0.24775462962962963 0.012021329365079365 0.019593253968253968
2 0.4314806547619048 0.24757936507936507 0.01461061507936508 0.029490740740740744
2 0.4077306547619048 0.25134259259259256 0.01900793650793651 0.020406746031746033
2 0.37611855158730156 0.0391005291005291 0.008861607142857142 0.01933531746031746
2 0.38499007936507934 0.020148809523809524 0.016277281746031744 0.021286375661375662
2 0.01614831349206349 0.4622420634920635 0.008025793650793651 0.009007936507936508
2 0.034032738095238095 0.4083002645502646 0.007482638888888889 0.0075066137566137565
2 0.04251984126984127 0.4062202380952381 0.009112103174603176 0.010162037037037037
2 0.06839781746031745 0.3759755291005291 0.009211309523809524 0.00900462962962963
2 0.07707589285714285 0.3793650793650794 0.006168154761904762 0.012374338624338625
2 0.09126488095238096 0.4080886243386243 0.009422123015873016 0.009808201058201058
2 0.10677579365079365 0.4098809523809524 0.007710813492063492 0.009983465608465608
2 0.1173015873015873 0.41354166666666664 0.007795138888888889 0.00980489417989418
2 0.11629712301587303 0.3831117724867725 0.007832341269841269 0.008267195767195767
2 0.13367063492063494 0.3998611111111111 0.008313492063492064 0.009722222222222222
2 0.14543650793650792 0.4203604497354498 0.0042286706349206355 0.00707010582010582
2 0.18069196428571427 0.43486772486772485 0.006713789682539682 0.008128306878306877
2 0.10569940476190476 0.4570899470899471 0.0076066468253968254 0.010294312169312168
2 0.09769345238095238 0.45907738095238093 0.00642609126984127 0.007447089947089947
2 0.025989583333333333 0.3708234126984127 0.009119543650793652 0.010291005291005292
2 0.08943948412698413 0.2422387566137566 0.008844246031746031 0.010211640211640212
2 0.17399801587301586 0.2252612433862434 0.007135416666666667 0.006947751322751323