2 0.3108167989417989 0.11956349206349207 0.0690707671957672 0.05494295634920635
2 0.4618617724867725 0.014650297619047618 0.04186177248677249 0.029303075396825397
2 0.6080257936507937 0.006540178571428572 0.03139550264550264 0.013080357142857144
2 0.7262830687830688 0.03688988095238095 0.027906746031746033 0.018313492063492063
2 0.831630291005291 0.10255952380952381 0.04325727513227513 0.026163194444444444
2 0.9415145502645502 0.12610615079365078 0.09139550264550264 0.07220982142857142
2 0.679537037037037 0.18 0.06697751322751322 0.029303075396825397
2 0.5986078042328042 0.18863343253968254 0.02511574074074074 0.013080357142857144
2 0.5536078042328042 0.2367733134920635 0.03139550264550264 0.036103670634920634
2 0.5427943121693122 0.3079365079365079 0.029302248677248677 0.02459325396825397
2 0.03802248677248678 0.3079365079365079 0.03558201058201058 0.031919642857142855
2 0.01220899470899471 0.3456125992063492 0.02441798941798942 0.04029017857142857
2 0.718260582010582 0.43691964285714285 0.09837301587301588 0.06593005952380952
2 0.604537037037037 0.47302579365079367 0.03558201058201058 0.026163194444444444
2 0.36663029100529104 0.42750248015873016 0.03139550264550264 0.01988343253968254
2 0.02267526455026455 0.5125322420634921 0.0453505291005291 0.08005952380952382
2 0.8229100529100529 0.47380952380952385 0.03139550264550264 0.02773313492063492
2 0.8703538359788359 0.5256125992063492 0.03139550264550264 0.026686507936507935
2 0.7810515873015873 0.5384325396825397 0.03558201058201058 0.029303075396825397
2 0.36069775132275134 0.5910193452380952 0.02651124338624339 0.016220238095238097
2 0.5843055555555555 0.6428224206349207 0.028604497354497355 0.021453373015873016
2 0.6031415343915344 0.6252926587301587 0.03139550264550264 0.020930059523809524
2 0.7363988095238095 0.6129960317460317 0.014652777777777778 0.02459325396825397
2 0.7552347883597883 0.6150892857142857 0.03 0.02459325396825397
2 0.016395502645502644 0.6263392857142858 0.03279100529100529 0.024069940476190474
2 0.03941798941798942 0.6530257936507936 0.04116402116402117 0.020930059523809524
2 0.23511574074074074 0.7043055555555556 0.023720238095238096 0.0156969246031746
2 0.25360449735449736 0.6993353174603174 0.02162698412698413 0.013080357142857144
2 0.8127943121693121 0.6990724206349206 0.023720238095238096 0.02302331349206349
2 0.8086078042328042 0.7354389880952381 0.036279761904761905 0.029826388888888892
2 0.7911673280423279 0.828578869047619 0.03069775132275132 0.018313492063492063
2 0.5675595238095238 0.756108630952381 0.02720899470899471 0.021976686507936508
2 0.4629100529100529 0.7827951388888889 0.03976851851851852 0.03139632936507936
2 0.34291005291005294 0.7375322420634921 0.03558201058201058 0.02459325396825397
2 0.3844212962962963 0.7197420634920635 0.02511574074074074 0.01726686507936508
2 0.27139550264550266 0.7678819444444445 0.01953373015873016 0.016220238095238097
2 0.1862797619047619 0.8283184523809525 0.03069775132275132 0.02302331349206349