2 0.3187003968253968 0.4398148148148148 0.02976190476190476 0.036375661375661374
2 0.12214781746031746 0.23809523809523808 0.031001984126984128 0.04298941798941799
2 0.12524801587301587 0.10912698412698413 0.022321428571428572 0.02976190476190476
2 0.011160714285714286 0.2876984126984127 0.022321428571428572 0.03968253968253968
2 0.6337549603174604 0.2818849206349206 0.02322172619047619 0.028382936507936506
2 0.5568328373015873 0.28027116402116403 0.022254464285714287 0.03418650793650793
2 0.5984375000000001 0.4737830687830688 0.02515625 0.03418650793650793
2 0.5822321428571429 0.4960383597883598 0.019833829365079363 0.030962301587301587
2 0.6533482142857143 0.518614417989418 0.019833829365079363 0.02451058201058201
2 0.661812996031746 0.5573148148148148 0.024188988095238097 0.030962301587301587
2 0.4441121031746032 0.42346891534391534 0.024188988095238097 0.03418650793650793
2 0.6018253968253968 0.6298842592592593 0.02128720238095238 0.031607142857142854
2 0.6538318452380952 0.6447189153439153 0.01886656746031746 0.03805886243386244
2 0.7002728174603174 0.651170634920635 0.02273809523809524 0.036765873015873016
2 0.6100496031746031 0.6843882275132276 0.02709077380952381 0.038703703703703705
2 0.4634623015873016 0.6334325396825397 0.02709077380952381 0.03354166666666667
2 0.5570734126984127 0.6908399470899471 0.021770833333333333 0.028382936507936506
2 0.6250446428571428 0.7182539682539683 0.017415674603174603 0.03418650793650793
2 0.6139186507936508 0.7482473544973545 0.017415674603174603 0.023220899470899472
2 0.4944246031746032 0.7337367724867725 0.015481150793650793 0.03418650793650793
2 0.2747867063492064 0.8240410052910053 0.022254464285714287 0.031607142857142854
2 0.2075421626984127 0.7405092592592594 0.029995039682539682 0.034831349206349206
2 0.1470684523809524 0.8482308201058202 0.02902777777777778 0.03354166666666667
2 0.2689831349206349 0.8856415343915344 0.028060515873015873 0.02967261904761905
2 0.3316319444444445 0.9137037037037037 0.01886656746031746 0.03031746031746032
2 0.2634201388888889 0.4944246031746032 0.034347718253968255 0.04192791005291006
2 0.30309027777777775 0.5769907407407407 0.028544146825396827 0.036765873015873016
2 0.10594742063492063 0.6260119047619047 0.02902777777777778 0.036765873015873016
2 0.3096205357142857 0.6789054232804234 0.011609623015873016 0.01999669312169312
2 0.06627728174603174 0.024834656084656084 0.016448412698412698 0.0225760582010582
2 0.01886656746031746 0.07675925925925926 0.013546626984126984 0.023220899470899472
2 0.08345238095238096 0.09675595238095237 0.023705357142857143 0.02451058201058201
2 0.4122222222222222 0.22845238095238096 0.027212301587301587 0.029563492063492066
2 0.42633184523809525 0.31445767195767194 0.01612599206349206 0.025532407407407406
2 0.7518774801587302 0.47571759259259255 0.02015873015873016 0.029563492063492066
2 0.7793427579365079 0.421630291005291 0.022676091269841273 0.028892195767195768
2 0.7778298611111111 0.2909424603174603 0.013606150793650794 0.018812830687830687
2 0.7891691468253967 0.27918320105820105 0.014109623015873016 0.019484126984126986
2 0.6644444444444444 0.1568915343915344 0.018645833333333334 0.03830026455026455
2 0.7669965277777778 0.1306878306878307 0.011086309523809524 0.018141534391534393
2 0.759437003968254 0.15151785714285715 0.01310267857142857 0.018141534391534393
2 0.7430580357142857 0.20258267195767196 0.016629464285714286 0.019484126984126986
2 0.8660193452380952 0.527119708994709 0.009575892857142857 0.018141534391534393
2 0.8806324404761905 0.5869212962962963 0.016629464285714286 0.020830026455026456
2 0.6979563492063492 0.7619543650793651 0.021165674603174603 0.025532407407407406
2 0.7128224206349206 0.6685582010582011 0.019652777777777776 0.02015873015873016
2 0.7448214285714285 0.6937566137566138 0.009069940476190476 0.0167989417989418
2 0.515843253968254 0.5257341269841269 0.024308035714285716 0.03431878306878307
2 0.36874007936507935 0.630353835978836 0.012512400793650794 0.029074074074074075