1 0.28318342151675485 0.4818650793650794 0.06371252204585538 0.03494543650793651
1 0.7130599647266314 0.1473189484126984 0.05593915343915344 0.03407986111111111
1 0.557147266313933 0.1253174603174603 0.05593033509700176 0.032309027777777784
1 0.6899294532627865 0.08778769841269841 0.05422398589065256 0.03339037698412698
1 0.4097530864197531 0.2858953373015873 0.050599647266313934 0.030287698412698415
1 0.6636243386243386 0.29319692460317465 0.05638888888888889 0.030374503968253967
1 0.208668430335097 0.4950843253968254 0.0552689594356261 0.031443452380952384
1 0.8763007054673722 0.2909399801587301 0.035339506172839506 0.02681299603174603
1 0.23906525573192242 0.5151661706349207 0.06238977072310405 0.03392361111111111
1 0.4387037037037037 0.38901537698412697 0.05345679012345679 0.027294146825396826
1 0.39522927689594356 0.7871651785714285 0.04759259259259259 0.030500992063492063
1 0.4748280423280424 0.549764384920635 0.05481481481481481 0.03413690476190476
1 0.8060846560846561 0.30603918650793654 0.053518518518518514 0.025248015873015874
1 0.5463580246913581 0.00984375 0.04867283950617284 0.0196875
1 0.42544091710758375 0.7744742063492063 0.0569400352733686 0.03238839285714286
1 0.47455467372134036 0.02365079365079365 0.041922398589065255 0.028348214285714286
1 0.4835317460317461 0.0552703373015873 0.03634038800705468 0.030629960317460316
1 0.5001014109347443 0.028799603174603176 0.04838624338624339 0.031046626984126986
1 0.901494708994709 0.13875744047619049 0.04915343915343916 0.02615079365079365
1 0.39843474426807757 0.35037698412698415 0.05133597883597884 0.026351686507936508
1 0.34296296296296297 0.38593253968253965 0.057464726631393306 0.032194940476190474
1 0.22746913580246914 0.3416592261904762 0.0338668430335097 0.024027777777777776
1 0.29160493827160494 0.5256374007936507 0.0459347442680776 0.03119543650793651
1 0.465789241622575 0.455796130952381 0.037425044091710755 0.01842261904761905
1 0.5301984126984127 0.42344990079365075 0.03968253968253968 0.02443700396825397
1 0.5618871252204585 0.4215352182539683 0.025846560846560847 0.018191964285714284
1 0.8495326278659612 0.2660019841269841 0.023915343915343917 0.01882936507936508
1 0.9318650793650792 0.24854166666666666 0.0358068783068783 0.022182539682539682
1 0.630679012345679 0.15426587301587302 0.04191798941798942 0.028911210317460315
1 0.9936155202821869 0.3625719246031746 0.012773368606701939 0.02032738095238095
1 0.8515167548500882 0.3604042658730159 0.02681657848324515 0.022452876984126985
1 0.54918430335097 0.5917881944444445 0.03758377425044091 0.020456349206349207
1 0.4665476190476191 0.7396155753968254 0.05107583774250441 0.031011904761904765
1 0.45533068783068786 0.7773189484126984 0.04499559082892416 0.030357142857142857
2 0.46973985890652553 0.7623834325396825 0.040092592592592596 0.018598710317460316