1 0.8641269841269841 0.6130357142857144 0.06302028218694886 0.03500496031746032
1 0.30875661375661373 0.4129141865079365 0.0418342151675485 0.02509672619047619
1 0.6243253968253968 0.721125992063492 0.057649911816578484 0.03575892857142857
1 0.21817019400352733 0.16764632936507937 0.039920634920634926 0.027351190476190477
1 0.7897971781305114 0.3743774801587302 0.07286596119929453 0.03609871031746032
1 0.6155908289241623 0.6163020833333333 0.0584347442680776 0.03407490079365079
1 0.9156349206349206 0.6355357142857143 0.06697089947089946 0.039774305555555556
1 0.743747795414462 0.3605481150793651 0.05972663139329806 0.03369791666666667
1 0.26052028218694884 0.4154637896825397 0.03928130511463845 0.027316468253968253
1 0.12052028218694884 0.37356150793650794 0.040850970017636684 0.020629960317460318
1 0.6416446208112875 0.3242683531746032 0.057544091710758374 0.03055803571428571
1 0.8780511463844798 0.6485887896825397 0.053037918871252206 0.03881696428571428
1 0.44438271604938273 0.42252480158730155 0.042195767195767196 0.028531746031746033
1 0.2297354497354497 0.22643849206349206 0.03638007054673722 0.02216269841269841
1 0.785626102292769 0.5487896825396825 0.05887125220458554 0.037906746031746034
1 0.16714726631393298 0.3227752976190476 0.039263668430335096 0.021314484126984126
1 0.43947089947089946 0.47957589285714286 0.04845679012345679 0.025905257936507938
1 0.3793342151675485 0.191515376984127 0.03973985890652557 0.022790178571428572
1 0.2672310405643739 0.20239583333333333 0.03674162257495591 0.02363095238095238
1 0.23227954144620808 0.19632440476190477 0.04004850088183422 0.024146825396825396
1 0.7132936507936508 0.13288690476190476 0.03097442680776014 0.015359623015873016
1 0.920489417989418 0.15175843253968255 0.043544973544973546 0.023467261904761907
1 0.9899074074074075 0.15890873015873017 0.020185185185185184 0.027889384920634922
1 0.9807495590828925 0.12027777777777778 0.02976190476190476 0.018618551587301586
1 0.9672310405643738 0.22139136904761905 0.04302028218694885 0.0267609126984127
1 0.8579982363315697 0.23827876984126983 0.06330246913580247 0.03302579365079365
1 0.5976278659611993 0.2405952380952381 0.041984126984126985 0.01984375
1 0.6269179894179894 0.3235267857142857 0.047791005291005294 0.028546626984126983
1 0.757557319223986 0.18009176587301587 0.02435626102292769 0.012175099206349207
1 0.6675837742504409 0.38966517857142857 0.06110229276895944 0.032018849206349204
1 0.6465828924162258 0.37938988095238096 0.04652557319223986 0.026971726190476192
1 0.8244708994708995 0.4148511904761905 0.05735449735449736 0.031445932539682545
1 0.8327865961199294 0.6152827380952381 0.0521031746031746 0.027410714285714285
1 0.8703483245149912 0.7913467261904762 0.050145502645502646 0.025577876984126984
1 0.4605379188712522 0.6044196428571429 0.04852733686067019 0.024288194444444446
1 0.43107142857142855 0.6877058531746032 0.03921075837742505 0.02252232142857143
1 0.4656393298059964 0.6983878968253968 0.04129188712522046 0.020848214285714286
1 0.35623015873015873 0.6203670634920635 0.037231040564373895 0.01896825396825397
1 0.29721340388007056 0.6245758928571429 0.03555996472663139 0.01941220238095238
1 0.17746913580246915 0.642998511904762 0.03405202821869489 0.019489087301587302
1 0.16147707231040564 0.6329687500000001 0.027680776014109346 0.014933035714285715
1 0.13570546737213401 0.6190500992063492 0.024969135802469136 0.013234126984126984
1 0.3056834215167548 0.5840525793650794 0.03335978835978836 0.018993055555555555
1 0.4067680776014109 0.5409796626984127 0.04720017636684303 0.02587549603174603
1 0.29773809523809525 0.5453869047619048 0.03923280423280424 0.018301091269841273
1 0.5045987654320988 0.5379315476190476 0.046865079365079367 0.024655257936507937
1 0.7270634920634921 0.5878794642857142 0.07045855379188713 0.03816468253968254
1 0.5105114638447972 0.4076066468253968 0.058650793650793655 0.03260912698412698
1 0.05793650793650794 0.8393105158730159 0.0380026455026455 0.02100198412698413
1 0.23772045855379187 0.4657762896825397 0.0399647266313933 0.01986359126984127
1 0.2150220458553792 0.40826388888888887 0.03971781305114638 0.021780753968253967
1 0.2667151675485009 0.15469990079365079 0.036177248677248676 0.01931795634920635
1 0.847310405643739 0.8107415674603174 0.0491710758377425 0.024221230158730157
1 0.20805996472663138 0.5605505952380953 0.02580246913580247 0.013603670634920635
1 0.22197089947089949 0.5196875000000001 0.024175485008818342 0.013390376984126985