1 0.601873897707231 0.3999652777777778 0.06041005291005291 0.034937996031746035
1 0.6835582010582011 0.5156646825396825 0.06745149911816578 0.0363219246031746
1 0.6800352733686067 0.9849231150793651 0.04305114638447972 0.030156250000000002
1 0.3280467372134039 0.6406845238095238 0.06233245149911817 0.03394593253968254
1 0.4079100529100529 0.6917435515873016 0.06897266313932982 0.040771329365079365
1 0.5891666666666667 0.7010491071428572 0.049810405643738974 0.031371527777777776
1 0.5762081128747795 0.7810937499999999 0.03875661375661376 0.03198412698412698
1 0.47528218694885366 0.6438343253968254 0.042649911816578484 0.03253472222222222
1 0.2531657848324515 0.3800173611111111 0.057962962962962966 0.03301835317460317
1 0.5296913580246914 0.615922619047619 0.04728835978835979 0.030679563492063494
1 0.6117724867724867 0.9715749007936507 0.03981040564373898 0.028115079365079364
1 0.864920634920635 0.5975272817460318 0.03991181657848324 0.03012152777777778
1 0.29865961199294533 0.14668402777777775 0.03792328042328043 0.02426339285714286
1 0.7034876543209877 0.9619246031746032 0.032305996472663134 0.02732142857142857
1 0.21575396825396825 0.4172048611111111 0.062213403880070545 0.030582837301587302
1 0.7074382716049383 0.761158234126984 0.036803350970017634 0.026884920634920637
1 0.3435185185185185 0.1220610119047619 0.03924603174603175 0.022343750000000002
1 0.22335097001763668 0.12171626984126983 0.03810846560846561 0.020518353174603175
1 0.1889153439153439 0.1405828373015873 0.04193562610229277 0.02429563492063492
1 0.17735008818342152 0.17768601190476188 0.035533509700176366 0.019270833333333334
1 0.7177072310405643 0.8708928571428571 0.04735449735449736 0.026019345238095237
1 0.4635978835978836 0.9283581349206349 0.03123015873015873 0.020629960317460318
1 0.5886375661375661 0.886282242063492 0.04566137566137566 0.026212797619047618
1 0.5425132275132275 0.882638888888889 0.03853615520282187 0.023680555555555555
1 0.5116666666666667 0.8776140873015873 0.03847442680776014 0.023152281746031744
1 0.7216490299823634 0.9853645833333333 0.03679012345679012 0.029273313492063493
1 0.897310405643739 0.7372470238095238 0.03500440917107584 0.022495039682539682
1 0.9450749559082892 0.6602256944444445 0.03252645502645502 0.023444940476190477
1 0.9116402116402116 0.6304265873015873 0.03413139329805996 0.01958829365079365
1 0.8242636684303352 0.5881795634920635 0.04127425044091711 0.0255109126984127
1 0.892473544973545 0.5816269841269841 0.037420634920634924 0.021240079365079365
1 0.9246649029982362 0.5748487103174603 0.03466931216931217 0.021956845238095237
1 0.8086243386243387 0.4362276785714285 0.045599647266313936 0.026832837301587302
1 0.7096604938271605 0.32444692460317465 0.05378306878306879 0.03236359126984127
1 0.5461067019400353 0.21842757936507937 0.04370811287477954 0.020865575396825396
1 0.16540123456790123 0.09602430555555556 0.042544091710758375 0.026225198412698412
1 0.20732363315696647 0.47658730158730156 0.054171075837742506 0.030734126984126985
1 0.47281305114638444 0.5107316468253968 0.05615520282186949 0.029682539682539685
1 0.09239858906525573 0.8153720238095238 0.04352292768959436 0.024806547619047617
1 0.6260758377425044 0.49412698412698414 0.060352733686067014 0.030617559523809526
1 0.382147266313933 0.319156746031746 0.040480599647266316 0.023824404761904762
1 0.38082010582010584 0.13414930555555554 0.038315696649029986 0.02429811507936508
1 0.9911463844797178 0.6306125992063493 0.012486772486772487 0.006364087301587302
1 0.9701675485008819 0.6404885912698413 0.011344797178130512 0.007765376984126984
1 0.2161331569664903 0.7546428571428571 0.03596119929453263 0.023293650793650793