1 0.5974559082892416 0.33325396825396825 0.061931216931216934 0.031103670634920633
1 0.9120282186948854 0.971078869047619 0.07720899470899471 0.05108382936507937
1 0.9771296296296297 0.14626984126984127 0.04574074074074074 0.03068452380952381
1 0.24291005291005288 0.23202876984126983 0.03087301587301587 0.017581845238095237
1 0.8909700176366843 0.8029637896825397 0.06449294532627867 0.037177579365079365
1 0.8606966490299823 0.5558333333333333 0.05784391534391534 0.03324652777777778
1 0.04252645502645503 0.3916145833333333 0.03844356261022928 0.025632440476190475
1 0.09035714285714286 0.47340773809523806 0.042949735449735446 0.025376984126984126
1 0.9210229276895944 0.23225198412698414 0.03998677248677249 0.024680059523809524
1 0.2735846560846561 0.39822420634920636 0.041300705467372134 0.026356646825396825
1 0.5106393298059965 0.48964285714285716 0.03343033509700176 0.025711805555555557
1 0.26523368606701936 0.26151289682539686 0.03679012345679012 0.022103174603174604
1 0.2899382716049383 0.35221478174603177 0.026997354497354496 0.017108134920634923
1 0.9782142857142858 0.2952604166666667 0.043571428571428567 0.03535714285714286
1 0.3064065255731922 0.7191369047619047 0.031164021164021168 0.02312748015873016
1 0.7960714285714285 0.13086805555555556 0.04242063492063492 0.029573412698412696
1 0.8104100529100529 0.08646825396825396 0.06041446208112875 0.03404017857142857
1 0.5780202821869489 0.063546626984127 0.041596119929453265 0.023901289682539684
1 0.5254012345679012 0.08504464285714285 0.03755731922398589 0.023375496031746032
1 0.8748633156966491 0.20216765873015874 0.06582451499118165 0.037901785714285714
1 0.43885802469135804 0.25990079365079366 0.037716049382716055 0.017018849206349208
1 0.13138007054673723 0.23116815476190478 0.03510141093474427 0.01947668650793651
1 0.2400485008818342 0.26752480158730163 0.034012345679012346 0.020109126984126983
1 0.007305996472663139 0.2360168650793651 0.014607583774250442 0.012673611111111111
1 0.33769841269841266 0.3500843253968254 0.032641093474426806 0.021956845238095237
1 0.26672398589065255 0.3296502976190476 0.0330599647266314 0.018432539682539682
1 0.23515873015873018 0.3361160714285714 0.028355379188712525 0.01611607142857143
1 0.36338183421516757 0.28822668650793654 0.02747795414462081 0.01634920634920635
1 0.3955467372134039 0.2982614087301587 0.02827601410934744 0.017509920634920635
1 0.4263800705467372 0.2999032738095238 0.02841269841269841 0.017123015873015873
1 0.5787345679012346 0.1786061507936508 0.045436507936507935 0.02531746031746032
1 0.6098589065255732 0.20201388888888888 0.0558641975308642 0.030032242063492063
1 0.7004497354497354 0.2901984126984127 0.05294091710758377 0.03372519841269841
1 0.6504629629629629 0.30450396825396825 0.04703703703703704 0.028167162698412698
1 0.6886111111111111 0.328405257936508 0.0545679012345679 0.03325644841269841
1 0.6368165784832451 0.3468824404761905 0.04859347442680776 0.03359871031746032
1 0.9428086419753087 0.2969965277777778 0.049223985890652557 0.029623015873015874
1 0.8426102292768959 0.46637896825396824 0.05202821869488536 0.032100694444444446
1 0.8058289241622575 0.43808035714285715 0.05202380952380952 0.025850694444444447
1 0.9372839506172841 0.6354861111111112 0.05885361552028218 0.032378472222222225
1 0.6346560846560847 0.5732589285714286 0.05559523809523809 0.029997519841269842
1 0.6676940035273369 0.5530654761904762 0.054069664902998235 0.028231646825396826
1 0.6036992945326279 0.49980406746031747 0.056212522045855376 0.03205357142857143
1 0.6276719576719576 0.5317212301587302 0.04776014109347442 0.02416418650793651
1 0.5948809523809524 0.5213566468253968 0.052059082892416224 0.02343501984126984
1 0.5734259259259259 0.47386160714285713 0.045930335097001763 0.025687003968253967
1 0.34341710758377425 0.4753199404761905 0.03917548500881834 0.02117311507936508
1 0.3107936507936508 0.4887921626984127 0.04184744268077601 0.02529017857142857
1 0.28054232804232804 0.477609126984127 0.03518077601410935 0.019697420634920634
1 0.3538183421516755 0.4185639880952381 0.03776014109347443 0.021808035714285717
1 0.3746384479717813 0.44562748015873016 0.025110229276895945 0.015833333333333335
1 0.3323500881834215 0.4218105158730159 0.03278218694885361 0.019454365079365078
1 0.30672398589065253 0.4056845238095238 0.031909171075837746 0.021676587301587304
1 0.1628174603174603 0.4533878968253968 0.03248677248677249 0.017378472222222222
1 0.1556657848324515 0.48417906746031747 0.03234567901234568 0.0179265873015873
1 0.08138007054673721 0.5164732142857144 0.03100088183421517 0.0196155753968254
1 0.01062610229276896 0.5715575396825396 0.02124779541446208 0.016103670634920637
1 0.33014550264550263 0.5741220238095238 0.044514991181657845 0.0249578373015873
1 0.45896384479717817 0.33810515873015873 0.034206349206349206 0.017906746031746034
1 0.8454453262786596 0.8809449404761904 0.0633641975308642 0.03058531746031746
1 0.26157848324514993 0.8343700396825396 0.04612874779541446 0.025032242063492065
1 0.3011331569664903 0.8040327380952381 0.04125220458553792 0.023058035714285715
1 0.3181305114638448 0.7715699404761904 0.04161375661375661 0.02429563492063492
1 0.378179012345679 0.7529712301587301 0.04536155202821869 0.02576884920634921
1 0.29149029982363317 0.7491914682539682 0.04428571428571428 0.02400545634920635
1 0.10921957671957672 0.6534771825396826 0.03578483245149912 0.01919890873015873
1 0.052204585537918874 0.7097395833333333 0.025789241622574958 0.013851686507936509
1 0.010132275132275133 0.7150992063492064 0.02026014109347443 0.01711309523809524
1 0.004334215167548501 0.6999429563492063 0.008664021164021164 0.014290674603174602
1 0.10749118165784832 0.6895758928571428 0.031164021164021168 0.016383928571428574
1 0.18055996472663138 0.6340228174603175 0.033179012345679014 0.016168154761904762
1 0.4383289241622575 0.1681001984126984 0.030176366843033507 0.01623015873015873
1 0.6806349206349207 0.14985863095238094 0.0452336860670194 0.02416418650793651
1 0.9903350970017636 0.38213789682539684 0.019325396825396825 0.023524305555555555
1 0.5216534391534391 0.6677827380952381 0.04856701940035273 0.027881944444444445