1 0.2716931216931217 0.12450644841269841 0.05219576719576719 0.032170138888888894
1 0.09604497354497354 0.2337375992063492 0.05637125220458553 0.03314980158730159
1 0.07459435626102293 0.46319940476190474 0.048267195767195764 0.03153521825396825
1 0.965568783068783 0.053291170634920636 0.04250440917107584 0.02706597222222222
1 0.5572398589065255 0.1597891865079365 0.03972663139329806 0.026009424603174604
1 0.2674162257495591 0.6637127976190477 0.04244708994708995 0.02966765873015873
1 0.3722663139329806 0.0834375 0.03227954144620811 0.02016865079365079
1 0.3312389770723104 0.3803844246031746 0.03220017636684303 0.027328869047619046
1 0.13381834215167548 0.9543427579365079 0.038734567901234564 0.02673859126984127
1 0.16679453262786598 0.5980357142857143 0.04699294532627866 0.029685019841269842
1 0.350462962962963 0.4589905753968254 0.04287918871252205 0.02340277777777778
1 0.42645943562610233 0.476421130952381 0.03948412698412698 0.023881448412698413
1 0.19317019400352733 0.6091989087301587 0.04330246913580247 0.02196924603174603
1 0.1356437389770723 0.6062152777777778 0.05052028218694885 0.027941468253968253
1 0.015070546737213404 0.6386929563492063 0.02844356261022928 0.028896329365079368
1 0.196141975308642 0.8259176587301587 0.03905643738977072 0.021731150793650796
1 0.028020282186948853 0.9489037698412699 0.05094356261022928 0.02841765873015873
1 0.05455467372134039 0.3010168650793651 0.0386331569664903 0.025553075396825397
1 0.08278659611992945 0.31415178571428576 0.033112874779541446 0.019342757936507936
1 0.24241622574955907 0.28740575396825396 0.03566137566137566 0.01695436507936508
1 0.12035714285714287 0.1811359126984127 0.027597001763668434 0.015044642857142857
1 0.17406525573192239 0.11474702380952381 0.022076719576719576 0.018387896825396825
1 0.21885361552028218 0.13003224206349207 0.0258994708994709 0.01599950396825397
1 0.2534567901234568 0.14674851190476193 0.026322751322751324 0.01695436507936508
1 0.26831569664903 0.16788194444444443 0.03905643738977072 0.01958333333333333
1 0.34388447971781305 0.12692708333333333 0.04160493827160494 0.02220982142857143
1 0.30185185185185187 0.13970238095238094 0.02971781305114639 0.01480654761904762
1 0.23307760141093475 0.1020907738095238 0.03735890652557319 0.02125496031746032
1 0.33220899470899473 0.07056795634920635 0.03438712522045855 0.021731150793650796
1 0.33772927689594356 0.05337301587301587 0.03184303350970018 0.019342757936507936
1 0.38294091710758377 0.062447916666666665 0.03820987654320988 0.018387896825396825
1 0.2973941798941799 0.07582093253968253 0.02419753086419753 0.019342757936507936
1 0.4787786596119929 0.18900545634920637 0.04308201058201058 0.023668154761904765
1 0.45638888888888884 0.13922619047619048 0.02971781305114639 0.021014384920634923
1 0.30694885361552027 0.17731398809523807 0.03651234567901235 0.02077628968253968
1 0.27956349206349207 0.2685391865079365 0.018253968253968255 0.015044642857142857
1 0.9066225749559083 0.05122519841269841 0.044576719576719576 0.02507440476190476
1 0.9918386243386242 0.032239583333333335 0.016322751322751326 0.026746031746031747
1 0.828505291005291 0.40442212301587305 0.04627425044091711 0.02507440476190476
1 0.7486904761904761 0.4161235119047619 0.04627425044091711 0.025553075396825397
1 0.8085493827160494 0.5114087301587301 0.04033068783068783 0.020297619047619047
1 0.9463183421516755 0.5970213293650793 0.03481481481481481 0.016240079365079367
1 0.8830599647266314 0.5906919642857144 0.02377425044091711 0.01695436507936508
1 0.6204761904761905 0.5444816468253968 0.044576719576719576 0.022447916666666668
1 0.6703615520282188 0.7768427579365079 0.03990740740740741 0.023881448412698413
1 0.5438447971781305 0.7480654761904761 0.033112874779541446 0.020297619047619047
1 0.5013888888888889 0.5656175595238095 0.028020282186948853 0.01599950396825397
1 0.4720987654320988 0.5691989087301588 0.03396384479717813 0.01170138888888889
1 0.3373015873015873 0.5263343253968253 0.0258994708994709 0.01814980158730159
1 0.3969532627865961 0.2858531746031746 0.033112874779541446 0.017194940476190475
1 0.40841710758377425 0.14316468253968254 0.02887125220458554 0.021731150793650796
1 0.8229850088183421 0.1375545634920635 0.0097663139329806 0.006686507936507937
1 0.9393121693121693 0.17827132936507936 0.015709876543209877 0.008358134920634922
1 0.9004673721340388 0.16095734126984126 0.010189594356261022 0.005252976190476191
1 0.8722354497354498 0.19629960317460318 0.018253968253968255 0.006686507936507937
1 0.8323280423280424 0.20656994047619048 0.014858906525573194 0.006686507936507937
1 0.870110229276896 0.23534474206349207 0.015709876543209877 0.006924603174603175
1 0.8622574955908289 0.2458531746031746 0.01443562610229277 0.007879464285714285
1 0.8406040564373898 0.2711656746031746 0.015282186948853613 0.008358134920634922
1 0.8539770723104056 0.2709275793650794 0.013161375661375662 0.00740327380952381
1 0.8070634920634921 0.27343501984126983 0.012738095238095238 0.0071651785714285715
1 0.828505291005291 0.3003000992063492 0.012310405643738977 0.00740327380952381
1 0.8892151675485009 0.31821180555555556 0.014007936507936507 0.007879464285714285
1 0.9495017636684302 0.2605406746031746 0.016556437389770723 0.007641369047619047
1 0.9743386243386244 0.35033234126984125 0.012738095238095238 0.008596230158730157
1 0.8457010582010582 0.543767361111111 0.03481481481481481 0.018625992063492063
1 0.6673897707231041 0.5676463293650794 0.03481481481481481 0.015282738095238094
1 0.8429409171075838 0.6223338293650794 0.02080246913580247 0.016240079365079367
1 0.37399911816578485 0.7404191468253968 0.038064373897707234 0.023901289682539684
1 0.4104232804232804 0.2055654761904762 0.027526455026455027 0.01244047619047619