1 0.6604497354497355 0.5598611111111111 0.057888007054673715 0.03337549603174603
1 0.16321428571428573 0.13812996031746033 0.07823192239858907 0.047274305555555556
1 0.34758377425044096 0.7898065476190477 0.08601851851851852 0.05056795634920635
1 0.5835008818342152 0.3603000992063492 0.04361552028218695 0.02593501984126984
1 0.7546781305114638 0.46875 0.03895502645502645 0.02362847222222222
1 0.23065696649029982 0.8341939484126983 0.06504409171075838 0.046785714285714285
1 0.2528747795414462 0.37432539682539684 0.07156966490299824 0.041254960317460315
1 0.19212081128747796 0.37436259920634923 0.06462962962962963 0.03664186507936508
1 0.571931216931217 0.21308035714285714 0.04429012345679013 0.02878968253968254
1 0.27755291005291005 0.10469990079365078 0.06184744268077602 0.03933531746031746
1 0.015886243386243386 0.4545064484126984 0.03177689594356261 0.02869295634920635
1 0.6335273368606702 0.2804117063492063 0.04088624338624339 0.02595734126984127
1 0.39195767195767195 0.16158234126984128 0.0496031746031746 0.028896329365079368
1 0.572283950617284 0.18457093253968254 0.04857142857142857 0.027192460317460317
1 0.22615520282186946 0.7885887896825398 0.08533509700176367 0.04632192460317461
1 0.42148148148148146 0.19481646825396826 0.049567901234567904 0.03025049603174603
2 0.8778835978835978 0.3848784722222222 0.02467372134038801 0.016490575396825396
1 0.04482363315696649 0.27184027777777775 0.07233245149911817 0.044124503968253966
1 0.7157627865961199 0.6565575396825396 0.04345679012345679 0.026160714285714287
2 0.9076014109347443 0.3634300595238095 0.02517636684303351 0.018368055555555558
1 0.30022927689594353 0.12110863095238095 0.060233686067019405 0.03903273809523809
1 0.5309126984126984 0.21225942460317462 0.039457671957671955 0.02607390873015873
1 0.30815696649029983 0.8215625 0.06456349206349207 0.042738095238095235
1 0.8982671957671957 0.348844246031746 0.028381834215167552 0.014888392857142857
2 0.9110670194003528 0.3368625992063492 0.022760141093474427 0.01611607142857143
1 0.3529056437389771 0.19749007936507937 0.04037037037037037 0.0282390873015873
1 0.17891534391534392 0.12945436507936509 0.0596384479717813 0.03612599206349206
1 0.234347442680776 0.19052579365079367 0.05275573192239859 0.033546626984126984
1 0.27028218694885364 0.18041914682539684 0.045110229276895945 0.02881448412698413
1 0.31156966490299826 0.19783730158730156 0.04205026455026455 0.028385416666666666
1 0.4912477954144621 0.21009424603174603 0.037464726631393296 0.02279513888888889
1 0.5437698412698413 0.055880456349206346 0.027451499118165783 0.017646329365079365
1 0.1686199294532628 0.0672767857142857 0.05097883597883598 0.030880456349206352
1 0.20783509700176367 0.009925595238095239 0.03921516754850088 0.019851190476190477
1 0.16698853615520284 0.23436755952380953 0.04509700176366843 0.02977926587301587
1 0.8862433862433863 0.23969742063492064 0.024836860670194003 0.014704861111111111
1 0.9065035273368606 0.23436755952380953 0.030066137566137564 0.01654265873015873
1 0.9339550264550265 0.2422718253968254 0.028756613756613755 0.015441468253968254
1 0.9065035273368606 0.250359623015873 0.027451499118165783 0.01617559523809524
1 0.928399470899471 0.2577108134920635 0.028104056437389772 0.01617559523809524
1 0.9676146384479719 0.23252976190476188 0.028104056437389772 0.017279265873015873
1 0.9248059964726631 0.22241815476190474 0.023527336860670194 0.013970734126984127
1 0.6123985890652558 0.3441046626984127 0.047059082892416226 0.029409722222222223
1 0.5601102292768959 0.34171626984126985 0.04313492063492064 0.02463045634920635
1 0.698015873015873 0.39024305555555555 0.03398589065255732 0.017279265873015873
1 0.7375573192239859 0.3749875992063492 0.02548941798941799 0.019851190476190477
1 0.43723985890652556 0.4477777777777778 0.04052028218694886 0.02058779761904762
1 0.40586860670194 0.4330729166666667 0.03137125220458554 0.019851190476190477
1 0.585925925925926 0.4266393849206349 0.034638447971781304 0.018013392857142856
1 0.6457275132275132 0.6459325396825397 0.05097883597883598 0.029409722222222223
1 0.6127248677248678 0.6606398809523809 0.03986772486772487 0.022792658730158732
1 0.7467063492063492 0.5656051587301587 0.03594797178130511 0.02022073412698413
1 0.8313447971781305 0.5865600198412699 0.03790564373897707 0.01875
1 0.7163139329805996 0.5928100198412698 0.03398589065255732 0.025367063492063493
1 0.9767636684303351 0.45807291666666666 0.026794532627865963 0.015441468253968254
1 0.9715343915343916 0.41285218253968253 0.026794532627865963 0.013234126984126984
1 0.8908201058201058 0.40403025793650793 0.027451499118165783 0.014704861111111111
1 0.7212169312169312 0.48251984126984127 0.042482363315696645 0.02315972222222222
1 0.2751543209876543 0.8479489087301587 0.05359347442680776 0.028308531746031745
1 0.17679012345679013 0.8176190476190476 0.05555555555555555 0.033821924603174604
1 0.38299382716049385 0.8056696428571428 0.06666225749559083 0.04227678571428572
1 0.39181657848324514 0.7786483134920635 0.05032627865961199 0.029409722222222223
1 0.4682848324514991 0.588767361111111 0.05032627865961199 0.029042658730158728
1 0.19018959435626104 0.3957589285714286 0.04574955908289242 0.02022073412698413
1 0.1575088183421517 0.40219246031746037 0.036600529100529106 0.025734126984126984