2 0.7742410714285713 0.5654166666666667 0.03863839285714286 0.04146494708994709
2 0.616889880952381 0.49001984126984127 0.03286954365079365 0.03664351851851852
2 0.7831870039682539 0.6516335978835979 0.040389384920634916 0.04406415343915344
2 0.8389285714285715 0.5889087301587301 0.03563740079365079 0.041980820105820105
2 0.529047619047619 0.6112334656084656 0.026294642857142857 0.039523809523809524
2 0.1400297619047619 0.4392559523809524 0.026135912698412696 0.03288690476190476
2 0.7475744047619047 0.8715178571428571 0.03326388888888889 0.03934854497354497
2 0.08830109126984126 0.3418287037037037 0.031155753968253968 0.033859126984126985
2 0.16530257936507936 0.8783134920634921 0.021036706349206347 0.029176587301587304
2 0.3410714285714286 0.22878637566137566 0.03038690476190476 0.03546626984126984
2 0.03126984126984127 0.3055753968253968 0.03127728174603175 0.04006283068783069
2 0.7687227182539682 0.2776388888888889 0.02232886904761905 0.025727513227513227
2 0.8510094246031746 0.548042328042328 0.02428075396825397 0.03263888888888889
2 0.7122594246031746 0.16985449735449734 0.015749007936507936 0.01726521164021164
2 0.7866220238095237 0.825271164021164 0.024833829365079364 0.02199404761904762
2 0.12586557539682539 0.7394742063492064 0.025111607142857144 0.02571759259259259
2 0.30591765873015875 0.3702017195767196 0.024310515873015873 0.025727513227513227
2 0.7932886904761904 0.7186805555555555 0.0223015873015873 0.024910714285714286
2 0.2592485119047619 0.10549933862433862 0.030617559523809526 0.036633597883597886
2 0.31068948412698416 0.2203042328042328 0.02784970238095238 0.036415343915343915
2 0.5695510912698413 0.1702414021164021 0.019305555555555555 0.02029100529100529
2 0.8238938492063492 0.6277843915343916 0.028998015873015873 0.04372354497354497
2 0.4156795634920635 0.5690806878306879 0.016225198412698413 0.024358465608465607
2 0.38486607142857143 0.6538392857142857 0.01588293650793651 0.01753968253968254
2 0.10964533730158729 0.31610119047619045 0.021485615079365077 0.028756613756613755
2 0.812921626984127 0.9727116402116402 0.026044146825396828 0.024057539682539684
2 0.6285639880952381 0.7374437830687831 0.020436507936507937 0.020492724867724868
2 0.331577380952381 0.7710251322751323 0.010830853174603175 0.015651455026455027
2 0.22930555555555554 0.580135582010582 0.015446428571428571 0.02115410052910053
2 0.09281001984126984 0.6448842592592593 0.0153125 0.01253637566137566
2 0.7650471230158731 0.14816798941798942 0.02110863095238095 0.023730158730158733
2 0.7648387896825397 0.19314153439153436 0.008276289682539682 0.01544973544973545
2 0.8056051587301587 0.7099305555555555 0.0153125 0.020416666666666666
2 0.8434747023809523 0.7350396825396827 0.015726686507936505 0.016554232804232804
2 0.2534970238095238 0.029798280423280425 0.01945188492063492 0.028693783068783067
2 0.42442708333333334 0.08912037037037036 0.01945188492063492 0.027040343915343913
2 0.42380704365079364 0.22376653439153438 0.024831349206349208 0.03476521164021164
2 0.39111111111111113 0.20445436507936507 0.0215203373015873 0.022625661375661375
2 0.4262896825396825 0.3275132275132275 0.011587301587301587 0.022625661375661375
2 0.5163070436507936 0.22597552910052912 0.012001488095238095 0.02152116402116402
2 0.3219816468253968 0.64307208994709 0.00982390873015873 0.019054232804232803
2 0.4206746031746032 0.6397949735449735 0.015183531746031745 0.02798611111111111