1 0.773099647266314 0.5680084325396826 0.066820987654321 0.04321676587301587
1 0.2816446208112875 0.9119097222222222 0.07207231040564374 0.04988591269841269
1 0.419294532627866 0.3512996031746032 0.049810405643738974 0.03391121031746031
1 0.8723015873015874 0.7153273809523809 0.07257495590828925 0.04151289682539682
1 0.5186860670194005 0.2570213293650794 0.05208112874779541 0.0343328373015873
1 0.37930776014109346 0.37617559523809524 0.050595238095238096 0.03391121031746031
1 0.34205026455026455 0.1618154761904762 0.04677248677248677 0.02945436507936508
1 0.24774250440917106 0.5358730158730158 0.05125661375661376 0.02765625
1 0.23822310405643737 0.7574925595238096 0.05664902998236331 0.03357142857142857
1 0.46378306878306874 0.21379960317460317 0.05054232804232804 0.031001984126984128
1 0.29548500881834217 0.23761904761904762 0.0429320987654321 0.024918154761904763
1 0.7199426807760141 0.6102207341269841 0.06223104056437389 0.03504464285714286
1 0.4606172839506173 0.07426835317460317 0.04904761904761905 0.03167410714285714
1 0.34568342151675485 0.2967906746031746 0.04627425044091711 0.0318328373015873
1 0.8039770723104057 0.13618303571428572 0.045286596119929454 0.03125744047619047
1 0.5972310405643739 0.08111607142857143 0.055612874779541445 0.03321924603174603
1 0.4114858906525573 0.22963789682539681 0.037764550264550265 0.03099702380952381
1 0.017998236331569665 0.490952380952381 0.03599647266313933 0.029521329365079365
1 0.17942239858906525 0.13813988095238094 0.04215167548500882 0.0298015873015873
1 0.497716049382716 0.06203125 0.04264109347442681 0.030602678571428572
1 0.8256084656084656 0.049831349206349206 0.03675925925925926 0.025225694444444443
1 0.8502336860670193 0.024191468253968257 0.04337742504409171 0.027705853174603175
1 0.8744973544973544 0.03370287698412698 0.04190476190476191 0.027705853174603175
1 0.40214285714285714 0.005168650793650794 0.048522927689594354 0.010337301587301588
1 0.6649691358024692 0.12199404761904761 0.03749559082892417 0.020677083333333336
1 0.692173721340388 0.13688244047619047 0.03749559082892417 0.020677083333333336
1 0.733342151675485 0.1536284722222222 0.04337742504409171 0.025225694444444443
1 0.7234171075837743 0.18092261904761905 0.033818342151675486 0.02109126984126984
1 0.6918033509700177 0.18526537698412698 0.03675925925925926 0.025639880952380952
1 0.8208289241622575 0.25391369047619045 0.04190476190476191 0.024811507936507937
1 0.566089065255732 0.24895089285714286 0.052932098765432097 0.03225694444444444
1 0.19335097001763668 0.09759424603174603 0.05146384479717813 0.03225694444444444
1 0.2602557319223986 0.20738839285714286 0.05440476190476191 0.03184275793650793
1 0.08528218694885362 0.2853422619047619 0.04999118165784832 0.03225694444444444
1 0.03565696649029983 0.297953869047619 0.05660934744268077 0.03515128968253968
1 0.02499559082892416 0.3357936507936508 0.04705026455026455 0.03473710317460318
1 0.20695326278659612 0.428219246031746 0.04631834215167548 0.026054067460317458
1 0.25143298059964725 0.45716765873015874 0.04558201058201058 0.027705853174603175
1 0.04190476190476191 0.5601388888888889 0.05440476190476191 0.029360119047619048
1 0.03602292768959436 0.5241592261904762 0.03822751322751323 0.0219171626984127
1 0.08564814814814815 0.5411160714285714 0.04484567901234568 0.02853422619047619
1 0.5962301587301587 0.6012847222222223 0.060286596119929446 0.03556547619047619
1 0.21687830687830686 0.8361755952380953 0.05440476190476191 0.03142857142857143
1 0.665705467372134 0.9242584325396825 0.0757231040564374 0.038871527777777776
1 0.8976543209876544 0.8996527777777777 0.052932098765432097 0.030188492063492063
1 0.9557319223985891 0.8917956349206348 0.04264109347442681 0.026879960317460316
1 0.8656746031746031 0.9161954365079364 0.04190476190476191 0.025225694444444443
1 0.7465740740740741 0.6167931547619048 0.04778659611992945 0.030188492063492063
1 0.6756305114638448 0.5038963293650793 0.048522927689594354 0.02853422619047619
1 0.5484435626102292 0.4371106150793651 0.05146384479717813 0.030602678571428572
1 0.43596119929453264 0.45199652777777777 0.05146384479717813 0.02812003968253968
1 0.4602204585537919 0.500796130952381 0.04264109347442681 0.02398561507936508
1 0.51168430335097 0.3250421626984127 0.05440476190476191 0.027294146825396826
1 0.31465608465608463 0.606453373015873 0.048522927689594354 0.02853422619047619
1 0.3962610229276896 0.8886954365079365 0.05587301587301587 0.03391121031746031
1 0.45544532627865963 0.3378621031746032 0.04337742504409171 0.02398561507936508