1 0.3416666666666667 0.1766765873015873 0.07647266313932981 0.04536210317460317
1 0.6436948853615521 0.22543650793650793 0.05961640211640212 0.042028769841269846
1 0.800326278659612 0.6159747023809524 0.055489417989417984 0.03806051587301588
1 0.3211552028218695 0.21951140873015873 0.06503968253968254 0.03947420634920635
1 0.4452513227513228 0.11614583333333334 0.059942680776014105 0.04046626984126984
1 0.7456349206349205 0.6833506944444444 0.04681657848324515 0.03172867063492064
1 0.8698721340388007 0.642373511904762 0.03804673721340388 0.027822420634920637
1 0.2285978835978836 0.2113888888888889 0.051516754850088185 0.032108134920634926
1 0.1948148148148148 0.39289434523809524 0.04139329805996472 0.03286458333333333
1 0.3509435626102293 0.3096577380952381 0.05352292768959436 0.031825396825396826
1 0.1674426807760141 0.3154637896825397 0.05199294532627866 0.02623511904761905
1 0.12845238095238096 0.33481646825396827 0.05504850088183421 0.027956349206349207
1 0.15215167548500882 0.47566964285714286 0.04281746031746032 0.024084821428571428
1 0.8574823633156966 0.692859623015873 0.03899470899470899 0.02236359126984127
1 0.8142857142857143 0.6651190476190477 0.03670194003527336 0.01849454365079365
1 0.16324074074074074 0.7038268849206349 0.037464726631393296 0.01849454365079365
1 0.15368165784832452 0.6406051587301588 0.032111992945326275 0.019352678571428573
1 0.18503086419753084 0.6363045634920634 0.03517195767195767 0.020213293650793652
1 0.1877072310405644 0.6038318452380953 0.05275573192239859 0.020644841269841268
1 0.10742504409171075 0.5900694444444444 0.02981922398589065 0.012901785714285715
1 0.47442680776014107 0.6836111111111112 0.0359347442680776 0.027095734126984128
1 0.302010582010582 0.6038318452380953 0.05504850088183421 0.02666418650793651
1 0.1467989417989418 0.5775967261904762 0.032111992945326275 0.01806299603174603
1 0.5076851851851852 0.698234126984127 0.04587301587301588 0.02451388888888889
1 0.357826278659612 0.6302827380952382 0.06575396825396825 0.019352678571428573
1 0.598289241622575 0.5096453373015872 0.04358024691358025 0.02580357142857143
1 0.6441622574955909 0.5001835317460317 0.05581569664902998 0.02236359126984127
1 0.16361992945326279 0.4244890873015873 0.039757495590828924 0.020644841269841268
1 0.0913668430335097 0.41094246031746035 0.023703703703703703 0.010751488095238095
1 0.390705467372134 0.13267857142857145 0.05352292768959436 0.03139632936507936
1 0.47289682539682537 0.1442906746031746 0.05275573192239859 0.02881448412698413
1 0.4270238095238095 0.15697916666666667 0.04205026455026455 0.01892361111111111
1 0.5891137566137565 0.25374751984126986 0.05275573192239859 0.020644841269841268
1 0.5279453262786596 0.26708085317460317 0.0344047619047619 0.016344246031746033
1 0.28748677248677246 0.3128844246031746 0.056578483245149906 0.02279513888888889
1 0.5390343915343915 0.7081274801587302 0.05199294532627866 0.02365327380952381
1 0.6112874779541446 0.35438492063492066 0.03899470899470899 0.024084821428571428
1 0.10780864197530864 0.5363095238095238 0.04128747795414462 0.01720238095238095