2 0.12114087301587302 0.2922189153439153 0.011364087301587302 0.014120370370370372
2 0.08665674603174603 0.3047883597883598 0.009556051587301587 0.012397486772486773
2 0.006845238095238095 0.32545304232804234 0.008524305555555554 0.011021825396825396
2 0.047137896825396826 0.3576521164021164 0.00697420634920635 0.010674603174603175
2 0.07232142857142858 0.33957010582010577 0.005682043650793651 0.0075760582010582014
2 0.08549603174603175 0.33922619047619046 0.007748015873015873 0.0075760582010582014
2 0.07710069444444445 0.34335978835978836 0.0059399801587301584 0.006888227513227513
2 0.06999751984126984 0.3483531746031746 0.008782242063492063 0.01136574074074074
2 0.05695436507936508 0.35110780423280424 0.0074900793650793645 0.008611111111111111
2 0.07128968253968254 0.3600628306878307 0.008266369047619047 0.0092989417989418
2 0.08407490079365079 0.36781084656084656 0.008005952380952381 0.011021825396825396
2 0.09053323412698412 0.3860648148148148 0.010074404761904762 0.012397486772486773
2 0.018080357142857145 0.42653108465608464 0.005166170634920635 0.008611111111111111
2 0.002842261904761905 0.45959325396825396 0.005682043650793651 0.008611111111111111
2 0.040939980158730155 0.45115410052910054 0.008524305555555554 0.011709656084656083
2 0.03319196428571429 0.46183201058201057 0.008524305555555554 0.008955026455026454
2 0.047656250000000004 0.44633267195767196 0.004908234126984126 0.006888227513227513
2 0.09763640873015873 0.41998677248677246 0.008266369047619047 0.012053571428571429
2 0.049335317460317454 0.46854828042328045 0.007748015873015873 0.010674603174603175
2 0.04249007936507936 0.4809457671957672 0.009040178571428572 0.010674603174603175
2 0.06922371031746032 0.49110449735449735 0.007748015873015873 0.008955026455026454
2 0.06935267857142857 0.4628637566137566 0.006458333333333333 0.008263888888888888
2 0.07103174603174603 0.4752612433862434 0.007232142857142857 0.010330687830687831
2 0.07645585317460317 0.46854828042328045 0.009813988095238096 0.0092989417989418
2 0.0577281746031746 0.5429365079365079 0.00697420634920635 0.009986772486772487
2 0.06612351190476191 0.5396626984126984 0.00929811507936508 0.008955026455026454
2 0.06612351190476191 0.5474140211640212 0.006716269841269841 0.008611111111111111
2 0.06702876984126983 0.6057870370370371 0.008005952380952381 0.011709656084656083
2 0.07645585317460317 0.6056150793650794 0.009813988095238096 0.010674603174603175
2 0.08407490079365079 0.6142261904761905 0.009556051587301587 0.008611111111111111
2 0.10267113095238097 0.5567129629629629 0.00697420634920635 0.01136574074074074
2 0.10925843253968254 0.5642890211640212 0.007748015873015873 0.0092989417989418
2 0.12281994047619046 0.5394907407407408 0.0074900793650793645 0.012053571428571429
2 0.19088045634920633 0.5222718253968254 0.00929811507936508 0.012741402116402116
2 0.09763640873015873 0.4816335978835979 0.010848214285714286 0.013432539682539681
2 0.10486855158730159 0.4750892857142857 0.010848214285714286 0.012741402116402116
2 0.12682291666666667 0.46682539682539687 0.00929811507936508 0.012741402116402116
2 0.1625967261904762 0.445816798941799 0.016788194444444442 0.020320767195767198
2 0.161046626984127 0.4783630952380952 0.011624503968253968 0.011709656084656083
2 0.15807539682539684 0.4945502645502645 0.009813988095238096 0.01308531746031746
2 0.25971478174603174 0.27844246031746034 0.014206349206349207 0.016875
2 0.23931051587301586 0.2837797619047619 0.016272321428571428 0.017218915343915345
2 0.22691220238095236 0.359890873015873 0.015756448412698413 0.017910052910052907
2 0.24680059523809525 0.34594246031746034 0.01369047619047619 0.023075396825396825
2 0.2554538690476191 0.4330753968253968 0.014464285714285714 0.018941798941798944
2 0.26953125 0.4325595238095238 0.013172123015873016 0.019285714285714285
2 0.29871775793650795 0.41017195767195763 0.010590277777777778 0.0185978835978836
2 0.32054315476190476 0.4323842592592593 0.018080357142857145 0.023763227513227514
2 0.21283482142857144 0.473369708994709 0.010848214285714286 0.012741402116402116
2 0.22962301587301587 0.7103108465608465 0.014980158730158729 0.016875
2 0.2391815476190476 0.7227083333333333 0.017048611111111108 0.018941798941798944
2 0.24757688492063493 0.7430291005291005 0.013172123015873016 0.016875
2 0.27973462301587304 0.6925760582010582 0.012398313492063492 0.0185978835978836
2 0.32377232142857143 0.7073842592592593 0.009040178571428572 0.01308531746031746
2 0.33462053571428574 0.7066964285714287 0.011106150793650795 0.015843253968253968
2 0.3018179563492064 0.7029067460317461 0.00697420634920635 0.009642857142857142
2 0.3078869047619048 0.25399140211640214 0.008266369047619047 0.016875
2 0.32261160714285714 0.2508895502645503 0.008782242063492063 0.014120370370370372
2 0.31408730158730164 0.2507175925925926 0.012398313492063492 0.0185978835978836
2 0.34999007936507937 0.2593287037037037 0.017564484126984126 0.02273148148148148
2 0.3662624007936508 0.2517526455026455 0.014464285714285714 0.021352513227513224
2 0.5448735119047619 0.01601521164021164 0.021438492063492062 0.029272486772486773
2 0.5412574404761904 0.039950396825396826 0.022472718253968255 0.024107142857142858
2 0.5338963293650794 0.23229166666666667 0.016530257936507937 0.023763227513227514
2 0.5625669642857143 0.279130291005291 0.018080357142857145 0.025142195767195768
2 0.3860218253968254 0.37745370370370374 0.016272321428571428 0.0185978835978836
2 0.3938988095238095 0.3647123015873016 0.014464285714285714 0.017218915343915345
2 0.4146924603174603 0.29858796296296297 0.01265625 0.019973544973544973
2 0.4336780753968254 0.31890873015873017 0.018080357142857145 0.02548611111111111
2 0.4141765873015873 0.31822089947089943 0.017822420634920635 0.02273148148148148
2 0.4206324404761905 0.3471494708994709 0.0240203373015873 0.02892857142857143
2 0.41559771825396824 0.4050066137566138 0.01911458333333333 0.024107142857142858
2 0.4830109126984127 0.4070734126984127 0.014980158730158729 0.021352513227513224
2 0.4737127976190476 0.48146164021164023 0.016530257936507937 0.022040343915343916
2 0.38498759920634923 0.575135582010582 0.01937251984126984 0.02548611111111111
2 0.40991319444444446 0.5723809523809524 0.01911458333333333 0.02548611111111111
2 0.4301909722222222 0.7900396825396825 0.01833829365079365 0.02273148148148148
2 0.4357440476190476 0.7523280423280423 0.02066468253968254 0.02720568783068783
2 0.44207093253968255 0.806223544973545 0.020404265873015873 0.02548611111111111
2 0.46441468253968254 0.769890873015873 0.01859623015873016 0.025830026455026456
2 0.46725446428571427 0.8260284391534392 0.018080357142857145 0.0320271164021164
2 0.4939880952380952 0.8067427248677249 0.020404265873015873 0.02720568783068783
2 0.5071626984126985 0.825165343915344 0.01833829365079365 0.024107142857142858
2 0.4923090277777778 0.851167328042328 0.021180555555555557 0.023075396825396825
2 0.477328869047619 0.8274041005291006 0.011882440476190475 0.01962962962962963
2 0.5479737103174602 0.8101851851851852 0.01937251984126984 0.02651785714285714
2 0.5389335317460318 0.7115178571428572 0.018856646825396825 0.02548611111111111
2 0.6144841269841269 0.7371726190476191 0.01911458333333333 0.023763227513227514
2 0.6385044642857143 0.6841369047619047 0.017564484126984126 0.02238425925925926
2 0.5846502976190476 0.656412037037037 0.01833829365079365 0.02755291005291005
2 0.5820684523809524 0.6667460317460318 0.020922619047619048 0.0185978835978836
2 0.6033779761904763 0.6664021164021164 0.02169642857142857 0.02548611111111111
2 0.5958854166666667 0.6858597883597883 0.020146329365079367 0.023763227513227514
2 0.6497420634920635 0.6061309523809524 0.01937251984126984 0.02686177248677249
2 0.6452207341269842 0.622146164021164 0.019630456349206352 0.021008597883597883
2 0.6401835317460317 0.6422949735449736 0.011624503968253968 0.012397486772486773
2 0.6542609126984127 0.6338558201058201 0.008782242063492063 0.014120370370370372
2 0.6697594246031745 0.6169808201058201 0.0139484126984127 0.016187169312169312
2 0.6335987103174603 0.5215839947089947 0.02169642857142857 0.029272486772486773
2 0.5846502976190476 0.5567129629629629 0.021438492063492062 0.02651785714285714
2 0.5576587301587301 0.5014351851851852 0.023762400793650794 0.02892857142857143
2 0.5518477182539683 0.5458630952380953 0.020404265873015873 0.023419312169312166
2 0.5589508928571428 0.5598115079365079 0.02169642857142857 0.02169642857142857
2 0.5504265873015873 0.3815873015873016 0.01911458333333333 0.023419312169312166
2 0.6360515873015873 0.19699404761904762 0.01937251984126984 0.02548611111111111
2 0.6235243055555556 0.231603835978836 0.019630456349206352 0.025142195767195768
2 0.6660143849206349 0.346114417989418 0.01730654761904762 0.02273148148148148
2 0.6602008928571428 0.36970568783068786 0.02221230158730159 0.027896825396825396
2 0.6324355158730158 0.41189484126984127 0.018856646825396825 0.023419312169312166
2 0.6581349206349206 0.40690145502645503 0.01859623015873016 0.025142195767195768
2 0.6742782738095239 0.47061177248677255 0.023504464285714285 0.027896825396825396
2 0.7202554563492064 0.6903373015873016 0.016272321428571428 0.021008597883597883
2 0.7240004960317461 0.7042857142857144 0.01859623015873016 0.023419312169312166
2 0.7415649801587301 0.7146164021164021 0.01911458333333333 0.023419312169312166
2 0.7336879960317461 0.7270138888888888 0.018856646825396825 0.019973544973544973
2 0.7645535714285714 0.6355787037037037 0.014464285714285714 0.017562830687830686
2 0.7564161706349206 0.6631283068783068 0.016272321428571428 0.020320767195767198
2 0.7839260912698413 0.6524537037037037 0.014464285714285714 0.016875
2 0.7884449404761905 0.5982109788359788 0.014722222222222222 0.0185978835978836
2 0.7952901785714286 0.578753306878307 0.012398313492063492 0.016875
2 0.8105307539682539 0.5959722222222222 0.018080357142857145 0.02238425925925926
2 0.8113045634920635 0.5558498677248678 0.01911458333333333 0.0261739417989418
2 0.822797619047619 0.6386772486772486 0.021954365079365077 0.02169642857142857
2 0.8304191468253969 0.5877083333333334 0.013432539682539681 0.018941798941798944
2 0.8138864087301587 0.7030787037037037 0.015498511904761906 0.02238425925925926
2 0.851468253968254 0.685515873015873 0.013172123015873016 0.015499338624338624
2 0.8587003968253969 0.6744940476190476 0.01265625 0.018941798941798944
2 0.8663219246031747 0.6378174603174603 0.016530257936507937 0.022040343915343916
2 0.8815600198412697 0.6367824074074074 0.015498511904761906 0.0185978835978836
2 0.8828521825396825 0.6872354497354497 0.014464285714285714 0.01962962962962963
2 0.8926661706349206 0.6801752645502646 0.011882440476190475 0.015843253968253968
2 0.883110119047619 0.719265873015873 0.014980158730158729 0.01962962962962963
2 0.8769122023809524 0.7287367724867724 0.014464285714285714 0.017218915343915345
2 0.9266319444444444 0.5226157407407408 0.015756448412698413 0.018941798941798944
2 0.9124280753968254 0.5870171957671958 0.01369047619047619 0.018253968253968255
2 0.9460044642857143 0.5837466931216931 0.011106150793650795 0.015843253968253968
2 0.9646031746031747 0.5897718253968254 0.01265625 0.016187169312169312
2 0.961889880952381 0.5945965608465609 0.011882440476190475 0.012741402116402116
2 0.9860416666666666 0.5563657407407407 0.015240575396825398 0.016875
2 0.7282614087301587 0.5288161375661375 0.025054563492063493 0.029272486772486773
2 0.6622693452380952 0.5747916666666667 0.01859623015873016 0.024107142857142858
2 0.8345510912698413 0.4153373015873016 0.01601438492063492 0.0185978835978836
2 0.8373933531746032 0.33578373015873014 0.02169642857142857 0.024794973544973547
2 0.9510416666666667 0.3402612433862434 0.018080357142857145 0.022040343915343916
2 0.958921130952381 0.30289351851851853 0.013172123015873016 0.017562830687830686
2 0.8473363095238096 0.2820568783068783 0.021954365079365077 0.02892857142857143
2 0.8929265873015874 0.2083564814814815 0.017564484126984126 0.021352513227513224