1 0.7912301587301587 0.2762847222222222 0.08465167548500882 0.049032738095238095
1 0.3898765432098765 0.13338541666666665 0.05846119929453263 0.03742559523809524
1 0.4849691358024692 0.09430059523809524 0.060092592592592586 0.04120287698412698
1 0.49576278659612 0.042844742063492064 0.0598721340388007 0.03810763888888889
1 0.4339462081128748 0.32826388888888886 0.07561728395061729 0.03789186507936508
1 0.3709347442680776 0.45339533730158726 0.08391975308641976 0.03960565476190476
1 0.5049779541446208 0.010322420634920634 0.05130070546737213 0.020644841269841268
1 0.105 0.11317708333333333 0.02877425044091711 0.019955357142857143
1 0.27037918871252203 0.21153521825396823 0.03500881834215168 0.022767857142857142
1 0.3882010582010582 0.34079365079365076 0.060136684303350965 0.032031250000000004
1 0.7604188712522046 0.15071924603174605 0.05575837742504409 0.02966517857142857
1 0.8949118165784833 0.450625 0.07204144620811287 0.03892361111111111
1 0.42346560846560843 0.8479935515873016 0.0484347442680776 0.027725694444444445
1 0.25286596119929455 0.7846453373015874 0.05151234567901235 0.033033234126984126
1 0.2841666666666667 0.7055580357142857 0.04196649029982363 0.02423611111111111
1 0.4253439153439153 0.5163244047619048 0.052169312169312164 0.03307043650793651
1 0.4624603174603174 0.46115327380952376 0.049113756613756616 0.03009424603174603
1 0.5245855379188713 0.790875496031746 0.05397707231040565 0.03467013888888889
1 0.5878395061728395 0.05677331349206349 0.06078483245149913 0.03784970238095239
1 0.6561507936507937 0.21768353174603175 0.06440917107583775 0.04038442460317461