1 0.7440432098765433 0.17616815476190475 0.05709435626102293 0.03518105158730159
1 0.17582892416225748 0.27860367063492064 0.08254409171075838 0.04572668650793651
1 0.4774294532627866 0.09533482142857143 0.07242063492063493 0.04666666666666667
1 0.027367724867724867 0.5562698412698412 0.054731040564373896 0.040431547619047624
1 0.2753350970017637 0.7993576388888889 0.07187830687830689 0.043541666666666666
1 0.8721119929453263 0.020042162698412698 0.05345679012345679 0.033539186507936504
1 0.7864814814814814 0.2347718253968254 0.057107583774250445 0.034303075396825394
1 0.42600088183421514 0.9729290674603175 0.054179894179894175 0.040091765873015876
1 0.2138888888888889 0.047447916666666666 0.06464285714285715 0.042467757936507936
1 0.479537037037037 0.030032242063492063 0.05457671957671958 0.0433829365079365
1 0.5762566137566137 0.3206696428571429 0.04440035273368607 0.030925099206349206
1 0.5804232804232805 0.5663045634920635 0.07547619047619047 0.04006696428571429
1 0.453452380952381 0.16588541666666667 0.060127865961199296 0.04023313492063492
1 0.35565255731922396 0.9684027777777777 0.05639770723104056 0.044957837301587304
1 0.09941798941798942 0.09239583333333334 0.06448853615520282 0.04033482142857143
1 0.49407407407407405 0.7798090277777778 0.07128306878306878 0.043779761904761905
1 0.8891843033509701 0.5121230158730159 0.02870811287477954 0.02226686507936508
1 0.5872310405643738 0.16433531746031746 0.07752204585537918 0.04815972222222222
1 0.35356701940035273 0.07875496031746032 0.05493386243386243 0.04089037698412699
1 0.3696384479717813 0.39058283730158727 0.058994708994709 0.03378968253968254
1 0.44247354497354496 0.5679910714285714 0.06695326278659612 0.0390625
1 0.6027469135802469 0.04960813492063492 0.05103615520282187 0.02872767857142857
1 0.6387962962962963 0.7599454365079364 0.05425485008818342 0.031614583333333335
1 0.27526455026455027 0.6733531746031746 0.047724867724867726 0.029618055555555557
1 0.4909567901234568 0.17943204365079365 0.061402116402116395 0.03946924603174603
1 0.394157848324515 0.28853670634920636 0.06255291005291005 0.03932291666666667
1 0.31628747795414464 0.3922569444444444 0.05960317460317461 0.03715029761904762
1 0.5679541446208113 0.8349578373015873 0.04898589065255732 0.03777529761904762
1 0.13186948853615518 0.5611755952380952 0.056380070546737215 0.036934523809523806
1 0.43229276895943564 0.830625 0.04555555555555555 0.03187251984126984
1 0.054431216931216934 0.09384176587301588 0.043827160493827164 0.030220734126984127
1 0.45557760141093473 0.4186780753968254 0.06611552028218694 0.035446428571428566
1 0.4235537918871252 0.4491840277777778 0.06198412698412699 0.0383531746031746
1 0.01601410934744268 0.6150868055555556 0.032023809523809524 0.028474702380952382
1 0.2882231040564374 0.8219568452380953 0.06198412698412699 0.029635416666666664
1 0.23811728395061726 0.8065575396825396 0.05681657848324516 0.03602678571428571
1 0.15237654320987654 0.8126587301587301 0.05062169312169312 0.0319593253968254
1 0.41993827160493824 0.9181274801587301 0.06095238095238096 0.03370287698412698
1 0.39720899470899473 0.8283482142857143 0.04855379188712522 0.026148313492063494
1 0.33780864197530863 0.9497966269841269 0.05991622574955908 0.035446428571428566
1 0.5025793650793651 0.9227752976190476 0.05062169312169312 0.024404761904761905
1 0.5934920634920635 0.7330481150793651 0.06714726631393297 0.0377703373015873
1 0.4478306878306878 0.7702380952380952 0.05475308641975309 0.03428571428571429
1 0.5253086419753087 0.672906746031746 0.07334656084656084 0.04183779761904762
1 0.934916225749559 0.5996875 0.03512345679012346 0.020920138888888887
1 0.9628086419753087 0.5363492063492064 0.030992063492063494 0.017433035714285717
1 0.43646384479717815 0.38003472222222223 0.058884479717813056 0.031378968253968256
1 0.9364638447971781 0.3724801587301587 0.04855379188712522 0.024404761904761905
1 0.8254100529100529 0.36056795634920635 0.05371693121693122 0.026148313492063494
1 0.9065035273368606 0.32134424603174605 0.05268518518518518 0.02789186507936508
1 0.9080555555555555 0.34749503968253964 0.04752204585537919 0.02556795634920635
1 0.7525793650793651 0.3977579365079365 0.03409171075837742 0.01685267857142857
1 0.8419400352733686 0.19524801587301588 0.045454144620811286 0.026731150793650793
1 0.876547619047619 0.19699156746031746 0.04442239858906526 0.024404761904761905
1 0.9090873015873016 0.0511359126984127 0.03305555555555555 0.01859375
1 0.871900352733686 0.05345982142857143 0.045454144620811286 0.03021577380952381
1 0.2908068783068783 0.06682539682539683 0.07127865961199295 0.03021577380952381
1 0.15753968253968254 0.36492559523809526 0.05268518518518518 0.03370287698412698
1 0.23605379188712522 0.3431349206349206 0.05268518518518518 0.03428571428571429
1 0.09969135802469135 0.5148487103174603 0.06095238095238096 0.0325421626984127
1 0.1394620811287478 0.4305902777777778 0.06198412698412699 0.029055059523809525
1 0.019629629629629632 0.5096180555555556 0.03925485008818342 0.0325421626984127
1 0.1590917107583774 0.5328621031746031 0.05165343915343915 0.029055059523809525
1 0.634294532627866 0.8149826388888889 0.05991622574955908 0.03428571428571429
1 0.40362874779541447 0.6418625992063491 0.05418430335097002 0.0377108134920635
1 0.8109303350970017 0.48430307539682543 0.03489858906525573 0.021180555555555557