1 0.5524162257495592 0.39415674603174605 0.06354056437389771 0.03503472222222222
1 0.025454144620811286 0.4040674603174603 0.05090828924162257 0.04061259920634921
1 0.5665961199294532 0.5114335317460317 0.0580379188712522 0.03364335317460317
1 0.5260493827160494 0.5374330357142857 0.05021164021164021 0.031750992063492064
2 0.9622134038800706 0.8941021825396825 0.033906525573192244 0.021267361111111112
1 0.9531172839506173 0.565374503968254 0.042517636684303355 0.03156994047619048
1 0.6020238095238095 0.5739136904761905 0.039585537918871254 0.02502232142857143
1 0.759810405643739 0.27210813492063496 0.041512345679012345 0.02562748015873016
1 0.03830246913580247 0.47077132936507937 0.057566137566137564 0.03815724206349206
1 0.11945767195767196 0.2959126984126984 0.07608465608465609 0.03691964285714286
1 0.07822310405643738 0.35846726190476186 0.062477954144620804 0.04290426587301587
1 0.16003086419753085 0.34905505952380955 0.06312169312169312 0.039769345238095236
1 0.6541490299823632 0.39118551587301587 0.03642857142857143 0.020597718253968254
1 0.7310802469135802 0.3368501984126984 0.05945326278659612 0.03046875
1 0.6664594356261023 0.2676934523809524 0.04612874779541446 0.029293154761904763
1 0.7658245149911816 0.2510019841269841 0.04057760141093474 0.02263888888888889
1 0.8366666666666667 0.293797123015873 0.04842151675485008 0.0274578373015873
1 0.8573897707231041 0.36706845238095237 0.032041446208112875 0.016525297619047617
1 0.6361816578483245 0.486046626984127 0.03517636684303351 0.023273809523809523
1 0.9506481481481482 0.5341517857142857 0.040502645502645505 0.020627480158730158
1 0.8468386243386243 0.5630456349206349 0.04223544973544974 0.026121031746031743
1 0.5335141093474427 0.5675148809523809 0.045414462081128745 0.03215277777777777
1 0.9678659611992945 0.7294965277777777 0.03731922398589065 0.019660218253968253
1 0.8943253968253968 0.6515252976190475 0.03254850088183421 0.020615079365079367
1 0.9150440917107584 0.6736582341269841 0.030370370370370367 0.018973214285714284
1 0.9160185185185186 0.7031498015873016 0.024285714285714285 0.018107638888888892
1 0.7351984126984127 0.7426760912698412 0.035943562610229275 0.025064484126984126
1 0.2656216931216931 0.39943204365079366 0.04883597883597884 0.029655257936507935
1 0.3496296296296296 0.6326140873015873 0.04803350970017636 0.030592757936507935
1 0.2021384479717813 0.5899503968253967 0.06441358024691358 0.03495287698412699
1 0.25030864197530867 0.5403769841269842 0.05783068783068783 0.030062003968253967
1 0.42251763668430337 0.40963045634920636 0.04418430335097002 0.03039186507936508
1 0.2736904761904762 0.8400992063492064 0.034704585537918865 0.022083333333333333