1 0.5073985890652557 0.09728174603174604 0.05569664902998236 0.03736607142857143
1 0.26831128747795413 0.046644345238095235 0.06672398589065257 0.03692708333333333
1 0.45369929453262786 0.11762400793650793 0.06389329805996473 0.03958085317460318
1 0.8966490299823633 0.027817460317460317 0.057777777777777775 0.04016369047619048
1 0.9380555555555556 0.4137797619047619 0.04862874779541446 0.030208333333333334
1 0.19806437389770723 0.1763045634920635 0.05358906525573193 0.030575396825396825
1 0.3532142857142857 0.15888392857142858 0.050899470899470896 0.03619543650793651
1 0.7032407407407407 0.2722594246031746 0.05587301587301587 0.03335813492063492
1 0.3780820105820106 0.49294642857142856 0.045476190476190476 0.023147321428571427
1 0.8829232804232804 0.18598214285714285 0.0628747795414462 0.03719742063492063
1 0.4517680776014109 0.506703869047619 0.038452380952380946 0.02511656746031746
1 0.2284479717813051 0.3243452380952381 0.04037037037037037 0.02021825396825397
1 0.573615520282187 0.03395833333333333 0.05514991181657848 0.03071676587301587
1 0.9533641975308642 0.022103174603174604 0.05470017636684303 0.036679067460317454
1 0.22141534391534393 0.09147569444444444 0.05392857142857143 0.034754464285714284
1 0.9743518518518518 0.23555059523809524 0.04026014109347443 0.02632688492063492
1 0.6336507936507936 0.35556795634920635 0.056278659611992944 0.03274553571428571
1 0.42090388007054674 0.4905406746031746 0.027980599647266315 0.026867559523809523
1 0.6454100529100529 0.7738194444444444 0.039647266313932984 0.024429563492063492
1 0.47425044091710755 0.011750992063492064 0.04936507936507936 0.023504464285714285
1 0.1894620811287478 0.5304117063492063 0.04338183421516755 0.018988095238095238
1 0.02060405643738977 0.2231374007936508 0.04120370370370371 0.03200396825396825
1 0.5616798941798943 0.789625496031746 0.029175485008818343 0.02359623015873016
1 0.9867372134038801 0.015126488095238096 0.026521164021164022 0.030255456349206348
1 0.15187389770723103 0.1405357142857143 0.04188712522045855 0.02714781746031746
1 0.14204144620811288 0.6376934523809523 0.04164462081128748 0.024270833333333332
1 0.1659920634920635 0.6447718253968253 0.03547178130511464 0.020672123015873015
1 0.28689153439153436 0.6191121031746032 0.040013227513227514 0.02355406746031746
1 0.07838624338624339 0.5408581349206348 0.02671957671957672 0.0134375
1 0.34445326278659616 0.5634300595238095 0.03614197530864197 0.019464285714285715
1 0.38297619047619047 0.5051959325396825 0.042451499118165786 0.01648561507936508
1 0.35191358024691355 0.4954637896825397 0.029541446208112873 0.01732142857142857
1 0.5623059964726631 0.3181200396825397 0.0707716049382716 0.038422619047619046
1 0.984969135802469 0.20628224206349208 0.03005731922398589 0.029303075396825397
1 0.9682583774250442 0.16871031746031745 0.05921516754850089 0.03238095238095238
1 0.9227336860670194 0.15736359126984129 0.04763227513227513 0.031478174603174605
1 0.5312081128747795 0.028256448412698414 0.06420194003527338 0.03699404761904762
1 0.5830908289241623 0.7576537698412699 0.028712522045855383 0.01623263888888889
1 0.5380467372134039 0.20666170634920636 0.04307319223985891 0.02648313492063492
1 0.6909303350970017 0.03457093253968253 0.04823192239858907 0.03064236111111111
1 0.40625661375661376 0.17368551587301587 0.03343915343915344 0.01906498015873016