2 0.06462632275132275 0.5127480158730159 0.04412367724867725 0.03312251984126984
2 0.00833994708994709 0.29459821428571425 0.01667989417989418 0.025575396825396828
2 0.07216931216931217 0.22048363095238097 0.03098875661375661 0.01975446428571429
2 0.2303869047619048 0.27149553571428575 0.04256283068783069 0.02782986111111111
2 0.040876322751322754 0.371359126984127 0.028578042328042327 0.021547619047619048
2 0.12242724867724869 0.3754761904761905 0.033406084656084654 0.018462301587301586
2 0.1884325396825397 0.37768849206349203 0.03864087301587302 0.027413194444444445
2 0.2693584656084656 0.39304563492063493 0.03598875661375661 0.02756696428571429
2 0.2759457671957672 0.36307539682539686 0.031051587301587302 0.018563988095238095
2 0.19158730158730158 0.42301339285714284 0.02683862433862434 0.025250496031746034
2 0.4493948412698413 0.3383035714285714 0.021772486772486773 0.017690972222222223
2 0.4630092592592593 0.35103670634920636 0.021927910052910053 0.019094742063492064
2 0.4633531746031746 0.3643874007936508 0.021240079365079368 0.013898809523809523
2 0.23742063492063492 0.523546626984127 0.03398809523809524 0.024836309523809524
2 0.27968584656084655 0.5688740079365079 0.03455026455026455 0.023700396825396826
2 0.23604166666666665 0.6859846230158729 0.030843253968253968 0.016535218253968254
2 0.18036044973544973 0.6448809523809523 0.0339484126984127 0.014454365079365079
2 0.05924933862433862 0.7961036706349206 0.037450396825396824 0.027299107142857142
2 0.1836574074074074 0.8167609126984127 0.03291005291005291 0.018246527777777775
2 0.01835648148148148 0.897485119047619 0.03670965608465609 0.030890376984126982
2 0.5312003968253968 0.4464236111111111 0.013812830687830688 0.008965773809523809
2 0.5168849206349206 0.41392361111111114 0.011858465608465608 0.008335813492063492
2 0.5403736772486772 0.3491021825396825 0.011286375661375662 0.00829861111111111
2 0.5635218253968254 0.3743849206349206 0.013508597883597885 0.007547123015873016
2 0.5840343915343915 0.35805803571428574 0.010456349206349207 0.006202876984126984
2 0.6165906084656084 0.3573859126984127 0.011782407407407408 0.00833829365079365
2 0.6279001322751323 0.3519494047619047 0.012367724867724868 0.010513392857142857
2 0.6350727513227513 0.36280257936507937 0.01279100529100529 0.0069940476190476185
2 0.7087334656084656 0.3393353174603175 0.016292989417989418 0.009642857142857144
2 0.7443749999999999 0.3301835317460317 0.015671296296296298 0.011344246031746032
2 0.7753769841269841 0.3457018849206349 0.01273148148148148 0.011937003968253968
2 0.7592460317460318 0.3765798611111111 0.0175760582010582 0.011063988095238095
2 0.7571097883597884 0.39298859126984126 0.014464285714285714 0.009087301587301587
2 0.6715873015873016 0.40481150793650794 0.01042989417989418 0.008375496031746033
2 0.6629133597883599 0.4126388888888889 0.015119047619047619 0.010114087301587301
2 0.6278505291005291 0.42629960317460314 0.014583333333333334 0.010471230158730159
2 0.6256349206349207 0.4393477182539683 0.014791666666666665 0.01046875
2 0.6154861111111111 0.44865823412698413 0.015052910052910054 0.010825892857142857
2 0.6041997354497354 0.4470362103174603 0.010198412698412698 0.009322916666666667
2 0.6226554232804233 0.45798859126984126 0.012314814814814815 0.01034970238095238
2 0.6124007936507937 0.46915922619047623 0.013839285714285715 0.010942460317460316
2 0.6131911375661375 0.4892633928571429 0.015419973544973545 0.010270337301587301
2 0.6547916666666667 0.513874007936508 0.012129629629629629 0.009697420634920635
2 0.72130291005291 0.5159176587301587 0.012949735449735449 0.009816468253968253
2 0.8215542328042328 0.49010912698412695 0.016028439153439152 0.009756944444444445
2 0.8455952380952381 0.4874032738095238 0.020042989417989418 0.010959821428571428
2 0.807771164021164 0.5091121031746031 0.013138227513227511 0.011408730158730158
2 0.8473578042328042 0.5437103174603174 0.016517857142857143 0.01251984126984127
2 0.8353968253968254 0.5551116071428571 0.016392195767195767 0.009543650793650793
2 0.8432308201058201 0.5662599206349206 0.0135515873015873 0.010684523809523809
2 0.8536871693121694 0.565687003968254 0.01136904761904762 0.011607142857142856
2 0.7317625661375661 0.5733804563492063 0.014477513227513228 0.0090625
2 0.8970436507936508 0.5401488095238095 0.014943783068783068 0.011929563492063493
2 0.9386111111111112 0.5272891865079365 0.014751984126984127 0.011545138888888888
2 0.9744411375661376 0.5590327380952381 0.018859126984126985 0.012542162698412698
2 0.9904133597883599 0.578685515873016 0.012516534391534393 0.006247519841269842
2 0.8463425925925926 0.6065525793650793 0.016005291005291005 0.009623015873015872
2 0.03902116402116402 0.4871031746031746 0.041005291005291 0.027777777777777776
2 0.012566137566137565 0.5399305555555556 0.02513227513227513 0.019345238095238096
2 0.013888888888888888 0.6086309523809523 0.027777777777777776 0.037698412698412696
2 0.8941798941798942 0.4365079365079365 0.018518518518518517 0.012896825396825396
2 0.9857804232804233 0.3687996031746032 0.017857142857142856 0.01240079365079365
2 0.873015873015873 0.32217261904761907 0.013227513227513227 0.009424603174603174
2 0.8346560846560847 0.36706349206349204 0.013227513227513227 0.00992063492063492
2 0.7913359788359788 0.41021825396825395 0.021825396825396824 0.01488095238095238
2 0.47585978835978837 0.3216765873015873 0.02447089947089947 0.01240079365079365
2 0.5552248677248677 0.4107142857142857 0.01521164021164021 0.00992063492063492
2 0.9083994708994709 0.5930059523809523 0.016534391534391533 0.014384920634920634