2 0.27212301587301585 0.3315203373015873 0.022050264550264553 0.01825644841269841
2 0.8547916666666666 0.4749305555555556 0.028210978835978836 0.018913690476190476
2 0.5787070105820106 0.5730282738095238 0.021752645502645503 0.01804315476190476
2 0.49134589947089946 0.526547619047619 0.0215244708994709 0.016959325396825396
2 0.20903108465608466 0.4451339285714286 0.022867063492063494 0.020215773809523812
2 0.4920899470899471 0.7010416666666667 0.02246031746031746 0.01632936507936508
2 0.4566269841269841 0.6977529761904763 0.020949074074074075 0.01861359126984127
2 0.1303009259259259 0.8283705357142856 0.021822089947089944 0.01722718253968254
2 0.3768419312169312 0.48129960317460313 0.02072420634920635 0.015575396825396824
2 0.6610449735449735 0.5353075396825397 0.018501984126984127 0.017358630952380952
2 0.10082010582010582 0.8609970238095238 0.020264550264550266 0.01621031746031746
2 0.5915178571428571 0.5407167658730159 0.030287698412698415 0.019776785714285712
2 0.7155092592592592 0.48621775793650795 0.02271825396825397 0.019050099206349206
2 0.35110449735449734 0.761922123015873 0.014464285714285714 0.013062996031746031
2 0.5197718253968254 0.39778521825396823 0.021283068783068782 0.016195436507936506
2 0.8479232804232804 0.5146478174603174 0.019484126984126986 0.017222222222222222
2 0.23598214285714286 0.6156473214285714 0.020677910052910052 0.013390376984126985
2 0.01814814814814815 0.3214632936507937 0.01600198412698413 0.01845982142857143
2 0.3724404761904762 0.33348958333333334 0.02572089947089947 0.017936507936507935
2 0.4726884920634921 0.7197991071428571 0.01931547619047619 0.015047123015873015
2 0.0484755291005291 0.831577380952381 0.01923611111111111 0.015543154761904762
2 0.019146825396825395 0.36405257936507934 0.02000330687830688 0.017921626984126984
2 0.45716931216931217 0.838266369047619 0.019408068783068784 0.016440972222222225
2 0.15713624338624338 0.6156646825396825 0.0160218253968254 0.013799603174603174
2 0.5494014550264551 0.5468105158730158 0.0210515873015873 0.015151289682539683
2 0.6384623015873016 0.3243080357142857 0.017490079365079365 0.017048611111111108
2 0.07336640211640212 0.30371031746031746 0.019090608465608463 0.018469742063492063
2 0.7390244708994709 0.5523958333333334 0.017076719576719575 0.013888888888888888
2 0.10655092592592592 0.41318948412698414 0.0166005291005291 0.015248015873015872
2 0.9310317460317461 0.29896329365079366 0.014573412698412698 0.015158730158730158
2 0.27779431216931216 0.7032043650793651 0.013994708994708996 0.013660714285714285
2 0.8318386243386243 0.6120659722222223 0.015185185185185185 0.013430059523809523
2 0.7179398148148148 0.5372941468253968 0.014093915343915343 0.012934027777777777
2 0.3269642857142857 0.7454588293650793 0.015810185185185188 0.015406746031746032
2 0.2012202380952381 0.68171875 0.018204365079365077 0.015322420634920635
2 0.8544973544973545 0.5767137896825397 0.013730158730158731 0.012542162698412698
2 0.40691137566137564 0.8071478174603175 0.015658068783068784 0.014565972222222221
2 0.23049603174603173 0.3907514880952381 0.017969576719576722 0.016631944444444446
2 0.7815707671957671 0.5865873015873015 0.015734126984126982 0.015734126984126982
2 0.30767526455026456 0.42579613095238095 0.034444444444444444 0.02044642857142857
2 0.7922156084656085 0.543313492063492 0.014841269841269843 0.015892857142857143
2 0.11449074074074075 0.568157242063492 0.020882936507936507 0.015007440476190476
2 0.35127645502645505 0.2996875 0.022175925925925925 0.018697916666666668
2 0.9037466931216931 0.5247544642857143 0.017199074074074075 0.012043650793650794
2 0.4632804232804233 0.40078373015873014 0.0167526455026455 0.01318204365079365
2 0.8820601851851851 0.5454811507936508 0.012463624338624338 0.010257936507936508
2 0.11820436507936508 0.6233531746031746 0.014781746031746033 0.01384920634920635
2 0.6921296296296297 0.7344270833333334 0.01792989417989418 0.014283234126984129
2 0.23162037037037037 0.349640376984127 0.017708333333333333 0.014000496031746032
2 0.14296626984126984 0.6830357142857143 0.01689484126984127 0.011433531746031747
2 0.8085284391534391 0.40002480158730164 0.018227513227513228 0.013422619047619048
2 0.6260085978835979 0.3870362103174603 0.019074074074074073 0.016418650793650794
2 0.45874669312169314 0.4305257936507937 0.016236772486772487 0.014484126984126983
2 0.6983366402116402 0.31446676587301586 0.01357804232804233 0.011421130952380952
2 0.19029761904761905 0.6501091269841269 0.014345238095238097 0.012165178571428572
2 0.6075429894179895 0.5766666666666667 0.016531084656084657 0.01424107142857143
2 0.0812797619047619 0.28423363095238097 0.024007936507936506 0.018025793650793653
2 0.5372387566137565 0.4778447420634921 0.015433201058201059 0.012509920634920634
2 0.6923743386243385 0.5638368055555555 0.01935515873015873 0.015491071428571429
2 0.8062797619047619 0.5157118055555555 0.01539021164021164 0.014107142857142858
2 0.2374537037037037 0.7341914682539683 0.020224867724867725 0.017765376984126984
2 0.2349867724867725 0.31787202380952384 0.018207671957671957 0.01601934523809524
2 0.7583300264550265 0.32366319444444447 0.021418650793650792 0.01339781746031746
2 0.7105489417989418 0.583608630952381 0.016071428571428573 0.011862599206349207
2 0.48534391534391536 0.32327876984126985 0.015013227513227513 0.01418154761904762
2 0.5966931216931217 0.48285218253968254 0.014778439153439153 0.01419890873015873
2 0.42842592592592593 0.709342757936508 0.01390873015873016 0.012346230158730159
2 0.7282671957671958 0.3827108134920635 0.01700727513227513 0.012361111111111113
2 0.23134589947089948 0.727532242063492 0.014735449735449737 0.015148809523809523
2 0.12027777777777779 0.44143105158730156 0.01609457671957672 0.011941964285714285
2 0.6911078042328042 0.5421230158730159 0.018290343915343916 0.013169642857142857
2 0.6694179894179894 0.6820411706349205 0.01462632275132275 0.01488095238095238
2 0.011448412698412697 0.4796875 0.022896825396825395 0.014910714285714286
2 0.348098544973545 0.5957911706349206 0.014596560846560847 0.012162698412698413
2 0.6041633597883598 0.5372048611111112 0.019460978835978835 0.016721230158730158
2 0.4431878306878307 0.47064980158730163 0.012175925925925927 0.010922619047619047
2 0.7576587301587301 0.6530753968253967 0.012900132275132275 0.011354166666666667
2 0.7880158730158731 0.5504315476190477 0.017969576719576722 0.021128472222222222
2 0.8334623015873015 0.6600074404761905 0.020492724867724868 0.014930555555555556
2 0.7037731481481482 0.5511036706349207 0.015221560846560848 0.011416170634920635
2 0.8820601851851851 0.46964533730158725 0.019322089947089945 0.018003472222222223
2 0.9414880952380952 0.3177083333333333 0.016395502645502644 0.01185763888888889
2 0.6279497354497354 0.4162921626984127 0.019322089947089945 0.011416170634920635
2 0.6905985449735449 0.4068501984126984 0.019322089947089945 0.01273561507936508
2 0.24093584656084657 0.37084325396825396 0.020492724867724868 0.010977182539682539
2 0.31109126984126984 0.3622718253968254 0.017453703703703704 0.009905753968253968
2 0.1580224867724868 0.34246031746031746 0.01603835978835979 0.007782738095238095
2 0.1726984126984127 0.6297321428571429 0.01556547619047619 0.007698412698412698