1 0.07732804232804233 0.336453373015873 0.06514109347442681 0.0404141865079365
1 0.7398500881834216 0.09831845238095238 0.07508818342151675 0.05111855158730159
1 0.06879188712522047 0.5872916666666667 0.07927248677248677 0.040729166666666664
1 0.7259303350970018 0.21150049603174603 0.06581128747795414 0.04015625
1 0.5067901234567902 0.806220238095238 0.055489417989417984 0.03384176587301587
1 0.21319664902998234 0.19157242063492064 0.05009700176366843 0.032517361111111115
1 0.8104673721340389 0.7641269841269841 0.04487213403880071 0.02385416666666667
1 0.6297839506172839 0.7043402777777777 0.058399470899470896 0.026691468253968256
1 0.7649250440917107 0.6962078373015873 0.04784391534391535 0.02365823412698413
1 0.32213403880070546 0.799000496031746 0.060194003527336865 0.026763392857142857
1 0.7377248677248678 0.3559796626984127 0.034911816578483246 0.018236607142857145