1 0.7228835978835979 0.3175297619047619 0.08525573192239859 0.04783730158730159
1 0.8389462081128748 0.37963541666666667 0.07995590828924162 0.047514880952380954
1 0.7491490299823633 0.22969246031746032 0.08063492063492063 0.04800099206349206
1 0.23746031746031743 0.8367633928571429 0.06889329805996473 0.037832341269841266
1 0.9224647266313933 0.6710739087301587 0.06614638447971782 0.039499007936507936
1 0.04684303350970018 0.6154737103174603 0.05484126984126984 0.030987103174603174
1 0.4342239858906526 0.5280406746031746 0.07475749559082893 0.046240079365079366
1 0.2309215167548501 0.29055555555555557 0.0598721340388007 0.03736607142857143
1 0.13545855379188715 0.7380034722222223 0.058046737213403886 0.034575892857142854
1 0.7832716049382716 0.3404340277777778 0.07083333333333333 0.04560019841269842
1 0.28946649029982363 0.5996155753968254 0.06250881834215168 0.03863095238095238
1 0.09896384479717812 0.5462698412698412 0.059514991181657845 0.03515376984126985
1 0.6422619047619048 0.8117782738095238 0.05331128747795414 0.03325396825396826
1 0.40102292768959436 0.4871924603174603 0.055978835978835975 0.04055059523809524
1 0.6723015873015873 0.28752728174603176 0.06290564373897707 0.04020089285714286
1 0.8883553791887125 0.4938144841269841 0.06158730158730159 0.03974454365079365
1 0.3106084656084656 0.8292113095238095 0.05975308641975309 0.0394171626984127
1 0.15233245149911817 0.3351537698412698 0.04205908289241623 0.025386904761904763
1 0.47521604938271605 0.4716220238095238 0.06146384479717813 0.03758184523809524
1 0.4274294532627866 0.9516815476190476 0.06593915343915345 0.045716765873015874
1 0.08682980599647266 0.8827083333333333 0.05171957671957672 0.03570436507936508
1 0.26181657848324513 0.7080977182539683 0.04869929453262787 0.03237599206349206
1 0.1863888888888889 0.32281994047619045 0.04478835978835979 0.02546378968253968
1 0.38838183421516753 0.44251488095238095 0.05034832451499118 0.034518849206349206
1 0.40609788359788357 0.972485119047619 0.06330687830687831 0.04269345238095238
1 0.6138624338624339 0.6939484126984127 0.06297178130511463 0.03757936507936508
1 0.1778483245149912 0.13536706349206348 0.05137125220458554 0.026971726190476192
1 0.3830643738977072 0.15892609126984125 0.031062610229276897 0.02015873015873016
1 0.13230599647266314 0.28165922619047623 0.03894179894179894 0.02163690476190476
1 0.23032186948853617 0.2387624007936508 0.0519973544973545 0.029303075396825397
1 0.27553350970017637 0.27200892857142855 0.04978395061728395 0.02714781746031746
1 0.674074074074074 0.5451512896825397 0.06622574955908289 0.03914434523809524
1 0.6015388007054674 0.5716889880952382 0.05925044091710758 0.030186011904761903
1 0.9684391534391534 0.46629464285714284 0.06312169312169312 0.034072420634920636
1 0.9614902998236331 0.49657738095238096 0.07022927689594356 0.04244295634920635
1 0.7966975308641976 0.44609871031746035 0.07388007054673722 0.03953621031746032
1 0.6435273368606702 0.8271825396825396 0.043544973544973546 0.02035218253968254
1 0.6145458553791887 0.7651289682539683 0.049634038800705466 0.030394345238095238
1 0.9133201058201058 0.8389856150793651 0.04480599647266314 0.025250496031746034
1 0.4660758377425044 0.9642088293650793 0.0488668430335097 0.027914186507936506
1 0.2826278659611993 0.8212772817460318 0.0516005291005291 0.031051587301587302
1 0.024193121693121693 0.9526264880952381 0.04752204585537919 0.031758432539682545
1 0.013972663139329806 0.7852430555555555 0.02794973544973545 0.02470238095238095
1 0.24044532627865964 0.5590376984126985 0.05686507936507936 0.0323561507936508
1 0.19229717813051145 0.5570882936507936 0.051803350970017634 0.030255456349206348
1 0.6388183421516754 0.49411954365079364 0.0581305114638448 0.032162698412698414
1 0.4677513227513227 0.5127430555555555 0.06312610229276895 0.028898809523809525
1 0.8870590828924162 0.2901016865079365 0.05862874779541446 0.03287450396825397
1 0.6652557319223986 0.31607886904761906 0.05727072310405643 0.029322916666666667
1 0.5204805996472663 0.35575396825396827 0.05455467372134039 0.029362599206349208