1 0.43255291005291 0.48781498015873015 0.11932098765432099 0.06894345238095238
1 0.8904585537918871 0.4883829365079365 0.10391093474426807 0.06794642857142856
1 0.7739417989417989 0.5422123015873015 0.10711640211640211 0.07164434523809524
1 0.6949206349206349 0.5829786706349207 0.10757495590828924 0.06597718253968253
1 0.2978174603174603 0.5604191468253968 0.09947530864197532 0.0539781746031746
1 0.663042328042328 0.5278149801587302 0.1021252204585538 0.06406746031746031
1 0.9225440917107584 0.674657738095238 0.11420194003527337 0.06273065476190476
1 0.49893738977072305 0.4342857142857143 0.12245590828924163 0.07187500000000001
1 0.23097883597883598 0.48292658730158733 0.08321869488536156 0.05540922619047619
1 0.9602292768959436 0.6261483134920636 0.07954144620811288 0.05913690476190476
1 0.9480643738977073 0.6444097222222223 0.09873456790123457 0.06698908730158731
1 0.513778659611993 0.1812872023809524 0.09626984126984127 0.054151785714285715
1 0.5362742504409171 0.6880654761904762 0.063831569664903 0.028251488095238093
1 0.47401675485008815 0.7501636904761905 0.08999118165784832 0.04296626984126985
1 0.038192239858906525 0.6415674603174604 0.055458553791887126 0.03649305555555555
1 0.07115520282186949 0.6174355158730159 0.05231922398589065 0.02942956349206349
1 0.6801543209876543 0.6639335317460318 0.06697089947089946 0.034139384920634924
1 0.7230555555555556 0.7354489087301587 0.06487654320987654 0.024131944444444445
1 0.7806084656084656 0.5997767857142857 0.10254409171075837 0.04120039682539683
1 0.9771516754850087 0.5447445436507936 0.045692239858906525 0.033549107142857144
1 0.9782010582010582 0.5821205357142858 0.043597883597883594 0.034139384920634924