2 0.8173809523809524 0.5850173611111111 0.036875000000000005 0.02601190476190476
2 0.7624933862433864 0.6437127976190475 0.03052248677248677 0.020419146825396826
2 0.7390410052910054 0.6567981150793651 0.03256283068783069 0.015027281746031747
2 0.7231382275132275 0.6923189484126984 0.018174603174603173 0.014233630952380952
2 0.6784093915343916 0.7101264880952382 0.024494047619047617 0.01720238095238095
2 0.6319312169312169 0.7024107142857142 0.017156084656084657 0.014826388888888889
2 0.5858498677248677 0.6534350198412698 0.022222222222222223 0.014828869047619047
2 0.6278769841269841 0.6606324404761905 0.02527116402116402 0.017251984126984126
2 0.57130291005291 0.6680034722222222 0.009090608465608465 0.012403273809523808
2 0.6077546296296296 0.7769618055555556 0.016686507936507937 0.01808779761904762
2 0.689130291005291 0.616530257936508 0.024166666666666666 0.019382440476190477
2 0.6116468253968254 0.5685168650793652 0.027377645502645504 0.02240079365079365
2 0.5574173280423281 0.5266914682539682 0.026302910052910054 0.016021825396825395
2 0.7140343915343914 0.5245634920634921 0.023184523809523808 0.018296130952380953
2 0.6640310846560846 0.3893328373015873 0.026213624338624338 0.019930555555555556
2 0.5929464285714285 0.38784970238095234 0.02190145502645503 0.016961805555555556
2 0.524864417989418 0.35942708333333334 0.02214616402116402 0.013452380952380954
2 0.5806746031746032 0.31797123015873013 0.014775132275132274 0.013253968253968254
2 0.7743088624338625 0.23267857142857143 0.023287037037037037 0.018988095238095238
2 0.6840906084656084 0.20210565476190476 0.024246031746031745 0.018792162698412697
2 0.40999007936507936 0.3428025793650794 0.0115244708994709 0.011765873015873016
2 0.39086309523809526 0.3428174603174603 0.013452380952380952 0.00841765873015873
2 0.5204464285714285 0.2588492063492064 0.01634589947089947 0.012963789682539683
2 0.36624007936507935 0.553325892857143 0.01357473544973545 0.010848214285714286
2 0.35272156084656087 0.5621056547619048 0.012876984126984126 0.010111607142857144
2 0.5927017195767196 0.7679017857142857 0.01507936507936508 0.010550595238095237