1 0.7607804232804233 0.6102504960317461 0.04494268077601411 0.02717013888888889
1 0.10639329805996472 0.5412375992063492 0.04334215167548501 0.026217757936507935
1 0.6838932980599647 0.4713417658730159 0.050789241622574956 0.027961309523809524
1 0.8461992945326279 0.5585094246031745 0.05013668430335097 0.02914434523809524
1 0.5298941798941799 0.4984226190476191 0.05126543209876543 0.029573412698412696
1 0.5439770723104056 0.807921626984127 0.035167548500881836 0.028998015873015873
1 0.5314241622574956 0.4566170634920635 0.046459435626102295 0.02939484126984127
1 0.4300176366843033 0.5234052579365079 0.0408641975308642 0.025558035714285714
1 0.8016269841269841 0.6725173611111112 0.03751763668430335 0.028105158730158727
1 0.5041269841269841 0.8103968253968253 0.038681657848324516 0.026961805555555555
1 0.98331569664903 0.2809102182539683 0.033368606701940036 0.029074900793650795
1 0.8421516754850088 0.41016369047619045 0.04582451499118166 0.0196875
1 0.5614902998236332 0.7040649801587302 0.04332451499118166 0.02692956349206349
1 0.6612081128747795 0.4455530753968254 0.04842151675485008 0.030032242063492063
1 0.12208994708994708 0.30501488095238094 0.03953703703703704 0.023995535714285716
1 0.6740520282186949 0.2223487103174603 0.03674162257495591 0.027237103174603174
1 0.8232495590828924 0.4465699404761905 0.044171075837742504 0.023834325396825395
1 0.839210758377425 0.20260416666666667 0.037530864197530864 0.02390625
1 0.7771208112874779 0.13434027777777777 0.03424162257495591 0.01986359126984127
1 0.8072927689594357 0.207765376984127 0.036693121693121694 0.024955357142857144
1 0.7273941798941799 0.11614583333333334 0.030101410934744267 0.018311011904761903
1 0.009118165784832452 0.47354166666666664 0.018240740740740738 0.019940476190476192
1 0.9363756613756613 0.4368874007936508 0.048236331569664906 0.02273313492063492
1 0.41548500881834216 0.26587301587301587 0.03478835978835979 0.022961309523809523
1 0.7374514991181658 0.25203373015873015 0.04246031746031746 0.021999007936507938
1 0.6332583774250441 0.22264880952380953 0.030727513227513225 0.0204265873015873
1 0.9729365079365079 0.2547048611111111 0.0374294532627866 0.026711309523809526
2 0.8670634920634921 0.22971974206349208 0.02681657848324515 0.016341765873015873
1 0.6776719576719576 0.601798115079365 0.0446957671957672 0.025141369047619048
1 0.9296384479717813 0.8442460317460317 0.03687389770723104 0.0204265873015873
1 0.8483509700176367 0.8687599206349207 0.05195767195767196 0.02796875
1 0.9243298059964727 0.8200496031746032 0.04748677248677249 0.022311507936507935
1 0.8936022927689594 0.8448759920634921 0.03966490299823633 0.022941468253968252
1 0.6497398589065255 0.8337202380952381 0.0446957671957672 0.02576884920634921
1 0.6036507936507937 0.8175347222222222 0.04748677248677249 0.02796875
1 0.584373897707231 0.702046130952381 0.03687389770723104 0.02388392857142857
1 0.7335405643738977 0.7485565476190476 0.040224867724867726 0.021369047619047617
1 0.53744708994709 0.6175124007936508 0.03575396825396825 0.022626488095238095
1 0.5740388007054674 0.6134250992063491 0.041900352733686065 0.022626488095238095
1 0.507557319223986 0.511922123015873 0.040784832451499116 0.02074156746031746
1 0.4821384479717813 0.5021800595238095 0.034638447971781304 0.018854166666666665
1 0.47068342151675485 0.514593253968254 0.0351984126984127 0.021684027777777778
1 0.3913536155202822 0.5375347222222222 0.03854938271604939 0.022941468253968252
1 0.47347883597883594 0.47641121031746037 0.040784832451499116 0.02451140873015873
1 0.40811287477954145 0.3717633928571429 0.03854938271604939 0.018854166666666665
1 0.048606701940035274 0.44404265873015875 0.03575396825396825 0.017599206349206347
1 0.16341269841269843 0.5028075396825397 0.02402116402116402 0.014456845238095237
1 0.06648148148148149 0.5829439484126984 0.03798941798941799 0.018854166666666665
1 0.05949735449735449 0.5246502976190476 0.03854938271604939 0.0204265873015873
1 0.11396825396825398 0.570374503968254 0.03351851851851852 0.018226686507936508
1 0.31257936507936507 0.7518551587301587 0.034078483245149914 0.019169146825396825
1 0.2734700176366843 0.746827876984127 0.03631393298059965 0.021684027777777778
1 0.352526455026455 0.7270287698412699 0.03687389770723104 0.02105406746031746
1 0.20335978835978838 0.4149751984126984 0.03575396825396825 0.01665674603174603
1 0.9528218694885362 0.33389632936507935 0.0374294532627866 0.019799107142857143
1 0.6391269841269841 0.5364335317460318 0.0446957671957672 0.022626488095238095
1 0.1639726631393298 0.6547519841269841 0.029611992945326276 0.01665674603174603
1 0.7500220458553791 0.10527529761904762 0.030727513227513225 0.016969246031746033
1 0.9782275132275132 0.366108630952381 0.043544973544973546 0.02828373015873016