2 0.25872271825396825 0.6028615520282187 0.018655753968253967 0.02681657848324515
2 0.42546626984126984 0.8853791887125221 0.01734375 0.02441798941798942
2 0.2760019841269841 0.09821428571428571 0.01921875 0.027455908289241625
2 0.3029861111111111 0.40158289241622575 0.015200892857142857 0.018743386243386242
2 0.21791666666666668 0.6331305114638448 0.015840773809523808 0.018743386243386242
2 0.3205952380952381 0.826437389770723 0.014828869047619047 0.0177336860670194
2 0.32108878968253973 0.6015652557319223 0.01292906746031746 0.016820987654320985
2 0.541391369047619 0.17270723104056437 0.010863095238095238 0.016494708994708993
2 0.7160887896825396 0.3170943562610229 0.011225198412698412 0.014607583774250442
2 0.24493055555555554 0.8625661375661375 0.018427579365079366 0.018602292768959434
2 0.815890376984127 0.38789241622574955 0.00574156746031746 0.009400352733686067
2 0.16593253968253968 0.3121384479717813 0.014605654761904762 0.015000000000000001
2 0.849404761904762 0.356168430335097 0.005391865079365079 0.008059964726631393
2 0.8099280753968254 0.38137125220458556 0.006793154761904762 0.010141093474426807
2 0.1499578373015873 0.20329805996472664 0.014471726190476191 0.01581569664902998
2 0.29051835317460317 0.11238977072310406 0.013918650793650794 0.030559964726631396
2 0.5259722222222222 0.17868606701940035 0.009191468253968254 0.017336860670194004
2 0.808390376984127 0.35717813051146385 0.007130456349206349 0.010163139329805997
2 0.21380704365079367 0.249484126984127 0.013725198412698413 0.02603174603174603
0 0.4382242063492064 0.33772486772486776 0.0078546626984127 0.011080246913580246
0 0.42123759920634923 0.36270723104056435 0.0054910714285714285 0.009078483245149913
0 0.3231547619047619 0.34741181657848325 0.004427083333333334 0.008699294532627867
0 0.3223710317460317 0.3623853615520282 0.00693452380952381 0.012059082892416226
0 0.3580927579365079 0.48364638447971786 0.006664186507936508 0.014686948853615522
0 0.47313492063492063 0.4357848324514991 0.005275297619047619 0.010815696649029982
0 0.47497271825396825 0.3763624338624339 0.007594246031746032 0.01041005291005291
0 0.5574975198412698 0.41656966490299824 0.006433531746031746 0.012270723104056436
0 0.5688839285714286 0.2885361552028219 0.007450396825396825 0.011199294532627866
0 0.5826959325396825 0.33025132275132274 0.007544642857142857 0.010035273368606703
0 0.4470486111111111 0.5533068783068783 0.006128472222222223 0.011406525573192241
0 0.5297867063492063 0.6050837742504409 0.0064136904761904765 0.013443562610229276
0 0.3573487103174603 0.6217151675485009 0.007214781746031746 0.016490299823633155
0 0.3736582341269841 0.6376719576719577 0.005503472222222223 0.011547619047619048
0 0.4035887896825397 0.6357848324514991 0.005203373015873016 0.011997354497354498
0 0.4177008928571429 0.5110449735449736 0.006574900793650794 0.009664902998236332
0 0.43808035714285715 0.490515873015873 0.005523313492063492 0.009091710758377426
0 0.4441989087301587 0.5029012345679013 0.006207837301587302 0.01029541446208113
0 0.5636210317460317 0.5283112874779542 0.005424107142857143 0.012773368606701939
0 0.2871750992063492 0.49895061728395057 0.00853670634920635 0.013024691358024691
0 0.2371825396825397 0.4471649029982363 0.0060267857142857146 0.015127865961199296
0 0.24437003968253967 0.4408774250440917 0.006976686507936507 0.013919753086419753
0 0.25761656746031747 0.48913139329805994 0.00566468253968254 0.01042768959435626
0 0.213702876984127 0.3583201058201058 0.008754960317460318 0.016221340388007054
0 0.19453869047619046 0.3460670194003527 0.0067857142857142855 0.017923280423280424
0 0.1743625992063492 0.3952777777777778 0.004226190476190476 0.011155202821869489
0 0.14980902777777777 0.46313932980599654 0.004742063492063493 0.010471781305114638
0 0.15956349206349207 0.4770546737213404 0.006691468253968254 0.008447971781305115
0 0.19108630952380953 0.5395458553791888 0.006750992063492063 0.009911816578483246
2 0.20880208333333333 0.529294532627866 0.008973214285714286 0.009091710758377426
2 0.19442708333333333 0.5267151675485009 0.004273313492063492 0.012755731922398589
0 0.3847941468253968 0.771904761904762 0.007375992063492063 0.0155026455026455
0 0.39126984126984127 0.7751719576719577 0.007038690476190476 0.015480599647266313
0 0.39553819444444444 0.8086111111111112 0.0074528769841269845 0.018051146384479716
0 0.40271577380952384 0.8197134038800705 0.007720734126984127 0.013558201058201057
0 0.42248015873015876 0.7951366843033509 0.005610119047619048 0.013915343915343915
0 0.4734895833333333 0.7670238095238094 0.0070337301587301585 0.013430335097001764
0 0.4632490079365079 0.8130026455026456 0.009074900793650795 0.014479717813051149
0 0.4103472222222222 0.6798721340388008 0.008072916666666666 0.009351851851851853
0 0.389719742063492 0.6802469135802469 0.00595734126984127 0.016843033509700178
0 0.35961805555555554 0.7014726631393299 0.0067857142857142855 0.016265432098765433
0 0.4233531746031746 0.6744488536155203 0.008618551587301588 0.014594356261022928
0 0.4390252976190476 0.703505291005291 0.005451388888888889 0.013597883597883598
0 0.45030257936507934 0.7381172839506173 0.008643353174603175 0.010987654320987654
0 0.43330109126984123 0.770789241622575 0.007048611111111111 0.009365079365079364
0 0.5031820436507937 0.7540828924162257 0.008759920634920634 0.014113756613756613
0 0.4978025793650794 0.6645546737213404 0.006418650793650793 0.013139329805996473
0 0.47139384920634925 0.6831569664902999 0.006004464285714286 0.011812169312169312
0 0.4822916666666666 0.6591887125220458 0.0038070436507936507 0.014382716049382715
0 0.4052976190476191 0.7458818342151676 0.006587301587301587 0.01031305114638448
0 0.4049131944444444 0.694373897707231 0.005478670634920635 0.013302469135802469
0 0.40714533730158725 0.7031657848324515 0.006587301587301587 0.010299823633156966
0 0.5421676587301587 0.8481305114638448 0.00820188492063492 0.015123456790123455
0 0.5317361111111111 0.8429453262786596 0.007643849206349206 0.01647707231040564
0 0.501889880952381 0.8631305114638448 0.005562996031746032 0.008417107583774251
0 0.508655753968254 0.8580335097001763 0.005037202380952381 0.00994268077601411
0 0.47136656746031746 0.8055335097001763 0.005600198412698413 0.011375661375661376
0 0.569640376984127 0.6903395061728396 0.009776785714285715 0.0157363315696649
0 0.6134399801587301 0.6843915343915344 0.006143353174603175 0.013518518518518518
0 0.5628174603174604 0.6595634920634921 0.007016369047619047 0.011097883597883598
0 0.5803720238095238 0.6551851851851852 0.005952380952380952 0.012014991181657848
0 0.5870213293650793 0.6746031746031746 0.006765873015873016 0.009876543209876543
0 0.5348015873015873 0.6110273368606701 0.00572172619047619 0.010194003527336862
0 0.5234226190476191 0.6018165784832452 0.005369543650793651 0.00884920634920635
0 0.5208060515873015 0.6121649029982363 0.00654265873015873 0.007918871252204586
0 0.5188318452380952 0.6213227513227514 0.0064360119047619044 0.010304232804232805
0 0.5202455357142858 0.6320458553791887 0.004139384920634921 0.009554673721340388
0 0.5514756944444444 0.609400352733686 0.006418650793650793 0.010930335097001764
0 0.6247123015873016 0.6047751322751324 0.005932539682539683 0.008324514991181657
0 0.6762450396825397 0.569484126984127 0.005498511904761905 0.010590828924162257
0 0.5850744047619048 0.6264462081128748 0.005148809523809524 0.009567901234567902
0 0.6035565476190476 0.6674118165784833 0.005131448412698413 0.008725749559082892
0 0.5804464285714286 0.7142283950617283 0.004141865079365079 0.008699294532627867
0 0.19874751984126984 0.1927777777777778 0.011507936507936507 0.019757495590828924
0 0.2072296626984127 0.199157848324515 0.01130952380952381 0.01656084656084656
0 0.6247048611111111 0.49783950617283945 0.0071651785714285715 0.011604938271604939
0 0.5760788690476191 0.3951146384479718 0.004930555555555555 0.01060405643738977
0 0.6788045634920635 0.4339197530864197 0.0049479166666666664 0.011331569664902999
0 0.6725744047619048 0.4403042328042328 0.006574900793650794 0.010123456790123457
0 0.6622420634920635 0.3949559082892416 0.005572916666666666 0.010282186948853616
0 0.6673090277777778 0.33132716049382716 0.00554811507936508 0.009426807760141093
0 0.6732614087301587 0.39584656084656084 0.00664186507936508 0.01556437389770723
0 0.667891865079365 0.38927689594356263 0.0047470238095238095 0.012328042328042329
0 0.6940004960317461 0.29156966490299824 0.006510416666666667 0.012041446208112875
0 0.554923115079365 0.14065696649029982 0.005538194444444444 0.010771604938271605