1 0.8399647266313933 0.5109747023809523 0.08668871252204587 0.053695436507936505
1 0.7489285714285714 0.4265749007936508 0.10276455026455027 0.05399801587301587
1 0.7234964726631393 0.6070262896825397 0.09342592592592593 0.05356150793650794
1 0.9711287477954145 0.5191121031746032 0.057738095238095234 0.049347718253968255
1 0.24713403880070547 0.6236805555555555 0.06704144620811288 0.04044394841269841
1 0.8625485008818342 0.0632093253968254 0.04718253968253969 0.03630208333333333
1 0.965410052910053 0.6847147817460317 0.06917989417989419 0.04370535714285714
1 0.14821869488536157 0.47878472222222224 0.056856261022927686 0.03228422619047619
1 0.7622222222222222 0.5694394841269841 0.08345679012345679 0.047338789682539684
1 0.5144135802469136 0.7702108134920634 0.048024691358024695 0.032512400793650795
1 0.5396031746031745 0.4489285714285714 0.068342151675485 0.03878224206349207
1 0.3844885361552028 0.7998958333333333 0.04342151675485009 0.037490079365079365
1 0.46931216931216935 0.8531324404761904 0.0566931216931217 0.03976686507936508
1 0.27737654320987654 0.41406994047619045 0.05832892416225749 0.033407738095238095
1 0.7087918871252205 0.02 0.0812037037037037 0.04
1 0.21071428571428572 0.042638888888888886 0.04638007054673721 0.035446428571428566
1 0.033716931216931215 0.12540922619047618 0.03560405643738977 0.02637400793650794
1 0.7914109347442682 0.31739087301587304 0.093668430335097 0.05709573412698413
1 0.9727292768959436 0.20678819444444443 0.05453703703703704 0.041294642857142856
1 0.953694885361552 0.4662847222222222 0.09260582010582011 0.05596230158730158
1 0.3498853615520282 0.5830530753968254 0.06436067019400353 0.03514880952380953
1 0.2607583774250441 0.5595734126984127 0.06480599647266314 0.034513888888888886
1 0.6127336860670194 0.7643700396825397 0.037698412698412696 0.02369047619047619
1 0.7304232804232804 0.704375 0.05783509700176366 0.03480654761904762
1 0.9723412698412698 0.6672470238095238 0.05531305114638448 0.03135416666666667
1 0.8496781305114638 0.6178844246031746 0.08746031746031746 0.05237103174603174
1 0.957147266313933 0.5941617063492063 0.05899029982363315 0.04250992063492064
1 0.9266490299823633 0.5387475198412699 0.05384479717813051 0.0347420634920635
1 0.5966402116402116 0.08697420634920636 0.07632716049382716 0.04580109126984127
1 0.6181569664902998 0.035937500000000004 0.05539241622574956 0.031989087301587296
1 0.8865740740740741 0.7668353174603175 0.054642857142857146 0.03328125
1 0.16108024691358025 0.1284623015873016 0.04358465608465608 0.025163690476190475
1 0.8773765432098766 0.2367013888888889 0.08321869488536156 0.050352182539682544