1 0.2410890652557319 0.23900545634920634 0.06324955908289241 0.03686011904761905
1 0.6302204585537918 0.4620039682539682 0.05064373897707231 0.029575892857142856
1 0.8506834215167548 0.7461210317460317 0.04985890652557319 0.028821924603174603
1 0.07894620811287478 0.43694444444444447 0.05399911816578483 0.030205853174603177
1 0.4832363315696649 0.31634424603174605 0.06196649029982363 0.03373759920634921
1 0.8880114638447971 0.5331870039682539 0.05396384479717813 0.031989087301587296
1 0.4250352733686067 0.25282738095238094 0.06080246913580247 0.038390376984126985
1 0.47731040564373894 0.4634945436507936 0.05444444444444445 0.033343253968253966
1 0.5901322751322752 0.25016369047619047 0.04957231040564374 0.031006944444444445
1 0.5280246913580247 0.40332837301587304 0.053064373897707226 0.028196924603174602
1 0.7762610229276896 0.4737202380952381 0.05224426807760141 0.02931547619047619
1 0.8026543209876543 0.2812723214285714 0.0406657848324515 0.02640376984126984
1 0.5177469135802469 0.6514806547619048 0.05392416225749559 0.03386904761904762
1 0.7349514991181657 0.3074280753968254 0.03675044091710758 0.02620535714285714
1 0.15701499118165785 0.15505456349206348 0.0581305114638448 0.034965277777777776
1 0.15349647266313932 0.26682291666666663 0.05930335097001763 0.03812003968253968
1 0.07052469135802468 0.17981150793650794 0.06052028218694885 0.03452380952380952
1 0.9289197530864197 0.2388045634920635 0.049673721340388007 0.02928075396825397
1 0.9707142857142856 0.4792013888888889 0.05031305114638448 0.02575892857142857
1 0.7948853615520282 0.23824900793650794 0.042799823633156965 0.026634424603174604
1 0.8464197530864198 0.2813343253968254 0.034228395061728395 0.02587549603174603
1 0.18500440917107583 0.24590277777777778 0.061397707231040564 0.03647321428571429
1 0.48706790123456795 0.8640848214285713 0.037314814814814815 0.02537202380952381
1 0.6449691358024692 0.2489434523809524 0.056380070546737215 0.029546130952380952
1 0.6989902998236331 0.3101190476190476 0.046186067019400354 0.026123511904761903
1 0.14688712522045855 0.4063764880952381 0.052566137566137566 0.02681051587301587
1 0.083505291005291 0.6073561507936508 0.04094797178130512 0.027899305555555556
1 0.43417548500881836 0.46471974206349204 0.045405643738977076 0.028896329365079368
1 0.3036067019400353 0.6964583333333333 0.056410934744268074 0.026698908730158732
1 0.5136640211640212 0.8819518849206349 0.034272486772486774 0.021460813492063493
1 0.6992151675485009 0.685188492063492 0.036600529100529106 0.025654761904761906
1 0.5450485008818342 0.1833010912698413 0.04186507936507937 0.02437748015873016
1 0.8095326278659611 0.1785639880952381 0.022341269841269842 0.012170138888888888
1 0.8977336860670194 0.19346974206349207 0.02988536155202822 0.01911458333333333
1 0.9625925925925926 0.2470734126984127 0.0330026455026455 0.0205828373015873
1 0.9739373897707231 0.30836557539682535 0.04267636684303351 0.022316468253968255
1 0.8950132275132275 0.3240376984126984 0.03361552028218694 0.017738095238095237
1 0.8112037037037036 0.23295386904761906 0.025850970017636685 0.01684027777777778
1 0.5744444444444444 0.3313988095238095 0.044920634920634916 0.02285218253968254
1 0.5286860670194004 0.32683035714285713 0.041490299823633156 0.024861111111111108
1 0.7565123456790124 0.5068650793650794 0.04241622574955908 0.026396329365079366
1 0.9255952380952381 0.5400496031746032 0.04227072310405644 0.024030257936507936
1 0.6556701940035273 0.5812202380952382 0.03908730158730159 0.026490575396825398
1 0.6185185185185185 0.5835540674603175 0.033373015873015874 0.023368055555555555
1 0.7984964726631393 0.6829811507936508 0.03824074074074074 0.02009424603174603
1 0.8686287477954144 0.8146205357142857 0.031199294532627868 0.022834821428571427
1 0.6195238095238095 0.849280753968254 0.037332451499118166 0.018772321428571426
1 0.27680776014109343 0.7992261904761905 0.04178130511463845 0.02316220238095238
1 0.19175044091710758 0.8486011904761904 0.02936507936507936 0.018343253968253967
1 0.20381393298059966 0.8634771825396825 0.03367283950617284 0.016979166666666667
1 0.23802910052910053 0.8114186507936507 0.029448853615520285 0.017356150793650795
1 0.016882716049382716 0.6350496031746031 0.03134920634920635 0.017115575396825396
1 0.009360670194003528 0.5885639880952381 0.017954144620811286 0.010989583333333334
1 0.20589947089947092 0.5938541666666667 0.04775573192239859 0.023172123015873018
1 0.39734567901234563 0.5637946428571428 0.04094356261022928 0.02136160714285714
1 0.3588447971781305 0.1177108134920635 0.04650352733686067 0.029248511904761906
1 0.4334656084656085 0.13784970238095237 0.05043650793650794 0.028194444444444446
1 0.1268915343915344 0.24996775793650794 0.03175044091710759 0.016964285714285716
1 0.8610493827160494 0.023685515873015872 0.02771604938271605 0.01906498015873016
2 0.425326278659612 0.5424900793650794 0.020683421516754848 0.012718253968253969
1 0.2068121693121693 0.2742931547619048 0.04298500881834215 0.018630952380952383
1 0.8106834215167549 0.16703621031746033 0.01888447971781305 0.01077876984126984
1 0.5490035273368608 0.7131125992063492 0.0157010582010582 0.008643353174603175