1 0.7421296296296297 0.03402529761904762 0.11169753086419754 0.06805059523809524
1 0.8674029982363316 0.02750248015873016 0.12918871252204586 0.05500248015873016
1 0.6405114638447972 0.41757688492063494 0.06977954144620811 0.039880952380952385
1 0.4251587301587302 0.39119791666666665 0.043955026455026455 0.02839781746031746
1 0.5569708994708995 0.452358630952381 0.05084215167548501 0.029873511904761906
1 0.41414462081128744 0.6845684523809523 0.05380070546737213 0.030654761904761903
1 0.2113888888888889 0.46613839285714287 0.040806878306878305 0.02359623015873016
1 0.45271164021164023 0.410109126984127 0.02414021164021164 0.019878472222222224
1 0.8685008818342151 0.20275049603174602 0.06883597883597883 0.036319444444444446
1 0.40965167548500886 0.5250818452380953 0.04940917107583774 0.030446428571428572
1 0.3136728395061728 0.5867311507936508 0.0485978835978836 0.02950396825396825
1 0.5926455026455026 0.015632440476190477 0.10122134038800705 0.03126736111111111
1 0.5375705467372134 0.0883358134920635 0.06803350970017637 0.044337797619047624
1 0.6359656084656085 0.2190674603174603 0.034695767195767196 0.020592757936507937
1 0.6947486772486773 0.21192212301587302 0.06549823633156968 0.04195436507936508
1 0.47536155202821867 0.23966765873015874 0.05718694885361551 0.033273809523809525
1 0.9415432098765433 0.1920014880952381 0.04359347442680776 0.02914186507936508
1 0.8952557319223986 0.1925892857142857 0.04317019400352733 0.023249007936507936
1 0.8947663139329806 0.2608209325396826 0.08687830687830687 0.04942212301587302
1 0.7132275132275132 0.2965575396825397 0.07792768959435627 0.04524305555555555
1 0.7149426807760141 0.34818948412698414 0.06513668430335097 0.0346875
1 0.8134920634920635 0.36486607142857147 0.04216490299823633 0.02490823412698413
1 0.4758377425044092 0.4376264880952381 0.04492504409171076 0.026909722222222224
1 0.5286904761904762 0.4617361111111111 0.04067019400352734 0.025644841269841272
1 0.39402998236331566 0.5938492063492063 0.06671516754850089 0.03323164682539683
1 0.3664506172839506 0.5895858134920635 0.0492636684303351 0.026827876984126985
1 0.3880246913580247 0.5698487103174603 0.05219135802469136 0.02937748015873016
1 0.653205467372134 0.6190873015873015 0.050895061728395065 0.03068204365079365
1 0.7524955908289241 0.5687673611111111 0.047147266313932984 0.027609126984126982
1 0.5509171075837742 0.6776264880952381 0.06695767195767197 0.0346453373015873
1 0.377826278659612 0.6484821428571428 0.05441798941798942 0.030084325396825397
1 0.5201587301587302 0.7561111111111111 0.046230158730158726 0.03324652777777778
1 0.7643165784832452 0.7736334325396825 0.06349206349206349 0.03432043650793651
1 0.9014814814814814 0.779375 0.069836860670194 0.03653025793650794
1 0.9008068783068783 0.97484375 0.06848324514991182 0.04364583333333333
1 0.8305687830687831 0.9512177579365079 0.07518518518518519 0.03539186507936508
1 0.7663800705467373 0.6001909722222222 0.056274250440917106 0.027083333333333334
1 0.7554409171075838 0.44970238095238096 0.053853615520282186 0.031245039682539683
1 0.9594312169312168 0.1328546626984127 0.08113756613756615 0.05503224206349206
1 0.8124382716049382 0.08351438492063493 0.11554232804232804 0.06855406746031746
2 0.35689594356261023 0.27626240079365083 0.022530864197530864 0.013916170634920635
1 0.4865828924162257 0.19069196428571428 0.029157848324514988 0.016755952380952382
1 0.25636243386243385 0.5389657738095238 0.0449294532627866 0.023856646825396826
1 0.23339506172839508 0.5391617063492063 0.04251322751322752 0.02189484126984127
1 0.3898941798941799 0.5052356150793651 0.047513227513227514 0.027487599206349207
1 0.314347442680776 0.48933283730158733 0.05336860670194004 0.030518353174603174
1 0.2695238095238095 0.47731150793650795 0.04090388007054674 0.02107390873015873
1 0.20095679012345677 0.45584573412698415 0.03295855379188713 0.017495039682539685
1 0.9931746031746032 0.7240352182539682 0.013650793650793651 0.02430059523809524
1 0.9788800705467372 0.6509052579365079 0.03790123456790123 0.02124751984126984
1 0.5978791887125221 0.2457986111111111 0.019448853615520283 0.012678571428571428
1 0.4848456790123457 0.36404017857142856 0.03863756613756614 0.023177083333333334
1 0.6795149911816579 0.575813492063492 0.03744268077601411 0.018191964285714284