2 0.5181622023809523 0.5762764550264551 0.01556795634920635 0.014454365079365079
2 0.5400595238095238 0.6317162698412698 0.01146577380952381 0.012876984126984126
2 0.4936706349206349 0.4059424603174603 0.012212301587301588 0.014417989417989418
2 0.6951810515873016 0.4544510582010582 0.012080853174603175 0.012705026455026455
2 0.41554811507936507 0.39136574074074076 0.013164682539682539 0.014652777777777778
2 0.6829910714285715 0.48807208994708995 0.011837797619047618 0.01246031746031746
2 0.526889880952381 0.3160482804232804 0.01091517857142857 0.01359457671957672
2 0.6589161706349206 0.6373941798941799 0.01123015873015873 0.010099206349206349
2 0.5831944444444445 0.3694642857142857 0.011612103174603174 0.013257275132275134
2 0.5776984126984127 0.6297850529100529 0.011788194444444445 0.010522486772486772
2 0.5967559523809524 0.5242096560846561 0.009965277777777778 0.012688492063492063
2 0.5004414682539683 0.45012235449735455 0.010374503968253969 0.011742724867724867
2 0.6544419642857143 0.5098578042328042 0.011245039682539683 0.011590608465608465
2 0.5646279761904762 0.42307870370370376 0.009578373015873016 0.011742724867724867
2 0.4841294642857143 0.6449107142857143 0.01171875 0.011491402116402117
2 0.505265376984127 0.5332407407407407 0.006356646825396825 0.010710978835978836
2 0.38080605158730163 0.4453240740740741 0.012095734126984128 0.013230820105820105
2 0.6949007936507937 0.6581084656084656 0.011547619047619048 0.01095899470899471
2 0.46006448412698414 0.39771164021164024 0.011438492063492062 0.011941137566137567
2 0.5522098214285714 0.5995238095238096 0.010426587301587301 0.00974537037037037
2 0.47979414682539684 0.5730886243386243 0.0116765873015873 0.010846560846560846
2 0.6904613095238096 0.5433630952380952 0.014117063492063493 0.0109755291005291
2 0.4241344246031746 0.5130588624338625 0.009144345238095238 0.00896494708994709
2 0.8215525793650794 0.6771792328042328 0.011934523809523808 0.01273148148148148
2 0.35046875 0.5850462962962963 0.010734126984126985 0.011736111111111112
2 0.44216765873015873 0.2161772486772487 0.011391369047619048 0.011947751322751323
2 0.5744915674603175 0.38772486772486775 0.01125 0.013478835978835977
2 0.734937996031746 0.5590972222222222 0.006572420634920635 0.01199074074074074
2 0.4720808531746032 0.2984589947089947 0.00755704365079365 0.014037698412698413
2 0.40353670634920635 0.3446693121693122 0.011009424603174603 0.013859126984126982
2 0.42231646825396824 0.4711177248677249 0.011748511904761904 0.00984457671957672
2 0.31128224206349203 0.5910714285714286 0.011091269841269841 0.012972883597883596
2 0.7282093253968254 0.5117228835978836 0.01367311507936508 0.013022486772486774
2 0.4059102182539683 0.36453373015873014 0.011974206349206349 0.013052248677248676
2 0.49153521825396823 0.6275859788359788 0.013244047619047619 0.011663359788359789
2 0.4176364087301587 0.5185846560846561 0.00705109126984127 0.012189153439153439
2 0.36376488095238096 0.5461111111111111 0.005240575396825396 0.0072652116402116395
2 0.3704464285714286 0.5645734126984127 0.00626984126984127 0.010330687830687831
2 0.4173363095238095 0.5422751322751322 0.006450892857142857 0.011200396825396825
2 0.42433035714285716 0.546438492063492 0.006736111111111111 0.013125
2 0.32291170634920635 0.4493948412698413 0.0069791666666666665 0.009252645502645502
2 0.3941517857142857 0.475109126984127 0.0072420634920634915 0.01328042328042328
2 0.32648065476190474 0.337202380952381 0.009037698412698412 0.011256613756613756
2 0.3950322420634921 0.3087533068783069 0.008278769841269842 0.009497354497354497
2 0.42712549603174604 0.29728835978835977 0.010064484126984127 0.012691798941798943
2 0.4853993055555556 0.3013822751322751 0.009069940476190476 0.014107142857142856
2 0.5843253968253969 0.6048048941798942 0.005935019841269841 0.011461640211640211
2 0.5888318452380953 0.6221527777777778 0.008273809523809524 0.010363756613756613