1 0.9189638447971782 0.09346726190476191 0.09653880070546737 0.06567460317460318
1 0.2911067019400353 0.6021577380952381 0.08379188712522045 0.04583581349206349
1 0.36096119929453263 0.40287450396825397 0.07833333333333334 0.04837797619047619
1 0.45206349206349206 0.19765873015873017 0.07373456790123456 0.04693700396825397
1 0.36682098765432103 0.8037475198412698 0.08052910052910052 0.054982638888888886
1 0.7592283950617285 0.5259424603174603 0.06472222222222222 0.04082837301587302
1 0.8006790123456791 0.8768080357142857 0.06190917107583774 0.03716517857142857
1 0.7175396825396826 0.5037896825396825 0.05932539682539683 0.03913690476190476
1 0.5891093474426807 0.21187748015873015 0.06439594356261023 0.03696428571428571
1 0.9111243386243385 0.20450644841269844 0.057283950617283946 0.03201388888888889
1 0.5469444444444445 0.2216641865079365 0.05375661375661376 0.04008928571428571
1 0.2867195767195767 0.4107688492063492 0.08695326278659612 0.04697916666666666
1 0.2231437389770723 0.5959747023809523 0.06723104056437389 0.0478125
1 0.643668430335097 0.9796825396825397 0.06634920634920634 0.040634920634920635
1 0.3554276895943563 0.9777777777777777 0.08348765432098765 0.04444444444444444
1 0.71092151675485 0.813655753968254 0.06655643738977071 0.039801587301587296
1 0.689373897707231 0.7785267857142857 0.06374779541446209 0.035791170634920634
1 0.42309964726631394 0.8053893849206349 0.056613756613756616 0.04128472222222222
1 0.1238447971781305 0.6173065476190476 0.04529982363315697 0.019900793650793648
1 0.14150352733686067 0.21736607142857142 0.051349206349206346 0.024007936507936506
1 0.3951190476190476 0.35611855158730155 0.05326278659611993 0.030962301587301587