2 0.8112830687830688 0.8557688492063492 0.04458553791887125 0.03099206349206349
2 0.5437169312169312 0.9466369047619048 0.046754850088183426 0.02681051587301587
2 0.04567460317460317 0.6365972222222223 0.09134920634920635 0.056366567460317464
2 0.23000440917107584 0.5840550595238095 0.07687389770723103 0.03993551587301587
2 0.16779541446208113 0.9598313492063492 0.05614197530864198 0.03523809523809524
2 0.6390123456790123 0.4773958333333333 0.036044973544973546 0.022762896825396825
2 0.6623721340388007 0.4842311507936508 0.028447971781305113 0.019015376984126985
2 0.422037037037037 0.7032068452380952 0.02532627865961199 0.020989583333333332
2 0.835 0.8181374007936508 0.03533068783068783 0.02365823412698413
2 0.7005643738977073 0.7369593253968254 0.034338624338624335 0.022571924603174604
2 0.5862125220458554 0.7571279761904761 0.031485890652557316 0.01750744047619048
2 0.9127821869488536 0.5289558531746031 0.026000881834215166 0.01902529761904762
2 0.12529541446208114 0.9678472222222223 0.03149029982363316 0.030543154761904764
0 0.05786596119929454 0.543139880952381 0.04403880070546737 0.02367063492063492
0 0.08450617283950618 0.5501016865079366 0.042967372134038805 0.02601686507936508
0 0.19947971781305116 0.5589310515873016 0.03064373897707231 0.02347470238095238
0 0.24563492063492065 0.6267063492063493 0.038214285714285715 0.026607142857142857
0 0.15668430335097003 0.6446999007936508 0.034510582010582005 0.024196428571428574
0 0.13828042328042328 0.7750396825396826 0.05185185185185185 0.016066468253968253
0 0.1246957671957672 0.5099131944444444 0.03880511463844798 0.02078125
0 0.10269400352733686 0.48258680555555555 0.03481922398589065 0.017770337301587304
0 0.11338183421516754 0.3551463293650794 0.030304232804232806 0.023752480158730157
0 0.14339947089947092 0.2860590277777778 0.03383597883597883 0.016671626984126983
0 0.25090828924162256 0.26180059523809524 0.03934303350970018 0.01847470238095238
0 0.26236772486772486 0.16175347222222222 0.04107142857142857 0.03024801587301587
0 0.25417548500881837 0.18731646825396825 0.034104938271604934 0.0178125
0 0.5170855379188712 0.5456051587301588 0.03496472663139329 0.0180109126984127
0 0.5320149911816578 0.533407738095238 0.02715608465608466 0.01612599206349206
0 0.5228880070546738 0.6305654761904762 0.03244268077601411 0.021081349206349208
0 0.6153483245149911 0.6507142857142857 0.040806878306878305 0.02165674603174603
0 0.4317813051146384 0.7697569444444444 0.029144620811287474 0.02006448412698413
0 0.6514285714285715 0.31015624999999997 0.039991181657848325 0.022492559523809522
0 0.36509700176366844 0.3090749007936508 0.027601410934744268 0.013707837301587303
0 0.7206746031746032 0.4474156746031746 0.03977072310405644 0.02035714285714286