1 0.28711199294532624 0.5836458333333334 0.08264991181657848 0.04887400793650794
1 0.7807671957671958 0.6315947420634921 0.0914021164021164 0.054325396825396825
1 0.35831128747795415 0.38773065476190477 0.10248677248677249 0.06384424603174603
1 0.12552910052910052 0.5869990079365079 0.08849647266313933 0.05037202380952381
1 0.8834391534391535 0.14950148809523808 0.0740784832451499 0.04679315476190476
1 0.17844356261022926 0.3725297619047619 0.09361992945326279 0.05834325396825397
1 0.20976190476190476 0.586889880952381 0.08391093474426808 0.04442212301587302
1 0.4627204585537919 0.23276041666666666 0.10001763668430336 0.05776041666666666
1 0.4996164021164022 0.16147817460317462 0.11234126984126984 0.06297619047619048
2 0.6320061728395062 0.7639087301587302 0.04158289241622575 0.024930555555555553
1 0.26789241622574955 0.46339285714285716 0.09000440917107584 0.05227430555555556
1 0.23473985890652557 0.6605679563492063 0.06547619047619048 0.036488095238095236
1 0.5582363315696649 0.5939781746031746 0.0744973544973545 0.04256200396825397
1 0.7206349206349206 0.1577455357142857 0.07038359788359788 0.04891617063492063
1 0.5404541446208113 0.680248015873016 0.06134479717813051 0.032557043650793656
1 0.9319620811287478 0.012259424603174604 0.09092151675485009 0.024518849206349207
1 0.3766225749559083 0.6386954365079365 0.06782186948853615 0.037802579365079365
1 0.5685890652557319 0.6469965277777778 0.048950617283950615 0.03017609126984127
1 0.7595017636684304 0.6369022817460317 0.06367724867724867 0.04251240079365079
1 0.5763271604938272 0.5487996031746032 0.062253086419753086 0.03361111111111111
1 0.7511816578483246 0.48462301587301587 0.04643298059964727 0.028464781746031745
1 0.8339329805996473 0.510171130952381 0.06922839506172838 0.03009424603174603
1 0.31461199294532627 0.4213938492063492 0.044298941798941796 0.02617311507936508
1 0.25554232804232807 0.6198263888888889 0.04281305114638448 0.02630952380952381
1 0.3281746031746032 0.6098164682539683 0.05061287477954145 0.033993055555555554
1 0.08092151675485008 0.4956225198412698 0.08301587301587302 0.0413764880952381
1 0.8279585537918871 0.02728670634920635 0.07917989417989418 0.03529265873015873
1 0.1421825396825397 0.9693551587301588 0.05921957671957672 0.03412450396825397
1 0.2380246913580247 0.9185689484126984 0.046247795414462084 0.029990079365079365
1 0.05028218694885362 0.9319097222222222 0.028791887125220458 0.020949900793650795
1 0.9416754850088183 0.05222470238095238 0.04158289241622575 0.021902281746031746
1 0.8454365079365079 0.30162450396825397 0.05860670194003527 0.03226934523809524
1 0.8937874779541446 0.3820138888888889 0.07457231040564374 0.04200644841269841
1 0.6271428571428571 0.5695386904761905 0.0585978835978836 0.03673859126984127
1 0.47459876543209883 0.5594022817460318 0.03651234567901235 0.01646577380952381