1 0.10914462081128748 0.6872544642857144 0.07051146384479717 0.0401984126984127
1 0.4569532627865961 0.4323561507936508 0.055414462081128754 0.028407738095238097
1 0.43506172839506174 0.1315327380952381 0.04159171075837743 0.02812003968253968
2 0.5911375661375662 0.5081547619047619 0.02791005291005291 0.020615079365079367
1 0.11616843033509701 0.4101066468253968 0.06371693121693121 0.036763392857142856
1 0.25455908289241624 0.4581349206349207 0.051168430335097 0.03288690476190476
1 0.6871164021164021 0.3168874007936508 0.04233245149911817 0.027105654761904765
1 0.4646119929453263 0.291827876984127 0.062169312169312166 0.03405257936507937
1 0.3833994708994709 0.5812475198412699 0.04370811287477954 0.028633432539682542
1 0.6102821869488536 0.3483184523809524 0.04304232804232804 0.02808531746031746
1 0.6500749559082892 0.5153645833333332 0.02322310405643739 0.015515873015873016
1 0.30029541446208113 0.07022817460317461 0.04825396825396825 0.023757440476190477
1 0.33589506172839506 0.36690228174603173 0.0551984126984127 0.029833829365079365
1 0.4266534391534391 0.6212177579365079 0.043544973544973546 0.02519593253968254
1 0.480189594356261 0.6369270833333334 0.043179012345679016 0.02191468253968254
1 0.4838932980599647 0.6640997023809524 0.035771604938271605 0.022805059523809526
1 0.06567019400352733 0.6925198412698412 0.04310846560846561 0.025250496031746034
1 0.19997354497354497 0.6865277777777777 0.05508818342151675 0.032023809523809524
1 0.22028218694885363 0.5130183531746031 0.05104056437389771 0.026996527777777776
1 0.6715652557319224 0.6766294642857144 0.04235890652557319 0.02174603174603175
1 0.43279541446208114 0.5329191468253969 0.0359347442680776 0.02054811507936508
1 0.16083333333333333 0.2968849206349206 0.0455026455026455 0.02593998015873016
1 0.6366975308641976 0.4169320436507936 0.03507936507936508 0.02111855158730159