2 0.7014087301587302 0.7637078373015873 0.05887896825396826 0.045997023809523814
2 0.38603505291005286 0.5828174603174603 0.046329365079365074 0.03358630952380952
2 0.26018849206349204 0.6718154761904762 0.03408730158730159 0.01785218253968254
2 0.4420502645502645 0.6049776785714286 0.03211309523809524 0.01804563492063492
2 0.15393518518518517 0.4380109126984127 0.034900793650793654 0.02259920634920635
2 0.17824074074074073 0.4563888888888889 0.028227513227513226 0.02009424603174603
2 0.014837962962962963 0.18031498015873015 0.02967261904761905 0.03071676587301587
2 0.04389880952380952 0.1906795634920635 0.028449074074074075 0.03453621031746032
2 0.32142857142857145 0.051416170634920634 0.04337301587301587 0.030865575396825398
2 0.27703042328042327 0.047311507936507936 0.03583994708994709 0.029181547619047617
2 0.40052910052910057 0.05868799603174603 0.0448478835978836 0.030171130952380953
2 0.4202876984126984 0.13242559523809525 0.04228174603174603 0.035066964285714285
2 0.4195304232804233 0.16903273809523808 0.04511904761904762 0.032095734126984125
2 0.5096891534391534 0.19668898809523808 0.03678240740740741 0.027549603174603175
2 0.5544510582010582 0.2803943452380952 0.04359457671957672 0.03823164682539683
2 0.4651587301587302 0.32684771825396824 0.034791666666666665 0.024476686507936506
2 0.5366402116402116 0.34646329365079365 0.03699074074074074 0.02779017857142857
2 0.5514814814814815 0.3729290674603175 0.03765542328042328 0.026304563492063494
2 0.5152976190476191 0.41777529761904764 0.03348875661375661 0.02565972222222222
2 0.588558201058201 0.4041691468253968 0.033442460317460315 0.02021825396825397
2 0.6047883597883599 0.428608630952381 0.0339781746031746 0.02773809523809524
2 0.6591501322751323 0.3675372023809524 0.04402116402116402 0.024228670634920634
2 0.6625462962962962 0.4737251984126984 0.0319510582010582 0.026550099206349206
2 0.6952380952380953 0.4690252976190476 0.03783068783068783 0.02803323412698413
2 0.803399470899471 0.4577480158730159 0.047169312169312166 0.03377232142857142
2 0.8533399470899471 0.45591517857142855 0.04494047619047619 0.03446428571428572
2 0.7965046296296296 0.4921031746031746 0.03720238095238095 0.027388392857142858
2 0.7644742063492064 0.503234126984127 0.032642195767195764 0.027881944444444445
2 0.6617890211640212 0.5407316468253969 0.03478505291005291 0.02016865079365079
2 0.9748809523809524 0.4227430555555556 0.04446097883597883 0.029275793650793653
2 0.9845965608465609 0.44699652777777776 0.03080357142857143 0.02242063492063492
2 0.9331646825396825 0.4275372023809524 0.02720568783068783 0.00927579365079365
2 0.949077380952381 0.4377108134920635 0.03357473544973545 0.011488095238095238
2 0.8041732804232805 0.3736111111111111 0.037519841269841266 0.03123015873015873
2 0.7921263227513227 0.1939484126984127 0.06074404761904762 0.042249503968253964
2 0.7089814814814815 0.14535714285714288 0.03954365079365079 0.03097222222222222
2 0.9763260582010581 0.10099454365079365 0.0473478835978836 0.042470238095238096
2 0.6373941798941799 0.044548611111111115 0.04145171957671957 0.03648065476190476
2 0.7198710317460317 0.025892857142857145 0.05241402116402116 0.037348710317460315
2 0.06283068783068783 0.4693700396825397 0.03802910052910053 0.01984126984126984
2 0.1099537037037037 0.2535962301587302 0.03141534391534392 0.026041666666666668
2 0.0744047619047619 0.34598214285714285 0.04133597883597884 0.02976190476190476
2 0.21453373015873015 0.7173859126984127 0.032242063492063495 0.016121031746031748
2 0.3021660052910053 0.749937996031746 0.027281746031746032 0.017981150793650792
2 0.3931051587301587 0.7747395833333334 0.033895502645502645 0.022941468253968252