2 0.7407407407407407 0.8141121031746031 0.06283068783068783 0.03844246031746032
2 0.6944444444444444 0.6460813492063492 0.06613756613756613 0.052083333333333336
2 0.8498677248677249 0.5946180555555556 0.05952380952380952 0.043402777777777776
2 0.9581679894179894 0.6045386904761905 0.021494708994708994 0.023561507936507936
2 0.964781746031746 0.5462549603174603 0.018187830687830687 0.023561507936507936
2 0.9846230158730159 0.5660962301587301 0.021494708994708994 0.018601190476190476
2 0.9861111111111112 0.677703373015873 0.027777777777777776 0.023561507936507936
2 0.9209656084656085 0.6653025793650794 0.05291005291005291 0.035962301587301584
2 0.9176587301587301 0.6175595238095238 0.046296296296296294 0.02976190476190476
2 0.2091600529100529 0.8934771825396826 0.04794973544973545 0.033482142857142856
2 0.1421957671957672 0.8909970238095238 0.04298941798941799 0.033482142857142856
2 0.0603505291005291 0.7800099206349206 0.054563492063492064 0.03968253968253968
2 0.10003306878306878 0.7620287698412699 0.044642857142857144 0.035962301587301584
2 0.1173941798941799 0.7173859126984127 0.04298941798941799 0.03844246031746032
2 0.13310185185185186 0.652281746031746 0.05125661375661376 0.034722222222222224
2 0.22817460317460317 0.6243799603174603 0.06283068783068783 0.035962301587301584
2 0.27033730158730157 0.7099454365079365 0.05787037037037037 0.04092261904761905
2 0.27529761904761907 0.7688492063492064 0.044642857142857144 0.03720238095238095
2 0.2339616402116402 0.8370535714285714 0.04794973544973545 0.034722222222222224
2 0.18518518518518517 0.8351934523809523 0.046296296296296294 0.035962301587301584
2 0.1455026455026455 0.8463541666666666 0.05291005291005291 0.035962301587301584
2 0.4679232804232804 0.4625496031746032 0.03306878306878307 0.0248015873015873
2 0.5241402116402116 0.46378968253968256 0.03306878306878307 0.02976190476190476
2 0.7101521164021164 0.41728670634920634 0.04794973544973545 0.04092261904761905
2 0.7895171957671958 0.43898809523809523 0.05787037037037037 0.032242063492063495
2 0.83994708994709 0.29699900793650796 0.06613756613756613 0.045882936507936505
2 0.9193121693121693 0.26785714285714285 0.0496031746031746 0.03968253968253968
2 0.8225859788359788 0.20151289682539683 0.06448412698412699 0.04092261904761905
2 0.8548280423280423 0.053943452380952384 0.06613756613756613 0.045882936507936505
2 0.9375 0.1810515873015873 0.06283068783068783 0.042162698412698416
2 0.9803240740740741 0.1519097222222222 0.03935185185185185 0.043402777777777776
2 0.9234457671957672 0.016741071428571428 0.054563492063492064 0.033482142857142856
2 0.7853835978835979 0.011780753968253968 0.06613756613756613 0.023561507936507936
2 0.5596891534391535 0.021701388888888888 0.06448412698412699 0.043402777777777776
2 0.14054232804232805 0.13950892857142858 0.056216931216931214 0.033482142857142856
2 0.05042989417989418 0.20337301587301587 0.04794973544973545 0.034722222222222224
2 0.008267195767195767 0.2523561507936508 0.016534391534391533 0.026041666666666668
2 0.1380621693121693 0.20027281746031747 0.021494708994708994 0.023561507936507936
2 0.19510582010582012 0.2058531746031746 0.036375661375661374 0.027281746031746032
2 0.20419973544973544 0.24057539682539683 0.044642857142857144 0.03968253968253968
2 0.1636904761904762 0.21887400793650794 0.0496031746031746 0.035962301587301584
2 0.017361111111111112 0.4365079365079365 0.034722222222222224 0.034722222222222224
2 0.09424603174603174 0.4191468253968254 0.0496031746031746 0.032242063492063495
2 0.18683862433862433 0.4117063492063492 0.036375661375661374 0.032242063492063495
2 0.24553571428571427 0.4017857142857143 0.04794973544973545 0.02976190476190476
2 0.28852513227513227 0.37884424603174605 0.05787037037037037 0.043402777777777776
2 0.5869708994708994 0.29637896825396826 0.06283068783068783 0.044642857142857144