1 0.8703174603174604 0.504015376984127 0.08186948853615521 0.04449404761904762
1 0.45591710758377424 0.7498933531746033 0.0706084656084656 0.04186507936507937
1 0.772200176366843 0.5588368055555556 0.06304673721340388 0.03215525793650794
1 0.6829717813051146 0.4617757936507937 0.053791887125220456 0.03315724206349206
1 0.048174603174603176 0.359015376984127 0.05527777777777778 0.03549603174603175
1 0.40057319223985893 0.7217410714285715 0.05609347442680776 0.032576884920634916
1 0.295462962962963 0.4877356150793651 0.04677248677248677 0.032135416666666666
1 0.3212962962962963 0.5232713293650794 0.05716490299823634 0.03336309523809524
1 0.44929012345679015 0.3010912698412698 0.038064373897707234 0.01873511904761905
1 0.7758950617283951 0.3425768849206349 0.04417989417989418 0.022941468253968252
1 0.13628306878306878 0.41330853174603177 0.04690035273368607 0.02446924603174603
1 0.34359788359788357 0.7530183531746032 0.05641534391534392 0.02791170634920635
1 0.2858201058201058 0.9317609126984128 0.04962081128747796 0.02905753968253968
1 0.5570282186948853 0.691842757936508 0.06049382716049382 0.03326388888888889
1 0.31606701940035276 0.5585987103174603 0.035343915343915344 0.018353174603174604
1 0.729673721340388 0.5960664682539683 0.052336860670194 0.03288194444444445
1 0.5277998236331569 0.9960863095238095 0.03466490299823633 0.00782986111111111
1 0.2039153439153439 0.4735267857142857 0.059814814814814814 0.027145337301587302
1 0.24571869488536155 0.5622296626984127 0.05505731922398589 0.0233234126984127
1 0.16686948853615519 0.5968328373015873 0.04010141093474427 0.02141121031746032
1 0.2229453262786596 0.5947296626984127 0.02854938271604938 0.016440972222222225
1 0.4217636684303351 0.3383705357142857 0.03738536155202822 0.01988095238095238