1 0.26564814814814813 0.0971155753968254 0.07026455026455027 0.04215277777777778
1 0.9587698412698412 0.32553819444444443 0.04962962962962963 0.03101438492063492
1 0.7345987654320988 0.18673363095238094 0.06421957671957672 0.04100694444444444
1 0.8573324514991182 0.10090773809523809 0.04518959435626102 0.031183035714285715
1 0.4301410934744268 0.6542733134920635 0.06805555555555555 0.04163938492063492
1 0.12447971781305114 0.8359052579365079 0.058937389770723096 0.03584821428571428
1 0.16200617283950616 0.1250719246031746 0.0638095238095238 0.036622023809523806
1 0.43410934744268076 0.06357886904761906 0.052006172839506176 0.03239087301587301
1 0.9289065255731923 0.08087053571428571 0.03576719576719577 0.024151785714285712
1 0.9914065255731923 0.08987847222222221 0.01718253968253968 0.022284226190476188
1 0.9007010582010582 0.11413690476190476 0.03372574955908289 0.01880456349206349
1 0.7880643738977072 0.2393998015873016 0.04556437389770723 0.023866567460317463
1 0.43985008818342153 0.32666666666666666 0.05140652557319224 0.028640873015873015
1 0.22968253968253965 0.2905753968253968 0.03128747795414462 0.0183953373015873
1 0.17681657848324514 0.25390873015873017 0.028258377425044095 0.016944444444444443
1 0.20751763668430334 0.2596031746031746 0.030753968253968252 0.019154265873015875
1 0.5939065255731922 0.3109598214285714 0.039193121693121696 0.02246279761904762
1 0.6368033509700176 0.5636334325396826 0.04358024691358025 0.02923859126984127
1 0.6859259259259259 0.5453869047619048 0.05272486772486772 0.031743551587301584
1 0.6634611992945326 0.755548115079365 0.03648589065255732 0.022318948412698412
1 0.18712962962962965 0.8092857142857143 0.05794091710758377 0.03191468253968254
1 0.17089065255731922 0.8398139880952381 0.06322310405643738 0.037145337301587304
1 0.843425925925926 0.5118998015873016 0.039775132275132276 0.02484126984126984
1 0.6210582010582011 0.519186507936508 0.04048500881834215 0.022165178571428572
1 0.6042945326278659 0.5553199404761905 0.0423015873015873 0.026376488095238095
1 0.04558641975308642 0.39677579365079363 0.04028218694885362 0.02433531746031746
1 0.015365961199294533 0.38846974206349205 0.030731922398589066 0.022251984126984127