1 0.3515961199294532 0.39163194444444444 0.08645061728395062 0.04693948412698413
1 0.32260582010582006 0.4738169642857143 0.07250000000000001 0.042368551587301594
1 0.6529056437389771 0.540984623015873 0.07106261022927689 0.039427083333333335
1 0.7695943562610229 0.516547619047619 0.07862433862433862 0.04240823412698413
1 0.7038977072310406 0.08628472222222222 0.05144179894179894 0.024345238095238093
1 0.9698677248677248 0.581123511904762 0.06026014109347442 0.030912698412698413
1 0.25574514991181657 0.5944097222222222 0.07546296296296297 0.044191468253968254
1 0.7859171075837743 0.5460218253968254 0.04891093474426808 0.026984126984126982
1 0.9868342151675484 0.6635416666666667 0.026331569664902996 0.03508184523809524
1 0.9588977072310406 0.6439310515873016 0.046058201058201055 0.02872519841269841
1 0.9278924162257496 0.6000520833333333 0.03951058201058201 0.02418402777777778
1 0.6768915343915344 0.6861706349206349 0.04299382716049383 0.019935515873015872
1 0.6577160493827161 0.6928695436507937 0.03486331569664903 0.020262896825396826
1 0.7399338624338625 0.8941939484126984 0.047063492063492064 0.026145833333333333
1 0.9755379188712522 0.9291741071428571 0.04415784832451499 0.02943452380952381
1 0.23473544973544974 0.5113194444444444 0.05461640211640212 0.03366319444444444
1 0.17227513227513228 0.33646577380952386 0.08657407407407407 0.04739087301587302
1 0.9779409171075837 0.3140376984126984 0.04411375661375661 0.020875496031746033
1 0.7186287477954144 0.36996527777777777 0.0356305114638448 0.017299107142857144