2 0.15133928571428573 0.4730489417989418 0.01989583333333333 0.02125992063492064
2 0.3520610119047619 0.26635251322751324 0.017899305555555557 0.0217989417989418
2 0.08265376984126983 0.3606613756613757 0.029188988095238094 0.022761243386243385
2 0.23741319444444445 0.35624338624338625 0.020007440476190477 0.02179563492063492
2 0.26966765873015874 0.47204034391534394 0.01768105158730159 0.021865079365079365
2 0.12362847222222223 0.6384424603174603 0.01785218253968254 0.02154100529100529
2 0.22953621031746033 0.6196990740740741 0.022336309523809526 0.024553571428571428
2 0.35033234126984125 0.5003935185185185 0.017204861111111112 0.02531084656084656
2 0.31113343253968256 0.7373015873015872 0.017408234126984126 0.024794973544973547
2 0.2515104166666667 0.6936375661375661 0.016567460317460318 0.021884920634920636
2 0.13086061507936508 0.36672949735449734 0.025089285714285713 0.023406084656084656
2 0.34589533730158734 0.17994378306878306 0.021433531746031746 0.022953042328042326
2 0.1594469246031746 0.9653240740740741 0.021837797619047618 0.02431547619047619
2 0.22436011904761904 0.6453968253968254 0.02111359126984127 0.02589616402116402
2 0.2828819444444444 0.206494708994709 0.02002232142857143 0.02212962962962963
2 0.39619295634920637 0.2233068783068783 0.01598958333333333 0.021875000000000002
2 0.25924355158730156 0.42431216931216925 0.022447916666666668 0.025796957671957672
2 0.4829786706349206 0.40886904761904763 0.01566220238095238 0.0194510582010582
2 0.39596974206349206 0.6644742063492063 0.013559027777777777 0.016808862433862433
2 0.3065649801587301 0.2671395502645503 0.016195436507936506 0.02162037037037037
2 0.13437996031746033 0.6901752645502646 0.016106150793650794 0.01947420634920635
2 0.04227926587301587 0.716901455026455 0.020543154761904762 0.018518518518518517
2 0.44360119047619045 0.5755919312169312 0.013747519841269842 0.015327380952380953
2 0.4190352182539682 0.4635515873015873 0.014580853174603175 0.019950396825396826
2 0.26531746031746034 0.6545734126984127 0.017628968253968254 0.02152116402116402
2 0.3809672619047619 0.6169642857142857 0.01546875 0.018528439153439154
2 0.5940203373015873 0.49734126984126986 0.01394593253968254 0.017222222222222222
2 0.3145287698412699 0.15826388888888887 0.01810267857142857 0.019470899470899472
2 0.14922867063492065 0.639156746031746 0.02019593253968254 0.023118386243386243
2 0.2890947420634921 0.9101587301587302 0.014603174603174604 0.01814814814814815
2 0.8697420634920635 0.4381283068783069 0.008330853174603175 0.009963624338624338
2 0.13316468253968253 0.6152083333333334 0.01900049603174603 0.02198743386243386
2 0.3082068452380953 0.43198082010582006 0.02274553571428571 0.021378968253968254
2 0.5131944444444444 0.4332638888888889 0.012738095238095238 0.015023148148148148
2 0.4655009920634921 0.26247354497354497 0.011019345238095238 0.01619047619047619
2 0.48493055555555553 0.4727876984126984 0.013263888888888888 0.014527116402116402
2 0.5504141865079365 0.6821593915343915 0.011520337301587302 0.011415343915343917
2 0.7745634920634921 0.4608498677248677 0.009270833333333334 0.009460978835978837
2 0.013132440476190476 0.6888128306878306 0.018449900793650793 0.02156415343915344
2 0.39729910714285716 0.35507936507936505 0.014836309523809524 0.015188492063492064
2 0.37042162698412695 0.3068518518518518 0.01414186507936508 0.01726521164021164
2 0.24043154761904761 0.6678505291005291 0.019293154761904765 0.02473214285714286
2 0.5733382936507936 0.7034424603174604 0.013382936507936509 0.011464947089947091
2 0.3914806547619048 0.5774900793650793 0.01814980158730159 0.023171296296296294
2 0.35727926587301584 0.37017857142857147 0.01820188492063492 0.018492063492063494
2 0.6631423611111111 0.5003835978835979 0.005478670634920635 0.006091269841269842
2 0.4514310515873016 0.6803075396825397 0.014035218253968255 0.013082010582010582
2 0.5508382936507936 0.5423842592592593 0.013539186507936509 0.017691798941798943
2 0.8107936507936507 0.38777777777777783 0.008735119047619047 0.009186507936507937
2 0.5020808531746032 0.22080357142857143 0.01019593253968254 0.014837962962962963
2 0.4689583333333333 0.6862962962962963 0.012085813492063491 0.015796957671957674
2 0.23082093253968253 0.9580522486772487 0.01800843253968254 0.016997354497354497
2 0.5106150793650794 0.5335548941798942 0.012100694444444443 0.016292989417989418
2 0.9377108134920634 0.49414021164021166 0.007800099206349206 0.007953042328042328
2 0.3115376984126984 0.774917328042328 0.014868551587301588 0.017675264550264552
2 0.28060019841269845 0.83010582010582 0.015597718253968254 0.024933862433862437
2 0.4220833333333333 0.19281084656084654 0.013487103174603176 0.014738756613756614
2 0.7750049603174604 0.5241269841269841 0.007705853174603174 0.00896494708994709
2 0.8244717261904762 0.6441071428571429 0.007524801587301587 0.008862433862433863
2 0.5516021825396825 0.6241468253968254 0.012569444444444444 0.01224537037037037
2 0.28197916666666667 0.31019179894179894 0.01715029761904762 0.014983465608465609
2 0.4302405753968254 0.4310119047619048 0.013189484126984128 0.01617724867724868
2 0.8112698412698413 0.5201455026455026 0.007971230158730159 0.009675925925925926
2 0.04165178571428571 0.6850132275132276 0.018449900793650793 0.017390873015873016
2 0.40268601190476194 0.49874007936507936 0.013747519841269842 0.01974206349206349
2 0.8866344246031745 0.4809457671957672 0.012777777777777779 0.011706349206349206
2 0.47400793650793654 0.4420866402116402 0.01103670634920635 0.010562169312169313
2 0.2201860119047619 0.8122949735449736 0.012834821428571428 0.01281415343915344
2 0.5416468253968254 0.5686805555555555 0.006946924603174603 0.014464285714285714
2 0.8590079365079365 0.3941600529100529 0.00765625 0.007566137566137566
2 0.1938888888888889 0.9669411375661376 0.017398313492063493 0.019679232804232803
2 0.3592311507936508 0.567609126984127 0.013271329365079364 0.01590277777777778
2 0.8326537698412699 0.448912037037037 0.007321428571428572 0.010056216931216931
2 0.726827876984127 0.42218584656084657 0.006594742063492064 0.007331349206349207
2 0.9283209325396825 0.38396494708994705 0.01453125 0.010922619047619047
2 0.4075545634920635 0.5702843915343915 0.01529265873015873 0.0165244708994709
2 0.4234747023809524 0.315625 0.012375992063492063 0.011167328042328043
2 0.7083432539682539 0.49938822751322753 0.004818948412698413 0.006104497354497355
2 0.3545486111111111 0.7857837301587302 0.016723710317460318 0.019986772486772487
2 0.18634424603174604 0.9754695767195768 0.016922123015873015 0.01876984126984127
2 0.7748611111111111 0.37934193121693127 0.0069171626984126985 0.00949074074074074
2 0.16708085317460317 0.34656746031746033 0.015059523809523809 0.016593915343915345
2 0.7529265873015873 0.4797718253968254 0.00884920634920635 0.00892526455026455
2 0.3673635912698413 0.20100529100529102 0.01570684523809524 0.016048280423280423
2 0.40634424603174607 0.4745436507936508 0.01447420634920635 0.020343915343915345
2 0.3878323412698413 0.4840906084656085 0.014871031746031747 0.019130291005291004
2 0.36712549603174605 0.5215674603174604 0.01650545634920635 0.01548941798941799
2 0.5388318452380952 0.5108234126984127 0.011550099206349206 0.016081349206349207
2 0.5280555555555555 0.525489417989418 0.012847222222222222 0.014500661375661377
2 0.5717286706349206 0.5456117724867725 0.011445932539682539 0.013683862433862435
2 0.5852876984126985 0.49528769841269843 0.006773313492063492 0.015029761904761905
2 0.5608209325396826 0.4752645502645503 0.01082093253968254 0.015162037037037038
2 0.34751736111111114 0.5503968253968254 0.012720734126984127 0.010896164021164022
2 0.30445684523809524 0.565625 0.01435515873015873 0.020598544973544974
2 0.11161458333333332 0.6331580687830688 0.01975446428571429 0.024527116402116404
2 0.1378249007936508 0.4494742063492064 0.017725694444444443 0.021339285714285713
2 0.16634424603174605 0.47428902116402116 0.013725198412698413 0.020882936507936507
2 0.5050744047619048 0.2353042328042328 0.012353670634920636 0.013882275132275131
2 0.5125669642857144 0.22386574074074075 0.008990575396825396 0.014014550264550266
2 0.5379042658730159 0.6311276455026454 0.008286210317460317 0.011931216931216931
2 0.5363839285714286 0.6125958994708994 0.007978670634920635 0.013134920634920635
2 0.5434895833333333 0.6137301587301588 0.006277281746031746 0.014702380952380953
2 0.564077380952381 0.5519312169312169 0.007797619047619048 0.008680555555555556
2 0.5584275793650794 0.546603835978836 0.006634424603174603 0.0108994708994709
2 0.4762127976190476 0.7247850529100529 0.010771329365079366 0.013148148148148147
2 0.4653645833333333 0.7198875661375661 0.010471230158730159 0.016226851851851853
2 0.44593998015873015 0.7039715608465609 0.00892609126984127 0.016044973544973546
2 0.3446825396825397 0.7913624338624339 0.011860119047619048 0.01630952380952381
2 0.18493799603174602 0.5339980158730159 0.011929563492063493 0.013151455026455027
2 0.1899702380952381 0.5381878306878307 0.008348214285714285 0.014427910052910053
2 0.28424851190476186 0.43084325396825396 0.01636656746031746 0.022691798941798944
2 0.14216765873015874 0.25471230158730157 0.013221726190476192 0.021084656084656084
2 0.18259176587301587 0.25054894179894177 0.012177579365079365 0.009943783068783069
2 0.27068452380952385 0.26171626984126983 0.010731646825396826 0.010343915343915345
2 0.329000496031746 0.18500000000000003 0.010357142857142856 0.015304232804232805
2 0.6677256944444444 0.49716269841269844 0.005248015873015873 0.007843915343915344
2 0.6322594246031746 0.5280654761904762 0.004970238095238095 0.006845238095238095
2 0.8632738095238095 0.43479166666666663 0.006671626984126984 0.008247354497354498
2 0.8036408730158731 0.3898941798941799 0.0061731150793650795 0.010281084656084656
2 0.7568824404761905 0.3520767195767196 0.008333333333333333 0.0083234126984127
2 0.7731646825396825 0.39041666666666663 0.006671626984126984 0.008022486772486773
2 0.6559375 0.39561507936507934 0.004804067460317461 0.009619708994708995
2 0.6836036706349207 0.43097883597883596 0.004466765873015873 0.0055687830687830685
2 0.8016939484126984 0.5045171957671958 0.005992063492063492 0.009133597883597884
2 0.8964484126984127 0.5822222222222223 0.00967013888888889 0.011157407407407408
2 0.9014161706349207 0.5942361111111111 0.005287698412698413 0.009732142857142858
2 0.9063665674603174 0.5924107142857143 0.005488591269841269 0.008052248677248677
2 0.9180406746031746 0.5940046296296296 0.00884920634920635 0.007857142857142858
2 0.9253174603174603 0.599675925925926 0.008028273809523808 0.008594576719576719
2 0.9300545634920635 0.5859093915343915 0.008487103174603175 0.006511243386243387
2 0.9438541666666667 0.5031646825396825 0.010106646825396826 0.01068121693121693
2 0.8444196428571428 0.6251851851851852 0.007936507936507936 0.008716931216931217
2 0.8925 0.6186474867724867 0.007604166666666667 0.01048941798941799
2 0.7633159722222222 0.590214947089947 0.004781746031746032 0.007347883597883597
2 0.822857142857143 0.4820932539682539 0.006165674603174603 0.006709656084656085
2 0.763015873015873 0.6199669312169312 0.005771329365079365 0.006058201058201059
2 0.7894171626984127 0.6307010582010582 0.005558035714285714 0.009143518518518518