1 0.8302777777777778 0.6456225198412698 0.07134038800705468 0.04316468253968254
1 0.5047398589065256 0.09767609126984127 0.06513227513227514 0.04272073412698413
1 0.07756613756613756 0.7560292658730159 0.07728395061728395 0.044337797619047624
1 0.18098324514991182 0.38230654761904764 0.06652998236331568 0.033792162698412696
1 0.6061904761904762 0.2770535714285714 0.050599647266313934 0.031044146825396825
1 0.5020326278659611 0.7495089285714286 0.0860978835978836 0.04311755952380952
1 0.7482583774250441 0.844655257936508 0.05448853615520282 0.026183035714285714
1 0.4263624338624339 0.8085838293650793 0.05255291005291005 0.03203869047619048
1 0.08959876543209877 0.7925421626984127 0.07869929453262788 0.03513144841269841
1 0.22685185185185186 0.4202058531746032 0.04102292768959436 0.021490575396825397
1 0.30002645502645503 0.40189484126984126 0.034638447971781304 0.021572420634920635
1 0.17823192239858907 0.7027752976190477 0.04797619047619048 0.02841517857142857
1 0.8512125220458554 0.8066468253968254 0.049779541446208116 0.03275297619047619
1 0.1122663139329806 0.914625496031746 0.08828042328042328 0.048720238095238094