1 0.7706128747795414 0.394672619047619 0.07625661375661374 0.04574900793650794
1 0.9018474426807761 0.07190972222222222 0.08119929453262786 0.05198164682539683
1 0.4219753086419753 0.14977430555555554 0.06792768959435626 0.03798611111111111
1 0.10367724867724867 0.16664434523809524 0.060515873015873016 0.039464285714285716
1 0.3812257495590829 0.2379637896825397 0.06302028218694886 0.03594246031746032
1 0.2999206349206349 0.7612003968253968 0.04407848324514991 0.031688988095238096
1 0.8076278659611993 0.08586061507936509 0.07963403880070548 0.04981150793650794
1 0.3675881834215168 0.13649305555555558 0.0649294532627866 0.03625
1 0.09791446208112875 0.5889186507936508 0.050066137566137564 0.030384424603174604
2 0.8837566137566137 0.7899826388888889 0.04728395061728395 0.02696924603174603
1 0.9684259259259259 0.16187748015873019 0.06314814814814815 0.052842261904761906
1 0.6346560846560847 0.8195114087301587 0.05553350970017637 0.03226934523809524
1 0.5394400352733686 0.058683035714285715 0.06507495590828924 0.036765873015873016
1 0.16194444444444445 0.15604910714285716 0.045498236331569665 0.031994047619047616
1 0.26841710758377424 0.21294146825396826 0.061199294532627874 0.03195188492063492
2 0.41678571428571426 0.80140625 0.03481481481481481 0.02451388888888889
1 0.155326278659612 0.5736111111111112 0.060970017636684304 0.028970734126984126
1 0.48221340388007056 0.1680580357142857 0.05760141093474426 0.037485119047619045
1 0.19360229276895943 0.6763144841269841 0.04470017636684303 0.028975694444444443
1 0.03781746031746032 0.17469246031746033 0.05099206349206349 0.034032738095238095
2 0.10391534391534392 0.656594742063492 0.03882275132275132 0.023774801587301587
1 0.3401763668430335 0.23042410714285716 0.044938271604938275 0.03507936507936508
1 0.6729850088183421 0.8039186507936508 0.04600529100529101 0.02933779761904762
1 0.2298236331569665 0.5436656746031746 0.044792768959435625 0.030396825396825398
2 0.7854012345679012 0.8057415674603174 0.04111111111111111 0.025069444444444443
2 0.8733377425044092 0.727296626984127 0.041172839506172836 0.02800595238095238
1 0.6370017636684303 0.050694444444444445 0.048734567901234566 0.031964285714285716
1 0.5891049382716049 0.053980654761904764 0.055652557319223986 0.036768353174603176
1 0.8982363315696649 0.6937896825396825 0.06407407407407407 0.029595734126984127
2 0.2772883597883598 0.6137822420634921 0.03591269841269842 0.020074404761904762
2 0.44483245149911815 0.6875744047619048 0.024686948853615522 0.01898313492063492
2 0.46371693121693125 0.6706448412698413 0.02771164021164021 0.020496031746031745
1 0.2219268077601411 0.12904017857142855 0.06321428571428572 0.0325
1 0.15089506172839506 0.1150843253968254 0.05437830687830688 0.027527281746031744
1 0.4149647266313933 0.23150545634920633 0.03738536155202822 0.027145337301587302
1 0.4438536155202822 0.3911334325396825 0.035343915343915344 0.023705357142857143
1 0.45574955908289244 0.39839781746031744 0.027870370370370372 0.01911706349206349
1 0.6368915343915345 0.4022222222222222 0.05709435626102293 0.02523561507936508
1 0.7154012345679012 0.42382440476190475 0.06865079365079364 0.03173363095238095
1 0.9169356261022928 0.3347371031746032 0.08428571428571428 0.04473462301587302
1 0.9758024691358024 0.33187003968253964 0.0483994708994709 0.035176091269841274
1 0.3113095238095238 0.21239087301587303 0.053015873015873016 0.030969742063492064
1 0.5543077601410935 0.1271279761904762 0.04962081128747796 0.0233234126984127
1 0.5645017636684303 0.11164434523809523 0.041463844797178136 0.027527281746031744
1 0.5145458553791887 0.106671626984127 0.047579365079365075 0.022941468253968252
1 0.2879982363315696 0.0815500992063492 0.06424603174603175 0.02796875
2 0.40476190476190477 0.45566964285714284 0.02514109347442681 0.01382688492063492
1 0.21676807760141092 0.5138070436507937 0.04581128747795415 0.02576884920634921
1 0.18771604938271605 0.6187698412698412 0.05139770723104056 0.02828373015873016
1 0.6257186948853616 0.7952232142857143 0.041340388007054675 0.023568948412698413
1 0.6290696649029982 0.7692981150793651 0.0446957671957672 0.030796130952380953
1 0.5678924162257496 0.7172867063492063 0.0441358024691358 0.026711309523809526
1 0.6508597883597884 0.7161879960317461 0.05251763668430335 0.030796130952380953
1 0.9556172839506174 0.6759623015873016 0.05977954144620812 0.03456845238095238
2 0.8726499118165785 0.7721254960317461 0.040224867724867726 0.018854166666666665
1 0.1356657848324515 0.2416542658730159 0.05344356261022928 0.0316046626984127
1 0.9840784832451499 0.05530753968253968 0.03184303350970018 0.030446428571428572
1 0.5159391534391535 0.3131473214285714 0.03700176366843034 0.021197916666666667
1 0.637557319223986 0.4842708333333333 0.04179453262786596 0.026592261904761903
1 0.6488624338624338 0.43262648809523807 0.061666666666666675 0.02736359126984127