1 0.12146825396825398 0.4404737103174603 0.0548015873015873 0.029826388888888892
1 0.3305996472663139 0.6058978174603175 0.04738095238095238 0.027093253968253968
1 0.5294973544973546 0.4850223214285714 0.05152557319223986 0.02818700396825397
1 0.7000485008818342 0.2936607142857143 0.04601851851851852 0.024308035714285716
1 0.33825396825396825 0.10798363095238095 0.03985008818342151 0.028407738095238097
1 0.8046781305114639 0.36433035714285716 0.041772486772486773 0.02374503968253968
1 0.019894179894179895 0.29816220238095237 0.03978835978835979 0.030647321428571427
1 0.2533377425044092 0.08936755952380952 0.03307760141093474 0.0272296626984127
1 0.6674911816578483 0.2727132936507936 0.03061287477954145 0.020620039682539684
1 0.3660537918871252 0.28646329365079365 0.039347442680776015 0.025305059523809525
1 0.634973544973545 0.36904265873015873 0.044126984126984126 0.022571924603174604
1 0.5032495590828924 0.4619171626984127 0.05240740740740741 0.025984623015873017
1 0.05249559082892416 0.2067137896825397 0.03399911816578483 0.017884424603174603
1 0.4051719576719576 0.8726488095238095 0.04275132275132275 0.02598214285714286
1 0.5036199294532628 0.801421130952381 0.05161375661375661 0.0314484126984127
1 0.5693562610229277 0.7763244047619048 0.04736331569664903 0.024196428571428574
1 0.6775044091710758 0.7960069444444444 0.02896825396825397 0.01664434523809524
1 0.8711067019400353 0.807562003968254 0.034440035273368606 0.01828125
1 0.9463844797178131 0.7553348214285714 0.02523809523809524 0.014030257936507936
1 0.8385361552028219 0.527718253968254 0.05365079365079366 0.03127728174603175
1 0.6443518518518518 0.5588020833333334 0.056856261022927686 0.030625
1 0.10725749559082892 0.5769618055555555 0.05191358024691358 0.027723214285714285
1 0.20450617283950617 0.5680257936507938 0.05235008818342152 0.028157242063492065
1 0.15258377425044092 0.4292733134920635 0.051494708994708996 0.025835813492063493
1 0.918095238095238 0.4417534722222222 0.04158289241622575 0.020731646825396827
1 0.84418430335097 0.4113392857142857 0.038346560846560844 0.021996527777777778
1 0.7983156966490299 0.37686507936507935 0.04306437389770723 0.017108134920634923
1 0.5586287477954145 0.3473387896825397 0.036560846560846565 0.019499007936507936
1 0.747962962962963 0.3132911706349206 0.04810405643738977 0.026574900793650796
1 0.9090917107583775 0.2587251984126984 0.0340299823633157 0.018757440476190476
1 0.6047222222222223 0.2554737103174603 0.03850529100529101 0.0194469246031746
1 0.6996164021164021 0.22304315476190475 0.046265432098765435 0.022564484126984127
1 0.5250749559082892 0.22842261904761904 0.03693562610229277 0.018288690476190476
1 0.3889594356261023 0.26145833333333335 0.04588183421516755 0.026183035714285714
1 0.5539550264550264 0.321937003968254 0.0352910052910053 0.017470238095238094
1 0.3187610229276896 0.07957837301587302 0.03767195767195767 0.022549603174603174
1 0.3844488536155203 0.377234623015873 0.03714726631393298 0.018048115079365077
1 0.6966181657848325 0.421453373015873 0.04754850088183422 0.02362847222222222
1 0.49055114638447966 0.42075644841269844 0.040379188712522045 0.020624999999999998
1 0.6644797178130512 0.36775049603174603 0.035987654320987654 0.020317460317460317