2 0.5631216931216931 0.40250744047619047 0.038703703703703705 0.02902777777777778
2 0.6437533068783069 0.5795709325396825 0.05289351851851851 0.03967013888888889
2 0.6250462962962964 0.6364136904761905 0.02967261904761905 0.024672619047619047
2 0.9111210317460318 0.5353050595238095 0.040638227513227515 0.029511408730158728
2 0.7230919312169313 0.4141170634920635 0.02064153439153439 0.01451388888888889
2 0.921441798941799 0.6308506944444445 0.01999669312169312 0.015481150793650793
2 0.9008002645502645 0.6335119047619048 0.021286375661375662 0.021770833333333333
2 0.9582109788359788 0.6264980158730159 0.0225760582010582 0.015481150793650793
2 0.9820767195767196 0.618998015873016 0.027738095238095235 0.017899305555555557
2 0.8466170634920636 0.32316716269841267 0.009675925925925926 0.01451388888888889
2 0.811140873015873 0.23584325396825395 0.01870701058201058 0.020803571428571428
2 0.7901752645502644 0.23221478174603175 0.012900132275132275 0.010642361111111111