1 0.518179012345679 0.574749503968254 0.04287477954144621 0.026019345238095237
1 0.04671075837742504 0.5426785714285715 0.048112874779541445 0.03176339285714286
1 0.47091710758377425 0.5694742063492063 0.043095238095238096 0.021870039682539685
1 0.6166005291005291 0.3625074404761905 0.03697971781305115 0.02232886904761905
1 0.6651190476190476 0.3580183531746032 0.0428042328042328 0.02601686507936508
1 0.05997795414462081 0.31696676587301587 0.04962962962962963 0.025778769841269842
1 0.14899029982363315 0.1439980158730159 0.04835537918871252 0.02570436507936508
1 0.012808641975308642 0.5528125 0.025621693121693122 0.031649305555555556
1 0.6088447971781304 0.5285143849206348 0.04365079365079365 0.026004464285714284
1 0.6183289241622575 0.4561979166666667 0.03548941798941799 0.020314980158730157
1 0.24470017636684305 0.11493055555555555 0.040357142857142855 0.023271329365079366
1 0.4952072310405644 0.31834821428571425 0.04505291005291005 0.02479910714285714
1 0.10945767195767196 0.1364310515873016 0.038020282186948855 0.02685763888888889
1 0.1602336860670194 0.22181299603174603 0.0317989417989418 0.019389880952380954
1 0.5745370370370371 0.27145089285714286 0.04217372134038801 0.02380208333333333
1 0.3342195767195767 0.5787450396825397 0.04460758377425044 0.02599454365079365
1 0.46060846560846563 0.09999503968253969 0.035339506172839506 0.021257440476190475
1 0.39409611992945326 0.10176835317460317 0.03344356261022927 0.02330109126984127
1 0.1345458553791887 0.06080853174603175 0.035282186948853614 0.01779017857142857
1 0.17539241622574958 0.10269345238095239 0.04310846560846561 0.022867063492063494
1 0.21801146384479717 0.12493799603174603 0.039929453262786595 0.024551091269841268
1 0.020683421516754848 0.16246775793650794 0.041366843033509695 0.02784474206349206
1 0.18475308641975308 0.22473710317460316 0.028827160493827157 0.020186011904761905
1 0.26715608465608465 0.20471230158730158 0.025185185185185185 0.014759424603174602
1 0.39438712522045855 0.18402529761904762 0.036794532627865965 0.021857638888888888
1 0.4162389770723104 0.17613839285714286 0.039091710758377425 0.024337797619047617
1 0.45229717813051146 0.1682514880952381 0.03287037037037037 0.020525793650793652
1 0.2725970017636684 0.14455357142857145 0.025480599647266313 0.014050099206349207
1 0.3050485008818342 0.1524751984126984 0.021512345679012345 0.012896825396825396
1 0.30190917107583776 0.035900297619047616 0.036499118165784834 0.021480654761904763
1 0.4272134038800705 0.10097470238095238 0.03330687830687831 0.02075644841269841
1 0.45062169312169315 0.09100446428571429 0.030917107583774254 0.01900793650793651
1 0.3605026455026455 0.09635664682539682 0.036177248677248676 0.02089781746031746
1 0.43486331569664904 0.2036582341269841 0.03333333333333333 0.01894593253968254
1 0.40816137566137567 0.19869295634920633 0.037482363315696654 0.01908482142857143
1 0.41512345679012347 0.21967757936507937 0.03364197530864197 0.0169890873015873
1 0.43725308641975313 0.23697420634920635 0.03523809523809524 0.01947668650793651
1 0.47847442680776014 0.22781001984126983 0.03228395061728395 0.017514880952380952
1 0.49836860670194 0.2422718253968254 0.03228835978835979 0.015875496031746032
1 0.46548059964726635 0.24421378968253968 0.03349206349206349 0.017589285714285714
1 0.5707671957671958 0.1771453373015873 0.02185185185185185 0.012504960317460317
1 0.5997707231040564 0.1825843253968254 0.02247795414462081 0.011421130952380952
1 0.6242019400352734 0.17548363095238095 0.022857142857142857 0.012331349206349205
1 0.49610229276895945 0.17218005952380952 0.03396384479717813 0.018940972222222224
1 0.5150970017636685 0.21119047619047618 0.031785714285714285 0.017643849206349208
1 0.531847442680776 0.28615575396825393 0.045365961199294536 0.024672619047619047
1 0.05178571428571429 0.3270114087301587 0.04322310405643739 0.017624007936507938
1 0.047173721340388004 0.6159598214285714 0.05553350970017637 0.032100694444444446
1 0.11785714285714287 0.6928373015873016 0.04554673721340388 0.02595734126984127
1 0.09391975308641975 0.6891468253968254 0.04243827160493827 0.024243551587301588
1 0.5181878306878307 0.6786284722222222 0.03791887125220458 0.021460813492063493
1 0.5677028218694885 0.691483134920635 0.04208994708994709 0.025136408730158728
1 0.45471340388007053 0.7370386904761904 0.036543209876543206 0.020071924603174605
1 0.29729717813051143 0.8526116071428571 0.03875661375661376 0.023821924603174602
1 0.3436111111111111 0.8164459325396825 0.04268077601410935 0.021996527777777778
1 0.4907980599647267 0.8467013888888889 0.040480599647266316 0.01955357142857143
1 0.43201940035273373 0.891031746031746 0.03343033509700176 0.016939484126984126
1 0.18301587301587302 0.9245114087301588 0.043487654320987654 0.026607142857142857
1 0.7632760141093474 0.7924900793650794 0.02673721340388007 0.015632440476190477
1 0.5282275132275133 0.629342757936508 0.03923721340388007 0.022353670634920633
1 0.3914991181657848 0.304640376984127 0.031022927689594356 0.02009424603174603