1 0.11876543209876544 0.23196676587301587 0.07414902998236331 0.0439781746031746
1 0.05738095238095237 0.9451488095238095 0.08572751322751324 0.05265625
1 0.15141975308641975 0.3104836309523809 0.0640652557319224 0.03929563492063492
1 0.1352821869488536 0.40338541666666666 0.057544091710758374 0.038933531746031744
1 0.8307451499118166 0.5719940476190477 0.04147707231040564 0.02189236111111111
1 0.06884920634920635 0.40235863095238095 0.05867283950617284 0.037906746031746034
1 0.688694885361552 0.7414558531746033 0.05260141093474427 0.03332589285714286
1 0.6971119929453262 0.5943452380952381 0.0443342151675485 0.032929067460317464
1 0.27735890652557316 0.396155753968254 0.05291887125220458 0.03684027777777778
1 0.8889991181657848 0.5367633928571428 0.04769400352733686 0.032998511904761905
1 0.5696869488536155 0.0480530753968254 0.05669753086419753 0.03771329365079365
1 0.05743827160493828 0.48743055555555553 0.05887125220458554 0.03778521825396825
1 0.8264153439153439 0.7575669642857144 0.04803350970017636 0.02808531746031746
1 0.63418430335097 0.03136904761904762 0.05322751322751323 0.03619791666666666
1 0.6200440917107584 0.3221999007936508 0.0506305114638448 0.031884920634920634
1 0.5564065255731923 0.6003571428571428 0.04164902998236331 0.03364087301587301
1 0.5309567901234568 0.548234126984127 0.052526455026455025 0.0323561507936508
1 0.6812874779541447 0.04451884920634921 0.05041446208112875 0.04324404761904762
1 0.19374779541446208 0.39862103174603175 0.040418871252204586 0.029131944444444443
1 0.77576278659612 0.1414310515873016 0.05222663139329806 0.033005952380952386
1 0.8537301587301587 0.6122867063492063 0.046940035273368604 0.030880456349206352
1 0.92668430335097 0.5236631944444444 0.04088624338624339 0.032859623015873016
1 0.9682671957671959 0.18201636904761903 0.04221340388007055 0.0283953373015873
1 0.02860670194003527 0.34067956349206346 0.05632275132275132 0.03665674603174603
1 0.3505511463844797 0.47139632936507936 0.040802469135802474 0.029213789682539685
1 0.9825661375661375 0.37416914682539687 0.03486772486772487 0.02470238095238095
1 0.0885405643738977 0.26807291666666666 0.05997354497354498 0.0349280753968254
1 0.8274074074074074 0.8150967261904761 0.04111552028218695 0.02637400793650794
1 0.9764506172839507 0.511061507936508 0.037724867724867724 0.02770833333333333
1 0.7036552028218696 0.2100595238095238 0.042310405643738974 0.02529017857142857
1 0.13708553791887126 0.26052083333333337 0.06374338624338624 0.03326140873015873
1 0.07129629629629629 0.2340128968253968 0.05219135802469136 0.033444940476190475
1 0.34964285714285714 0.1735763888888889 0.036499118165784834 0.023499503968253968
1 0.019739858906525576 0.4081671626984127 0.03947971781305115 0.03705357142857143
1 0.15066137566137566 0.6826264880952381 0.05984126984126984 0.03256448412698413
1 0.21426807760141092 0.8677951388888888 0.066331569664903 0.03553075396825397
1 0.26541005291005293 0.9020684523809523 0.054603174603174605 0.0361656746031746
1 0.25546296296296295 0.9538888888888889 0.04364638447971781 0.028125
1 0.2334347442680776 0.9696428571428571 0.05853174603174603 0.034355158730158736
1 0.5585141093474427 0.901220238095238 0.043910934744268076 0.02654513888888889
1 0.6328483245149912 0.8519469246031747 0.03833333333333333 0.03578125
1 0.6283774250440918 0.8693948412698413 0.0428042328042328 0.021760912698412696
1 0.4802028218694885 0.8540252976190476 0.034700176366843034 0.02345486111111111
1 0.5778086419753087 0.857750496031746 0.04403880070546737 0.026961805555555555
1 0.5293959435626102 0.921812996031746 0.027874779541446206 0.015027281746031747
1 0.776031746031746 0.8411731150793651 0.037191358024691354 0.018464781746031746
1 0.716031746031746 0.812951388888889 0.03641975308641975 0.021200396825396827
1 0.6728791887125221 0.7637673611111112 0.0448015873015873 0.026396329365079366
1 0.9213183421516755 0.6977901785714286 0.0349294532627866 0.023655753968253968
1 0.9885537918871252 0.6365773809523809 0.02288800705467372 0.02550843253968254
1 0.7933774250440918 0.607564484126984 0.040348324514991186 0.026661706349206348
1 0.8584435626102292 0.5733705357142856 0.022433862433862434 0.019422123015873018
1 0.8710097001763668 0.5855357142857143 0.035877425044091714 0.018110119047619045
1 0.9133818342151676 0.5424900793650794 0.03880952380952381 0.019801587301587303
1 0.7951278659611992 0.4774280753968254 0.026322751322751324 0.019873511904761904
1 0.644484126984127 0.4650421626984127 0.052310405643738976 0.032584325396825396
1 0.6089814814814816 0.42547619047619045 0.0436331569664903 0.028412698412698414
1 0.6245149911816579 0.4062946428571429 0.03964285714285714 0.02950644841269841
1 0.6097089947089946 0.3500148809523809 0.04119929453262786 0.021495535714285714
1 0.9804232804232804 0.31555307539682537 0.03915784832451499 0.02271329365079365
1 0.9828571428571428 0.33782986111111113 0.03428571428571429 0.029677579365079365
1 0.845731922398589 0.08893849206349207 0.049611992945326276 0.028018353174603175
1 0.9801763668430334 0.08608878968253969 0.039647266313932984 0.028236607142857143
1 0.8272266313932981 0.04876984126984127 0.051556437389770726 0.030533234126984127
1 0.9535626102292768 0.0778125 0.03278218694885361 0.019575892857142858
1 0.6991313932980601 0.04680059523809524 0.04471781305114639 0.03350198412698413
1 0.11180776014109348 0.9190699404761905 0.060317460317460325 0.0401140873015873
1 0.21130070546737215 0.8004464285714286 0.05611552028218695 0.028311011904761905
1 0.955083774250441 0.4155753968253968 0.02462962962962963 0.013417658730158731
1 0.9304232804232804 0.43946676587301586 0.04304673721340388 0.023097718253968252
1 0.956931216931217 0.44625248015873015 0.038192239858906525 0.02238095238095238
1 0.98831569664903 0.4389360119047619 0.023368606701940034 0.02340029761904762
1 0.9783377425044091 0.36108630952380955 0.04332451499118166 0.018058035714285714
1 0.6651587301587302 0.3638268849206349 0.02303350970017637 0.013333333333333332
1 0.6736904761904762 0.335062003968254 0.02531746031746032 0.015672123015873014
1 0.739100529100529 0.23616319444444445 0.03117283950617284 0.01857638888888889
1 0.9561552028218695 0.20213045634920634 0.041296296296296296 0.01650545634920635
1 0.9922486772486773 0.17168154761904764 0.015507054673721342 0.022963789682539683
1 0.3764417989417989 0.4449553571428571 0.024739858906525573 0.016388888888888887
1 0.9165388007054673 0.41219742063492065 0.027204585537918873 0.017098214285714286
1 0.24186507936507934 0.28162202380952384 0.050423280423280425 0.02851190476190476
1 0.3216137566137566 0.27943204365079366 0.040996472663139334 0.02638392857142857
1 0.4560273368606702 0.6798735119047619 0.042134038800705466 0.026867559523809523
1 0.24437389770723106 0.6047470238095238 0.028580246913580243 0.015639880952380954