1 0.16002645502645502 0.38363095238095235 0.03305555555555555 0.02035218253968254
1 0.21817901234567902 0.6200818452380953 0.02630952380952381 0.016217757936507936
2 0.5611022927689594 0.7409970238095238 0.024241622574955907 0.016118551587301588
1 0.21115961199294533 0.5939632936507937 0.02887125220458554 0.01756200396825397
1 0.1166005291005291 0.11848710317460318 0.02522927689594356 0.013333333333333332
1 0.1578880070546737 0.22342757936507937 0.02522927689594356 0.015912698412698413
1 0.17488977072310405 0.3323809523809524 0.023240740740740742 0.012418154761904762
1 0.14205908289241623 0.3408779761904762 0.023822751322751322 0.013727678571428571
1 0.11678571428571428 0.34022569444444445 0.024404761904761905 0.014379960317460317
1 0.04154320987654321 0.3588541666666667 0.026146384479717812 0.015034722222222222
1 0.18156966490299825 0.39790922619047614 0.0284700176366843 0.01732142857142857
1 0.34077160493827163 0.33581349206349204 0.029634038800705465 0.015359623015873016
1 0.4991005291005291 0.3884325396825397 0.026728395061728395 0.014052579365079363
1 0.4337345679012346 0.4848462301587302 0.02149911816578483 0.012093253968253968
1 0.3050352733686067 0.4848462301587302 0.019753086419753086 0.011438492063492062
1 0.33554232804232803 0.680124007936508 0.023822751322751322 0.014379960317460317
1 0.3689506172839506 0.7119890873015873 0.02091710758377425 0.01470734126984127
1 0.38579805996472666 0.7057787698412697 0.022076719576719576 0.012745535714285714
1 0.19746913580246914 0.4354439484126984 0.02435626102292769 0.013432539682539681
1 0.18361992945326278 0.2499578373015873 0.025308641975308643 0.01423611111111111
1 0.19269400352733684 0.36143849206349205 0.022447089947089945 0.013700396825396826
1 0.24188271604938272 0.4388020833333333 0.02626543209876543 0.0153125
1 0.2583597883597884 0.4478000992063492 0.025789241622574958 0.012894345238095238
1 0.5522971781305114 0.32664930555555555 0.008117283950617284 0.004836309523809524
1 0.5391622574955908 0.32302331349206354 0.00955026455026455 0.004565972222222222
1 0.6912389770723104 0.39225446428571425 0.008540564373897708 0.004804067460317461
1 0.6973412698412698 0.395 0.009761904761904762 0.004804067460317461
1 0.6448721340388007 0.4095858134920635 0.009761904761904762 0.005833333333333334
1 0.5277336860670194 0.41799355158730156 0.008540564373897708 0.0054910714285714285
1 0.5194973544973545 0.4203943452380952 0.007932098765432098 0.004117063492063492
1 0.5121781305114638 0.41250248015873014 0.01037037037037037 0.006862599206349206
1 0.5453350970017636 0.46202876984126984 0.00952821869488536 0.005642361111111111
1 0.5962301587301587 0.4530034722222222 0.010030864197530864 0.005642361111111111
1 0.6112742504409171 0.4506051587301587 0.010030864197530864 0.004231150793650793
1 0.5950485008818341 0.4635292658730159 0.008791887125220459 0.005771329365079365
1 0.6075044091710758 0.4737326388888889 0.00952821869488536 0.004327876984126984
1 0.5921164021164022 0.47878224206349207 0.008791887125220459 0.005771329365079365
1 0.5805731922398589 0.48661458333333335 0.009894179894179895 0.005771329365079365
1 0.5717813051146384 0.48908730158730157 0.00769400352733686 0.0037103174603174607
1 0.654589947089947 0.4696106150793651 0.009162257495590829 0.0047395833333333335
1 0.601278659611993 0.4259151785714286 0.010260141093474427 0.006800595238095238
1 0.641031746031746 0.394484126984127 0.01062610229276896 0.004945436507936508
1 0.5708641975308643 0.4011830357142857 0.00952821869488536 0.005153769841269842
1 0.6585670194003528 0.4418625992063492 0.010321869488536155 0.005806051587301587
1 0.6619223985890652 0.45666914682539683 0.009805996472663139 0.00638640873015873
1 0.4928924162257496 0.30323660714285716 0.009290123456790124 0.004935515873015873
1 0.6926278659611993 0.40593501984126984 0.009678130511463845 0.0038888888888888888