1 0.8330864197530864 0.4162251984126984 0.05348324514991182 0.03665426587301587
1 0.9084700176366842 0.34620535714285716 0.06732363315696649 0.04033482142857143
1 0.42193121693121693 0.5751860119047619 0.049056437389770724 0.028492063492063492
1 0.2886816578483245 0.0802951388888889 0.04791005291005291 0.03256696428571429
1 0.9664947089947091 0.1856845238095238 0.06585537918871252 0.0418328373015873
1 0.4874691358024691 0.2958928571428571 0.0632010582010582 0.03754464285714285
1 0.9651587301587302 0.370500992063492 0.06071428571428571 0.035210813492063495
1 0.6061772486772486 0.32542906746031747 0.05980599647266313 0.031121031746031747
1 0.18133597883597882 0.4645535714285714 0.03779541446208113 0.026946924603174605
1 0.5682671957671958 0.04679315476190476 0.0495326278659612 0.032544642857142855
1 0.5570414462081128 0.4531051587301588 0.05733245149911816 0.0316765873015873
1 0.32344797178130513 0.2828174603174603 0.04216931216931217 0.027197420634920633
1 0.9008377425044092 0.39246775793650795 0.0688095238095238 0.037316468253968255
1 0.13229717813051148 0.25930803571428573 0.03180335097001764 0.025198412698412696
1 0.7972619047619048 0.39272569444444444 0.043910934744268076 0.03162946428571429
1 0.4626014109347443 0.5437549603174603 0.04893298059964727 0.027507440476190477
1 0.019320987654320988 0.5245461309523809 0.03734567901234568 0.021941964285714287
1 0.9849250440917108 0.5354637896825396 0.03014991181657848 0.032720734126984126
1 0.385379188712522 0.39505952380952386 0.046754850088183426 0.03041914682539683
1 0.0969973544973545 0.1650967261904762 0.03781305114638448 0.02331845238095238
1 0.08376984126984127 0.3978472222222222 0.03511904761904762 0.024675099206349204
1 0.06061287477954144 0.17254712301587302 0.032786596119929456 0.020364583333333332
1 0.3326499118165785 0.12940724206349205 0.032530864197530866 0.021624503968253966
1 0.05044091710758378 0.6162698412698413 0.028752204585537917 0.02259672619047619
1 0.06040123456790124 0.244000496031746 0.029969135802469134 0.02013888888888889
1 0.3215784832451499 0.08895337301587303 0.049144620811287475 0.03263888888888889
1 0.34136243386243387 0.03235367063492063 0.06557319223985891 0.036140873015873015
1 0.3928042328042328 0.06439484126984127 0.052138447971781306 0.03383680555555556
1 0.3877777777777778 0.1770734126984127 0.047041446208112875 0.03052579365079365
1 0.42725308641975307 0.21427579365079366 0.042949735449735446 0.022041170634920636
1 0.3634656084656085 0.13622767857142856 0.0319973544973545 0.01988343253968254
1 0.39978395061728395 0.36988839285714287 0.053509700176366845 0.028025793650793652
1 0.6006437389770724 0.5328943452380953 0.05174603174603175 0.029203869047619048
1 0.5662081128747796 0.5673363095238095 0.04987654320987654 0.030183531746031746
1 0.5276410934744268 0.6871230158730158 0.051926807760141094 0.02898065476190476
1 0.2610626102292769 0.545625 0.04154761904761905 0.022943948412698412
1 0.2452116402116402 0.5573586309523809 0.040767195767195764 0.022142857142857145
1 0.2550573192239859 0.6769072420634921 0.03940476190476191 0.02039434523809524
1 0.23764550264550266 0.6884027777777777 0.024854497354497355 0.016413690476190478
1 0.355462962962963 0.6114285714285714 0.037376543209876545 0.01903025793650794
1 0.1298236331569665 0.7422172619047619 0.03614638447971782 0.01878472222222222
1 0.11134038800705467 0.709813988095238 0.03330687830687831 0.017792658730158728
1 0.09795855379188712 0.7127926587301587 0.027592592592592592 0.019144345238095238
1 0.010211640211640212 0.6736681547619048 0.020423280423280423 0.015887896825396826
1 0.3291225749559083 0.7063839285714285 0.03250881834215168 0.015967261904761904
1 0.7489373897707231 0.7696106150793651 0.055379188712522044 0.029389880952380952
1 0.8433112874779541 0.7274156746031746 0.0493694885361552 0.03539930555555555
1 0.8712037037037037 0.7979141865079366 0.06413139329805996 0.03267113095238095
1 0.9265388007054673 0.43438988095238096 0.05174603174603175 0.03145585317460317
1 0.891984126984127 0.4066939484126984 0.05667548500881834 0.029154265873015874
1 0.9868165784832451 0.35338045634920634 0.0263668430335097 0.022296626984126985
1 0.5111904761904762 0.03910714285714286 0.0505379188712522 0.03410962301587302
1 0.07552469135802468 0.3674975198412698 0.0338668430335097 0.01806299603174603
1 0.08796296296296297 0.27822916666666664 0.027151675485008818 0.017023809523809524
1 0.10668871252204586 0.2874677579365079 0.026322751322751324 0.015166170634920635
1 0.3488932980599647 0.09623263888888889 0.045793650793650796 0.027056051587301587
1 0.33323192239858906 0.4772718253968254 0.04677689594356261 0.024779265873015873
1 0.28797178130511464 0.4655332341269841 0.04156084656084656 0.018876488095238095
1 0.2330687830687831 0.45920882936507934 0.05080246913580247 0.02390625
1 0.3961199294532628 0.4908730158730159 0.04285273368606702 0.02260664682539683
1 0.18070546737213403 0.7020709325396826 0.02761463844797178 0.016577380952380955
1 0.8986992945326279 0.61390625 0.05270723104056438 0.028152281746031748