1 0.3545282186948854 0.5641493055555555 0.0728968253968254 0.03939484126984127
1 0.8369444444444445 0.2652207341269841 0.05004850088183422 0.03128224206349206
1 0.448941798941799 0.7496602182539683 0.063342151675485 0.03920634920634921
1 0.5164638447971781 0.7302678571428571 0.07531746031746031 0.048449900793650795
1 0.21450617283950618 0.3170386904761905 0.07770282186948853 0.0421031746031746
1 0.97070987654321 0.30250992063492066 0.058575837742504404 0.03512648809523809
1 0.5708862433862434 0.568030753968254 0.060665784832451504 0.03888392857142857
1 0.9584259259259259 0.39907490079365077 0.050339506172839506 0.030947420634920637
1 0.8084700176366842 0.1645436507936508 0.044854497354497355 0.02587301587301587
1 0.771820987654321 0.11675843253968253 0.04578483245149912 0.0284796626984127
1 0.7572619047619048 0.5823883928571428 0.06591710758377425 0.03799851190476191
1 0.4651763668430335 0.6924255952380952 0.07094797178130512 0.044258432539682535
1 0.6934082892416226 0.5728050595238096 0.05389329805996473 0.03591021825396825
1 0.3965564373897707 0.5862748015873016 0.054171075837742506 0.03996279761904762
1 0.9838183421516755 0.5680084325396826 0.032363315696649034 0.029345238095238094
1 0.7921208112874779 0.2766765873015873 0.04234126984126984 0.03177579365079365
1 0.03474867724867725 0.25615575396825396 0.06813932980599646 0.034615575396825395
1 0.4625044091710759 0.108125 0.043033509700176366 0.02035714285714286
1 0.5974206349206349 0.27235119047619044 0.051477072310405644 0.03060763888888889
1 0.645489417989418 0.2888839285714286 0.04642416225749559 0.029511408730158728
1 0.4190917107583774 0.722390873015873 0.06007495590828924 0.03180803571428571
1 0.5551807760141094 0.7155481150793651 0.057654320987654314 0.032507440476190474
1 0.5874470899470899 0.6938219246031746 0.0600573192239859 0.031004464285714288
1 0.46111992945326274 0.6055530753968255 0.04825396825396825 0.025550595238095237
1 0.23325837742504407 0.34540674603174604 0.05270723104056438 0.028402777777777777
1 0.6593298059964726 0.22993055555555555 0.042711640211640214 0.025763888888888888
1 0.019942680776014108 0.28650793650793654 0.039889770723104054 0.023864087301587303