1 0.26373456790123456 0.3481001984126984 0.06091710758377425 0.039325396825396826
1 0.3648236331569665 0.2687475198412698 0.03752204585537919 0.02806547619047619
1 0.6249118165784833 0.630562996031746 0.04801146384479718 0.03375248015873016
1 0.4314197530864198 0.2480406746031746 0.021895943562610227 0.017998511904761903
1 0.4917680776014109 0.25862103174603174 0.02919312169312169 0.015788690476190477
1 0.41261463844797175 0.2774082341269841 0.013474426807760141 0.010421626984126985
1 0.40279100529100526 0.2851463293650794 0.023015873015873017 0.013893849206349207
1 0.49373015873015874 0.4746106150793651 0.048840388007054675 0.029050099206349204
1 0.7749823633156967 0.762281746031746 0.04434744268077601 0.02273561507936508
1 0.2663800705467372 0.9561681547619048 0.03984567901234568 0.02463045634920635
1 0.21135802469135803 0.7346502976190477 0.0421031746031746 0.02936755952380952
1 0.26272486772486775 0.7101785714285714 0.046031746031746035 0.031577380952380954
1 0.356194885361552 0.1106795634920635 0.023015873015873017 0.015473710317460318
1 0.3320546737213404 0.10783730158730159 0.025260141093474426 0.014841269841269843
1 0.13417107583774252 0.47018849206349206 0.03480599647266314 0.014526289682539682
1 0.008699294532627867 0.8705927579365079 0.01740299823633157 0.04041914682539682
1 0.3185802469135802 0.3983506944444445 0.034246031746031746 0.019893353174603175