2 0.18921626984126985 0.29207341269841275 0.012499999999999999 0.009069940476190476
2 0.12471560846560846 0.3419568452380952 0.006501322751322752 0.005451388888888889
2 0.11160383597883598 0.35825892857142855 0.005724206349206349 0.004655257936507937
2 0.06079695767195767 0.419203869047619 0.008022486772486773 0.005667162698412699
2 0.06826719576719577 0.41716269841269843 0.008845899470899471 0.003968253968253968
2 0.0032076719576719574 0.4129861111111111 0.006418650793650794 0.004365079365079365
2 0.04358796296296296 0.4453397817460317 0.009656084656084656 0.00544890873015873
2 0.030257936507936508 0.44779761904761906 0.007387566137566137 0.005592757936507937
2 0.11890873015873016 0.3762797619047619 0.006547619047619048 0.003318452380952381
2 0.1168584656084656 0.3862748015873016 0.007751322751322752 0.005017361111111111
2 0.22305555555555556 0.3954737103174603 0.012314814814814815 0.008306051587301588
2 0.2306712962962963 0.3911185515873016 0.010582010582010581 0.008343253968253968
2 0.1846362433862434 0.42124751984126985 0.013941798941798941 0.00736359126984127
2 0.14125330687830687 0.42995783730158726 0.012000661375661375 0.007291666666666666
2 0.12035383597883598 0.4408035714285714 0.009441137566137566 0.005124007936507936
2 0.20314814814814816 0.44375000000000003 0.010671296296296297 0.008628472222222221
2 0.019365079365079366 0.4916989087301587 0.00892526455026455 0.006711309523809524
2 0.06221891534391535 0.44913938492063493 0.013885582010582011 0.007991071428571429
2 0.07473544973544974 0.4676264880952381 0.006818783068783069 0.0046875
2 0.02136243386243386 0.49858878968253967 0.007476851851851852 0.005044642857142857
2 0.031646825396825395 0.5002405753968254 0.00767526455026455 0.005106646825396825
2 0.13040674603174604 0.45393849206349207 0.008296957671957672 0.005550595238095238
2 0.1328075396825397 0.45890376984126985 0.0060416666666666665 0.003960813492063492
2 0.09475529100529101 0.5338244047619047 0.007357804232804232 0.0046875
2 0.10578373015873016 0.5246626984126984 0.007192460317460317 0.005339781746031746
2 0.1837962962962963 0.5054389880952381 0.007671957671957672 0.004856150793650794
2 0.1982473544973545 0.4871329365079365 0.005710978835978836 0.005277777777777778
2 0.22654761904761905 0.5002405753968254 0.008611111111111111 0.005570436507936508
2 0.22939153439153437 0.4089484126984127 0.013062169312169311 0.00630952380952381
2 0.21113756613756615 0.4211755952380953 0.008032407407407407 0.006686507936507937
2 0.2762962962962963 0.3950396825396825 0.012430555555555558 0.007192460317460317
2 0.3104728835978836 0.38912698412698415 0.015360449735449736 0.010181051587301586
2 0.38923941798941797 0.3876314484126984 0.010555555555555556 0.00765625
2 0.3825198412698413 0.39062996031746033 0.008842592592592593 0.0067088293650793655
2 0.42407738095238096 0.36388640873015876 0.010482804232804233 0.009697420634920635
2 0.43736441798941794 0.359015376984127 0.014219576719576719 0.010602678571428572
2 0.45672949735449736 0.3607514880952381 0.015909391534391533 0.01175843253968254
2 0.3012566137566138 0.29096230158730163 0.015443121693121694 0.010602678571428572
2 0.28733796296296293 0.2546453373015873 0.013531746031746032 0.008330853174603175
2 0.2609755291005291 0.266500496031746 0.009566798941798942 0.005659722222222222
2 0.306630291005291 0.26352430555555556 0.01199404761904762 0.00572172619047619
2 0.34005291005291005 0.27313988095238095 0.009702380952380952 0.009213789682539683
2 0.3705555555555555 0.2752232142857143 0.012688492063492063 0.009677579365079366
2 0.3060548941798942 0.3217385912698413 0.011461640211640211 0.005024801587301587
2 0.3268915343915344 0.3145188492063492 0.013012566137566139 0.007256944444444445
2 0.2915608465608465 0.32497767857142856 0.009014550264550265 0.007802579365079366
2 0.22295304232804233 0.3323536706349206 0.013763227513227512 0.00820188492063492
2 0.3236177248677249 0.5014136904761904 0.013918650793650796 0.010322420634920634
2 0.3 0.4946750992063492 0.01289351851851852 0.00851438492063492
2 0.29638888888888887 0.5114112103174604 0.013452380952380952 0.009045138888888889
2 0.3561541005291005 0.4781398809523809 0.011266534391534392 0.009761904761904762
2 0.39670634920634923 0.4839905753968254 0.015042989417989419 0.011165674603174604
2 0.37073412698412694 0.5248263888888889 0.016636904761904762 0.00842013888888889
2 0.3819378306878307 0.5403075396825396 0.012959656084656084 0.01021329365079365
2 0.3140707671957672 0.5360962301587302 0.01220899470899471 0.00865327380952381
2 0.26971891534391534 0.550954861111111 0.008154761904761904 0.008856646825396825
2 0.4034953703703704 0.5839459325396825 0.013978174603174603 0.009635416666666667
2 0.4267195767195768 0.5828869047619047 0.010386904761904762 0.007390873015873016
2 0.46023478835978837 0.2968625992063492 0.008247354497354498 0.008112599206349207
2 0.5373181216931217 0.31279265873015877 0.017516534391534392 0.013013392857142857
2 0.484593253968254 0.33871775793650793 0.018776455026455027 0.010944940476190476
2 0.5106613756613757 0.34798363095238094 0.013627645502645502 0.009258432539682539
2 0.4811838624338624 0.3781051587301587 0.013627645502645502 0.010967261904761905
2 0.5078075396825397 0.3653373015873016 0.01199404761904762 0.009288194444444444
2 0.47080357142857143 0.38113343253968257 0.01283068783068783 0.010009920634920635
2 0.4539484126984127 0.38844990079365077 0.015916005291005293 0.011540178571428571
2 0.46713293650793647 0.3925322420634921 0.011101190476190476 0.00847718253968254
2 0.4327943121693122 0.42103422619047615 0.012281746031746033 0.008881448412698414
2 0.44817791005291 0.42601934523809526 0.012142857142857143 0.00869047619047619
2 0.4952744708994709 0.44187251984126985 0.014371693121693122 0.008454861111111113
2 0.502936507936508 0.4951140873015873 0.015568783068783069 0.011688988095238096
2 0.5175231481481481 0.4984747023809524 0.016455026455026455 0.012197420634920636
2 0.5239880952380952 0.5124330357142858 0.013167989417989419 0.01064484126984127
2 0.5345205026455027 0.5117212301587302 0.01583664021164021 0.011319444444444444
2 0.541547619047619 0.33738591269841267 0.012109788359788359 0.009521329365079365
2 0.5614517195767196 0.32917906746031744 0.012000661375661375 0.008075396825396826
2 0.5996031746031746 0.332485119047619 0.012837301587301588 0.009543650793650793
2 0.6116005291005291 0.32800843253968254 0.014371693121693122 0.010414186507936508
2 0.6737962962962962 0.3437872023809524 0.015892857142857143 0.01203125
2 0.7054265873015874 0.33968253968253964 0.01615740740740741 0.011307043650793651
2 0.7199140211640211 0.3369196428571429 0.012705026455026455 0.010456349206349205
2 0.6016468253968255 0.5430729166666667 0.016921296296296295 0.01168154761904762
2 0.5741666666666666 0.615376984126984 0.01632936507936508 0.011148313492063492
2 0.5908068783068783 0.6110887896825397 0.010423280423280423 0.008107638888888888
2 0.6009027777777778 0.6113690476190476 0.01244047619047619 0.009094742063492063
2 0.6248908730158731 0.6238566468253968 0.010433201058201058 0.00851438492063492
2 0.5670535714285714 0.6285143849206349 0.008349867724867725 0.008881448412698414
2 0.5662533068783069 0.6459399801587301 0.013564814814814816 0.005396825396825397
2 0.6013822751322752 0.6531622023809525 0.015099206349206348 0.008764880952380953
2 0.5487070105820105 0.6618080357142857 0.011984126984126984 0.0077380952380952375
2 0.7710152116402117 0.523139880952381 0.011124338624338625 0.007991071428571429
2 0.7567824074074074 0.5424553571428571 0.011832010582010583 0.007425595238095238
2 0.8048611111111111 0.5100868055555555 0.011650132275132273 0.006743551587301588
2 0.7624735449735449 0.42661706349206346 0.011484788359788358 0.009895833333333333
2 0.8006018518518518 0.39963293650793646 0.015340608465608465 0.011532738095238096
2 0.8373611111111111 0.39538194444444447 0.015591931216931216 0.006954365079365079
2 0.8913756613756614 0.33326140873015875 0.030287698412698415 0.016822916666666667
2 0.923396164021164 0.3574503968253968 0.028908730158730158 0.014831349206349206
2 0.974212962962963 0.24931795634920634 0.03197751322751323 0.022953869047619046
2 0.9520833333333333 0.7115352182539683 0.03056547619047619 0.020461309523809524
2 0.9687566137566137 0.7229811507936508 0.028234126984126983 0.014246031746031746
2 0.9476951058201057 0.697390873015873 0.013895502645502647 0.011879960317460317