2 0.19374007936507937 0.2998611111111111 0.03939814814814815 0.024228670634920634
2 0.09631944444444444 0.30191964285714284 0.033756613756613756 0.029456845238095237
2 0.07207671957671959 0.339640376984127 0.03843915343915344 0.026731150793650793
2 0.4628207671957672 0.23415178571428572 0.04080357142857143 0.026592261904761903
2 0.6548445767195767 0.276202876984127 0.045297619047619045 0.03792410714285714
2 0.2519212962962963 0.5027678571428572 0.04341931216931217 0.02853670634920635
2 0.3483730158730159 0.33794394841269837 0.03499669312169312 0.022842261904761903
2 0.13186507936507935 0.3177108134920635 0.03384589947089947 0.023559027777777776
2 0.11378637566137566 0.8955530753968254 0.024656084656084657 0.019538690476190477
2 0.22098214285714285 0.5783928571428572 0.03189814814814815 0.021944444444444447
2 0.3187797619047619 0.2723710317460318 0.03239748677248677 0.02345486111111111
2 0.011825396825396824 0.32503720238095235 0.023654100529100528 0.024590773809523812
2 0.8631845238095238 0.931498015873016 0.046646825396825395 0.03262400793650794
2 0.37831018518518517 0.29138144841269836 0.02506283068783069 0.022078373015873017
2 0.13256944444444443 0.20067956349206348 0.03545634920634921 0.02501984126984127
2 0.24404431216931216 0.36916418650793653 0.028485449735449735 0.021649305555555557
2 0.05070767195767196 0.4995386904761905 0.027784391534391533 0.02290922619047619
2 0.7289484126984127 0.3844890873015873 0.04476190476190477 0.031299603174603174
2 0.3511011904761905 0.30066964285714287 0.02662037037037037 0.02347470238095238
2 0.40827050264550263 0.2147767857142857 0.02509920634920635 0.02327876984126984
2 0.37712962962962965 0.3172271825396825 0.029626322751322754 0.02174355158730159
2 0.12798280423280423 0.4208829365079365 0.022341269841269842 0.02027281746031746
2 0.39341269841269844 0.4951190476190476 0.027959656084656084 0.02273561507936508
2 0.09646494708994709 0.861185515873016 0.017705026455026456 0.01709325396825397
2 0.27929232804232806 0.592202380952381 0.022361111111111113 0.020106646825396823
2 0.009163359788359788 0.8244246031746032 0.015790343915343917 0.018117559523809522
2 0.7853339947089947 0.169015376984127 0.030304232804232806 0.027279265873015872
2 0.30601190476190476 0.39354414682539685 0.023855820105820106 0.01833829365079365
2 0.980975529100529 0.4067708333333333 0.036759259259259255 0.034037698412698415
2 0.6997784391534392 0.7165773809523809 0.017757936507936507 0.013988095238095237
2 0.34668650793650796 0.38619295634920636 0.019543650793650794 0.02172371031746032
2 0.06494047619047619 0.775453869047619 0.01588293650793651 0.012018849206349207
2 0.22865079365079366 0.6085119047619048 0.027923280423280423 0.019459325396825395
2 0.6750099206349206 0.5410019841269842 0.03357473544973545 0.02565972222222222
2 0.27628968253968256 0.399312996031746 0.027351190476190473 0.01771081349206349
2 0.634864417989418 0.37486359126984126 0.029477513227513227 0.027175099206349206
2 0.825218253968254 0.2092956349206349 0.022857142857142857 0.0185515873015873
2 0.42602182539682537 0.8793700396825397 0.01890542328042328 0.016046626984126986
2 0.15472883597883597 0.6755803571428571 0.013981481481481482 0.018524305555555554
2 0.6675496031746032 0.20234623015873016 0.03764550264550265 0.03345238095238095
2 0.6420767195767196 0.23159970238095237 0.025416666666666667 0.020496031746031745
2 0.5965145502645502 0.24308531746031747 0.029576719576719576 0.023370535714285715
2 0.3403505291005291 0.2801165674603175 0.02493716931216931 0.02261656746031746
2 0.3823743386243386 0.20851438492063493 0.019652777777777776 0.015639880952380954
2 0.3065410052910053 0.20829117063492064 0.022824074074074073 0.018544146825396825
2 0.25160714285714286 0.3906795634920635 0.02142857142857143 0.01433779761904762
2 0.40999007936507936 0.4297519841269841 0.028730158730158727 0.019285714285714288
2 0.4354133597883598 0.37390128968253966 0.023002645502645504 0.015892857142857143
2 0.4727414021164021 0.37469246031746034 0.02136574074074074 0.014310515873015874
2 0.49008267195767197 0.40159226190476194 0.020317460317460317 0.016517857142857143
2 0.9078637566137566 0.4867237103174603 0.031435185185185184 0.02044642857142857
2 0.8815277777777777 0.39096726190476194 0.03980489417989418 0.02546130952380952
2 0.2501256613756614 0.419280753968254 0.02910383597883598 0.012857142857142859
2 0.6520304232804233 0.8137351190476191 0.012569444444444444 0.012316468253968253
2 0.6487334656084656 0.8332018849206348 0.01341931216931217 0.012165178571428572