2 0.375265376984127 0.3150462962962963 0.014910714285714286 0.018353174603174604
2 0.38004464285714284 0.340026455026455 0.011470734126984126 0.014272486772486772
2 0.3787078373015873 0.37443783068783065 0.014910714285714286 0.01988095238095238
2 0.438735119047619 0.3828505291005291 0.01261656746031746 0.01529431216931217
2 0.4783060515873016 0.3943187830687831 0.013764880952380952 0.018862433862433862
2 0.4643526785714286 0.2523445767195767 0.013382936507936509 0.017331349206349204
2 0.4884399801587302 0.45192460317460315 0.01261656746031746 0.016822089947089947
2 0.5064087301587301 0.6168419312169312 0.017204861111111112 0.01937169312169312
2 0.617859623015873 0.547255291005291 0.012998511904761903 0.015803571428571427
2 0.6979613095238095 0.5220205026455026 0.011852678571428571 0.018353174603174604
2 0.7371502976190476 0.5026488095238095 0.012998511904761903 0.01631283068783069
2 0.7522519841269841 0.4570238095238095 0.011088789682539683 0.016822089947089947
2 0.7946924603174603 0.48760912698412695 0.013382936507936509 0.017843915343915343
2 0.8006200396825397 0.5235515873015874 0.013764880952380952 0.01937169312169312
2 0.7465178571428571 0.5696858465608465 0.015677083333333335 0.01478505291005291
2 0.7088566468253968 0.6864285714285715 0.013764880952380952 0.01478505291005291
2 0.6037152777777778 0.6535449735449735 0.012234623015873015 0.018353174603174604
2 0.5369965277777778 0.6922949735449735 0.014910714285714286 0.019381613756613757
2 0.4710416666666667 0.7007109788359788 0.012998511904761903 0.01478505291005291
2 0.47696924603174606 0.6821031746031746 0.009558531746031745 0.011216931216931217
2 0.5983606150793651 0.6787896825396825 0.01529265873015873 0.018862433862433862
2 0.5962574404761906 0.3662797619047619 0.013382936507936509 0.016822089947089947
2 0.6060094246031745 0.34130291005291 0.01452876984126984 0.01988095238095238
2 0.5295411706349207 0.2734986772486772 0.01070436507936508 0.015803571428571427
2 0.3488839285714286 0.44453373015873016 0.01261656746031746 0.01529431216931217
2 0.39839781746031744 0.4756316137566137 0.011470734126984126 0.014272486772486772
2 0.4001190476190476 0.5281382275132275 0.008794642857142857 0.012235449735449735
2 0.32326884920634924 0.610978835978836 0.011852678571428571 0.012744708994708994
2 0.2798735119047619 0.6191369047619047 0.00994047619047619 0.01478505291005291
2 0.321547619047619 0.6790343915343916 0.012234623015873015 0.01529431216931217
2 0.2951661706349206 0.4447883597883598 0.008412698412698413 0.013763227513227512
2 0.401264880952381 0.5615310846560846 0.008028273809523808 0.01478505291005291
2 0.3588268849206349 0.5538822751322752 0.00726438492063492 0.008667328042328042
2 0.3729712301587301 0.5745304232804234 0.005734126984126985 0.009176587301587302
2 0.4928348214285714 0.5936474867724868 0.00994047619047619 0.016822089947089947
2 0.4676016865079365 0.6099603174603174 0.007646329365079365 0.00968584656084656
2 0.5779042658730159 0.4152876984126984 0.012864583333333332 0.01986111111111111
2 0.8081175595238095 0.5917857142857142 0.01015625 0.01534722222222222
2 0.595845734126984 0.6193187830687831 0.008125 0.010833333333333332
2 0.5589459325396826 0.6436937830687831 0.008802083333333334 0.009027777777777779
2 0.5900917658730159 0.5845634920634921 0.007447916666666667 0.017152777777777777
2 0.7165178571428571 0.558531746031746 0.01240079365079365 0.017857142857142856
2 0.40153769841269843 0.2523148148148148 0.013392857142857142 0.017857142857142856
2 0.46577380952380953 0.22056878306878308 0.01488095238095238 0.017857142857142856
2 0.7663690476190477 0.6154100529100529 0.016865079365079364 0.02447089947089947
2 0.6108630952380952 0.6706349206349206 0.015376984126984126 0.027777777777777776