1 0.43040123456790125 0.2999255952380952 0.05438712522045855 0.03189980158730159
1 0.13644620811287478 0.4300644841269841 0.05551146384479718 0.03085813492063492
1 0.5219400352733686 0.45650297619047614 0.05860670194003527 0.032683531746031745
1 0.47833774250440914 0.11921875 0.054179894179894175 0.03441964285714286
1 0.09948412698412698 0.46076636904761903 0.0449074074074074 0.02488343253968254
1 0.5635493827160495 0.10741567460317461 0.04958994708994709 0.0315203373015873
1 0.7833862433862434 0.8623958333333333 0.0582936507936508 0.02936755952380952
1 0.7181966490299824 0.25780753968253967 0.04894179894179894 0.03297867063492063
1 0.23006613756613756 0.8408258928571428 0.05210758377425044 0.029407242063492062
1 0.4789065255731923 0.6214087301587301 0.054241622574955906 0.028132440476190478
1 0.7911419753086419 0.1012202380952381 0.03806878306878307 0.020766369047619047
1 0.7503130511463845 0.10485119047619047 0.03477513227513228 0.021999007936507938
1 0.4269488536155203 0.6349479166666667 0.05682098765432099 0.031061507936507936
1 0.02400793650793651 0.3004811507936508 0.046415343915343917 0.023859126984126986
1 0.6069664902998236 0.12199156746031746 0.04090388007054674 0.026108630952380953
1 0.6378218694885361 0.13887400793650795 0.03681216931216931 0.023859126984126986
1 0.747905643738977 0.08634176587301587 0.024559082892416227 0.013487103174603176
1 0.6686684303350969 0.04802331349206349 0.04268518518518519 0.024340277777777777
1 0.6893077601410934 0.2960813492063492 0.04559523809523809 0.02564732142857143
1 0.5612830687830688 0.4760168650793651 0.04499559082892416 0.02531001984126984
1 0.23276014109347443 0.4808829365079365 0.04326278659611993 0.02336309523809524
1 0.7298941798941799 0.9637971230158731 0.047345679012345675 0.02345982142857143
1 0.2685670194003527 0.7393328373015873 0.04001763668430335 0.02345982142857143
1 0.35985449735449737 0.5159499007936508 0.046609347442680776 0.024692460317460318
1 0.6917945326278659 0.9582787698412699 0.036309523809523805 0.022254464285714287