2 0.10003306878306878 0.3273809523809524 0.04794973544973545 0.0248015873015873
2 0.1306216931216931 0.376984126984127 0.023148148148148147 0.01984126984126984
2 0.9819775132275133 0.025421626984126984 0.036044973544973546 0.04092261904761905
2 0.7159391534391535 0.06138392857142857 0.03306878306878307 0.023561507936507936
2 0.5580357142857143 0.21205357142857142 0.034722222222222224 0.027281746031746032
2 0.4050925925925926 0.33606150793650796 0.0496031746031746 0.03968253968253968
2 0.3149801587301587 0.3100198412698413 0.034722222222222224 0.032242063492063495
2 0.23892195767195767 0.30009920634920634 0.03802910052910053 0.0248015873015873
2 0.25049603174603174 0.404265873015873 0.034722222222222224 0.0248015873015873
2 0.20667989417989419 0.4086061507936508 0.026455026455026454 0.018601190476190476
2 0.18518518518518517 0.42782738095238093 0.03306878306878307 0.01984126984126984
2 0.09837962962962964 0.5778769841269841 0.034722222222222224 0.022321428571428572
2 0.046296296296296294 0.6553819444444444 0.036375661375661374 0.026041666666666668
2 0.01570767195767196 0.6684027777777778 0.021494708994708994 0.01984126984126984
2 0.05291005291005291 0.6746031746031746 0.03306878306878307 0.017361111111111112
2 0.06448412698412699 0.7217261904761905 0.03306878306878307 0.0248015873015873
2 0.014054232804232803 0.6888640873015873 0.028108465608465607 0.031001984126984128
2 0.056216931216931214 0.6932043650793651 0.0496031746031746 0.027281746031746032
2 0.10664682539682539 0.7235863095238095 0.034722222222222224 0.023561507936507936
2 0.16038359788359788 0.7018849206349206 0.036375661375661374 0.0248015873015873
2 0.27033730158730157 0.714905753968254 0.04794973544973545 0.03844246031746032
2 0.3323412698412698 0.7521081349206349 0.0496031746031746 0.033482142857142856
2 0.3637566137566138 0.4991319444444444 0.04298941798941799 0.028521825396825396
2 0.30092592592592593 0.4557291666666667 0.036375661375661374 0.026041666666666668
2 0.5431547619047619 0.3056795634920635 0.05125661375661376 0.035962301587301584
2 0.658068783068783 0.44518849206349204 0.036375661375661374 0.0248015873015873
2 0.656415343915344 0.4185267857142857 0.026455026455026454 0.023561507936507936
2 0.7746362433862434 0.4644097222222222 0.04133597883597884 0.031001984126984128
2 0.6960978835978836 0.49851190476190477 0.05291005291005291 0.03720238095238095
2 0.7308201058201058 0.5660962301587301 0.056216931216931214 0.035962301587301584
2 0.48115079365079366 0.5778769841269841 0.0496031746031746 0.03968253968253968
2 0.5009920634920635 0.7316468253968254 0.03968253968253968 0.032242063492063495
2 0.6043320105820106 0.6739831349206349 0.03802910052910053 0.031001984126984128
2 0.6671626984126984 0.7428075396825397 0.03802910052910053 0.034722222222222224
2 0.646494708994709 0.7886904761904762 0.0496031746031746 0.032242063492063495
2 0.6266534391534392 0.8302331349206349 0.04298941798941799 0.031001984126984128
2 0.4695767195767196 0.9139384920634921 0.03968253968253968 0.027281746031746032
2 0.7316468253968254 0.8258928571428571 0.04133597883597884 0.027281746031746032
2 0.990244708994709 0.7279265873015873 0.01951058201058201 0.034722222222222224
2 0.9606481481481481 0.6361607142857143 0.0496031746031746 0.03720238095238095
2 0.9490740740740741 0.4557291666666667 0.056216931216931214 0.03844246031746032
2 0.9565145502645502 0.3732638888888889 0.04794973544973545 0.032242063492063495
2 0.9399801587301587 0.2932787698412698 0.044642857142857144 0.031001984126984128
2 0.22486772486772486 0.6231398809523809 0.03306878306878307 0.026041666666666668
2 0.04050925925925926 0.4365079365079365 0.021494708994708994 0.01488095238095238