2 0.3954431216931217 0.5387475198412699 0.026121031746031743 0.018501984126984127
2 0.44405753968253964 0.5490873015873016 0.021769179894179893 0.014149305555555556
2 0.6969246031746031 0.6835019841269842 0.029748677248677247 0.02394345238095238
2 0.7201421957671957 0.6786036706349207 0.029748677248677247 0.02394345238095238
2 0.793425925925926 0.6856770833333333 0.03555224867724868 0.02829861111111111
2 0.6653604497354497 0.837234623015873 0.030476190476190476 0.02340029761904762
2 0.7836309523809524 0.9856870039682539 0.024669312169312167 0.028623511904761905
2 0.8358730158730158 0.9768179563492064 0.029024470899470897 0.02394345238095238
2 0.8866633597883598 0.970014880952381 0.033376322751322754 0.01687003968253968
2 0.3381216931216931 0.7188740079365079 0.031924603174603175 0.018501984126984127
2 0.30656084656084653 0.959404761904762 0.052966269841269835 0.034828869047619046
2 0.3069212962962963 0.9946676587301587 0.046438492063492064 0.01066468253968254
2 0.1226223544973545 0.9623983134920635 0.03773148148148148 0.028841765873015873
2 0.021769179894179893 0.6026884920634921 0.036279761904761905 0.01578125