1 0.2692504409171076 0.5946056547619047 0.129157848324515 0.0757688492063492
1 0.5052292768959435 0.5428893849206349 0.11082010582010582 0.07245039682539682
1 0.870326278659612 0.8487400793650793 0.09711199294532628 0.05209573412698413
2 0.034911816578483246 0.3223288690476191 0.06982804232804234 0.0475719246031746
1 0.876331569664903 0.383687996031746 0.055 0.03549603174603175
1 0.165679012345679 0.6049231150793651 0.0732363315696649 0.044846230158730155
2 0.5901190476190477 0.5160739087301587 0.09118165784832452 0.04134672619047619
2 0.8168738977072311 0.5400545634920635 0.05347883597883598 0.04144345238095238
1 0.6469973544973545 0.4055481150793651 0.07606261022927689 0.05257936507936508
1 0.966984126984127 0.8642435515873016 0.06603615520282187 0.04518353174603175
1 0.28558641975308646 0.3201314484126984 0.06898589065255732 0.036495535714285716
1 0.4017019400352733 0.40359126984126986 0.07238095238095238 0.04120287698412698
1 0.17652998236331569 0.5433928571428571 0.10529541446208113 0.05149801587301587
1 0.3073236331569665 0.549032738095238 0.09404761904761905 0.049523809523809526
1 0.43624779541446207 0.5781051587301588 0.09868606701940034 0.04487599206349206
1 0.4754100529100529 0.49571924603174605 0.08718253968253968 0.044409722222222225
1 0.2564814814814815 0.9388045634920635 0.06198853615520283 0.03929563492063492
1 0.38406084656084655 0.393484623015873 0.052006172839506176 0.028625992063492065