1 0.5868959435626102 0.2786656746031746 0.040912698412698414 0.027490079365079367
1 0.6804012345679012 0.16113839285714288 0.04244268077601411 0.024970238095238097
1 0.44611552028218693 0.616297123015873 0.037848324514991184 0.023177083333333334
1 0.8653306878306878 0.1685689484126984 0.03774691358024691 0.024131944444444445
1 0.16426807760141093 0.6142460317460318 0.03451499118165785 0.026054067460317458
1 0.8670679012345679 0.20691716269841268 0.03344356261022927 0.023955853174603175
1 0.22040123456790123 0.7202083333333333 0.046997354497354496 0.028807043650793653
1 0.43965167548500883 0.37300347222222224 0.03786596119929453 0.0240203373015873
1 0.6267328042328043 0.3141319444444444 0.03188712522045855 0.02351934523809524
1 0.5072089947089947 0.4642534722222222 0.03264550264550265 0.01941468253968254
1 0.8864065255731922 0.21478670634920635 0.037852733686067015 0.026202876984126985
1 0.5774162257495591 0.3156671626984127 0.0357010582010582 0.022705853174603174
1 0.23765432098765432 0.30027529761904764 0.038968253968253964 0.02311011904761905
1 0.7696649029982363 0.22469246031746032 0.029219576719576718 0.02224702380952381
1 0.07890652557319225 0.3248189484126984 0.05184744268077601 0.027614087301587303
1 0.0882231040564374 0.7278918650793651 0.045925925925925926 0.02685267857142857
2 0.3586287477954145 0.7069890873015873 0.01873015873015873 0.012237103174603175
1 0.5930864197530864 0.6721502976190477 0.03565255731922399 0.022093253968253967
1 0.6375 0.587514880952381 0.02900352733686067 0.016654265873015873
1 0.6689197530864197 0.5604935515873015 0.033840388007054675 0.019714781746031744
1 0.6100044091710758 0.4578422619047619 0.0332363315696649 0.017673611111111112
1 0.5463668430335097 0.46825396825396826 0.04004409171075837 0.022524801587301586
1 0.8000485008818342 0.45873511904761904 0.04045855379188713 0.022061011904761906
1 0.6712477954144621 0.4316815476190476 0.04210758377425044 0.023685515873015872
1 0.694157848324515 0.49832589285714285 0.03343915343915344 0.016718749999999998
1 0.6627821869488536 0.5182961309523809 0.027658730158730157 0.01764880952380952
1 0.5845546737213404 0.4167038690476191 0.037980599647266314 0.0206671626984127
1 0.6417283950617284 0.395109126984127 0.040868606701940036 0.021594742063492062
1 0.5560714285714285 0.41740079365079363 0.02972222222222222 0.01695188492063492
1 0.47474426807760145 0.27110615079365075 0.030546737213403882 0.01463045634920635
1 0.42313932980599644 0.24533234126984127 0.028897707231040567 0.016021825396825395
1 0.28814814814814815 0.2291939484126984 0.028073192239858907 0.016254960317460317
1 0.24934303350970016 0.22385168650793652 0.028073192239858907 0.016254960317460317
1 0.3184920634920635 0.18704613095238093 0.0268342151675485 0.01695188492063492
1 0.19732804232804232 0.33136656746031745 0.021468253968253966 0.011609623015873016
1 0.0614726631393298 0.6178720238095239 0.04098324514991182 0.028640873015873015
1 0.647310405643739 0.11378472222222222 0.03331569664902998 0.01784970238095238
1 0.47690476190476183 0.15115823412698412 0.02009700176366843 0.013623511904761904
1 0.5683641975308642 0.2328125 0.030793650793650797 0.018640873015873013
1 0.920485008818342 0.3826636904761905 0.03569664902998236 0.01721230158730159
2 0.6593871252204585 0.6319568452380953 0.009343033509700177 0.008060515873015874