1 0.12885802469135801 0.6275272817460318 0.09209876543209876 0.055667162698412695
1 0.8001410934744269 0.7469667658730159 0.055890652557319224 0.03321676587301588
1 0.5988447971781306 0.21331597222222223 0.04902557319223986 0.029169146825396824
1 0.10284832451499118 0.1604389880952381 0.09512345679012346 0.052452876984126984
1 0.14020282186948854 0.3675223214285714 0.0896252204585538 0.05132936507936508
1 0.028725749559082896 0.1728844246031746 0.05745149911816579 0.048035714285714286
1 0.2582451499118166 0.49710069444444444 0.05849206349206349 0.03397569444444445
1 0.20925925925925926 0.42397569444444444 0.07938712522045856 0.04808035714285715
1 0.5786816578483245 0.3378621031746032 0.04068783068783069 0.02779265873015873
1 0.5750220458553792 0.2647643849206349 0.041534391534391535 0.02783234126984127
1 0.21719135802469133 0.34790426587301587 0.06078483245149913 0.04342757936507936
1 0.5838932980599647 0.3845858134920635 0.026062610229276896 0.02078125
1 0.7144532627865962 0.08008928571428572 0.038104056437389774 0.023635912698412698
1 0.013699294532627866 0.24003224206349205 0.02740299823633157 0.03563988095238095
1 0.49702380952380953 0.21149305555555556 0.033218694885361555 0.025295138888888888
1 0.521005291005291 0.40124751984126983 0.03436507936507936 0.025364583333333333
1 0.030335097001763667 0.709188988095238 0.060665784832451504 0.04838045634920635
1 0.7572795414462081 0.08482142857142858 0.03449294532627866 0.024203869047619047
1 0.06801146384479718 0.2825322420634921 0.07628747795414463 0.049481646825396824
1 0.29544532627865966 0.45881944444444445 0.053276014109347444 0.038286210317460316
1 0.12506613756613755 0.009206349206349206 0.07051587301587302 0.018415178571428572
1 0.5255996472663139 0.29195684523809523 0.03205026455026455 0.025163690476190475
1 0.31503086419753085 0.42446180555555557 0.041940035273368606 0.033060515873015874
1 0.7577116402116402 0.14876488095238097 0.031058201058201056 0.023821924603174602
1 0.045286596119929454 0.6142013888888889 0.09056878306878306 0.05313244047619047
1 0.32338183421516753 0.006773313492063492 0.04816137566137566 0.013546626984126984
1 0.3805731922398589 0.07232638888888888 0.04902116402116402 0.027574404761904765
1 0.27994708994708994 0.146344246031746 0.05418430335097002 0.031445932539682545
1 0.21845238095238095 0.14537698412698413 0.056763668430335104 0.030478670634920636
1 0.3405820105820106 0.2501140873015873 0.034400352733686065 0.024188988095238097
1 0.04601410934744268 0.6528621031746032 0.09202380952380952 0.041121031746031746
1 0.19093033509700175 0.5899727182539682 0.04988536155202822 0.030478670634920636
1 0.15265873015873016 0.542078373015873 0.07482363315696648 0.041121031746031746
1 0.8153350970017637 0.6681026785714286 0.0430026455026455 0.02709077380952381
1 0.6665432098765433 0.5887624007936507 0.0430026455026455 0.024188988095238097
1 0.45668871252204585 0.6238368055555555 0.04816137566137566 0.027574404761904765
1 0.4025044091710758 0.6277058531746031 0.04816137566137566 0.023705357142857143
1 0.3272530864197531 0.6477827380952381 0.04214285714285714 0.02902777777777778
1 0.6433201058201058 0.5328844246031746 0.039563492063492064 0.02273809523809524
1 0.8106040564373898 0.5568328373015873 0.035260141093474424 0.019350198412698413
1 0.7379276895943562 0.42887152777777776 0.034400352733686065 0.020803571428571428
1 0.42751763668430337 0.388844246031746 0.03686067019400353 0.02107390873015873
1 0.5695194003527337 0.2299404761904762 0.04410934744268078 0.024131944444444445
1 0.6157451499118166 0.26325148809523813 0.031419753086419755 0.019375
1 0.6976234567901235 0.2725992063492063 0.030815696649029983 0.019035218253968252
1 0.7408289241622575 0.26783978174603174 0.024171075837742504 0.014955357142857142
1 0.7290432098765433 0.28245535714285713 0.025983245149911818 0.016994047619047617
1 0.706384479717813 0.2984300595238095 0.02175485008818342 0.012916666666666667
1 0.5402116402116403 0.33650049603174603 0.02900352733686067 0.023112599206349206
1 0.6689197530864197 0.348735119047619 0.022962962962962963 0.01631448412698413
1 0.7136375661375661 0.328172123015873 0.02054673721340388 0.013936011904761904
1 0.7489858906525574 0.31950396825396826 0.028399470899470897 0.018355654761904764
1 0.7205864197530863 0.30828869047619045 0.024775132275132273 0.015634920634920633
1 0.7517063492063492 0.37099950396825393 0.031419753086419755 0.018013392857142856
1 0.719074074074074 0.442547123015873 0.03625661375661376 0.01631448412698413
1 0.7764814814814814 0.6233730158730159 0.03504850088183421 0.018355654761904764
1 0.7994400352733687 0.5960119047619047 0.03263227513227514 0.017333829365079365
1 0.408505291005291 0.4623611111111111 0.025330687830687832 0.012291666666666668
1 0.5885449735449735 0.36611607142857144 0.019867724867724867 0.011453373015873016
1 0.4879673721340388 0.27476190476190476 0.04122134038800705 0.022628968253968252
1 0.5207495590828924 0.2343923611111111 0.03724867724867725 0.022348710317460316
1 0.6722310405643739 0.2028249007936508 0.03327601410934744 0.017879464285714287
1 0.7790123456790123 0.15589037698412697 0.029303350970017635 0.01732142857142857
1 0.8058333333333334 0.15910218253968253 0.027314814814814816 0.01648313492063492
1 0.7397751322751323 0.06998263888888889 0.03724867724867725 0.026540178571428572
1 0.6769488536155203 0.062440476190476185 0.04171957671957672 0.020952380952380955
1 0.6645326278659612 0.07277529761904762 0.034766313932980596 0.022628968253968252
1 0.7196604938271605 0.016063988095238093 0.03575837742504409 0.019836309523809523
1 0.4879673721340388 0.585701884920635 0.04122134038800705 0.02207093253968254
1 0.26049823633156965 0.6088913690476191 0.03724867724867725 0.02039434523809524
1 0.668752204585538 0.2376066468253968 0.03526455026455027 0.021510416666666667
1 0.18654320987654321 0.10903521825396825 0.06344797178130512 0.040329861111111115
1 0.7566446208112875 0.5567757936507937 0.032358906525573196 0.014275793650793652
1 0.5497971781305114 0.47557787698412696 0.02220899470899471 0.013918650793650794
1 0.23788359788359786 0.1907167658730159 0.040612874779541445 0.0248859126984127
1 0.12476631393298061 0.08888640873015873 0.046979717813051144 0.028826884920634923
1 0.20966931216931214 0.38713789682539684 0.06235449735449735 0.03507440476190476
2 0.9645546737213404 0.6028472222222222 0.021044973544973544 0.010523313492063492