2 0.013657407407407406 0.29491071428571425 0.02084325396825397 0.013152281746031747
2 0.055717592592592596 0.29877728174603174 0.014831349206349207 0.009754464285714285
2 0.018720238095238095 0.35740823412698414 0.02036375661375661 0.01249751984126984
2 0.057430555555555554 0.37528521825396827 0.017192460317460318 0.00928075396825397
2 0.023154761904761904 0.40367807539682543 0.014388227513227513 0.009605654761904761
2 0.008664021164021164 0.42674107142857143 0.017331349206349204 0.011195436507936508
2 0.1017526455026455 0.5063938492063492 0.023131613756613757 0.015426587301587302
2 0.05728174603174603 0.5243973214285714 0.024322089947089946 0.01484623015873016
2 0.20917658730158728 0.526780753968254 0.018488756613756614 0.01802827380952381
2 0.015459656084656085 0.6285044642857143 0.01584656084656085 0.010726686507936508
2 0.0479728835978836 0.6291741071428572 0.02398148148148148 0.01445188492063492
2 0.14882275132275133 0.6422941468253969 0.014421296296296297 0.012063492063492064
2 0.3341732804232804 0.6286309523809523 0.019778439153439156 0.013365575396825397
2 0.22568121693121695 0.3541592261904762 0.017562830687830686 0.0139484126984127
2 0.20576388888888889 0.27992559523809524 0.01908399470899471 0.013402777777777777
2 0.23273478835978834 0.21621527777777777 0.021068121693121694 0.01720238095238095
2 0.2622850529100529 0.24921875000000002 0.020787037037037038 0.014813988095238094
2 0.20528108465608466 0.16624007936507937 0.018118386243386242 0.01666170634920635
2 0.3400165343915344 0.1989732142857143 0.022500000000000003 0.017708333333333336
2 0.48296957671957674 0.20222718253968253 0.021048280423280424 0.01626240079365079
2 0.3619477513227513 0.29124007936507934 0.023951719576719578 0.015354662698412697
2 0.43821097883597887 0.3266468253968254 0.03438822751322751 0.023343253968253968
2 0.4259424603174603 0.34249751984126986 0.01939153439153439 0.017666170634920635
2 0.4465707671957672 0.34737847222222223 0.03054232804232804 0.020287698412698413
2 0.4534623015873016 0.35742559523809525 0.023115079365079366 0.010942460317460316
2 0.3805522486772487 0.43777033730158726 0.029348544973544975 0.021321924603174603
2 0.41101851851851856 0.4262375992063492 0.022417328042328044 0.02052827380952381
2 0.4539219576719577 0.46607390873015875 0.023392857142857142 0.017490079365079365
2 0.5244940476190476 0.49001984126984127 0.028812830687830686 0.021646825396825397
2 0.402337962962963 0.658328373015873 0.023082010582010582 0.016294642857142858
2 0.4049636243386243 0.7146279761904762 0.018792989417989417 0.013581349206349206
2 0.3677777777777778 0.7616046626984126 0.01652116402116402 0.013695436507936507
2 0.21718253968253967 0.8056696428571428 0.020717592592592593 0.01593501984126984
2 0.31569113756613754 0.8448536706349206 0.019447751322751325 0.01636656746031746
2 0.48223214285714283 0.7606274801587302 0.019580026455026454 0.015716765873015872
2 0.569487433862434 0.7825520833333334 0.024427910052910055 0.017415674603174603
2 0.5862334656084656 0.7939558531746032 0.02160383597883598 0.016240079365079367
2 0.5682804232804233 0.8198561507936507 0.022017195767195765 0.017269345238095236
2 0.6019841269841271 0.7976264880952382 0.014490740740740742 0.013365575396825397
2 0.659183201058201 0.7485193452380953 0.022500000000000003 0.01615079365079365
2 0.6708730158730158 0.7788293650793651 0.01937169312169312 0.015535714285714286
2 0.6632572751322752 0.8126810515873016 0.021104497354497355 0.017234623015873016
2 0.6172321428571429 0.6695188492063492 0.020367063492063492 0.015431547619047619
2 0.6930224867724867 0.6861458333333333 0.022318121693121692 0.011490575396825397
2 0.7113161375661375 0.7463318452380953 0.017552910052910053 0.012574404761904762
2 0.7000628306878306 0.7987103174603175 0.02367063492063492 0.015535714285714286
2 0.7501951058201058 0.7901959325396826 0.017900132275132277 0.015210813492063492
2 0.5745171957671957 0.5566666666666666 0.0214021164021164 0.014977678571428572
2 0.5816699735449735 0.514640376984127 0.020102513227513226 0.014801587301587302
2 0.5660317460317461 0.5168328373015872 0.01353505291005291 0.010411706349206348
2 0.5947652116402116 0.509451884920635 0.016382275132275134 0.0180828373015873
2 0.6346428571428572 0.5065029761904762 0.01941137566137566 0.015111607142857144
2 0.672774470899471 0.5583060515873016 0.01764880952380952 0.014357638888888889
2 0.680162037037037 0.571297123015873 0.019596560846560845 0.014283234126984129
2 0.6924041005291005 0.5098511904761904 0.012688492063492063 0.011078869047619047
2 0.6984027777777777 0.4949330357142857 0.020790343915343915 0.013427579365079365
2 0.6590575396825397 0.46354662698412696 0.02142857142857143 0.015024801587301587
2 0.6182671957671958 0.44106894841269845 0.017867063492063493 0.012986111111111111
2 0.6216898148148148 0.4511334325396825 0.022096560846560843 0.009799107142857142
2 0.5912466931216931 0.4210739087301587 0.0210515873015873 0.01396329365079365
2 0.5226785714285714 0.4133159722222222 0.017857142857142856 0.01697420634920635
2 0.5287136243386243 0.31385168650793654 0.02212632275132275 0.017993551587301586
2 0.5868882275132276 0.33730406746031744 0.024037698412698413 0.0180828373015873
2 0.6424900793650794 0.33808035714285717 0.016901455026455025 0.014756944444444444
2 0.629808201058201 0.30955109126984126 0.016246693121693124 0.013293650793650793
2 0.6441468253968254 0.2606522817460318 0.025413359788359787 0.018883928571428572
2 0.6138359788359788 0.2404563492063492 0.015509259259259259 0.0184796626984127
2 0.6619907407407407 0.20913690476190477 0.022086640211640213 0.01728422619047619
2 0.6735449735449736 0.21964285714285714 0.021127645502645502 0.014370039682539682
2 0.7450231481481481 0.17174107142857145 0.020396825396825396 0.01759672619047619
2 0.783806216931217 0.20638640873015873 0.017334656084656085 0.015689484126984128
2 0.7420072751322752 0.2417435515873016 0.016967592592592593 0.013249007936507937
2 0.7633234126984126 0.2503000992063492 0.019279100529100528 0.014756944444444444
2 0.713452380952381 0.2687624007936508 0.019679232804232803 0.019499007936507936
2 0.7316600529100529 0.2748809523809524 0.016732804232804235 0.013129960317460316
2 0.8488392857142857 0.2860987103174603 0.017354497354497355 0.01320188492063492
2 0.8832175925925926 0.2624454365079365 0.017189153439153438 0.011741071428571429
2 0.6614054232804233 0.4017410714285714 0.02481812169312169 0.019186507936507936
2 0.6980886243386243 0.40830357142857143 0.018859126984126985 0.016703869047619047
2 0.7092294973544974 0.41865327380952383 0.01998015873015873 0.013754960317460317
2 0.7380522486772486 0.36097718253968253 0.018161375661375663 0.01470982142857143
2 0.7543683862433862 0.357452876984127 0.01683531746031746 0.012819940476190476
2 0.7816567460317461 0.38281001984126983 0.020833333333333332 0.014486607142857141
2 0.8734689153439154 0.38081597222222224 0.014596560846560847 0.010498511904761905
2 0.773968253968254 0.46458333333333335 0.018468915343915343 0.013199404761904761
2 0.7677314814814814 0.49519345238095236 0.020297619047619047 0.014925595238095238
2 0.7853802910052909 0.5128621031746032 0.02048280423280423 0.014171626984126984
2 0.7238359788359788 0.4470262896825397 0.017033730158730158 0.00929811507936508
2 0.7415939153439153 0.565421626984127 0.014841269841269843 0.010054563492063491
2 0.8895734126984127 0.6709771825396825 0.016898148148148148 0.01439484126984127
2 0.9047354497354497 0.6734598214285714 0.021703042328042328 0.011850198412698413
2 0.9538392857142857 0.6478571428571428 0.023184523809523808 0.010094246031746032
2 0.9846130952380951 0.6478125 0.01840277777777778 0.011956845238095239
2 0.9849371693121692 0.7018998015873016 0.017754629629629627 0.012842261904761905
2 0.9679365079365079 0.726108630952381 0.020168650793650794 0.012492559523809524
2 0.9137830687830688 0.7223859126984127 0.01849537037037037 0.012847222222222222
2 0.8537466931216932 0.7263516865079366 0.016762566137566135 0.012006448412698411
2 0.8332308201058202 0.7270411706349206 0.019950396825396826 0.012403273809523808
2 0.8408267195767195 0.7799057539682539 0.013032407407407406 0.015726686507936505
2 0.911683201058201 0.7825223214285715 0.015598544973544974 0.013154761904761905
2 0.9270535714285714 0.7844965277777778 0.01868716931216931 0.011183035714285715
2 0.9466236772486772 0.7719494047619048 0.017857142857142856 0.008588789682539684
2 0.9624371693121693 0.7648784722222222 0.01697420634920635 0.012978670634920635
2 0.9568220899470898 0.8011210317460317 0.018746693121693123 0.012311507936507936