2 0.061282242063492066 0.11430224867724867 0.03305059523809523 0.04131283068783069
2 0.01205109126984127 0.3309722222222222 0.02409970238095238 0.044986772486772485
2 0.23342509920634918 0.3314318783068783 0.02892113095238095 0.040396825396825396
2 0.05233134920634921 0.16709325396825397 0.02203373015873016 0.036722883597883595
2 0.17765128968253968 0.15561838624338623 0.03167410714285714 0.03580687830687831
2 0.013427579365079365 0.3970767195767196 0.02685515873015873 0.03764219576719577
2 0.04716765873015873 0.5164285714285715 0.02685515873015873 0.03580687830687831
2 0.15906001984126986 0.41452050264550266 0.03442956349206349 0.032132936507936506
2 0.1711111111111111 0.28139550264550267 0.02685515873015873 0.03947751322751323
2 0.21242559523809523 0.36172949735449733 0.02409970238095238 0.02937830687830688
2 0.2082936507936508 0.3080224867724868 0.028231646825396826 0.03396825396825397
2 0.2000297619047619 0.3286772486772487 0.02960813492063492 0.03305224867724868
2 0.3225967261904762 0.30067791005291006 0.02685515873015873 0.03764219576719577
2 0.2833482142857143 0.26165674603174605 0.025476190476190475 0.03121362433862434
2 0.30538194444444444 0.2579861111111111 0.02685515873015873 0.025707671957671957
2 0.3136433531746031 0.33786044973544976 0.028231646825396826 0.03488756613756614
2 0.3380877976190476 0.33418650793650795 0.02478918650793651 0.02754298941798942
2 0.3766493055555556 0.35851521164021166 0.023410218253968253 0.03580687830687831
2 0.35771329365079363 0.34795965608465607 0.02409970238095238 0.03488756613756614
2 0.25270585317460315 0.44298280423280423 0.03167410714285714 0.03396825396825397
2 0.20898065476190478 0.45353835978835977 0.025476190476190475 0.03305224867724868
2 0.3191542658730159 0.4810813492063492 0.02409970238095238 0.03488756613756614
2 0.30159474206349207 0.5366269841269842 0.02478918650793651 0.03580687830687831
2 0.35805803571428574 0.4452777777777778 0.015148809523809523 0.018363095238095237
2 0.15974950396825396 0.5453505291005292 0.03580605158730159 0.04406746031746032
2 0.07298859126984128 0.6467989417989418 0.03442956349206349 0.04315145502645503
2 0.10776041666666666 0.6770965608465608 0.03787202380952381 0.03396825396825397
2 0.10638392857142857 0.7321825396825397 0.025476190476190475 0.03580687830687831
2 0.2107018849206349 0.712443783068783 0.027542162698412698 0.04406746031746032
2 0.4420634920634921 0.4980654761904762 0.02478918650793651 0.03029761904761905
2 0.46203125 0.5765641534391535 0.020657242063492065 0.03305224867724868
2 0.4578993055555556 0.6917857142857143 0.02478918650793651 0.03580687830687831
2 0.4375868055555555 0.6509292328042329 0.017214781746031745 0.02386904761904762
2 0.5040352182539682 0.4489484126984127 0.020657242063492065 0.03488756613756614
2 0.522281746031746 0.4663921957671957 0.01859126984126984 0.02386904761904762
2 0.5267584325396825 0.4319642857142857 0.008263888888888888 0.01193452380952381
2 0.541217757936508 0.42966931216931215 0.00550843253968254 0.011018518518518518
2 0.4114211309523809 0.6982109788359788 0.01859126984126984 0.02662367724867725
2 0.3787152777777778 0.6605687830687831 0.016525297619047617 0.024788359788359787
2 0.35805803571428574 0.6426686507936508 0.013772321428571429 0.02203373015873016
2 0.22068700396825394 0.9194742063492063 0.02409970238095238 0.032132936507936506
2 0.2475421626984127 0.8703538359788359 0.028231646825396826 0.03305224867724868
2 0.26578869047619047 0.8400595238095239 0.027542162698412698 0.03121362433862434
2 0.2812822420634921 0.8171064814814815 0.028231646825396826 0.03121362433862434
2 0.30882440476190476 0.8515343915343915 0.030984623015873018 0.03764219576719577
2 0.3470411706349206 0.8019576719576719 0.027542162698412698 0.03764219576719577
2 0.2740525793650794 0.7179497354497354 0.030297619047619045 0.036722883597883595
2 0.27921626984126985 0.6748015873015872 0.02685515873015873 0.036722883597883595
2 0.31708829365079366 0.699130291005291 0.03374007936507936 0.03396825396825397
2 0.3077926587301587 0.7358531746031746 0.023410218253968253 0.03764219576719577
2 0.9688219246031746 0.8988161375661375 0.04269097222222222 0.056921296296296296
2 0.8844717261904762 0.9424272486772487 0.030984623015873018 0.04131283068783069
2 0.7433134920634921 0.7225429894179893 0.025476190476190475 0.03488756613756614
2 0.7257539682539682 0.7207043650793651 0.020657242063492065 0.03488756613756614
2 0.6906374007936508 0.6738822751322752 0.03167410714285714 0.040396825396825396
2 0.6999330357142858 0.6371593915343915 0.03374007936507936 0.04590608465608465
2 0.753640873015873 0.5338723544973545 0.039248511904761904 0.05049603174603174
2 0.6744568452380952 0.5072486772486773 0.03374007936507936 0.04315145502645503
2 0.6968353174603175 0.5692195767195767 0.03167410714285714 0.02386904761904762
2 0.7264434523809524 0.5756448412698413 0.03305059523809523 0.051412037037037034
2 0.6944246031746032 0.579318783068783 0.02960813492063492 0.04774140211640212
2 0.642782738095238 0.5664649470899471 0.02134672619047619 0.02937830687830688
2 0.6596527777777778 0.5467261904761904 0.02203373015873016 0.028462301587301585
2 0.6531101190476191 0.4094708994708995 0.02960813492063492 0.03488756613756614
2 0.853829365079365 0.5219378306878306 0.04131448412698413 0.048660714285714286
2 0.8555505952380952 0.40212632275132276 0.03511656746031746 0.038561507936507936
2 0.932671130952381 0.4971494708994709 0.040625 0.046822089947089945
2 0.9371453373015873 0.5214781746031746 0.03167410714285714 0.02937830687830688
2 0.6813417658730159 0.29608465608465606 0.03236359126984127 0.03396825396825397
2 0.6482911706349206 0.25247685185185187 0.028231646825396826 0.036722883597883595
2 0.6847842261904762 0.10649801587301588 0.03236359126984127 0.04223214285714286
2 0.9902628968253968 0.2749702380952381 0.01947420634920635 0.0651851851851852
2 0.9054712301587302 0.22125992063492064 0.04131448412698413 0.04957671957671957
2 0.981312003968254 0.15240410052910053 0.03737599206349206 0.06610449735449736
2 0.7391815476190476 0.22860449735449734 0.025476190476190475 0.03121362433862434
2 0.713015873015873 0.19509589947089948 0.03236359126984127 0.03764219576719577
2 0.6902926587301588 0.20886574074074074 0.025476190476190475 0.028462301587301585
2 0.803219246031746 0.05875661375661376 0.036495535714285716 0.053250661375661375
2 0.7877256944444445 0.021574074074074072 0.038559027777777775 0.04315145502645503
2 0.5996527777777778 0.27054232804232803 0.007554563492063493 0.009265873015873016
2 0.5901364087301587 0.27416666666666667 0.007251984126984127 0.008462301587301588
2 0.569890873015873 0.28544973544973545 0.007857142857142858 0.010072751322751324
2 0.5720039682539683 0.31324735449735447 0.007251984126984127 0.008462301587301588
2 0.574422123015873 0.33681878306878305 0.006646825396825397 0.00966931216931217
2 0.5800124007936508 0.34003968253968253 0.00574156746031746 0.010476190476190476
2 0.5840922619047619 0.2558366402116402 0.007251984126984127 0.00966931216931217
2 0.5853000992063492 0.24113095238095236 0.004833829365079365 0.009265873015873016
2 0.604186507936508 0.3551488095238095 0.007554563492063493 0.008462301587301588
2 0.6149131944444445 0.3688458994708995 0.007251984126984127 0.01087962962962963
2 0.5973883928571428 0.3863723544973545 0.004231150793650793 0.008862433862433863
2 0.6013144841269841 0.4137698412698413 0.005438988095238095 0.008862433862433863
2 0.6198983134920635 0.3984589947089947 0.007554563492063493 0.007251984126984127