2 0.3588260582010582 0.2856274801587302 0.017291666666666667 0.012380952380952381
2 0.3016435185185185 0.3395684523809524 0.01296957671957672 0.011200396825396825
2 0.2108531746031746 0.32821924603174607 0.011398809523809523 0.007368551587301588
2 0.3260085978835979 0.3494419642857143 0.016114417989417987 0.009136904761904763
2 0.3265972222222222 0.33573660714285714 0.014150132275132276 0.011200396825396825
2 0.3356382275132275 0.3273363095238095 0.015720899470899472 0.008549107142857143
2 0.35135912698412697 0.3286631944444445 0.008647486772486772 0.008253968253968255
2 0.3629530423280423 0.35592757936507935 0.013756613756613757 0.013854166666666666
2 0.3841765873015873 0.3709598214285714 0.021617063492063493 0.016800595238095236
2 0.2829728835978836 0.35784474206349204 0.010218253968253968 0.007073412698412699
2 0.18118055555555554 0.42401785714285717 0.013363095238095236 0.006780753968253968
2 0.11908399470899471 0.4498090277777778 0.007073412698412699 0.004126984126984127
2 0.14404100529100528 0.4626314484126984 0.00982473544973545 0.006780753968253968
2 0.18216269841269842 0.45305307539682543 0.013756613756613757 0.008841765873015873
2 0.23011243386243388 0.4325669642857143 0.01296957671957672 0.008549107142857143
2 0.25821428571428573 0.469265873015873 0.014933862433862433 0.009432043650793651
2 0.2717724867724868 0.45776785714285717 0.016114417989417987 0.010612599206349205
2 0.28218915343915346 0.45305307539682543 0.009431216931216931 0.006485615079365079
2 0.27491732804232805 0.48916170634920636 0.016114417989417987 0.010317460317460317
2 0.2872982804232804 0.47707589285714286 0.014933862433862433 0.006780753968253968
2 0.32718915343915345 0.5071428571428571 0.015327380952380953 0.010905257936507937
2 0.3299404761904762 0.4879811507936508 0.016114417989417987 0.007958829365079367
2 0.3277777777777778 0.47265376984126983 0.008647486772486772 0.009136904761904763
2 0.3434986772486773 0.48518105158730157 0.011005291005291006 0.007073412698412699
2 0.40068121693121694 0.5005084325396826 0.01925925925925926 0.013559027777777777
2 0.38889219576719575 0.5025719246031746 0.008253968253968255 0.008841765873015873
2 0.4156183862433862 0.4938764880952381 0.021617063492063493 0.015622519841269842
2 0.4502017195767196 0.4797296626984127 0.017685185185185186 0.008549107142857143
2 0.3989153439153439 0.4139955357142857 0.013363095238095236 0.009727182539682539
2 0.4926488095238095 0.5109747023809523 0.016901455026455025 0.012085813492063491
2 0.37710317460317455 0.5420709325396825 0.008253968253968255 0.009432043650793651
2 0.31323743386243386 0.5472296626984127 0.014933862433862433 0.009136904761904763
2 0.2992824074074074 0.5491468253968254 0.011398809523809523 0.007073412698412699
2 0.31264550264550267 0.554451884920635 0.00982473544973545 0.0053050595238095235
2 0.5791137566137566 0.40574404761904764 0.016901455026455025 0.012085813492063491
2 0.7278703703703704 0.31053323412698414 0.013363095238095236 0.010317460317460317
2 0.8485284391534391 0.3538640873015873 0.011789021164021163 0.007958829365079367
2 0.8422387566137566 0.39734126984126983 0.011005291005291006 0.008253968253968255
2 0.7337665343915344 0.42519841269841274 0.01650793650793651 0.010317460317460317
2 0.7068452380952381 0.4437673611111111 0.011398809523809523 0.009727182539682539
2 0.6803174603174604 0.44479910714285714 0.017291666666666667 0.010022321428571427
2 0.6355125661375661 0.46808531746031745 0.014933862433862433 0.010612599206349205
2 0.732390873015873 0.4571800595238095 0.015327380952380953 0.008841765873015873
2 0.7437896825396825 0.45408482142857143 0.013756613756613757 0.009136904761904763
2 0.8373280423280423 0.4422941468253968 0.014540343915343914 0.009727182539682539
2 0.8927414021164022 0.43743055555555554 0.010611772486772487 0.007663690476190476
2 0.9114120370370371 0.4626314484126984 0.011789021164021163 0.007368551587301588
2 0.862285052910053 0.4741294642857143 0.014933862433862433 0.007958829365079367
2 0.8367361111111111 0.494171626984127 0.014150132275132276 0.011495535714285715
2 0.8424371693121694 0.5012475198412698 0.016114417989417987 0.010317460317460317
2 0.815515873015873 0.5383878968253969 0.0125760582010582 0.010317460317460317
2 0.8284854497354498 0.5417757936507936 0.017291666666666667 0.009432043650793651
2 0.7369113756613757 0.5408928571428572 0.014933862433862433 0.009432043650793651
2 0.7286574074074074 0.5601984126984126 0.008647486772486772 0.008549107142857143
2 0.5519940476190476 0.5431026785714286 0.016114417989417987 0.010317460317460317
2 0.5912962962962963 0.6204786706349207 0.015327380952380953 0.009432043650793651
2 0.6066236772486773 0.6552604166666667 0.014540343915343914 0.011200396825396825
2 0.5936541005291005 0.6571775793650793 0.015327380952380953 0.010905257936507937
2 0.6268650793650794 0.6664608134920635 0.014933862433862433 0.011790674603174603
2 0.7424140211640211 0.6613045634920636 0.011789021164021163 0.009136904761904763
2 0.7811243386243386 0.6452380952380952 0.014540343915343914 0.008253968253968255
2 0.822390873015873 0.6288789682539683 0.014540343915343914 0.008549107142857143
2 0.945406746031746 0.6389012896825397 0.024758597883597886 0.019159226190476192
2 0.39262566137566135 0.5871701388888888 0.018078703703703704 0.012380952380952381
2 0.4069708994708995 0.5968973214285714 0.012182539682539684 0.008253968253968255
2 0.43644841269841267 0.5677157738095239 0.018472222222222223 0.011790674603174603
2 0.4594378306878307 0.650250496031746 0.010218253968253968 0.009432043650793651
2 0.48498677248677247 0.6496602182539682 0.01650793650793651 0.008841765873015873
2 0.5054232804232804 0.6621875 0.017291666666666667 0.011495535714285715
2 0.5179993386243387 0.6555555555555556 0.014933862433862433 0.012380952380952381
2 0.31972222222222224 0.6254885912698412 0.010611772486772487 0.008253968253968255
2 0.2890641534391534 0.6249007936507937 0.01296957671957672 0.008841765873015873
2 0.33799603174603177 0.6134052579365079 0.011005291005291006 0.008841765873015873
2 0.3645238095238095 0.6225421626984128 0.011398809523809523 0.008253968253968255
2 0.3769047619047619 0.6079513888888889 0.011005291005291006 0.006780753968253968
2 0.32620701058201057 0.6067733134920635 0.011789021164021163 0.007958829365079367
2 0.32915343915343914 0.6141418650793651 0.0074669312169312165 0.006780753968253968
2 0.3061607142857143 0.6182688492063493 0.008647486772486772 0.005600198412698413
2 0.22775462962962964 0.6542286706349206 0.013756613756613757 0.009136904761904763
2 0.23856150793650793 0.6446502976190476 0.017291666666666667 0.011200396825396825
2 0.1192824074074074 0.5798015873015874 0.00904100529100529 0.008841765873015873
2 0.040873015873015874 0.5854017857142858 0.011005291005291006 0.0053050595238095235