2 0.02651124338624339 0.20961309523809524 0.03215608465608465 0.02496279761904762
2 0.014732142857142857 0.2217435515873016 0.029460978835978837 0.02202876984126984
2 0.08714947089947091 0.37842013888888887 0.03302248677248677 0.022214781746031743
2 0.03950396825396825 0.3549925595238095 0.014199735449735448 0.020944940476190478
2 0.09318452380952381 0.9195114087301587 0.029404761904761906 0.029437003968253966
2 0.7150132275132275 0.7399503968253969 0.03217261904761905 0.02006448412698413
2 0.8759490740740741 0.6856597222222222 0.037175925925925925 0.023261408730158733
2 0.9558333333333333 0.7371502976190476 0.026610449735449734 0.011646825396825397
2 0.9582242063492064 0.6702455357142857 0.013855820105820106 0.013100198412698412
2 0.6262731481481482 0.6926190476190476 0.02502314814814815 0.02121279761904762
2 0.556468253968254 0.5857936507936509 0.02568452380952381 0.01797123015873016
2 0.442906746031746 0.6542782738095239 0.022748015873015875 0.01592013888888889
2 0.6673842592592593 0.635811011904762 0.014560185185185186 0.011865079365079367
2 0.6851025132275133 0.5117137896825397 0.027460317460317463 0.01916418650793651
2 0.6131051587301587 0.4449801587301587 0.01997685185185185 0.013447420634920635
2 0.5547949735449735 0.403219246031746 0.024844576719576718 0.01634672619047619
2 0.4134193121693122 0.4765302579365079 0.025142195767195768 0.01830605158730159
2 0.45213624338624336 0.48874007936507935 0.027430555555555555 0.012671130952380953
2 0.41711970899470896 0.5383110119047618 0.02001984126984127 0.01599950396825397
2 0.38876322751322745 0.41205853174603174 0.020922619047619048 0.020870535714285716
2 0.3479960317460317 0.3731845238095238 0.017037037037037038 0.009813988095238096
2 0.5038690476190476 0.26172371031746033 0.023187830687830688 0.017968750000000002
2 0.5130357142857143 0.21883680555555557 0.026491402116402118 0.015793650793650794
2 0.6016005291005291 0.2737202380952381 0.014507275132275132 0.011907242063492062
2 0.726468253968254 0.20718005952380952 0.026729497354497353 0.017757936507936507
2 0.7329861111111111 0.33789434523809525 0.01300595238095238 0.007807539682539682
2 0.9175231481481482 0.34293154761904765 0.028892195767195768 0.01224702380952381
2 0.3158068783068783 0.4538690476190476 0.011021825396825396 0.00744047619047619
2 0.30092592592592593 0.45407490079365076 0.011021825396825396 0.006200396825396825
2 0.23616732804232804 0.41315228174603175 0.013779761904761906 0.008680555555555556
2 0.18243055555555554 0.3974454365079365 0.013227513227513227 0.006200396825396825
2 0.19538029100529103 0.4212127976190476 0.008267195767195767 0.009094742063492063
2 0.2295535714285714 0.4639955357142857 0.010472883597883599 0.004546130952380952