1 0.06314373897707232 0.291297123015873 0.08361111111111111 0.04468501984126984
1 0.686384479717813 0.4008705357142857 0.06645061728395062 0.0396577380952381
1 0.8929056437389771 0.3879613095238095 0.048007054673721336 0.02736607142857143
1 0.16211640211640213 0.4676760912698413 0.06620370370370371 0.0434375
1 0.9481305114638449 0.42347222222222225 0.04965167548500882 0.03209325396825397
1 0.30115520282186947 0.86171875 0.07398589065255733 0.044047619047619044
1 0.8780246913580246 0.7249776785714286 0.05640652557319224 0.03567212301587302
1 0.5479409171075837 0.6632787698412699 0.05858465608465609 0.03591269841269842
1 0.9197001763668431 0.3245287698412698 0.047345679012345675 0.029627976190476187
1 0.0156657848324515 0.26672371031746034 0.031335978835978835 0.04538442460317461
1 0.2675088183421517 0.2383110119047619 0.05138888888888889 0.03078125
1 0.9272001763668429 0.588375496031746 0.050661375661375664 0.031688988095238096
1 0.9521913580246915 0.5565625 0.03903880070546738 0.021507936507936507
1 0.9548765432098765 0.3390972222222222 0.04400352733686067 0.027767857142857143
1 0.7871781305114638 0.26239087301587305 0.04447971781305114 0.02574156746031746
1 0.7778835978835978 0.27354414682539685 0.049634038800705466 0.026917162698412697
1 0.6504850088183421 0.24287946428571427 0.03343033509700176 0.021153273809523813
1 0.6406437389770723 0.16400297619047619 0.04555114638447972 0.02820436507936508
1 0.5841005291005291 0.19631696428571427 0.05170634920634921 0.028432539682539684
1 0.605758377425044 0.14102926587301587 0.04058641975308642 0.02552579365079365
1 0.5795238095238094 0.08442460317460317 0.05549382716049383 0.032063492063492065
1 0.29927248677248675 0.19086557539682542 0.04612433862433862 0.027594246031746032
1 0.3076675485008818 0.15391121031746033 0.04105820105820106 0.02210813492063492
1 0.24977954144620812 0.1490749007936508 0.048884479717813054 0.029543650793650796
1 0.39501763668430334 0.2646329365079365 0.06387125220458555 0.034246031746031746
1 0.2632936507936508 0.26712053571428573 0.049082892416225744 0.028152281746031748
1 0.021432980599647267 0.4288219246031746 0.04286596119929453 0.026535218253968252
1 0.744426807760141 0.5423065476190476 0.05126984126984127 0.028102678571428574
1 0.8416313932980599 0.4928943452380952 0.035811287477954146 0.02185019841269841
1 0.1053615520282187 0.501438492063492 0.03196649029982363 0.013782242063492064
1 0.27256613756613757 0.6792733134920634 0.05401675485008819 0.03134920634920635
1 0.979320987654321 0.6430059523809524 0.04135802469135803 0.031041666666666665
1 0.04319664902998236 0.4072420634920635 0.04366843033509701 0.024918154761904763
1 0.03602733686067019 0.3836359126984127 0.03263668430335097 0.016924603174603172
1 0.019263668430335095 0.3109523809523809 0.03852733686067019 0.02451388888888889
1 0.04741622574955909 0.23756448412698414 0.07077601410934745 0.03656994047619047