1 0.6106172839506173 0.3995734126984127 0.08165343915343916 0.05181795634920635
1 0.6990652557319224 0.4266046626984127 0.07761904761904762 0.0484375
1 0.17915784832451498 0.19525545634920635 0.0704320987654321 0.04760168650793651
1 0.7489991181657848 0.3482440476190476 0.07659611992945327 0.050384424603174605
1 0.07722222222222222 0.28559523809523807 0.07156084656084656 0.0436235119047619
1 0.2859435626102293 0.23085813492063492 0.06898148148148148 0.03955605158730159
1 0.5161728395061729 0.1566344246031746 0.07974867724867725 0.05043402777777778
1 0.9119091710758378 0.44700396825396826 0.06655202821869488 0.037450396825396824
1 0.35304232804232805 0.10700892857142856 0.03923721340388007 0.033549107142857144
1 0.4769135802469136 0.39524305555555556 0.062358906525573195 0.036324404761904766
1 0.11920194003527337 0.012507440476190476 0.051393298059964725 0.02501488095238095
1 0.45941798941798945 0.7235863095238095 0.05762786596119929 0.04156994047619048
1 0.30185185185185187 0.09182291666666667 0.06650352733686067 0.042299107142857145
1 0.24012345679012348 0.1848263888888889 0.057067901234567904 0.034347718253968255
1 0.9670590828924162 0.5272271825396826 0.0528615520282187 0.030969742063492064
1 0.2241225749559083 0.23693204365079365 0.0583641975308642 0.03758680555555556
1 0.9569973544973545 0.012638888888888889 0.056212522045855376 0.025277777777777777
1 0.11517636684303352 0.8762723214285715 0.07204585537918871 0.04511656746031746
1 0.7675573192239858 0.5923759920634921 0.052654320987654324 0.034176587301587305
1 0.44149911816578485 0.4459920634920635 0.052654320987654324 0.0284796626984127
1 0.5068121693121693 0.4753249007936508 0.02734126984126984 0.016517857142857143
1 0.5240255731922399 0.5448164682539682 0.03949294532627866 0.02107390873015873
1 0.841984126984127 0.8814434523809523 0.05164462081128748 0.03474454365079365
1 0.8921075837742504 0.8706225198412698 0.048606701940035274 0.0393030753968254
1 0.9159038800705467 0.6994593253968253 0.06176807760141094 0.034176587301587305
1 0.5371913580246913 0.3500148809523809 0.049616402116402114 0.032467757936507934
1 0.18935626102292769 0.8649255952380953 0.06278218694885361 0.043859126984126987
1 0.27644179894179893 0.8797371031746032 0.08100970017636684 0.046135912698412704
1 0.30479717813051144 0.872046130952381 0.048606701940035274 0.029618055555555557
1 0.867526455026455 0.021954365079365077 0.05005731922398589 0.027681051587301587
1 0.5137301587301588 0.014317956349206348 0.043271604938271604 0.02290674603174603
1 0.3758465608465608 0.2590277777777778 0.0329320987654321 0.02080109126984127
1 0.4272707231040564 0.2760887896825397 0.0364021164021164 0.021125992063492065
1 0.33684744268077604 0.21466517857142856 0.03929012345679012 0.021125992063492065
1 0.2808024691358025 0.4541914682539682 0.03466490299823633 0.019174107142857142
1 0.41426807760141093 0.452078373015873 0.024268077601410934 0.013650793650793651
1 0.5803835978835978 0.5073288690476191 0.02484567901234568 0.017549603174603176
1 0.559294532627866 0.42818948412698415 0.030044091710758378 0.018524305555555554
1 0.2761816578483245 0.3271155753968254 0.03466490299823633 0.017874503968253967
1 0.25768959435626104 0.5744419642857143 0.031199294532627868 0.017224702380952382
1 0.7976278659611993 0.7637549603174604 0.043333333333333335 0.02534970238095238