1 0.7857231040564374 0.5809151785714286 0.061979717813051144 0.03651537698412698
1 0.77331569664903 0.2030481150793651 0.06744268077601412 0.038487103174603174
1 0.8546296296296296 0.4470287698412699 0.0540299823633157 0.03005952380952381
1 0.32516754850088186 0.48556051587301585 0.0662389770723104 0.04514632936507937
1 0.11475749559082891 0.2989558531746032 0.05954144620811287 0.036284722222222225
1 0.5442548500881834 0.33830109126984126 0.08085978835978835 0.038494543650793654
1 0.7257407407407408 0.5364806547619048 0.03670634920634921 0.0316046626984127
1 0.30730599647266316 0.01054563492063492 0.07792768959435627 0.02109126984126984
1 0.3749426807760141 0.21359375 0.10586419753086419 0.05665426587301588
1 0.4128042328042328 0.17079117063492064 0.06395943562610229 0.03639136904761905
1 0.46610229276895937 0.4898363095238095 0.07498677248677249 0.03680555555555556
1 0.5142592592592592 0.5181646825396825 0.0771957671957672 0.02812003968253968
1 0.42419753086419754 0.6504960317460318 0.07645943562610229 0.03639136904761905
1 0.16247354497354496 0.5607589285714286 0.06616402116402116 0.0289484126984127
1 0.9208112874779542 0.5588963293650793 0.059550264550264555 0.03184275793650793
1 0.692173721340388 0.48156498015873017 0.04337742504409171 0.02109126984126984
1 0.36906084656084653 0.670344742063492 0.061754850088183426 0.029774305555555554
2 0.359673721340388 0.7837177579365079 0.046168430335097 0.025969742063492063
1 0.8824338624338623 0.15498511904761905 0.05510582010582011 0.03518601190476191
1 0.9706305114638447 0.3346825396825397 0.058738977072310405 0.034347718253968255
1 0.752041446208113 0.6956398809523809 0.05701940035273368 0.027648809523809523