1 0.44670194003527336 0.4494940476190476 0.041706349206349205 0.028432539682539684
1 0.8790917107583774 0.48844494047619047 0.06371693121693121 0.03712549603174603
1 0.37725749559082894 0.17989087301587303 0.05511463844797178 0.03722470238095238
1 0.9541622574955908 0.4751488095238095 0.04814373897707231 0.03328621031746032
1 0.5517151675485009 0.2713814484126984 0.0687037037037037 0.037418154761904764
1 0.08034391534391534 0.45237103174603177 0.06499559082892416 0.03512896825396825
1 0.6876807760141094 0.6045982142857143 0.06176807760141094 0.03772569444444445
1 0.7009479717813051 0.4027306547619047 0.05540123456790124 0.032279265873015876
1 0.8471560846560846 0.04484375 0.05602733686067019 0.03450644841269841
1 0.7680776014109347 0.25442956349206347 0.0665873015873016 0.04577132936507937
1 0.08375661375661377 0.5677852182539682 0.059620811287477954 0.030376984126984127
1 0.5953659611992945 0.838655753968254 0.059554673721340386 0.033625992063492066
1 0.06701940035273368 0.18795386904761907 0.044748677248677246 0.02529265873015873
1 0.5790961199294533 0.2990352182539683 0.0582010582010582 0.03351934523809524
1 0.9380291005291005 0.39018601190476193 0.05533950617283951 0.03459077380952381
1 0.4833024691358025 0.315890376984127 0.06471781305114639 0.03459821428571429
1 0.5622354497354498 0.6514608134920635 0.052037037037037034 0.033754960317460315
1 0.953615520282187 0.11394593253968253 0.05639770723104056 0.037212301587301586
1 0.44211640211640213 0.13948660714285713 0.05875220458553792 0.03335069444444445
1 0.5708333333333334 0.6114930555555556 0.05521604938271605 0.03164434523809524
1 0.3627425044091711 0.26506448412698413 0.05067901234567901 0.031103670634920633
1 0.6957716049382716 0.3695114087301587 0.05468253968253968 0.03298611111111111
1 0.1325 0.43451140873015875 0.06365961199294533 0.03543898809523809
1 0.6646340388007055 0.40736855158730156 0.04364638447971781 0.030535714285714288
1 0.18472663139329806 0.46791418650793654 0.06305114638447971 0.038390376984126985
1 0.24570546737213403 0.6921999007936508 0.03711640211640212 0.026220238095238095
1 0.7417989417989418 0.4502554563492064 0.059731040564373894 0.03905753968253968
1 0.9519664902998236 0.4399702380952381 0.04681216931216931 0.028784722222222222
1 0.06398148148148149 0.34535714285714286 0.06384920634920635 0.03650545634920635
1 0.20483245149911816 0.27544146825396826 0.06145943562610229 0.03366567460317461
1 0.32868165784832454 0.8454340277777778 0.04129188712522046 0.02546378968253968
1 0.35294973544973546 0.745672123015873 0.0423015873015873 0.030793650793650793
1 0.3020679012345679 0.7455158730158731 0.041366843033509695 0.02751736111111111
1 0.2078130511463845 0.13036706349206348 0.04542328042328042 0.027591765873015872
1 0.27021604938271604 0.15059523809523812 0.055396825396825396 0.031004464285714288
1 0.09764991181657848 0.1784970238095238 0.038880070546737214 0.02243799603174603
1 0.10004850088183422 0.204484126984127 0.04148148148148148 0.02218998015873016
1 0.10598324514991182 0.30785218253968255 0.040401234567901234 0.02246527777777778
1 0.1481437389770723 0.30348462301587303 0.0367283950617284 0.021081349206349208
1 0.09912257495590829 0.5546502976190476 0.058611111111111114 0.029047619047619048
1 0.14142857142857143 0.5368179563492063 0.059276895943562606 0.03164186507936508
1 0.07689594356261023 0.49078125 0.057795414462081134 0.031262400793650794
1 0.2464109347442681 0.4722247023809524 0.05815255731922398 0.028561507936507937
1 0.12451499118165783 0.5054241071428571 0.053712522045855374 0.028970734126984126
1 0.21620811287477953 0.5812400793650794 0.04925485008818342 0.025146329365079365
1 0.16430335097001764 0.5920188492063492 0.05231922398589065 0.027881944444444445
1 0.2860405643738977 0.6633110119047618 0.036710758377425046 0.022294146825396825
1 0.20484126984126982 0.711842757936508 0.04919753086419753 0.026450892857142857
1 0.33421075837742503 0.6828224206349206 0.05479276895943563 0.028526785714285713
1 0.42836860670194005 0.6809672619047619 0.06080246913580247 0.030887896825396825
1 0.3860008818342152 0.839109623015873 0.04513668430335097 0.02593998015873016
1 0.2923853615520282 0.8548834325396825 0.04615520282186949 0.024087301587301588
1 0.25004409171075836 0.8544766865079365 0.03488536155202822 0.020848214285714286
1 0.7693606701940036 0.8919097222222222 0.06737654320987654 0.03620039682539683
1 0.7156569664902998 0.9177356150793651 0.07404320987654321 0.04257936507936508
1 0.587610229276896 0.8535168650793651 0.04825396825396825 0.02681795634920635
1 0.6567283950617284 0.8479489087301587 0.062336860670194 0.03390128968253968
1 0.6938800705467372 0.8211607142857144 0.07078924162257497 0.03619295634920635
1 0.851574074074074 0.8381820436507937 0.05403439153439153 0.02914434523809524
1 0.9455776014109348 0.7994320436507937 0.07111111111111111 0.042532242063492064
1 0.6534832451499117 0.7290625 0.062323633156966485 0.04024305555555555
1 0.3510361552028219 0.769811507936508 0.04705467372134039 0.02032738095238095
1 0.32674603174603173 0.7534474206349207 0.044704585537918874 0.024037698412698413
1 0.8371825396825396 0.6529737103174603 0.05403880070546737 0.027125496031746032
1 0.966252204585538 0.5893824404761905 0.06064373897707231 0.03232142857142857
1 0.8627380952380953 0.4225744047619047 0.06757495590828924 0.036941964285714286
1 0.7715828924162258 0.4038144841269841 0.06636243386243386 0.03464285714285714
1 0.5366666666666667 0.16290426587301587 0.06335097001763669 0.03315724206349206
1 0.6119885361552029 0.29935267857142855 0.05304673721340388 0.029751984126984127
1 0.41712962962962963 0.3581597222222222 0.06059964726631393 0.03199156746031746
1 0.40554232804232804 0.4319543650793651 0.04900352733686067 0.029593253968253967
1 0.2521913580246914 0.32763888888888887 0.04889329805996473 0.03349454365079366
1 0.14631393298059964 0.6483258928571429 0.03037477954144621 0.014794146825396825
1 0.08535273368606702 0.6266493055555555 0.02396825396825397 0.010910218253968254
1 0.4842416225749559 0.7173214285714286 0.04728835978835979 0.02829861111111111
1 0.38993827160493827 0.5499429563492063 0.05777336860670194 0.034208829365079366
1 0.4372839506172839 0.5690401785714285 0.06131834215167548 0.031108630952380954
1 0.39431657848324514 0.49580853174603173 0.05333333333333333 0.02977926587301587
1 0.3122795414462081 0.6044419642857143 0.05679894179894179 0.029042658730158728
1 0.3491931216931217 0.37721974206349207 0.046415343915343917 0.025781250000000002
1 0.3882451499118166 0.7442212301587301 0.048201058201058196 0.026230158730158732
1 0.45406084656084655 0.7798834325396825 0.04564373897707231 0.027113095238095235