1 0.5077028218694886 0.2805357142857143 0.044673721340388 0.027646329365079363
1 0.3431305114638448 0.39348710317460317 0.046331569664903 0.025699404761904764
1 0.6387345679012346 0.13894345238095238 0.04499559082892416 0.030052083333333333
1 0.872173721340388 0.19074156746031748 0.043293650793650794 0.026396329365079366
1 0.9478174603174604 0.3272470238095238 0.031970899470899476 0.02544890873015873
1 0.7171075837742504 0.21398065476190475 0.03744708994708995 0.028189484126984125
1 0.9070502645502646 0.2002405753968254 0.03745149911816578 0.02376488095238095
1 0.5248500881834215 0.3259176587301587 0.03715167548500882 0.02913938492063492
1 0.8695987654320988 0.14195188492063493 0.04716049382716049 0.029422123015873016
1 0.9243077601410934 0.3863839285714286 0.032367724867724865 0.02417906746031746
1 0.511384479717813 0.497594246031746 0.040873015873015874 0.024523809523809524
1 0.34883597883597883 0.67796875 0.04424603174603174 0.02638888888888889
1 0.9704100529100529 0.40568204365079363 0.03104056437389771 0.02322420634920635
1 0.22427248677248676 0.24164434523809522 0.02992063492063492 0.016076388888888887
1 0.7229100529100528 0.5042633928571428 0.04497354497354497 0.02470734126984127
2 0.2715828924162258 0.6795213293650794 0.022235449735449737 0.015441468253968254
1 0.9073059964726631 0.33469742063492064 0.040612874779541445 0.02233134920634921
1 0.2620194003527337 0.22877728174603174 0.03128747795414462 0.018226686507936508
1 0.2868783068783069 0.2334920634920635 0.028492063492063496 0.015711805555555555
1 0.49358906525573193 0.14314236111111112 0.026256613756613756 0.017911706349206347
1 0.44414902998236333 0.12758680555555554 0.02234567901234568 0.016341765873015873
1 0.6195723104056438 0.08610615079365079 0.03798941798941799 0.021369047619047617
1 0.806168430335097 0.1890252976190476 0.03687389770723104 0.019799107142857143
1 0.5117460317460318 0.32839781746031743 0.03128747795414462 0.021999007936507938
1 0.17458553791887124 0.22924851190476192 0.032962962962962965 0.01728422619047619
1 0.14050705467372135 0.25171875 0.022905643738977074 0.011941964285714285
1 0.07151234567901235 0.3654786706349206 0.02123015873015873 0.013199404761904761
1 0.4921957671957672 0.44765625000000003 0.049162257495590826 0.02796875
1 0.5776719576719577 0.46572668650793647 0.0469268077601411 0.026396329365079366
1 0.5824206349206349 0.6252108134920634 0.03854938271604939 0.022941468253968252
1 0.597226631393298 0.6511359126984128 0.040224867724867726 0.02074156746031746
1 0.5338139329805996 0.7502852182539683 0.04525132275132275 0.025453869047619048
1 0.5581172839506172 0.6564781746031746 0.034638447971781304 0.02451140873015873
1 0.2617416225749559 0.7009474206349205 0.0441358024691358 0.024826388888888887
1 0.3505687830687831 0.696388888888889 0.0351984126984127 0.018226686507936508
1 0.3061552028218695 0.6940327380952381 0.03687389770723104 0.025453869047619048
2 0.264810405643739 0.7757390873015874 0.023465608465608464 0.016026785714285716
2 0.7595194003527337 0.6839756944444444 0.020670194003527338 0.010369543650793652
1 0.28235890652557316 0.5749007936507936 0.041657848324514996 0.02291170634920635
1 0.9946516754850088 0.4392261904761905 0.010696649029982365 0.008110119047619048
1 0.3333686067019401 0.18615575396825398 0.028386243386243383 0.016356646825396826
1 0.22951499118165783 0.31078125 0.036693121693121694 0.01869295634920635
1 0.4376587301587302 0.27813988095238096 0.03965167548500882 0.02230406746031746
1 0.40244268077601414 0.24784722222222225 0.03432539682539682 0.018308531746031743
1 0.3896957671957672 0.5026785714285714 0.039885361552028216 0.02243551587301587
1 0.4403747795414462 0.5099355158730159 0.0370679012345679 0.024283234126984125
1 0.7990520282186949 0.5347643849206349 0.031653439153439156 0.01748015873015873
1 0.7685537918871251 0.6247544642857144 0.02589506172839506 0.014243551587301588
1 0.806247795414462 0.6020957341269841 0.025321869488536156 0.013596230158730158