2 0.10461061507936509 0.11343915343915345 0.03310515873015873 0.0397255291005291
2 0.06885664682539683 0.31647817460317457 0.010592757936507937 0.03619378306878307
2 0.06985119047619047 0.179646164021164 0.03509176587301587 0.03619378306878307
2 0.0923611111111111 0.20259920634920633 0.031118551587301587 0.041491402116402114
2 0.07779513888888889 0.32044973544973543 0.032442956349206346 0.04060846560846561
2 0.21087549603174602 0.29926256613756613 0.027145337301587302 0.031779100529100525
2 0.04468998015873016 0.5173115079365079 0.04303571428571429 0.04590608465608465
2 0.09931299603174604 0.4899470899470899 0.03310515873015873 0.037076719576719576
2 0.30720982142857145 0.3376653439153439 0.025158730158730158 0.03266203703703704
2 0.31382936507936504 0.41181878306878306 0.015890376984126982 0.02560185185185185
2 0.260530753968254 0.32839616402116406 0.021847718253968255 0.028250661375661377
2 0.3015823412698413 0.5155456349206349 0.023172123015873018 0.030013227513227516
2 0.24497271825396827 0.5508564814814815 0.01986359126984127 0.028250661375661377
2 0.3724255952380952 0.5768981481481481 0.011254960317460318 0.020304232804232804
2 0.3287276785714286 0.5601256613756613 0.01920138888888889 0.02560185185185185
2 0.3168105158730159 0.5954398148148148 0.01920138888888889 0.02736772486772487
2 0.35322420634920637 0.5826388888888889 0.012579365079365079 0.015889550264550262
2 0.38831597222222225 0.6585582010582011 0.016552579365079364 0.017655423280423282
2 0.33236855158730155 0.7163789682539682 0.014565972222222221 0.020304232804232804
2 0.2717881944444444 0.78567791005291 0.020525793650793652 0.028250661375661377
2 0.28469742063492065 0.8223148148148147 0.017214781746031745 0.020304232804232804
2 0.2191517857142857 0.7962731481481481 0.027807539682539684 0.03884259259259259
2 0.18670882936507935 0.6250099206349207 0.027807539682539684 0.030013227513227516
2 0.12645833333333334 0.6135350529100528 0.025158730158730158 0.02648478835978836
2 0.12910714285714284 0.6400198412698412 0.015890376984126982 0.02118716931216931
2 0.22080605158730157 0.9719444444444444 0.024496527777777777 0.03884259259259259
2 0.2009449404761905 0.9564980158730159 0.016552579365079364 0.023835978835978835
2 0.16916418650793652 0.9185383597883597 0.02582093253968254 0.03442791005291005
2 0.19465525793650795 0.9233928571428572 0.030456349206349206 0.031779100529100525
2 0.1473139880952381 0.8426190476190476 0.031118551587301587 0.041491402116402114
2 0.17578373015873017 0.8620403439153439 0.020525793650793652 0.030896164021164022
2 0.23338541666666665 0.869100529100529 0.01920138888888889 0.02560185185185185
2 0.23835069444444443 0.8443849206349207 0.01324156746031746 0.020304232804232804
2 0.23901289682539684 0.718587962962963 0.018539186507936508 0.02118716931216931
2 0.8130456349206349 0.21848875661375664 0.025158730158730158 0.030896164021164022
2 0.8309201388888889 0.2586574074074074 0.01986359126984127 0.022953042328042326
2 0.8325768849206349 0.32089285714285715 0.023172123015873018 0.029130291005291006
2 0.8491294642857143 0.36944444444444446 0.017876984126984127 0.02736772486772487
2 0.9404960317460317 0.2564484126984127 0.016552579365079364 0.02560185185185185
2 0.9808829365079366 0.22555224867724868 0.03376736111111111 0.03442791005291005
2 0.9812152777777778 0.3041203703703704 0.021187996031746033 0.02560185185185185
2 0.8471428571428571 0.45949074074074076 0.021847718253968255 0.029130291005291006
2 0.8315823412698413 0.46257936507936503 0.017214781746031745 0.022953042328042326
2 0.8176785714285715 0.4215310846560847 0.025158730158730158 0.02736772486772487
2 0.7554439484126984 0.2873478835978836 0.017214781746031745 0.02207010582010582
2 0.7478298611111112 0.29308531746031746 0.015228174603174603 0.02118716931216931
2 0.7269742063492063 0.28867063492063494 0.017214781746031745 0.02118716931216931
2 0.7249875992063493 0.23526124338624338 0.014565972222222221 0.016772486772486772
2 0.7150545634920634 0.2657175925925926 0.015890376984126982 0.017655423280423282
2 0.7041319444444444 0.274103835978836 0.009930555555555555 0.015006613756613758
2 0.6981721230158731 0.2816071428571429 0.011254960317460318 0.012357804232804232
2 0.6409027777777777 0.2679265873015873 0.011917162698412698 0.015006613756613758
2 0.662420634920635 0.25379960317460315 0.009930555555555555 0.011474867724867726
2 0.586609623015873 0.3288359788359788 0.007943948412698413 0.01324074074074074
2 0.614749503968254 0.3769477513227514 0.013903769841269842 0.012357804232804232
2 0.6269990079365079 0.3460515873015873 0.010592757936507937 0.014123677248677248
2 0.6455357142857143 0.3535548941798942 0.01324156746031746 0.01324074074074074
2 0.634280753968254 0.40519841269841267 0.011917162698412698 0.010591931216931217
2 0.6217013888888888 0.4109358465608466 0.007943948412698413 0.011474867724867726
2 0.62203125 0.4334457671957672 0.008606150793650794 0.010591931216931217
2 0.6200471230158731 0.4524272486772487 0.008606150793650794 0.011474867724867726
2 0.6528199404761905 0.4321230158730159 0.011917162698412698 0.015006613756613758
2 0.6392460317460318 0.440952380952381 0.012579365079365079 0.018538359788359788
2 0.7011507936507937 0.426385582010582 0.018539186507936508 0.02118716931216931
2 0.701483134920635 0.4590476190476191 0.013903769841269842 0.017655423280423282
2 0.8524379960317461 0.5495337301587302 0.02582093253968254 0.02736772486772487
2 0.7769618055555556 0.5460019841269841 0.020525793650793652 0.023835978835978835
2 0.6872470238095238 0.5486507936507936 0.015890376984126982 0.016772486772486772
2 0.892827380952381 0.604265873015873 0.023172123015873018 0.03442791005291005
2 0.9252678571428571 0.6537037037037037 0.031118551587301587 0.03442791005291005
2 0.8074181547619048 0.647962962962963 0.012579365079365079 0.010591931216931217
2 0.8435019841269841 0.7380092592592592 0.018539186507936508 0.028250661375661377
2 0.8385342261904761 0.7684656084656085 0.01920138888888889 0.02560185185185185
2 0.892827380952381 0.749484126984127 0.027145337301587302 0.031779100529100525
2 0.9226215277777778 0.7499239417989418 0.020525793650793652 0.02736772486772487
2 0.6847619047619048 0.6381481481481481 0.012569444444444444 0.01675925925925926
2 0.6679489087301588 0.6236904761904761 0.0072271825396825395 0.009636243386243387
2 0.6589930555555555 0.6052546296296296 0.007542162698412698 0.011312830687830688
2 0.6420238095238094 0.6016931216931217 0.008169642857142856 0.00837962962962963
2 0.6307093253968253 0.6004365079365079 0.005657242063492063 0.007542989417989417
2 0.6533358134920635 0.5432440476190477 0.007542162698412698 0.007959656084656085
2 0.6558506944444444 0.5604232804232804 0.008799603174603174 0.009636243386243387
2 0.6439087301587301 0.5702678571428571 0.006284722222222222 0.00921957671957672
2 0.6332242063492063 0.5792757936507936 0.005027281746031746 0.007959656084656085
2 0.6450099206349206 0.5809523809523809 0.004714781746031746 0.007123015873015873
2 0.6255257936507936 0.5849338624338624 0.005342261904761904 0.006703042328042328
2 0.6222247023809524 0.5604232804232804 0.005027281746031746 0.007959656084656085
2 0.6225396825396825 0.536329365079365 0.01005704365079365 0.010892857142857142
2 0.6063566468253968 0.5424041005291005 0.007857142857142858 0.010476190476190476
2 0.6586780753968254 0.4778769841269841 0.01005704365079365 0.011312830687830688
2 0.6622941468253968 0.5013425925925926 0.006599702380952381 0.007959656084656085
2 0.640922619047619 0.4912863756613757 0.005969742063492063 0.007959656084656085
2 0.6325967261904762 0.48730489417989414 0.006284722222222222 0.00837962962962963
2 0.6082415674603174 0.4657275132275132 0.009114583333333334 0.012152777777777778
2 0.5749305555555555 0.43870039682539685 0.005969742063492063 0.005866402116402116
2 0.548531746031746 0.4211011904761905 0.005342261904761904 0.00837962962962963
2 0.48519345238095235 0.4569510582010582 0.004593253968253968 0.0058167989417989415
2 0.49162450396825397 0.45710317460317457 0.005052083333333334 0.006736111111111111
2 0.4871453373015873 0.46337962962962964 0.0034449404761904764 0.0033664021164021164
2 0.48220982142857144 0.4782275132275133 0.002755456349206349 0.0036739417989417986
2 0.47933779761904766 0.47929894179894184 0.0034449404761904764 0.0058167989417989415
2 0.4753199404761905 0.4808300264550264 0.0036731150793650794 0.003981481481481481
2 0.47210565476190475 0.5126719576719576 0.0036731150793650794 0.004593253968253969
2 0.4704985119047619 0.5183366402116403 0.0032142857142857147 0.005512566137566138
2 0.4651016865079365 0.5134391534391535 0.0025248015873015873 0.0036739417989417986
2 0.4614285714285714 0.5149669312169313 0.002986111111111111 0.0036739417989417986
2 0.4512103174603175 0.5111408730158731 0.002755456349206349 0.0027546296296296294
2 0.452358630952381 0.5178769841269841 0.0018377976190476191 0.003981481481481481
2 0.4579836309523809 0.5031812169312169 0.0025248015873015873 0.0027546296296296294
2 0.4644122023809524 0.5030291005291005 0.0016071428571428573 0.0036739417989417986
2 0.4587872023809524 0.5085383597883598 0.002296626984126984 0.0024503968253968256
2 0.47704117063492063 0.5057837301587301 0.003903769841269841 0.004897486772486773
2 0.4785342261904762 0.4903207671957672 0.0036731150793650794 0.004593253968253969
2 0.479109623015873 0.4858829365079365 0.0025248015873015873 0.0036739417989417986
2 0.4962152777777778 0.47562499999999996 0.004593253968253968 0.0058167989417989415
2 0.4924280753968254 0.474401455026455 0.004362599206349206 0.0033664021164021164
2 0.5060887896825397 0.4630720899470899 0.005969742063492063 0.007040343915343915
2 0.5034499007936508 0.4675132275132275 0.0025248015873015873 0.004897486772486773
2 0.5138963293650795 0.46934854497354495 0.004593253968253968 0.006124338624338624
2 0.5215897817460318 0.4702678571428571 0.00574156746031746 0.007347883597883597
2 0.5287078373015873 0.4763921957671957 0.007118055555555555 0.008571428571428572
2 0.5182589285714285 0.45327711640211643 0.004593253968253968 0.006428571428571429
2 0.5210143849206349 0.4473048941798942 0.005969742063492063 0.006736111111111111
2 0.5323809523809524 0.4416435185185185 0.005280257936507936 0.007040343915343915
2 0.536170634920635 0.4505224867724868 0.005510912698412698 0.008267195767195767
2 0.5466170634920635 0.4685846560846561 0.00574156746031746 0.00765542328042328
2 0.5514409722222222 0.4970568783068783 0.00574156746031746 0.008878968253968254
2 0.555344742063492 0.46429894179894177 0.006200396825396825 0.008878968253968254
2 0.5669394841269841 0.4616964285714286 0.005510912698412698 0.007959656084656085
2 0.4802579365079365 0.5007308201058202 0.003903769841269841 0.0058167989417989415
2 0.4811755952380952 0.5070072751322752 0.003903769841269841 0.005512566137566138
2 0.4849652777777778 0.5027215608465608 0.005969742063492063 0.005512566137566138
2 0.49541170634920634 0.48787367724867725 0.005280257936507936 0.0052050264550264555
2 0.4772718253968254 0.541603835978836 0.0025248015873015873 0.006124338624338624
2 0.4794543650793651 0.5676289682539682 0.004134424603174603 0.005512566137566138
2 0.49265625 0.5844675925925926 0.003903769841269841 0.007347883597883597
2 0.5089608134920636 0.5468088624338624 0.004362599206349206 0.006124338624338624
2 0.5171106150793651 0.5633432539682539 0.005969742063492063 0.007347883597883597
2 0.5134375 0.5843154761904762 0.0036731150793650794 0.0058167989417989415
2 0.5086160714285713 0.5850793650793651 0.004134424603174603 0.006124338624338624
2 0.5039087301587302 0.569619708994709 0.005280257936507936 0.00765542328042328
2 0.5258382936507936 0.5492592592592592 0.005052083333333334 0.007959656084656085
2 0.5220486111111111 0.5380853174603175 0.005280257936507936 0.006428571428571429
2 0.5146999007936508 0.5334920634920635 0.004821428571428572 0.006428571428571429
2 0.5136681547619047 0.5385416666666667 0.0036731150793650794 0.005512566137566138
2 0.5064335317460318 0.5325727513227513 0.003903769841269841 0.007040343915343915
2 0.5023015873015872 0.5315013227513228 0.005280257936507936 0.006124338624338624
2 0.5004637896825397 0.535327380952381 0.004362599206349206 0.0052050264550264555
2 0.48542410714285716 0.526603835978836 0.0036731150793650794 0.005512566137566138
2 0.4969047619047619 0.5160416666666666 0.004134424603174603 0.006428571428571429
2 0.5054017857142857 0.5244609788359789 0.004134424603174603 0.006736111111111111
2 0.5000049603174603 0.5198677248677248 0.0034449404761904764 0.006736111111111111
2 0.5011532738095238 0.5088458994708994 0.005280257936507936 0.006124338624338624
2 0.5031051587301587 0.5021097883597884 0.005052083333333334 0.006736111111111111
2 0.5125198412698413 0.5164980158730159 0.005969742063492063 0.006736111111111111
2 0.5218179563492062 0.5209391534391534 0.006200396825396825 0.00765542328042328
2 0.5142410714285715 0.500271164021164 0.004821428571428572 0.006124338624338624
2 0.5194072420634921 0.502417328042328 0.005052083333333334 0.006736111111111111
2 0.5234250992063492 0.48986441798941793 0.00574156746031746 0.007959656084656085
2 0.5343328373015873 0.5319609788359788 0.005510912698412698 0.006428571428571429
2 0.5589037698412699 0.5197156084656084 0.005052083333333334 0.006428571428571429
2 0.5677430555555555 0.5056316137566137 0.003903769841269841 0.0058167989417989415
2 0.579109623015873 0.5261441798941798 0.004593253968253968 0.006428571428571429
2 0.5669394841269841 0.5432870370370371 0.005510912698412698 0.007040343915343915
2 0.5506374007936509 0.5592096560846561 0.005969742063492063 0.008267195767195767
2 0.5578695436507937 0.5683928571428571 0.005280257936507936 0.008267195767195767
2 0.5687772817460317 0.5754365079365079 0.005969742063492063 0.00949074074074074
2 0.562576884920635 0.6160019841269841 0.004593253968253968 0.006736111111111111
2 0.604828869047619 0.5019576719576719 0.010562996031746033 0.014388227513227513
2 0.6118303571428572 0.5033333333333333 0.01033234126984127 0.011633597883597883
2 0.6040228174603175 0.5134391534391535 0.00941468253968254 0.01224537037037037
2 0.5687921626984127 0.6223875661375661 0.004781746031746032 0.007030423280423281
2 0.5773735119047618 0.6173214285714286 0.0042906746031746035 0.006375661375661376
2 0.5832589285714286 0.5728571428571428 0.0064980158730158725 0.008664021164021164
2 0.582093253968254 0.5824206349206349 0.006130952380952381 0.008174603174603175
2 0.590920138888889 0.581359126984127 0.006130952380952381 0.008991402116402116
2 0.5896329365079366 0.5894510582010583 0.006006944444444444 0.008174603174603175
2 0.583625992063492 0.6064517195767196 0.006252480158730159 0.008174603174603175
2 0.5808060515873016 0.6111904761904762 0.006252480158730159 0.007192460317460317
2 0.6006051587301587 0.6120072751322752 0.008335813492063492 0.0088260582010582
2 0.605265376984127 0.6248412698412699 0.005885416666666666 0.007354497354497354
2 0.5931274801587301 0.6210813492063493 0.006374007936507936 0.008991402116402116