1 0.6021075837742504 0.054702380952380954 0.04693562610229277 0.03085565476190476
1 0.9146252204585538 0.5088839285714286 0.055202821869488536 0.02607638888888889
1 0.7739021164021164 0.3838690476190476 0.056644620811287474 0.027529761904761904
1 0.022552910052910054 0.1928125 0.04510582010582011 0.040592757936507934
1 0.5594223985890653 0.5827678571428571 0.06145943562610229 0.03272569444444444
1 0.4998544973544974 0.40893601190476186 0.06792328042328043 0.033482142857142856
1 0.743015873015873 0.53625 0.06734567901234569 0.03422371031746032
1 0.195326278659612 0.5944742063492063 0.06370811287477955 0.031307043650793655
1 0.8821031746031746 0.21975694444444444 0.04362433862433862 0.029012896825396827
1 0.5856657848324515 0.6390848214285714 0.061362433862433854 0.03468253968253968
1 0.6248412698412699 0.4899503968253968 0.06826719576719577 0.03816468253968254
1 0.6574691358024691 0.16448164682539684 0.047539682539682535 0.026535218253968252
1 0.6129232804232804 0.6072619047619048 0.06130511463844797 0.03375248015873016
1 0.9864902998236332 0.20991319444444445 0.027019400352733685 0.02847222222222222
1 0.5565828924162257 0.26430555555555557 0.037098765432098765 0.026056547619047618
1 0.5069135802469136 0.279109623015873 0.042733686067019404 0.027934027777777776
1 0.758231922398589 0.33832837301587304 0.05747354497354497 0.03259672619047619
1 0.5452821869488537 0.044136904761904766 0.04844356261022928 0.030086805555555558
1 0.9089153439153439 0.4735987103174603 0.05853615520282186 0.02939732142857143
1 0.36815255731922397 0.01158234126984127 0.03378306878306878 0.02316468253968254
1 0.8538888888888888 0.3336904761904762 0.048884479717813054 0.033095238095238094
1 0.5680070546737214 0.08666914682539682 0.06041887125220458 0.03166666666666667
1 0.7167283950617284 0.20056795634920635 0.04332010582010582 0.028293650793650794
1 0.6782760141093475 0.1905654761904762 0.04687389770723104 0.027311507936507936
1 0.6333333333333334 0.07092757936507937 0.04351851851851852 0.025228174603174603
1 0.8799118165784833 0.22909722222222223 0.04415343915343915 0.022643849206349206
1 0.4661375661375662 0.2955381944444444 0.0384347442680776 0.023571428571428573
1 0.43930776014109346 0.3096329365079365 0.055013227513227514 0.027562003968253968
1 0.9859656084656085 0.39956845238095234 0.028068783068783066 0.028648313492063492
1 0.6490828924162257 0.5339732142857143 0.06220017636684303 0.03125496031746031
1 0.453778659611993 0.629295634920635 0.06927248677248678 0.03602926587301587
1 0.35161816578483246 0.5647519841269841 0.057927689594356256 0.03248263888888889
1 0.29034832451499115 0.5739335317460317 0.059426807760141094 0.03088293650793651
1 0.2413888888888889 0.5859027777777778 0.055030864197530865 0.03609375
1 0.4365784832451499 0.7375496031746033 0.046715167548500885 0.02922123015873016
1 0.4835978835978836 0.745858134920635 0.04343915343915344 0.030096726190476188
1 0.5055864197530865 0.7280778769841271 0.04726190476190476 0.024848710317460318
1 0.93423721340388 0.7094965277777778 0.04330687830687831 0.025572916666666667
1 0.8597707231040564 0.005709325396825397 0.01154320987654321 0.006872519841269842
1 0.849052028218695 0.010354662698412698 0.012486772486772487 0.006326884920634921
1 0.1942283950617284 0.306500496031746 0.06795414462081129 0.03598710317460317
1 0.14912257495590828 0.297609126984127 0.05067019400352734 0.02607390873015873
1 0.12576719576719578 0.5167410714285714 0.06547178130511465 0.03744295634920635
1 0.22960758377425045 0.5353769841269841 0.07111992945326279 0.03733878968253969
1 0.27455026455026454 0.5479265873015873 0.053509700176366845 0.028995535714285713
1 0.0598015873015873 0.532844742063492 0.08588624338624339 0.03948660714285714
1 0.08055996472663139 0.6725372023809524 0.05795414462081128 0.032309027777777784
1 0.40586860670194 0.016381448412698413 0.04850970017636684 0.022316468253968255
1 0.3569929453262786 0.21229414682539682 0.04600970017636684 0.031185515873015872