2 0.03861772486772487 0.11158978174603175 0.04809854497354497 0.03934771825396825
2 0.19101190476190477 0.4624925595238095 0.027936507936507936 0.02293402777777778
2 0.3406415343915344 0.4821081349206349 0.022800925925925926 0.020208333333333335
2 0.1980357142857143 0.6667435515873016 0.019467592592592592 0.011106150793650795
2 0.21918320105820105 0.636202876984127 0.023991402116402116 0.02185019841269841
2 0.15215608465608466 0.8934375 0.03939484126984127 0.03525793650793651
2 0.47427579365079364 0.7377628968253968 0.014050925925925927 0.014935515873015873
2 0.3865873015873016 0.6532787698412699 0.017017195767195768 0.01521577380952381
2 0.3584920634920635 0.6975173611111111 0.017701719576719576 0.01847718253968254
2 0.40353505291005287 0.6629885912698413 0.0175760582010582 0.01615079365079365
2 0.39988425925925924 0.4048239087301587 0.010241402116402116 0.007705853174603174
2 0.3967228835978836 0.41036210317460314 0.008561507936507937 0.003732638888888889
2 0.41795304232804237 0.4551934523809524 0.009871031746031746 0.006438492063492064
2 0.38927910052910053 0.45335565476190476 0.011220238095238096 0.007247023809523809
2 0.24083002645502644 0.21711557539682538 0.021478174603174603 0.017279265873015873
2 0.22925595238095237 0.2745386904761905 0.023571428571428573 0.01832093253968254
2 0.8450760582010582 0.40023561507936506 0.015241402116402118 0.007562003968253968
2 0.8884358465608466 0.40971974206349204 0.015340608465608465 0.007562003968253968
2 0.8342261904761904 0.44502480158730157 0.009345238095238096 0.008938492063492063
2 0.7584292328042327 0.43440972222222224 0.012023809523809523 0.009047619047619047
2 0.7287665343915344 0.43580853174603174 0.012129629629629629 0.007108134920634921
2 0.7328042328042328 0.46594246031746034 0.013253968253968254 0.007624007936507936
2 0.7494345238095238 0.45677083333333335 0.010469576719576719 0.008722718253968255
2 0.7409556878306879 0.47699900793650796 0.01248015873015873 0.007924107142857142
2 0.7493882275132275 0.4843477182539683 0.013012566137566139 0.006775793650793651
2 0.7884391534391534 0.4801661706349206 0.01007936507936508 0.007624007936507936
2 0.8493320105820106 0.4765128968253968 0.013634259259259257 0.009325396825396825
2 0.8941997354497354 0.4852430555555556 0.013591269841269842 0.007817460317460317
2 0.9117427248677249 0.5013144841269841 0.013902116402116402 0.008187003968253968
2 0.9419510582010582 0.5074454365079365 0.012705026455026455 0.006701388888888889
2 0.9406448412698414 0.5151190476190476 0.014169973544973546 0.006872519841269842
2 0.9154927248677248 0.5237624007936508 0.014447751322751322 0.00898561507936508
2 0.8777248677248677 0.5504141865079365 0.01351851851851852 0.008702876984126985
2 0.8917526455026454 0.5480977182539682 0.012486772486772485 0.006440972222222222
2 0.8905555555555555 0.5547346230158731 0.013296957671957672 0.006837797619047619
2 0.898535052910053 0.5499082341269841 0.006825396825396826 0.007958829365079367
2 0.903505291005291 0.5546602182539683 0.01332010582010582 0.008410218253968253
2 0.8298511904761904 0.5048065476190476 0.013244047619047619 0.008531746031746031
2 0.818313492063492 0.5063789682539682 0.011025132275132276 0.008834325396825396
2 0.8049900793650794 0.5094295634920635 0.014097222222222223 0.00876984126984127
2 0.824619708994709 0.5173387896825397 0.011633597883597883 0.008467261904761905
2 0.8165443121693122 0.5226314484126984 0.015710978835978835 0.009092261904761903
2 0.7991104497354498 0.524905753968254 0.014355158730158728 0.008425099206349205
2 0.7771957671957671 0.5248065476190477 0.011617063492063493 0.007755456349206349
2 0.7806018518518518 0.5310689484126984 0.01113095238095238 0.005577876984126984
2 0.7838492063492064 0.5412003968253968 0.010383597883597884 0.006872519841269842
2 0.7890211640211641 0.5473735119047619 0.010886243386243387 0.005910218253968254
2 0.792959656084656 0.5422544642857142 0.007109788359788359 0.005190972222222222
2 0.7253406084656084 0.5336334325396825 0.007807539682539682 0.006914682539682539
2 0.9955489417989418 0.5192261904761905 0.008905423280423281 0.009868551587301587
2 0.9935317460317461 0.45389632936507934 0.01246031746031746 0.008189484126984128
2 0.9757936507936509 0.4219394841269841 0.013657407407407406 0.007819940476190477
2 0.8816005291005291 0.4395610119047619 0.011154100529100527 0.007497519841269841
2 0.8010350529100528 0.40606646825396825 0.005552248677248677 0.005944940476190476
2 0.6085515873015873 0.40257440476190476 0.00816468253968254 0.006076388888888889
2 0.5433630952380952 0.4073387896825397 0.00802910052910053 0.005171130952380953
2 0.5414351851851852 0.4194295634920635 0.006706349206349207 0.004694940476190476
2 0.5574173280423281 0.4627852182539683 0.005790343915343916 0.00462797619047619
2 0.5069742063492063 0.46434771825396826 0.0060648148148148145 0.005384424603174604
2 0.5966534391534392 0.4947371031746032 0.008389550264550264 0.004518849206349206
2 0.5568154761904762 0.5173040674603174 0.005849867724867726 0.005079365079365079
2 0.5227943121693122 0.5372123015873016 0.0067228835978835975 0.0041121031746031746
2 0.5789451058201058 0.5496800595238095 0.007113095238095239 0.006763392857142857
2 0.6064649470899471 0.5636904761904762 0.00841600529100529 0.006331845238095238
2 0.6536342592592592 0.5470610119047619 0.011246693121693121 0.006827876984126984
2 0.8409755291005292 0.5967981150793651 0.013994708994708996 0.008055555555555555
2 0.8060978835978836 0.6049131944444445 0.011884920634920634 0.008638392857142857
2 0.7065575396825398 0.5863219246031747 0.006279761904761904 0.007021329365079365
2 0.514074074074074 0.48452132936507936 0.007609126984126985 0.004841269841269842
2 0.5743287037037037 0.47447420634920634 0.005330687830687831 0.003407738095238095
2 0.5143981481481481 0.5028249007936508 0.006005291005291006 0.004841269841269842
2 0.010238095238095239 0.044536210317460315 0.020476190476190478 0.05112103174603175