2 0.943296130952381 0.8039583333333333 0.014067460317460317 0.016921296296296295
2 0.9650000000000001 0.7110681216931217 0.01642361111111111 0.0165244708994709
2 0.9692113095238095 0.7239880952380953 0.014878472222222223 0.014133597883597884
2 0.9569320436507937 0.7194940476190477 0.010882936507936508 0.015720899470899472
2 0.8980580357142857 0.6726686507936508 0.02025545634920635 0.022705026455026454
2 0.8694320436507937 0.6584623015873016 0.017296626984126984 0.019014550264550265
2 0.8812896825396825 0.6761607142857143 0.017254464285714283 0.017982804232804232
2 0.9054613095238095 0.6181382275132276 0.013876488095238096 0.017810846560846562
2 0.7842807539682539 0.7063326719576719 0.0178125 0.02117724867724868
2 0.7893080357142856 0.6495568783068782 0.01859623015873016 0.02238425925925926
2 0.8303695436507937 0.6784160052910053 0.017599206349206347 0.01851190476190476
2 0.8497544642857143 0.6924338624338625 0.011654265873015874 0.012060185185185184
2 0.8554414682539683 0.6527910052910053 0.01123263888888889 0.020287698412698413
2 0.8769717261904761 0.5272123015873016 0.017661210317460315 0.020294312169312167
2 0.7979960317460317 0.4527810846560847 0.020873015873015873 0.02212632275132275
2 0.7464707341269842 0.44320436507936506 0.018288690476190476 0.019715608465608464
2 0.8775892857142857 0.39439814814814816 0.016805555555555556 0.018386243386243388
2 0.9588492063492063 0.3943683862433862 0.016068948412698413 0.019718915343915344
2 0.9694122023809524 0.3614484126984127 0.022544642857142857 0.02086309523809524
2 0.9912251984126984 0.32891203703703703 0.016984126984126983 0.019973544973544973
2 0.885890376984127 0.33268849206349205 0.013526785714285713 0.014963624338624339
2 0.910607638888889 0.29571097883597885 0.01167906746031746 0.019153439153439155
2 0.9473511904761904 0.2571130952380952 0.015049603174603174 0.018700396825396825
2 0.8526041666666666 0.1687334656084656 0.017065972222222222 0.019150132275132275
2 0.726264880952381 0.22980820105820107 0.01659722222222222 0.021302910052910053
2 0.7821180555555556 0.27125661375661375 0.015282738095238094 0.010710978835978836
2 0.8771279761904762 0.24985119047619045 0.012743055555555556 0.01673611111111111
2 0.6755505952380952 0.49882605820105824 0.017728174603174603 0.016541005291005294
2 0.660421626984127 0.5709060846560847 0.014677579365079366 0.016980820105820107
2 0.7342410714285714 0.6590046296296296 0.01371279761904762 0.015968915343915344
2 0.8411929563492063 0.5790906084656084 0.012033730158730159 0.00962962962962963
2 0.5996626984126985 0.4265542328042328 0.012467757936507937 0.01851190476190476
2 0.5859151785714285 0.41811838624338626 0.014270833333333333 0.010013227513227514
2 0.5946899801587302 0.44047619047619047 0.008990575396825396 0.00806547619047619
2 0.5870064484126984 0.4655588624338624 0.010753968253968254 0.015105820105820105
2 0.5694518849206349 0.44152116402116404 0.014836309523809524 0.017748015873015874
2 0.5734499007936508 0.46619378306878306 0.014456845238095237 0.014067460317460317
2 0.5388839285714286 0.3777480158730159 0.011259920634920635 0.017179232804232804
2 0.5674553571428571 0.298343253968254 0.015027281746031747 0.01743716931216931
2 0.5235664682539682 0.4942890211640212 0.016202876984126983 0.020029761904761904
2 0.521827876984127 0.5342460317460317 0.015868055555555555 0.016223544973544973
2 0.5217088293650795 0.554510582010582 0.010396825396825397 0.01628637566137566
2 0.5475669642857143 0.5907572751322752 0.012926587301587302 0.014824735449735449
2 0.5944766865079365 0.7216699735449735 0.008375496031746033 0.015717592592592592
2 0.5882688492063493 0.7495138888888889 0.017936507936507935 0.018379629629629628
2 0.5368874007936508 0.7177380952380953 0.00935515873015873 0.013432539682539681
2 0.5231845238095238 0.7084126984126984 0.009161706349206348 0.014322089947089948
2 0.5711656746031746 0.6968716931216932 0.00931795634920635 0.010770502645502646
2 0.41023809523809524 0.424021164021164 0.011411210317460316 0.014841269841269843
2 0.41287698412698415 0.42837632275132276 0.012103174603174602 0.01324074074074074
2 0.46152033730158726 0.4525925925925926 0.00843501984126984 0.011977513227513227
2 0.4132986111111111 0.519103835978836 0.008107638888888888 0.010307539682539684
2 0.4147247023809524 0.5275231481481482 0.0076760912698412695 0.01306547619047619
2 0.4195188492063492 0.5453935185185185 0.009268353174603174 0.014497354497354498
2 0.4278720238095238 0.5478604497354498 0.009060019841269841 0.015509259259259259
2 0.43630456349206354 0.5494179894179895 0.005572916666666666 0.008822751322751322
2 0.44973710317460314 0.5557903439153439 0.012822420634920636 0.016008597883597882
2 0.3760019841269841 0.5198974867724868 0.006760912698412699 0.009375
2 0.3734449404761905 0.4579530423280423 0.0075992063492063494 0.009110449735449735
2 0.31663442460317465 0.45868055555555554 0.006743551587301588 0.005975529100529101
2 0.4771577380952381 0.6263425925925926 0.011445932539682539 0.013650793650793651
2 0.4799305555555555 0.6360185185185185 0.009020337301587302 0.00861441798941799
2 0.45619047619047615 0.6290806878306878 0.011530257936507938 0.010595238095238095
2 0.45094990079365077 0.6329265873015874 0.01255952380952381 0.012129629629629629
2 0.44538442460317457 0.6159490740740741 0.009126984126984126 0.012609126984126985
2 0.4449925595238095 0.60744708994709 0.009543650793650793 0.0121494708994709
2 0.44180059523809523 0.6514781746031746 0.007559523809523809 0.008968253968253969
2 0.010374503968253969 0.44444113756613757 0.020749007936507937 0.029510582010582008
2 0.13814732142857142 0.528912037037037 0.009689980158730158 0.011124338624338625
2 0.18645585317460317 0.49753306878306874 0.008747519841269842 0.011279761904761905
2 0.2511582341269841 0.4957539682539683 0.008072916666666666 0.009424603174603174
2 0.28243551587301585 0.43405753968253963 0.008139880952380952 0.007612433862433862
2 0.21502480158730158 0.5093386243386243 0.007857142857142858 0.00853505291005291
2 0.19922619047619047 0.5597486772486773 0.00814236111111111 0.00818452380952381
2 0.1980654761904762 0.5727347883597884 0.005823412698412698 0.006947751322751323
2 0.2570436507936508 0.6022585978835979 0.009637896825396826 0.00818452380952381
2 0.2692757936507937 0.5870701058201058 0.006049107142857143 0.00841600529100529
2 0.2862921626984127 0.5779894179894179 0.005647321428571429 0.0072585978835978835
2 0.32955605158730156 0.5348611111111111 0.006096230158730159 0.007721560846560847
2 0.22343005952380954 0.6131944444444444 0.005540674603174603 0.007953042328042328
2 0.18805059523809525 0.6036706349206349 0.005558035714285714 0.008455687830687831
2 0.137609126984127 0.5854662698412698 0.006703869047619048 0.007757936507936508
2 0.1491468253968254 0.6061243386243387 0.006822916666666667 0.007410714285714286
2 0.16187251984126982 0.627744708994709 0.008043154761904762 0.008994708994708995
2 0.24341765873015875 0.5591501322751322 0.007894345238095238 0.007837301587301587
2 0.2586731150793651 0.42898478835978837 0.006374007936507936 0.007334656084656084