2 0.9402943121693121 0.8774181547619048 0.03758267195767196 0.02595734126984127
2 0.9917824074074074 0.8542113095238095 0.016435185185185185 0.026805555555555555
2 0.966901455026455 0.7538591269841269 0.027781084656084656 0.030910218253968252
2 0.9524470899470899 0.6843973214285713 0.04279431216931217 0.02661706349206349
2 0.8004761904761905 0.8506944444444444 0.02720899470899471 0.016909722222222225
2 0.6888756613756614 0.8430456349206349 0.035072751322751325 0.023095238095238096
2 0.6992493386243387 0.7811681547619048 0.03863756613756614 0.02967261904761905
2 0.6663921957671958 0.7113814484126985 0.043574735449735454 0.024727182539682542
2 0.708885582010582 0.6903546626984127 0.03499338624338624 0.019910714285714285
2 0.6733366402116402 0.6605704365079366 0.03836640211640212 0.024794146825396827
2 0.7033730158730159 0.6335863095238095 0.040810185185185185 0.029288194444444447
2 0.47656746031746033 0.7275595238095238 0.03249007936507937 0.018412698412698412
2 0.4971428571428571 0.7895659722222222 0.027807539682539684 0.02068700396825397
2 0.7127612433862434 0.5035441468253968 0.04083333333333333 0.024402281746031745
2 0.9186441798941799 0.44065724206349205 0.045843253968253964 0.030394345238095238
2 0.9527612433862435 0.3902380952380953 0.04533399470899471 0.02837797619047619
2 0.8307440476190476 0.31514632936507936 0.051461640211640215 0.031440972222222224
2 0.6029398148148148 0.4054389880952381 0.050347222222222224 0.03443204365079365
2 0.5241534391534391 0.49231646825396824 0.035998677248677245 0.023425099206349206
2 0.5073544973544973 0.43398561507936506 0.034864417989417994 0.024208829365079364
2 0.41368055555555555 0.3827852182539683 0.03466269841269841 0.026359126984126985
2 0.39241071428571433 0.4589186507936508 0.03031415343915344 0.022514880952380953
2 0.3751785714285714 0.4660143849206349 0.028313492063492065 0.025248015873015874
2 0.7286904761904762 0.2694097222222222 0.040228174603174606 0.028764880952380955
2 0.6090575396825396 0.2652752976190476 0.041577380952380956 0.03052331349206349
2 0.6829794973544974 0.21449652777777778 0.03092261904761905 0.02922371031746032
2 0.7210515873015874 0.2165798611111111 0.03640542328042328 0.027661210317460317
2 0.8034821428571428 0.1713045634920635 0.031309523809523815 0.02447420634920635
2 0.6232109788359788 0.08895089285714285 0.04106150793650794 0.03554315476190476
2 0.6021362433862434 0.06166914682539683 0.023915343915343914 0.017175099206349208
2 0.2894477513227513 0.618219246031746 0.028716931216931217 0.020295138888888887
2 0.24838293650793652 0.4968080357142857 0.03443121693121693 0.020952380952380955
2 0.20918320105820107 0.47242807539682535 0.019054232804232803 0.013727678571428571
2 0.17667328042328043 0.4658531746031746 0.028505291005291006 0.017762896825396828
2 0.15201719576719577 0.43470238095238095 0.03266534391534392 0.02277777777777778
2 0.17736772486772487 0.4080753968253968 0.037536375661375666 0.023950892857142855
2 0.08851190476190476 0.5049131944444444 0.02596230158730159 0.017762896825396828
2 0.06854497354497355 0.5862227182539683 0.024219576719576717 0.01788938492063492
2 0.24087301587301588 0.5865798611111112 0.025142195767195768 0.017172619047619048
2 0.2679133597883598 0.589608134920635 0.01794312169312169 0.009816468253968253
2 0.3834126984126984 0.27214285714285713 0.029503968253968255 0.024206349206349204
2 0.3347519841269841 0.19477182539682542 0.0295734126984127 0.02271329365079365
2 0.2982010582010582 0.21615575396825396 0.017582671957671957 0.012490079365079365
2 0.40469907407407407 0.09774057539682539 0.024897486772486776 0.020887896825396827
2 0.32748015873015873 0.1614310515873016 0.024950396825396827 0.01967013888888889
2 0.2516137566137566 0.19470734126984127 0.019212962962962963 0.009828869047619048
2 0.7438822751322751 0.5993452380952381 0.03958333333333333 0.02832093253968254
2 0.6860482804232805 0.48227926587301584 0.03232804232804233 0.023365575396825395
2 0.8331977513227514 0.08649553571428571 0.02009920634920635 0.028881448412698414
2 0.8583465608465608 0.08700396825396825 0.029348544973544975 0.0274280753968254
2 0.560787037037037 0.2094122023809524 0.03079695767195767 0.019184027777777776