2 0.21263227513227514 0.046473214285714284 0.03989417989417989 0.02037202380952381
2 0.1990509259259259 0.07352926587301588 0.0348015873015873 0.024828869047619048
2 0.09040013227513227 0.2107217261904762 0.02970899470899471 0.024191468253968257
2 0.24573743386243388 0.13655505952380953 0.046686507936507936 0.03628720238095238
2 0.2737466931216931 0.1158655753968254 0.03989417989417989 0.028010912698412698
2 0.23724867724867726 0.18143849206349205 0.02970899470899471 0.02673859126984127
2 0.5042063492063492 0.14515128968253968 0.04244047619047619 0.03437748015873016
2 0.6650595238095238 0.1072718253968254 0.028012566137566135 0.026101190476190476
2 0.5131183862433862 0.25242063492063493 0.03819775132275133 0.032467757936507934
2 0.6888260582010582 0.29825892857142855 0.04159391534391534 0.026101190476190476
2 0.48128637566137566 0.35332589285714283 0.04753306878306879 0.03310515873015873
2 0.496140873015873 0.38865823412698414 0.026312830687830687 0.028648313492063492
2 0.7024074074074074 0.447547123015873 0.046686507936507936 0.0381969246031746
2 0.7677678571428571 0.44213541666666667 0.03819775132275133 0.03628720238095238
2 0.7979001322751322 0.4386334325396825 0.015277777777777779 0.024191468253968257
2 0.5852678571428571 0.5888764880952381 0.0348015873015873 0.0381969246031746
2 0.6905257936507937 0.5793278769841269 0.03989417989417989 0.03310515873015873
2 0.7482440476190476 0.5602281746031746 0.03989417989417989 0.04074404761904762
2 0.6905257936507937 0.6394890873015873 0.05008267195767195 0.04010664682539683
2 0.7189616402116402 0.6862797619047619 0.04244047619047619 0.03310515873015873
2 0.7567328042328043 0.6267559523809524 0.02970899470899471 0.024828869047619048
2 0.9897751322751323 0.5624578373015873 0.02044973544973545 0.027375992063492064
2 0.7058035714285714 0.00636656746031746 0.044986772486772485 0.01273313492063492
2 0.20456679894179894 0.6585863095238096 0.04923280423280423 0.03374007936507936
2 0.21602843915343914 0.7286160714285714 0.051779100529100536 0.03628720238095238
2 0.10865079365079365 0.8059647817460318 0.028859126984126984 0.022919146825396825
2 0.1498181216931217 0.8419345238095237 0.021220238095238094 0.017189980158730158
2 0.3454728835978836 0.7448487103174604 0.04583664021164022 0.03692460317460317
2 0.37433531746031745 0.782093253968254 0.052628968253968254 0.046473214285714284
2 0.42356812169312164 0.8202901785714285 0.0509292328042328 0.0388343253968254
2 0.5767824074074074 0.6821428571428572 0.05008267195767195 0.03374007936507936
2 0.5046296296296297 0.656359126984127 0.021220238095238094 0.02037202380952381
2 0.4337533068783069 0.6343948412698412 0.04074404761904762 0.03756200396825397
2 0.4893518518518518 0.8046924603174603 0.05008267195767195 0.04583581349206349
2 0.4159259259259259 0.9250148809523809 0.04414021164021164 0.03564980158730159
2 0.428234126984127 0.9857440476190477 0.03310515873015873 0.02851190476190476
2 0.6069146825396825 0.8712202380952382 0.039047619047619046 0.027375992063492064
2 0.5835714285714286 0.8779042658730158 0.016127645502645505 0.024191468253968257
2 0.6871296296296296 0.811376488095238 0.05008267195767195 0.0388343253968254
2 0.9455985449735449 0.9721230158730159 0.04414021164021164 0.03310515873015873
2 0.9910482804232804 0.9055977182539682 0.017903439153439154 0.03501488095238096
2 0.9579067460317461 0.7983258928571428 0.02970899470899471 0.03310515873015873
2 0.9218320105820106 0.8056473214285714 0.02546626984126984 0.02992063492063492
2 0.8683531746031746 0.769360119047619 0.04244047619047619 0.03628720238095238
2 0.8174239417989417 0.760766369047619 0.02207010582010582 0.022919146825396825
2 0.9264980158730158 0.7489880952380953 0.026312830687830687 0.03374007936507936