1 0.4637698412698412 0.5521478174603175 0.05786596119929454 0.03605158730158731
1 0.2835537918871252 0.7348809523809524 0.05609347442680776 0.03142609126984127
1 0.33920634920634923 0.7316046626984127 0.05682980599647266 0.03639632936507937
1 0.904104938271605 0.36603422619047615 0.05823633156966491 0.03876240079365079
1 0.6787830687830688 0.5240153769841269 0.057658730158730166 0.034791666666666665
1 0.5114241622574957 0.36839037698412697 0.06332010582010583 0.03636656746031746
1 0.8291754850088183 0.4007217261904762 0.06423280423280424 0.036899801587301585
1 0.35457671957671955 0.8476066468253969 0.07271164021164021 0.039419642857142854
2 0.4030643738977072 0.2378249007936508 0.05857142857142857 0.03447172619047619
1 0.5433509700176367 0.25461805555555556 0.06290564373897707 0.03273809523809524
1 0.8401322751322752 0.1925124007936508 0.0587610229276896 0.031116071428571427
1 0.3065123456790123 0.9756671626984127 0.0600352733686067 0.038705357142857146
1 0.2676146384479718 0.7669742063492063 0.06200617283950617 0.03373511904761905
1 0.8397398589065256 0.3688864087301587 0.05542328042328042 0.03800099206349206
2 0.6819356261022929 0.2920659722222222 0.057848324514991174 0.036622023809523806
2 0.7097839506172839 0.3293526785714286 0.06540123456790124 0.037388392857142856
1 0.41207231040564374 0.5441170634920636 0.04576719576719577 0.04026041666666667
1 0.3510008818342152 0.24828869047619048 0.056962081128747795 0.034759424603174605
2 0.22147707231040564 0.018330853174603173 0.04047178130511464 0.028469742063492065
1 0.9731084656084658 0.21764632936507936 0.05378747795414462 0.03522073412698413
1 0.8376499118165784 0.22253968253968254 0.05593033509700176 0.02762152777777778
2 0.3467857142857143 0.1245188492063492 0.05474867724867725 0.02775545634920635
1 0.6222178130511464 0.4938566468253968 0.05848324514991181 0.034652777777777775
1 0.8447663139329806 0.2845411706349206 0.06197530864197531 0.029069940476190475
1 0.7708465608465608 0.3971006944444444 0.059942680776014105 0.03788690476190476
2 0.3814153439153439 0.10462301587301587 0.036044973544973546 0.025944940476190476
1 0.887173721340388 0.30528521825396826 0.05932980599647266 0.030657242063492064
1 0.41563932980599644 0.572671130952381 0.04608465608465608 0.027053571428571427
1 0.1738888888888889 0.018772321428571426 0.05193121693121693 0.028834325396825396
1 0.21806437389770722 0.04253720238095238 0.039563492063492064 0.023794642857142858
1 0.8603880070546737 0.2232688492063492 0.04857583774250441 0.02734623015873016
1 0.9626102292768959 0.30028521825396826 0.05044532627865961 0.02950644841269841
1 0.797610229276896 0.37598710317460315 0.05322310405643739 0.030359623015873013
1 0.882336860670194 0.3904365079365079 0.05487213403880071 0.029786706349206347
1 0.8796560846560846 0.4164583333333334 0.05588624338624339 0.030853174603174605
1 0.8226234567901235 0.45393105158730157 0.05510582010582011 0.03172123015873016
1 0.5981481481481481 0.5120808531746032 0.0517416225749559 0.02703621031746032
1 0.9529585537918871 0.7694518849206349 0.07079805996472663 0.04145833333333333
1 0.2512742504409171 0.962953869047619 0.057226631393298054 0.03709821428571429
1 0.3131128747795414 0.9446974206349207 0.06329805996472664 0.031118551587301587
1 0.2550529100529101 0.7416145833333333 0.04715608465608466 0.027998511904761905
1 0.2314109347442681 0.6749206349206349 0.05510582010582011 0.034804067460317466
1 0.3040961199294533 0.3872718253968254 0.05602733686067019 0.03381448412698413
1 0.35137566137566134 0.4077628968253968 0.05898589065255732 0.031780753968253965
1 0.39119929453262786 0.4645114087301587 0.05611992945326279 0.03173115079365079
1 0.35503527336860674 0.27547867063492065 0.051587301587301584 0.03423859126984127
1 0.41037918871252205 0.2566468253968254 0.05756172839506173 0.028658234126984126
1 0.5017239858906526 0.27690476190476193 0.050260141093474424 0.03398065476190476
1 0.5547222222222222 0.2794568452380952 0.05266313932980599 0.021959325396825397
1 0.12526014109347441 0.20688492063492062 0.05000881834215168 0.02546378968253968
1 0.6243430335097002 0.5829340277777777 0.05198412698412699 0.033539186507936504
1 0.3425837742504409 0.5209474206349206 0.053809523809523814 0.0294171626984127
1 0.021375661375661374 0.2542013888888889 0.042755731922398586 0.027636408730158733
1 0.5759744268077601 0.18172371031746032 0.07235008818342152 0.031822916666666666
1 0.0880379188712522 0.32404513888888886 0.058580246913580256 0.02982142857142857