1 0.1387037037037037 0.5051388888888889 0.11033950617283951 0.05338293650793651
2 0.8240079365079365 0.8243353174603174 0.1463536155202822 0.08423859126984126
2 0.43413139329806 0.6985987103174603 0.047063492063492064 0.03397321428571428
2 0.4872222222222222 0.8800421626984127 0.03225308641975309 0.02349454365079365
2 0.7506657848324515 0.6398735119047618 0.07835978835978837 0.04972470238095238
2 0.8849647266313933 0.6578298611111111 0.12219576719576719 0.06950396825396826
2 0.3449206349206349 0.6844866071428571 0.08621252204585537 0.04734375
2 0.5368386243386243 0.7908482142857143 0.05376984126984127 0.027043650793650797
2 0.5588624338624338 0.8178918650793651 0.03995590828924162 0.028107638888888887
2 0.5059876543209876 0.8025198412698413 0.05370811287477954 0.028633432539682542
2 0.5050529100529101 0.4285267857142857 0.06541446208112875 0.028715277777777777
2 0.4558862433862434 0.44242311507936505 0.04676807760141093 0.028494543650793652
1 0.9611375661375662 0.7265922619047619 0.0777204585537919 0.049895833333333334
2 0.6541754850088184 0.9574404761904762 0.08446649029982363 0.046681547619047616
2 0.6196825396825397 0.9317906746031747 0.0707010582010582 0.04017609126984127
2 0.2996516754850088 0.36134920634920636 0.04584656084656085 0.02413938492063492