0 0.3880070546737213 0.3490823412698413 0.15873015873015872 0.10788690476190477
0 0.48831569664902996 0.35962301587301587 0.08156966490299823 0.06448412698412699
0 0.4519400352733686 0.40240575396825395 0.09700176366843033 0.03844246031746032
0 0.6029541446208113 0.36768353174603174 0.11684303350970017 0.05084325396825397
0 0.5291005291005291 0.44828869047619047 0.07054673721340388 0.03844246031746032
0 0.6084656084656085 0.46378968253968256 0.05731922398589065 0.03720238095238095
0 0.675705467372134 0.4817708333333333 0.0992063492063492 0.06076388888888889
0 0.6602733686067019 0.5319940476190477 0.07716049382716049 0.034722222222222224
0 0.3472222222222222 0.6200396825396826 0.15652557319223986 0.07936507936507936
0 0.49382716049382713 0.6330605158730159 0.11904761904761904 0.11780753968253968
0 0.5478395061728395 0.6956845238095238 0.10361552028218694 0.06696428571428571
0 0.41335978835978837 0.6721230158730159 0.0992063492063492 0.06944444444444445
0 0.3461199294532628 0.6659226190476191 0.0837742504409171 0.0818452380952381
0 0.3880070546737213 0.8010912698412699 0.07495590828924162 0.054563492063492064