2 0.12818700396825397 0.5680026455026456 0.030208333333333334 0.03924272486772487
2 0.04724702380952381 0.895896164021164 0.03872767857142857 0.04234126984126984
2 0.27031746031746035 0.9547619047619047 0.027884424603174605 0.04234126984126984
2 0.23313988095238095 0.9889980158730158 0.027884424603174605 0.022000661375661375
2 0.2923933531746032 0.9836772486772486 0.033306051587301586 0.03201388888888889
2 0.32143849206349207 0.9423677248677248 0.012393353174603175 0.02581679894179894
2 0.4527232142857143 0.7915906084656085 0.028658234126984126 0.036144179894179895
2 0.39966765873015875 0.5757473544973545 0.03253224206349206 0.036144179894179895
2 0.4562103174603175 0.5535449735449736 0.027884424603174605 0.04130952380952381
2 0.3446750992063492 0.6289351851851852 0.02943204365079365 0.030982142857142857
2 0.7594469246031746 0.7693849206349206 0.02710813492063492 0.030982142857142857
2 0.7362103174603175 0.8194742063492064 0.014717261904761905 0.023753306878306877
2 0.6300967261904762 0.7074206349206349 0.01626488095238095 0.014457671957671957
2 0.834578373015873 0.5974371693121694 0.02246279761904762 0.021686507936507934
2 0.8469692460317461 0.6232539682539683 0.01781498015873016 0.013425925925925926
2 0.4047023809523809 0.11669973544973544 0.02710813492063492 0.020654761904761905
2 0.42832589285714284 0.10637235449735451 0.02013888888888889 0.028915343915343915
2 0.507718253968254 0.14871362433862434 0.02710813492063492 0.028915343915343915
2 0.5894320436507937 0.23649470899470898 0.026334325396825398 0.02478505291005291
2 0.46791418650793654 0.20561507936507936 0.020126488095238097 0.02750330687830688
2 0.056855158730158735 0.09693783068783068 0.016101190476190477 0.02482142857142857
2 0.01232638888888889 0.059368386243386244 0.021634424603174603 0.01811177248677249
2 0.2203720238095238 0.19756283068783068 0.022137896825396828 0.015429894179894179
2 0.8291617063492063 0.23580026455026454 0.022137896825396828 0.019454365079365078
2 0.8563318452380952 0.2887996031746032 0.021130952380952382 0.023478835978835978
2 0.7707986111111111 0.2834325396825397 0.018112599206349205 0.022136243386243384
2 0.6870287698412698 0.3307275132275132 0.02565972222222222 0.02549272486772487
2 0.5811185515873016 0.32200396825396826 0.026163194444444444 0.016101190476190474
2 0.775076884920635 0.350515873015873 0.01660218253968254 0.026164021164021164
2 0.880984623015873 0.39378637566137564 0.012075892857142856 0.012076719576719578
2 0.6331919642857143 0.5131944444444445 0.021634424603174603 0.032199074074074074
2 0.609796626984127 0.5115178571428571 0.022137896825396828 0.030188492063492067
2 0.6915550595238095 0.3924437830687831 0.02767113095238095 0.046957671957671955
2 0.7760813492063492 0.4313525132275133 0.01660218253968254 0.010734126984126985
2 0.8497916666666667 0.5074933862433862 0.01911954365079365 0.02079695767195767
2 0.9436259920634921 0.4776421957671958 0.010565476190476191 0.012076719576719578
2 0.911235119047619 0.4963888888888889 0.009935515873015874 0.011259920634920635
2 0.8552306547619047 0.48198412698412696 0.016143353174603175 0.020198412698412698
2 0.9106150793650793 0.5644411375661376 0.012170138888888888 0.01357804232804233
2 0.902170138888889 0.5738789682539683 0.01316220238095238 0.011259920634920635
2 0.9498536706349207 0.5803373015873016 0.009188988095238094 0.012251984126984127
2 0.9268824404761905 0.48794642857142856 0.009935515873015874 0.011590608465608465
2 0.7937599206349206 0.7576653439153439 0.017385912698412696 0.022516534391534393
2 0.8034474206349206 0.7281944444444445 0.017385912698412696 0.02119378306878307
2 0.8136284722222222 0.7210747354497355 0.011922123015873016 0.020198412698412698
2 0.7750099206349207 0.7568386243386243 0.008692956349206348 0.01556547619047619
2 0.6067435515873015 0.8363128306878308 0.018377976190476188 0.03874338624338624
2 0.49613591269841273 0.5190608465608466 0.025677083333333333 0.04524140211640212