2 0.0333531746031746 0.41819692460317465 0.027466931216931216 0.015892857142857143
2 0.28213293650793647 0.36610615079365083 0.03217592592592593 0.023544146825396826
2 0.15695767195767196 0.4437996031746032 0.01726521164021164 0.01294890873015873
2 0.4143716931216931 0.29841765873015874 0.02668320105820106 0.020012400793650794
2 0.3716005291005291 0.3637524801587302 0.027466931216931216 0.02119047619047619
2 0.4771527777777778 0.42614335317460317 0.02197420634920635 0.01294890873015873
2 0.46812830687830687 0.41760664682539683 0.014910714285714288 0.007651289682539683
2 0.44693783068783066 0.4517460317460318 0.029037698412698414 0.018246527777777775
2 0.3598280423280423 0.650984623015873 0.03374669312169312 0.02236607142857143
2 0.3323611111111111 0.6727628968253968 0.019619708994708995 0.01765873015873016
2 0.5250264550264551 0.5453323412698413 0.029821428571428575 0.02177827380952381
2 0.6341137566137566 0.5980109126984127 0.03453042328042328 0.023544146825396826
2 0.791468253968254 0.363561507936508 0.02709325396825397 0.01886656746031746
2 0.7240608465608466 0.4680580357142857 0.025155423280423278 0.014997519841269841
2 0.9143485449735449 0.4433854166666667 0.032896825396825397 0.019833829365079363
2 0.9078968253968254 0.5065203373015873 0.02644510582010582 0.017415674603174603
2 0.9899107142857142 0.3846056547619048 0.020181878306878308 0.017415674603174603
2 0.7343816137566137 0.5856175595238096 0.029027777777777777 0.017899305555555557
2 0.7546990740740741 0.586827876984127 0.023220899470899472 0.013546626984126984
2 0.9017691798941798 0.8229117063492064 0.02709325396825397 0.015481150793650793
2 0.6830985449735449 0.7426041666666666 0.034831349206349206 0.02128720238095238
2 0.7156746031746031 0.7377678571428571 0.01999669312169312 0.017415674603174603