2 0.39655092592592595 0.6425024801587302 0.03660383597883598 0.022393353174603177
2 0.4077248677248677 0.6762996031746032 0.034173280423280425 0.02548859126984127
2 0.6993981481481482 0.4710763888888889 0.03602843915343915 0.030027281746031743
2 0.7794179894179895 0.26051339285714287 0.045535714285714284 0.031140873015873018
2 0.23398809523809525 0.8822569444444445 0.027414021164021165 0.02412698412698413
2 0.8408333333333333 0.6473462301587302 0.036236772486772484 0.030106646825396825
2 0.9411309523809523 0.44157738095238097 0.03769179894179894 0.03181547619047619
2 0.8184457671957672 0.3397941468253968 0.053204365079365074 0.029677579365079365
2 0.7116865079365079 0.2934027777777778 0.030413359788359788 0.030364583333333334
2 0.41717261904761904 0.5235367063492063 0.033125 0.020575396825396823
2 0.4062334656084656 0.40226934523809527 0.03517857142857143 0.021624503968253966
2 0.33282738095238096 0.4850768849206349 0.021299603174603172 0.02099702380952381
2 0.7879431216931216 0.5416369047619047 0.0345734126984127 0.019305555555555555
2 0.27311838624338625 0.8886954365079365 0.022066798941798943 0.016292162698412698
2 0.830952380952381 0.7790426587301587 0.049242724867724866 0.027249503968253968
2 0.758720238095238 0.5520858134920635 0.02734457671957672 0.022896825396825395
2 0.5358300264550264 0.5934201388888889 0.02480489417989418 0.01773065476190476
2 0.27062169312169315 0.40799107142857144 0.021220238095238094 0.019404761904761904
2 0.4146693121693122 0.8393427579365079 0.026593915343915343 0.01929811507936508
2 0.9113591269841269 0.4520982142857143 0.025982142857142856 0.02426835317460317
2 0.26228174603174603 0.8662996031746032 0.024358465608465607 0.020012400793650794
2 0.4580191798941799 0.870813492063492 0.022096560846560843 0.016728670634920634
2 0.5452083333333333 0.836173115079365 0.020886243386243387 0.017934027777777778
2 0.6934126984126985 0.4355530753968254 0.024209656084656084 0.01935763888888889
2 0.3643551587301587 0.9154365079365079 0.016220238095238093 0.013536706349206349
2 0.4148842592592592 0.3089781746031746 0.0244510582010582 0.016101190476190477