1 0.3462301587301587 0.14809027777777778 0.06559964726631394 0.041701388888888885
1 0.8718606701940036 0.4261284722222222 0.07070546737213404 0.04900793650793651
1 0.47634038800705464 0.16530505952380953 0.05968253968253969 0.041532738095238095
1 0.3272222222222222 0.3058531746031746 0.05093915343915344 0.03159970238095238
1 0.8252380952380953 0.27510168650793654 0.06373897707231041 0.043157242063492064
1 0.269810405643739 0.19601934523809525 0.05481040564373898 0.03854166666666667
1 0.22745590828924162 0.27391121031746035 0.05500440917107584 0.032165178571428574
1 0.8674250440917107 0.1534623015873016 0.051975308641975304 0.03768849206349206
1 0.26001322751322753 0.2309796626984127 0.05885802469135803 0.033683035714285714
1 0.5587830687830687 0.43215525793650794 0.04903880070546737 0.029134424603174603
1 0.4594929453262787 0.36335069444444446 0.0469047619047619 0.028740079365079364
1 0.790952380952381 0.1792361111111111 0.05567019400352734 0.029682539682539685
1 0.8744488536155203 0.1790128968253968 0.04747354497354497 0.03401785714285714
1 0.4678835978835979 0.5429588293650793 0.031494708994709 0.02249751984126984
1 0.33814814814814814 0.2408184523809524 0.04822751322751322 0.029069940476190475
1 0.24663139329805997 0.5115848214285714 0.03186067019400353 0.01958829365079365
1 0.6699955908289241 0.42803075396825396 0.050229276895943566 0.030647321428571427
1 0.8502204585537919 0.40169394841269845 0.056578483245149906 0.03526537698412698
1 0.9610449735449735 0.4391121031746032 0.0779100529100529 0.040426587301587304
1 0.4235802469135802 0.6236160714285715 0.04128747795414462 0.02580357142857143
1 0.475189594356261 0.6786656746031746 0.03134920634920635 0.020644841269841268
1 0.7060978835978836 0.5911458333333334 0.045110229276895945 0.02623511904761905
1 0.782173721340388 0.6160887896825398 0.039757495590828924 0.02623511904761905
1 0.3650881834215167 0.38685763888888886 0.049700176366843034 0.02967509920634921
1 0.4079056437389771 0.38707093253968256 0.045110229276895945 0.028385416666666666
1 0.3972045855379189 0.41395089285714287 0.049700176366843034 0.027095734126984128
1 0.2561375661375661 0.4253497023809524 0.03670194003527336 0.02150297619047619
1 0.2698985890652557 0.4653472222222222 0.03517195767195767 0.02150297619047619
1 0.07951499118165785 0.4644866071428571 0.03670194003527336 0.02150297619047619
1 0.09671957671957672 0.5588888888888889 0.02981922398589065 0.01849454365079365
1 0.1441225749559083 0.6059821428571429 0.037464726631393296 0.02236359126984127
1 0.26836860670194 0.575233134920635 0.02599647266313933 0.016773313492063492
1 0.25078483245149913 0.5642658730158729 0.030582010582010582 0.01720238095238095
1 0.11889329805996472 0.6008209325396826 0.03134920634920635 0.015483630952380952
1 0.167826278659612 0.5945858134920635 0.02522927689594356 0.016773313492063492
1 0.10857142857142857 0.5722222222222222 0.02599647266313933 0.015052083333333332
1 0.06154761904761905 0.4006200396825397 0.037464726631393296 0.019352678571428573
1 0.6036419753086419 0.08300595238095239 0.07416666666666667 0.04472718253968254
1 0.5608245149911817 0.025158730158730158 0.04817019400352734 0.02107390873015873
1 0.32150793650793646 0.3761061507936508 0.04205026455026455 0.02537450396825397
1 0.46181216931216934 0.5982415674603175 0.030582010582010582 0.01720238095238095
1 0.6843033509700176 0.6567311507936509 0.047402998236331574 0.027524801587301587
1 0.7424118165784832 0.028385416666666666 0.056578483245149906 0.03526537698412698
1 0.06154761904761905 0.5530828373015874 0.028289241622574953 0.014623015873015873
1 0.025824514991181657 0.3803249007936508 0.024792768959435624 0.018013392857142856
1 0.04364638447971781 0.4087996031746032 0.029440035273368605 0.01859375
1 0.03302028218694886 0.26524305555555555 0.0211331569664903 0.010401785714285714
1 0.0633994708994709 0.2622718253968254 0.015850970017636686 0.008916170634920636
1 0.409647266313933 0.4666517857142857 0.020066137566137565 0.013479662698412699
1 0.423858024691358 0.5034895833333333 0.029537037037037035 0.016929563492063492
1 0.5249514991181657 0.17429811507936507 0.029576719576719576 0.022686011904761903