2 0.5601455026455027 0.8852876984126984 0.039585537918871254 0.025208333333333333
1 0.4034656084656084 0.20066964285714287 0.07199294532627866 0.04183531746031746
1 0.30639770723104054 0.2667137896825397 0.06925485008818341 0.03699156746031746
1 0.19839065255731922 0.15888888888888889 0.05789241622574957 0.03684771825396825
1 0.09532627865961199 0.70734375 0.05437830687830688 0.033005952380952386
1 0.2993518518518518 0.012542162698412698 0.05649029982363316 0.025086805555555557
2 0.3546869488536155 0.9471354166666667 0.046529982363315694 0.025481150793650792
1 0.018897707231040565 0.8490525793650794 0.03779541446208113 0.03445684523809524
1 0.0823941798941799 0.41273313492063496 0.07813492063492064 0.04075396825396825
1 0.5771252204585539 0.3092509920634921 0.0532716049382716 0.038355654761904764
1 0.6105114638447973 0.33242311507936506 0.04759259259259259 0.02636904761904762
1 0.64744708994709 0.34341269841269845 0.05469576719576719 0.025171130952380952
1 0.13171516754850088 0.8241716269841269 0.05770282186948854 0.030106646825396825
1 0.8304453262786596 0.6769320436507936 0.05519400352733687 0.024461805555555556
1 0.69152557319224 0.2782316468253968 0.05084656084656084 0.02891865079365079
1 0.2692107583774251 0.31728918650793647 0.05819223985890652 0.024533730158730158
1 0.25112874779541444 0.5439112103174604 0.05367283950617284 0.02574156746031746
1 0.4823280423280424 0.0408531746031746 0.0313668430335097 0.019816468253968256