1 0.1138888888888889 0.7117534722222222 0.07894620811287478 0.052591765873015874
1 0.17965608465608465 0.2875496031746032 0.049805996472663136 0.03851190476190476
1 0.38359347442680775 0.3439756944444445 0.06524250440917108 0.039491567460317456
1 0.4455026455026455 0.8444022817460318 0.07424162257495591 0.04721478174603175
1 0.3224470899470899 0.45580853174603175 0.08264550264550265 0.041750992063492066
1 0.8293562610229277 0.473390376984127 0.0946031746031746 0.05278025793650794
1 0.1298721340388007 0.9841641865079366 0.08361992945326278 0.03167162698412698
1 0.020515873015873015 0.8277132936507937 0.03968253968253968 0.04866815476190476
1 0.893152557319224 0.8715947420634921 0.09147707231040564 0.06263640873015873
1 0.7270590828924163 0.3097371031746031 0.0642283950617284 0.039419642857142854
1 0.3313844797178131 0.7513144841269842 0.06333333333333332 0.04096478174603174
1 0.3015432098765432 0.485141369047619 0.07738536155202821 0.03374503968253968
1 0.5320105820105819 0.8548139880952381 0.0885626102292769 0.0551016865079365
1 0.6528615520282187 0.7340674603174604 0.0598721340388007 0.0628422619047619
1 0.2601455026455026 0.4562921626984127 0.060546737213403874 0.035381944444444445
1 0.026278659611992945 0.7514037698412698 0.05255291005291005 0.05361359126984127
1 0.021283068783068786 0.9381820436507936 0.04256613756613757 0.04788938492063492
1 0.5824029982363316 0.6560193452380952 0.058046737213403886 0.039724702380952374
1 0.09142416225749558 0.44841021825396826 0.06869047619047619 0.027209821428571427
1 0.48904320987654326 0.4040600198412699 0.05514550264550264 0.019047619047619046
1 0.6835008818342152 0.35290674603174604 0.053209876543209876 0.03319444444444444
1 0.5185493827160493 0.3822916666666667 0.06772045855379188 0.02340029761904762
1 0.33134920634920634 0.3148139880952381 0.04933862433862434 0.022311507936507935
1 0.3448941798941799 0.8255332341269842 0.06288359788359789 0.025032242063492065
1 0.6699559082892417 0.7863516865079365 0.06481922398589064 0.025032242063492065
1 0.011124338624338625 0.6954737103174603 0.022253086419753085 0.034828869047619046