2 0.37962962962962965 0.14074652777777777 0.03425595238095238 0.027311507936507936
2 0.3909126984126984 0.5087152777777777 0.024527116402116404 0.02167906746031746
2 0.2917493386243386 0.7046676587301587 0.023571428571428573 0.020091765873015876
2 0.4037533068783069 0.3384077380952381 0.02474206349206349 0.023251488095238096
2 0.02290674603174603 0.5866517857142858 0.03515542328042328 0.024131944444444445
2 0.5731977513227513 0.5903348214285714 0.03283730158730159 0.02162202380952381
2 0.896140873015873 0.42515376984126985 0.03226190476190476 0.021359126984126984
2 0.3769874338624339 0.4595014880952381 0.023667328042328042 0.017668650793650792
2 0.40627314814814813 0.3754141865079365 0.023644179894179895 0.02005208333333333
2 0.43994708994709 0.3764831349206349 0.02556547619047619 0.025009920634920635
2 0.3927777777777778 0.17262152777777778 0.028664021164021166 0.025260416666666664
2 0.18207010582010583 0.4172594246031746 0.020360449735449735 0.016279761904761905
2 0.307635582010582 0.3811979166666667 0.01955026455026455 0.015766369047619046
2 0.2535846560846561 0.6227604166666666 0.02027116402116402 0.018142361111111113
2 0.2919477513227513 0.4201016865079365 0.015925925925925923 0.016413690476190478
2 0.44199074074074074 0.5343824404761905 0.02627314814814815 0.021731150793650796
2 0.9442824074074074 0.524171626984127 0.02991732804232804 0.019771825396825395
2 0.42065476190476186 0.6666666666666666 0.02608134920634921 0.02050347222222222
2 0.36198082010582017 0.2894965277777778 0.026646825396825398 0.021006944444444446
2 0.23641203703703703 0.5040525793650793 0.021101190476190478 0.014665178571428572
2 0.35997354497354495 0.5616344246031747 0.019447751322751325 0.014365079365079365
2 0.17167328042328042 0.4839732142857143 0.01906084656084656 0.015446428571428571
2 0.10687169312169312 0.7227976190476191 0.02636243386243386 0.018663194444444444
2 0.6181977513227513 0.7481795634920635 0.01989748677248677 0.017919146825396824
2 0.41075727513227517 0.9440575396825397 0.02595899470899471 0.026688988095238095
2 0.503287037037037 0.6317708333333334 0.02013558201058201 0.022214781746031743
2 0.8991038359788359 0.26945188492063493 0.029867724867724866 0.02085813492063492
2 0.9623710317460318 0.786063988095238 0.028670634920634923 0.018697916666666668
2 0.9692691798941799 0.29687003968253967 0.023594576719576717 0.02296626984126984
2 0.6428042328042328 0.5804439484126984 0.023452380952380954 0.019213789682539683
2 0.4274239417989418 0.5399950396825397 0.029107142857142856 0.01978670634920635
2 0.5876488095238095 0.7423437500000001 0.02668320105820106 0.02163690476190476
2 0.6349041005291005 0.41009424603174605 0.020562169312169313 0.014935515873015873
2 0.23140542328042327 0.4487872023809524 0.018835978835978838 0.01892609126984127
2 0.2013558201058201 0.9881026785714286 0.03580687830687831 0.023794642857142858
2 0.44601521164021163 0.7099181547619048 0.014484126984126983 0.013742559523809523
2 0.8247156084656084 0.6512326388888889 0.02129298941798942 0.020128968253968253
2 0.326901455026455 0.5508110119047619 0.01747685185185185 0.013856646825396824
2 0.9574239417989417 0.7631622023809524 0.02097883597883598 0.013154761904761905
2 0.2547387566137566 0.4292435515873016 0.01917989417989418 0.013221726190476192
2 0.8558630952380952 0.5576165674603174 0.017777777777777778 0.015262896825396825
2 0.5355324074074074 0.5935962301587302 0.022711640211640214 0.0180828373015873
2 0.6796097883597884 0.7470436507936508 0.02466269841269841 0.018658234126984127
2 0.12451719576719578 0.8700818452380953 0.03628968253968254 0.02994047619047619
2 0.6515674603174603 0.7698735119047619 0.020304232804232804 0.016855158730158727
2 0.6358035714285715 0.8170436507936508 0.024110449735449735 0.01980902777777778
2 0.21927579365079367 0.839952876984127 0.021352513227513224 0.021237599206349204
2 0.09227843915343915 0.35740079365079364 0.008177910052910053 0.005362103174603175
2 0.02665674603174603 0.38091021825396826 0.008792989417989418 0.005575396825396825
2 0.04474206349206349 0.3728794642857143 0.009232804232804233 0.004990079365079366
2 0.03643518518518519 0.3653497023809524 0.006709656084656085 0.004652777777777778
2 0.040145502645502644 0.343234126984127 0.010105820105820106 0.006852678571428571
2 0.012046957671957672 0.3793824404761905 0.010277777777777778 0.005922619047619047
2 0.03334986772486772 0.4033333333333333 0.010105820105820106 0.00588045634920635
2 0.06581018518518518 0.4480406746031746 0.007585978835978837 0.0069717261904761905
2 0.028465608465608465 0.4236904761904762 0.009894179894179895 0.004697420634920635
2 0.0029497354497354496 0.4008730158730159 0.0059027777777777785 0.007718253968253969
2 0.01046626984126984 0.40085813492063493 0.007619047619047619 0.00583829365079365
2 0.10253637566137566 0.6951512896825397 0.018300264550264553 0.012894345238095238
2 0.17809523809523808 0.6941666666666667 0.017827380952380952 0.01853422619047619
2 0.5826851851851852 0.7564484126984127 0.028330026455026455 0.018856646825396825
2 0.7942294973544973 0.6565277777777777 0.029090608465608465 0.020319940476190478
2 0.7849272486772486 0.6865426587301587 0.024272486772486775 0.01917906746031746
2 0.8437566137566137 0.7549082341269842 0.02246031746031746 0.020647321428571428