1 0.8870987654320988 0.5079414682539682 0.07913139329805996 0.04666914682539682
1 0.3176763668430335 0.29160218253968256 0.052032627865961203 0.032056051587301584
1 0.8775220458553792 0.4526934523809524 0.0763800705467372 0.04103918650793651
1 0.6054982363315696 0.9023561507936508 0.057107583774250445 0.03574900793650793
1 0.5402733686067019 0.6377430555555555 0.04132716049382716 0.026984126984126982
1 0.8063447971781305 0.21337549603174605 0.0627116402116402 0.03644097222222222
1 0.33623015873015877 0.825047123015873 0.04347883597883598 0.027683531746031748
1 0.8880291005291006 0.1606374007936508 0.05536155202821869 0.03576388888888889
1 0.34361552028218695 0.578125 0.05083774250440917 0.03249503968253969
1 0.38925925925925925 0.35067956349206353 0.04600088183421517 0.02750248015873016
1 0.9620855379188713 0.8664732142857142 0.04341710758377425 0.036247519841269844
1 0.5637477954144621 0.7572619047619048 0.04716490299823633 0.030183531746031746
2 0.703831569664903 0.2868700396825397 0.06291887125220458 0.02900297619047619
1 0.9363403880070547 0.5873412698412698 0.03600088183421517 0.021946924603174604
1 0.5295282186948854 0.7828769841269841 0.0322663139329806 0.028010912698412698
1 0.9573059964726631 0.4933234126984127 0.06418430335097002 0.043370535714285716
1 0.8974338624338625 0.35053075396825395 0.0612962962962963 0.039181547619047616
1 0.7760537918871252 0.04128720238095238 0.04587301587301588 0.02236359126984127
1 0.9274426807760141 0.04881448412698412 0.039757495590828924 0.02967509920634921
1 0.7015079365079365 0.006021825396825397 0.03899470899470899 0.011183035714285715
1 0.9908641975308643 0.14945188492063494 0.018271604938271603 0.015912698412698413
1 0.8234611992945325 0.350515873015873 0.04587301587301588 0.024945436507936507
1 0.40255291005291005 0.3277207341269841 0.04664021164021164 0.01806299603174603
1 0.34750440917107583 0.35180555555555554 0.032879188712522045 0.02236359126984127
1 0.4369620811287478 0.8128521825396826 0.02522927689594356 0.020644841269841268
1 0.7535008818342152 0.9306944444444444 0.049700176366843034 0.02580357142857143
1 0.8181084656084656 0.8952108134920634 0.04434744268077601 0.02881448412698413
1 0.9908641975308643 0.814141865079365 0.018271604938271603 0.02322420634920635
1 0.9018298059964727 0.8765029761904761 0.05887125220458554 0.015483630952380952
1 0.9923544973544973 0.8629563492063492 0.015291005291005291 0.02365327380952381
1 0.9885714285714285 0.29567956349206354 0.022857142857142857 0.035696924603174605
1 0.7248280423280423 0.2552529761904762 0.03822751322751323 0.016773313492063492
1 0.7466181657848324 0.05913690476190476 0.02981922398589065 0.02107390873015873
1 0.8031966490299824 0.032470238095238094 0.026759259259259257 0.016773313492063492
1 0.7167989417989418 0.6810317460317461 0.05122574955908289 0.02451388888888889
1 0.1911463844797178 0.6472693452380952 0.05199294532627866 0.031825396825396826
1 0.1192768959435626 0.46921626984126985 0.02599647266313933 0.013762400793650794
1 0.9706437389770723 0.5885639880952381 0.0344047619047619 0.020213293650793652