1 0.08425925925925926 0.33027033730158734 0.060515873015873016 0.03903025793650794
1 0.07798059964726632 0.5151066468253968 0.05073192239858906 0.03712549603174603
1 0.11091710758377425 0.12372271825396826 0.035820105820105815 0.0219171626984127
1 0.13951058201058203 0.1244295634920635 0.022623456790123456 0.02121031746031746
1 0.20864197530864198 0.18364087301587304 0.035194003527336856 0.020148809523809524
1 0.24603174603174602 0.18098958333333334 0.03456349206349207 0.02050347222222222
1 0.007226631393298061 0.12036458333333333 0.014453262786596121 0.01732142857142857
1 0.15176807760141092 0.052316468253968254 0.03330687830687831 0.023330853174603174
1 0.3352689594356261 0.06327628968253968 0.029537037037037035 0.026158234126984127
1 0.7607186948853615 0.22464533730158728 0.059700176366843036 0.03640873015873016
1 0.2862522045855379 0.2781994047619048 0.037076719576719576 0.02545138888888889
1 0.2353483245149912 0.556046626984127 0.05593033509700176 0.02969246031746032
1 0.1734479717813051 0.5224652777777777 0.057817460317460316 0.0374702380952381
1 0.4477601410934744 0.6550248015873016 0.052160493827160495 0.04029761904761905
1 0.02388007054673721 0.8727777777777778 0.04776014109347442 0.03888392857142857
1 0.2721119929453263 0.835483630952381 0.06033068783068784 0.03146081349206349
1 0.7534920634920635 0.46718998015873014 0.06158730158730159 0.025002480158730158
1 0.7773721340388007 0.493655753968254 0.021366843033509702 0.023683035714285712