2 0.22106646825396825 0.43504960317460317 0.015786210317460317 0.02167989417989418
2 0.05766865079365079 0.38012896825396825 0.014253472222222221 0.01681547619047619
2 0.18957589285714285 0.28848214285714285 0.010064484126984127 0.016960978835978836
2 0.27650793650793654 0.255515873015873 0.014826388888888889 0.020241402116402116
2 0.2768526785714286 0.302119708994709 0.01125 0.014745370370370372
2 0.33471726190476186 0.3008201058201058 0.01484623015873016 0.018310185185185183
2 0.33473462301587303 0.2753009259259259 0.014087301587301586 0.019229497354497353
2 0.40595734126984123 0.15557870370370372 0.01775049603174603 0.02183201058201058
2 0.40751240079365075 0.3672222222222222 0.018653273809523807 0.024540343915343914
2 0.38376240079365076 0.4053207671957672 0.016004464285714285 0.022311507936507935
2 0.383077876984127 0.434619708994709 0.015369543650793651 0.01718584656084656
2 0.30082093253968256 0.4395238095238095 0.014417162698412698 0.017192460317460318
2 0.24752232142857142 0.5361970899470899 0.013365575396825397 0.01544973544973545
2 0.27827380952380953 0.5312731481481481 0.010032242063492064 0.01638558201058201
2 0.33835813492063493 0.537691798941799 0.013561507936507936 0.019593253968253968
2 0.383015873015873 0.4971858465608466 0.021865079365079365 0.01683201058201058
2 0.44582589285714286 0.421656746031746 0.01660218253968254 0.022628968253968255
2 0.6260615079365079 0.4481448412698413 0.021205357142857144 0.02757275132275132
2 0.4671676587301587 0.9766468253968255 0.024732142857142855 0.025790343915343912
2 0.5631026785714285 0.9080919312169313 0.018077876984126984 0.022986111111111113
2 0.551016865079365 0.8443022486772487 0.01081845238095238 0.025793650793650792
2 0.5955927579365079 0.8191699735449736 0.021294642857142856 0.022585978835978834
2 0.6879935515873016 0.8209755291005292 0.019342757936507936 0.022275132275132274
2 0.8956597222222222 0.8262103174603175 0.02365327380952381 0.025882936507936508
2 0.9048015873015872 0.8710152116402116 0.02208581349206349 0.026283068783068783
2 0.9961408730158731 0.9145304232804232 0.0077157738095238095 0.022136243386243384
2 0.6816964285714285 0.6152314814814815 0.01777529761904762 0.02253968253968254
2 0.7224280753968254 0.6140509259259259 0.02056299603174603 0.023118386243386243
2 0.6874131944444445 0.5867559523809524 0.020384424603174602 0.022450396825396825
2 0.7023040674603175 0.5231679894179894 0.02002232142857143 0.026643518518518518
2 0.7654489087301587 0.5271329365079365 0.022782738095238095 0.026732804232804233
2 0.8442683531746032 0.5787367724867725 0.0216046626984127 0.02601521164021164
2 0.9277926587301588 0.4624537037037037 0.021014384920634923 0.03069444444444444
2 0.9125843253968254 0.37223875661375666 0.020007440476190477 0.02575396825396825
2 0.840967261904762 0.36314814814814816 0.020153769841269844 0.02521825396825397
2 0.823953373015873 0.3773181216931217 0.021418650793650792 0.028068783068783066
2 0.8404141865079365 0.38375992063492065 0.015513392857142856 0.01689153439153439
2 0.7349231150793651 0.40296296296296297 0.024967757936507937 0.029361772486772488
2 0.6814236111111112 0.40699735449735447 0.014288194444444444 0.01683862433862434
2 0.9350595238095237 0.28502976190476187 0.0186359126984127 0.022896825396825395
2 0.9215376984126984 0.3986838624338624 0.020267857142857143 0.023740079365079367
2 0.8376736111111112 0.07192460317460317 0.021081349206349208 0.03141534391534392
2 0.4365079365079365 0.9046660052910053 0.01842509920634921 0.03023478835978836
2 0.1592609126984127 0.4301289682539683 0.010984623015873015 0.01748015873015873
2 0.2140029761904762 0.3989517195767196 0.01771577380952381 0.01558862433862434
2 0.24783978174603175 0.39446428571428566 0.021612103174603176 0.021729497354497352
2 0.005314980158730159 0.3049404761904762 0.010629960317460318 0.01842261904761905
2 0.01789186507936508 0.3006911375661376 0.013816964285714287 0.019368386243386243
2 0.2690972222222222 0.23408068783068783 0.017361111111111112 0.01748015873015873
2 0.1913268849206349 0.2659689153439153 0.01700644841269841 0.01795304232804233
2 0.2947842261904762 0.18967261904761906 0.013464781746031745 0.02031415343915344
2 0.49762648809523813 0.15636904761904763 0.016651785714285713 0.01984126984126984
2 0.5624652777777778 0.3654100529100529 0.011691468253968254 0.014646164021164022