2 0.5681051587301587 0.5434457671957672 0.026924603174603174 0.034722222222222224
2 0.34019593253968256 0.4737929894179894 0.031827876984126986 0.04411044973544973
2 0.07273561507936507 0.6067890211640212 0.04099206349206349 0.036861772486772484
2 0.17902281746031748 0.6123313492063492 0.03686011904761905 0.03884259259259259
2 0.5879315476190476 0.9806911375661376 0.02668402777777778 0.031994047619047616
2 0.19963541666666665 0.5735978835978836 0.03356894841269841 0.04140542328042328
2 0.5204613095238095 0.8628835978835979 0.027547123015873014 0.032414021164021166
2 0.6219568452380952 0.1208564814814815 0.0319047619047619 0.04457671957671958
2 0.6055282738095238 0.6819675925925925 0.027589285714285712 0.03816468253968254
2 0.1683407738095238 0.4624338624338625 0.036324404761904766 0.03121031746031746
2 0.1910441468253968 0.4022321428571428 0.028891369047619048 0.04051256613756614
2 0.376187996031746 0.3584589947089947 0.021498015873015874 0.031656746031746036
2 0.30972470238095234 0.9117890211640212 0.029930555555555557 0.03799603174603175
2 0.6136607142857143 0.9043948412698413 0.021788194444444443 0.03665343915343915
2 0.7203769841269841 0.19546296296296298 0.03145089285714286 0.04047619047619048
2 0.3698363095238095 0.5290641534391535 0.030225694444444444 0.027936507936507936
2 0.3036235119047619 0.4463657407407407 0.028648313492063492 0.029887566137566136
2 0.49062251984126987 0.24710648148148148 0.02978174603174603 0.023978174603174605
2 0.7260367063492064 0.3206481481481481 0.029050099206349204 0.035109126984126986
2 0.20512648809523812 0.6480753968253968 0.028214285714285716 0.02676256613756614
2 0.04130952380952381 0.7504199735449736 0.026264880952380953 0.04014219576719577
2 0.7984350198412699 0.5804497354497354 0.03242559523809524 0.03298941798941799
2 0.1609672619047619 0.6486772486772486 0.02949404761904762 0.025281084656084658
2 0.694672619047619 0.18087301587301588 0.029330357142857144 0.04296957671957672
2 0.52890625 0.4956382275132275 0.023536706349206352 0.02400462962962963
2 0.7165426587301587 0.39647817460317464 0.018777281746031743 0.02967261904761905
2 0.5518303571428571 0.3074206349206349 0.027125496031746032 0.024811507936507937
2 0.2787078373015873 0.46113425925925927 0.02570436507936508 0.03242063492063492
2 0.043055555555555555 0.39354497354497353 0.03135416666666667 0.023918650793650794
2 0.7741542658730158 0.6586111111111111 0.02110615079365079 0.029656084656084658
2 0.7077356150793651 0.6334457671957672 0.025032242063492065 0.029712301587301586
2 0.6441170634920634 0.5245403439153439 0.02552579365079365 0.027509920634920634
2 0.32217261904761907 0.747037037037037 0.018241567460317458 0.0298776455026455
2 0.2392534722222222 0.16325066137566138 0.02255704365079365 0.02056547619047619
2 0.5190376984126984 0.5740641534391534 0.020617559523809524 0.03235780423280423
2 0.7897619047619048 0.6214153439153439 0.02119047619047619 0.02384920634920635
2 0.569655257936508 0.6377480158730159 0.01587797619047619 0.025224867724867726
2 0.6709201388888889 0.6054728835978836 0.01603670634920635 0.01560846560846561
2 0.8236706349206349 0.6302546296296296 0.01750496031746032 0.02036375661375661
2 0.13431795634920637 0.5357837301587302 0.02576884920634921 0.031160714285714288
2 0.6360813492063492 0.5933763227513227 0.014523809523809524 0.016121031746031748
2 0.5683258928571429 0.670704365079365 0.016416170634920634 0.018756613756613756
2 0.2590699404761905 0.6509623015873016 0.02105406746031746 0.037003968253968254
2 0.6341195436507936 0.3646858465608465 0.01889384920634921 0.022116402116402114
2 0.746468253968254 0.625899470899471 0.017780257936507934 0.01896494708994709
2 0.37637400793650794 0.4886607142857143 0.027978670634920634 0.024675925925925928
2 0.15594494047619048 0.9621395502645503 0.016272321428571428 0.029070767195767195
2 0.7113293650793651 0.7502744708994709 0.016688988095238097 0.02011904761904762
2 0.6726686507936508 0.6835416666666667 0.017418154761904763 0.019520502645502646
2 0.34347966269841274 0.3397982804232804 0.02587301587301587 0.03287698412698413
2 0.7351438492063492 0.39829695767195766 0.016160714285714285 0.02616732804232804
2 0.7412078373015873 0.33131613756613754 0.019657738095238096 0.028885582010582007
2 0.8675074404761904 0.35296957671957674 0.02295138888888889 0.028108465608465607
2 0.8288616071428571 0.4011640211640211 0.02006448412698413 0.02529100529100529
2 0.8507291666666666 0.47198412698412695 0.019154265873015875 0.025833333333333333
2 0.8344469246031746 0.4874867724867725 0.01800595238095238 0.02156415343915344
2 0.6284002976190476 0.8983366402116403 0.02919642857142857 0.04079365079365079
2 0.48167906746031747 0.4938095238095238 0.020143849206349207 0.03200727513227514
2 0.3413516865079365 0.4101322751322751 0.015615079365079365 0.02558531746031746
2 0.5116790674603175 0.14233796296296297 0.02392609126984127 0.0301223544973545