1 0.5170458553791888 0.551860119047619 0.07257495590828925 0.0448015873015873
1 0.29487654320987655 0.06981150793650794 0.07965167548500882 0.05215525793650794
1 0.6719444444444445 0.1780828373015873 0.06828042328042329 0.04155753968253968
1 0.45245149911816585 0.43550347222222224 0.07827601410934744 0.04559771825396825
1 0.437663139329806 0.552874503968254 0.07171075837742504 0.040741567460317464
1 0.37213403880070545 0.4433978174603175 0.07983686067019401 0.04719246031746032
1 0.5474955908289242 0.4102827380952381 0.06132275132275133 0.041081349206349205
1 0.33537477954144623 0.1274702380952381 0.06221781305114639 0.04567460317460317
1 0.19755291005291006 0.25881696428571427 0.05121252204585538 0.031121031746031747
1 0.3710229276895944 0.2562574404761905 0.060745149911816586 0.03623759920634921
1 0.027976190476190477 0.499233630952381 0.055952380952380955 0.03561507936507936
1 0.16218253968253968 0.6097594246031747 0.05260582010582011 0.035451388888888886
1 0.6747486772486773 0.8558407738095238 0.062094356261022936 0.03709573412698412
1 0.5888183421516755 0.8434226190476191 0.05152557319223986 0.03267609126984127
1 0.6301763668430335 0.9739682539682539 0.049334215167548504 0.029441964285714283
1 0.5482760141093475 0.44756448412698413 0.07164462081128749 0.039496527777777776
1 0.49042768959435623 0.42403025793650795 0.06243827160493828 0.03742311507936508
1 0.5499603174603175 0.1441468253968254 0.05341710758377425 0.03324900793650794
1 0.5302425044091711 0.11348958333333332 0.056856261022927686 0.03428323412698413