2 0.6062610229276896 0.3471180555555555 0.05901675485008818 0.03487847222222222
1 0.6452072310405643 0.35761160714285717 0.05378306878306879 0.029283234126984126
1 0.18415343915343915 0.4142733134920635 0.06053791887125221 0.03423859126984127
1 0.9587433862433862 0.563576388888889 0.045026455026455026 0.02516121031746032
1 0.3211552028218695 0.8968353174603174 0.04861992945326279 0.028234126984126987
1 0.3419708994708995 0.4227132936507937 0.030207231040564376 0.016121031746031748
1 0.3139373897707231 0.4158779761904762 0.02854056437389771 0.01468501984126984
1 0.29958553791887127 0.19003472222222223 0.03038359788359788 0.019821428571428573
1 0.27641975308641975 0.1766641865079365 0.03205908289241622 0.014833829365079366
1 0.5056701940035273 0.11521577380952382 0.026688712522045854 0.014982638888888887
1 0.7401146384479718 0.21581349206349207 0.03492063492063492 0.02175595238095238
1 0.030458553791887125 0.07023809523809524 0.0356305114638448 0.022237103174603173
1 0.3280467372134039 0.021820436507936507 0.0205026455026455 0.011056547619047619
1 0.3256657848324515 0.03275545634920635 0.026613756613756614 0.011852678571428571
1 0.34577160493827164 0.4071875 0.018487654320987656 0.012938988095238095
1 0.1975 0.6422891865079365 0.028906525573192243 0.016123511904761904
1 0.5948015873015873 0.6689880952380952 0.030326278659611995 0.02042906746031746