1 0.06959435626102294 0.6285590277777777 0.0872663139329806 0.04855654761904762
1 0.1117063492063492 0.45624503968253965 0.08276014109347442 0.0488343253968254
1 0.4070811287477954 0.11468005952380952 0.07961199294532628 0.048759920634920635
1 0.49631393298059967 0.02423859126984127 0.08540123456790123 0.048474702380952375
1 0.1240432098765432 0.2142435515873016 0.07247795414462081 0.04597966269841269
1 0.9017063492063492 0.5867881944444444 0.06305555555555555 0.044275793650793656
1 0.02447971781305115 0.7537003968253968 0.0489594356261023 0.04140625
1 0.024713403880070546 0.56140625 0.04942680776014109 0.051728670634920634
1 0.8309347442680776 0.6136755952380952 0.060630511463844794 0.03527777777777778
1 0.8142945326278659 0.10367311507936508 0.07509700176366843 0.06396825396825397
1 0.4194268077601411 0.03861111111111111 0.07492063492063492 0.05512896825396826
1 0.9381922398589067 0.20115823412698414 0.08358024691358025 0.048613591269841265
1 0.9532539682539682 0.6504786706349206 0.04452380952380953 0.032715773809523806
1 0.174347442680776 0.6283506944444445 0.06098765432098765 0.03771329365079365
1 0.1337610229276896 0.600763888888889 0.06671516754850089 0.043926091269841275
1 0.7452380952380953 0.5073487103174603 0.04104938271604938 0.03349950396825397
1 0.5401940035273369 0.5448883928571429 0.05160493827160494 0.036148313492063495
1 0.8539726631393297 0.8230282738095238 0.05469135802469136 0.03640873015873016
1 0.1848280423280423 0.13629712301587302 0.04879188712522046 0.02697916666666667
1 0.4159700176366843 0.00488343253968254 0.06284832451499117 0.009769345238095238
1 0.47716490299823633 0.0027901785714285715 0.057888007054673715 0.005582837301587302
1 0.26670194003527337 0.3346924603174603 0.06367724867724867 0.0311656746031746
1 0.22328483245149913 0.4151686507936508 0.06946649029982364 0.0367485119047619
1 0.36180335097001765 0.4612202380952381 0.05871693121693121 0.02837549603174603
1 0.0690520282186949 0.7068328373015873 0.043831569664902995 0.023722718253968256
1 0.4234126984126984 0.7354414682539683 0.05623456790123457 0.03256200396825397
1 0.4176234567901234 0.8070783730158729 0.04962081128747796 0.03349206349206349
1 0.35890652557319225 0.788702876984127 0.0430026455026455 0.029305555555555553
1 0.31673280423280425 0.7705605158730159 0.0430026455026455 0.01534970238095238
1 0.8075440917107584 0.8791790674603175 0.052098765432098765 0.03163194444444445
1 0.896441798941799 0.8189409722222222 0.047962962962962964 0.02558531746031746
1 0.5147927689594356 0.59984375 0.028946208112874783 0.01721230158730159
1 0.6429761904761905 0.49820188492063494 0.03225308641975309 0.015815972222222224
1 0.6462830687830687 0.5256473214285714 0.020674603174603175 0.014885912698412699
1 0.6165123456790124 0.5249503968253968 0.019021164021164022 0.009769345238095238
1 0.5821913580246914 0.48843253968253963 0.026463844797178133 0.01023313492063492
1 0.6098941798941799 0.4921552579365079 0.02728835978835979 0.011163194444444444
1 0.7455202821869488 0.3423685515873016 0.05044532627865961 0.03070188492063492
1 0.6487654320987655 0.4007490079365079 0.04052028218694886 0.02558531746031746
1 0.8612962962962963 0.22235367063492062 0.03225308641975309 0.018606150793650793
1 0.6007980599647266 0.13839037698412698 0.08848765432098765 0.04884424603174603
1 0.7467592592592593 0.1702529761904762 0.06284832451499117 0.03535218253968254
1 0.5644135802469136 0.31538938492063495 0.060370370370370366 0.03349206349206349
1 0.804647266313933 0.35539434523809527 0.029770723104056436 0.019536210317460317
1 0.5023897707231041 0.49029513888888887 0.043831569664902995 0.023258928571428573
1 0.556141975308642 0.45563740079365084 0.020674603174603175 0.01255952380952381
1 0.28117283950617283 0.6654315476190477 0.04962081128747796 0.022792658730158732
1 0.8373148148148148 0.9459325396825397 0.04548500881834215 0.02186259920634921
1 0.8968562610229277 0.8461532738095239 0.04548500881834215 0.019536210317460317
1 0.7496560846560847 0.7905654761904761 0.03555996472663139 0.020932539682539685
1 0.30929012345679013 0.11978174603174603 0.06781305114638449 0.041401289682539685
1 0.10544091710758377 0.3912127976190476 0.04548500881834215 0.023258928571428573
1 0.06698412698412698 0.7668402777777777 0.047962962962962964 0.033028273809523806
1 0.015299823633156968 0.7875396825396825 0.028946208112874783 0.023258928571428573
1 0.48708994708994713 0.13466765873015873 0.05127425044091711 0.029305555555555553