2 0.09879298941798942 0.24358382936507936 0.19758597883597884 0.14388640873015873
2 0.7210747354497355 0.9568303571428571 0.0868915343915344 0.05946676587301587
2 0.5094907407407407 0.7533705357142858 0.042119708994708994 0.025989583333333333
2 0.8116865079365079 0.7074404761904762 0.0319808201058201 0.04089037698412699
2 0.3471064814814815 0.6712326388888888 0.02581679894179894 0.03289186507936508
2 0.5966666666666667 0.6412896825396825 0.02519510582010582 0.028779761904761905
2 0.8472585978835979 0.7117088293650794 0.02734457671957672 0.027991071428571428
2 0.5536838624338624 0.992452876984127 0.022833994708994707 0.015094246031746032
2 0.25374007936507936 0.5015550595238095 0.02443121693121693 0.015912698412698413
2 0.17686838624338624 0.8422718253968254 0.020284391534391537 0.019868551587301587
2 0.23412367724867725 0.5022619047619047 0.024226190476190478 0.018683035714285715
2 0.7791964285714286 0.723313492063492 0.018621031746031746 0.01709573412698413
2 0.42807208994708995 0.9785887896825397 0.017781084656084658 0.017532242063492062
2 0.221140873015873 0.890999503968254 0.03015542328042328 0.027328869047619046
2 0.5779794973544974 0.585203373015873 0.0502579365079365 0.033926091269841266
2 0.5999669312169312 0.6134747023809525 0.01633267195767196 0.018846726190476188
2 0.4234325396825397 0.9447147817460317 0.020102513227513226 0.01601934523809524
2 0.09423611111111112 0.9894766865079365 0.027642195767195767 0.018846726190476188
2 0.47557539682539685 0.8174950396825397 0.01633267195767196 0.01978918650793651