1 0.6510097001763668 0.34082837301587304 0.06906084656084656 0.0427405753968254
1 0.22400793650793652 0.42748511904761904 0.06853174603174604 0.03801587301587302
1 0.39531746031746035 0.4509449404761905 0.07096560846560845 0.041522817460317454
1 0.7838183421516755 0.49415178571428575 0.07179012345679012 0.048177083333333336
1 0.636225749559083 0.7495758928571429 0.06267195767195767 0.038804563492063494
1 0.3872574955908289 0.49095734126984125 0.05938712522045855 0.03708085317460317
1 0.23290564373897707 0.49411706349206347 0.04702821869488536 0.03176339285714286
1 0.42070987654320985 0.5361954365079366 0.06470017636684304 0.03791666666666667
1 0.05129188712522046 0.2745982142857143 0.038619929453262786 0.02056299603174603
1 0.030559964726631396 0.7570610119047618 0.045436507936507935 0.02825892857142857
1 0.612226631393298 0.3406175595238095 0.0539726631393298 0.034486607142857145
1 0.709810405643739 0.37209325396825393 0.03933862433862434 0.032998511904761905
1 0.7049779541446208 0.6420907738095237 0.05727954144620811 0.02950396825396825
1 0.7750264550264551 0.7226413690476191 0.06625220458553792 0.03687996031746031
1 0.810568783068783 0.7857266865079365 0.031058201058201056 0.03028025793650794
1 0.7909038800705467 0.754280753968254 0.04555114638447972 0.02795138888888889
1 0.7512169312169312 0.7519518849206349 0.04899911816578483 0.02484623015873016
1 0.5593606701940036 0.6642187500000001 0.04485890652557319 0.03338541666666667
1 0.4782671957671958 0.6222916666666667 0.04831128747795414 0.02484623015873016
1 0.6590828924162258 0.8233804563492063 0.04002645502645503 0.026398809523809522
1 0.41029100529100526 0.6034647817460318 0.05037918871252205 0.023680555555555555
1 0.5324426807760141 0.5986111111111111 0.05175925925925926 0.023291170634920633
1 0.4987742504409171 0.5637177579365079 0.06310405643738977 0.018722718253968252
1 0.42236772486772484 0.4076140873015873 0.05935185185185186 0.03338541666666667
1 0.7308597883597884 0.9889434523809524 0.053831569664902996 0.022113095238095237
1 0.007936507936507936 0.23039930555555557 0.013112874779541445 0.02290426587301587
1 0.05555555555555555 0.7845610119047619 0.05175925925925926 0.03028025793650794
1 0.18668430335097 0.8818055555555556 0.060044091710758384 0.03455109126984127
1 0.5870194003527336 0.6235491071428572 0.04736331569664903 0.024942956349206347
1 0.1528483245149912 0.629000496031746 0.045008818342151674 0.029010416666666667
1 0.32348765432098764 0.7217981150793651 0.06002645502645502 0.03543402777777778
1 0.8302336860670194 0.6684722222222222 0.047513227513227514 0.03083581349206349