1 0.317663139329806 0.5750248015873016 0.0779541446208113 0.05052827380952381
1 0.20508818342151675 0.6557068452380952 0.07421075837742505 0.04302579365079365
1 0.0642857142857143 0.578546626984127 0.09939594356261024 0.06503720238095238
1 0.10813492063492064 0.9621577380952381 0.09190917107583774 0.05696676587301587
1 0.7957451499118166 0.3093576388888889 0.039757495590828924 0.028167162698412698
1 0.7878218694885362 0.22690476190476191 0.03964285714285714 0.023038194444444444
1 0.823399470899471 0.37132192460317465 0.03743386243386244 0.02502480158730159
1 0.9609082892416226 0.3172048611111111 0.039025573192239864 0.028132440476190478
1 0.1941358024691358 0.8906671626984127 0.0672663139329806 0.03858630952380953
1 0.24300705467372133 0.5388392857142857 0.06022927689594356 0.03527777777777778
2 0.9375352733686066 0.5876215277777778 0.018747795414462084 0.01472470238095238
1 0.9496384479717814 0.6842881944444444 0.0377689594356261 0.02280009920634921
1 0.45570105820105816 0.5003273809523809 0.06785714285714287 0.04154265873015873
1 0.7424338624338624 0.48691468253968256 0.03938271604938271 0.02006448412698413
1 0.8087566137566138 0.3824727182539683 0.04055996472663139 0.02474454365079365
2 0.9911331569664903 0.3270188492063492 0.017729276895943565 0.013425099206349206
1 0.1416710758377425 0.6311954365079365 0.09311728395061729 0.048896329365079365
1 0.1747089947089947 0.9267361111111111 0.07462081128747795 0.0458234126984127
1 0.0342989417989418 0.9497867063492064 0.0685978835978836 0.057509920634920636
1 0.049933862433862435 0.9819270833333333 0.09986772486772487 0.036145833333333335
1 0.12873456790123458 0.7069618055555555 0.07548500881834215 0.04213789682539683
1 0.46527336860670193 0.6877157738095238 0.04813932980599647 0.028115079365079364
1 0.8303659611992945 0.5758779761904762 0.02969135802469136 0.01778521825396825
1 0.8855335097001764 0.5635565476190477 0.032795414462081125 0.016083829365079363
1 0.8487566137566137 0.532266865079365 0.03022045855379189 0.020029761904761904
1 0.8618562610229277 0.5117237103174603 0.035282186948853614 0.01947420634920635
1 0.8003835978835979 0.5186929563492063 0.03480599647266314 0.02423363095238095
1 0.8314991181657848 0.5182043650793651 0.03346560846560847 0.020962301587301585
1 0.5594797178130512 0.5370039682539682 0.03916666666666667 0.024151785714285712
1 0.5314991181657849 0.528358134920635 0.04851410934744268 0.026148313492063494
1 0.5560449735449735 0.47316964285714286 0.04739858906525573 0.030302579365079366
1 0.5483068783068783 0.42225694444444445 0.04852733686067019 0.02865079365079365
1 0.3114065255731922 0.5228645833333333 0.0912389770723104 0.05093005952380952
1 0.7821825396825397 0.49820436507936505 0.03647266313932981 0.02302083333333333
1 0.7648500881834216 0.4618576388888889 0.03941798941798942 0.022631448412698412
1 0.8520767195767196 0.4650421626984127 0.039889770723104054 0.023058035714285715
1 0.8933465608465608 0.46725198412698415 0.03483686067019401 0.016939484126984126
1 0.8483774250440916 0.347921626984127 0.04457231040564374 0.02220982142857143
1 0.9468121693121693 0.3417609126984127 0.03946649029982364 0.02518353174603175
1 0.5133201058201058 0.29863591269841266 0.04992063492063492 0.023814484126984125
1 0.5059964726631393 0.2570436507936508 0.042821869488536154 0.02626984126984127
1 0.684973544973545 0.2901860119047619 0.038315696649029986 0.02297123015873016
1 0.3174823633156966 0.12310515873015873 0.054175485008818344 0.032584325396825396
2 0.9805776014109346 0.3369667658730159 0.021591710758377423 0.012705853174603174
1 0.09214726631393298 0.4988566468253969 0.0990652557319224 0.050411706349206345
1 0.11888007054673722 0.4142212301587302 0.05368606701940035 0.035287698412698416
1 0.34993386243386243 0.5455456349206349 0.05833333333333334 0.032274305555555556