2 0.14868055555555557 0.2786582341269841 0.03418650793650793 0.026123511904761903
2 0.09320767195767196 0.2585813492063492 0.03031746031746032 0.015964781746031748
2 0.2951058201058201 0.28857638888888887 0.02644510582010582 0.020803571428571428
2 0.2873677248677249 0.3400992063492063 0.025155423280423278 0.022254464285714287
2 0.14610119047619047 0.401297123015873 0.031607142857142854 0.020803571428571428
2 0.18577050264550263 0.44362847222222224 0.023220899470899472 0.010642361111111111
2 0.25801587301587303 0.48281498015873014 0.02451058201058201 0.017415674603174603
2 0.3738029100529101 0.4557217261904762 0.025155423280423278 0.019350198412698413
2 0.46088293650793655 0.36138392857142854 0.014834656084656084 0.009675099206349206
2 0.5537698412698412 0.376624503968254 0.01999669312169312 0.01693204365079365
2 0.5253869047619047 0.45015873015873015 0.01870701058201058 0.015964781746031748
2 0.5963425925925926 0.4252430555555555 0.016127645502645505 0.012579365079365079
2 0.5805390211640211 0.4266964285714286 0.014189814814814813 0.011609623015873016
2 0.607308201058201 0.4845064484126984 0.017417328042328043 0.011125992063492064
2 0.6137566137566137 0.5769097222222223 0.016127645502645505 0.011125992063492064
2 0.5392559523809524 0.5870684523809524 0.014189814814814813 0.013062996031746031
2 0.49120039682539685 0.5977132936507936 0.021286375661375662 0.015964781746031748
2 0.467010582010582 0.6221428571428571 0.02064153439153439 0.015481150793650793
2 0.36670634920634926 0.6165798611111112 0.023865740740740743 0.01693204365079365
2 0.35090277777777784 0.6243204365079366 0.019351851851851853 0.01693204365079365
2 0.37767195767195766 0.5669915674603175 0.01999669312169312 0.017415674603174603
2 0.3792857142857143 0.47821924603174604 0.02064153439153439 0.01693204365079365
2 0.33864748677248674 0.4799107142857143 0.02580026455026455 0.01451388888888889
2 0.1515839947089947 0.514985119047619 0.023220899470899472 0.01693204365079365
2 0.1493287037037037 0.5258705357142857 0.027738095238095235 0.013546626984126984
2 0.08482142857142858 0.5495758928571428 0.0225760582010582 0.017415674603174603
2 0.03612103174603175 0.5198239087301587 0.02193121693121693 0.017899305555555557
2 0.5150661375661375 0.6637475198412699 0.021286375661375662 0.018382936507936508
2 0.5002314814814814 0.6567336309523809 0.013544973544973546 0.012095734126984128
2 0.5047453703703704 0.675843253968254 0.012255291005291005 0.016448412698412698
2 0.5095833333333334 0.6951934523809524 0.02709325396825397 0.016448412698412698
2 0.49797288359788355 0.7099503968253968 0.012900132275132275 0.014030257936507936
2 0.4802347883597884 0.7326860119047619 0.021286375661375662 0.014997519841269841
2 0.42088955026455027 0.713578869047619 0.01870701058201058 0.016448412698412698
2 0.4350793650793651 0.713578869047619 0.016127645502645505 0.013546626984126984
2 0.40153769841269843 0.6925322420634921 0.021286375661375662 0.01886656746031746
2 0.5747321428571429 0.6480257936507937 0.012900132275132275 0.011125992063492064
2 0.6124669312169312 0.6204489087301588 0.010965608465608465 0.012095734126984128
2 0.5856977513227514 0.6625396825396825 0.011610449735449736 0.009191468253968254
2 0.5753769841269841 0.6681026785714286 0.015479497354497355 0.009675099206349206
2 0.14896825396825397 0.9715749007936507 0.028425925925925924 0.029213789682539685
2 0.06842923280423281 0.6206076388888889 0.016845238095238094 0.014211309523809524
2 0.22634589947089948 0.5704687500000001 0.02105489417989418 0.01500248015873016
2 0.20220899470899473 0.28733134920634923 0.022764550264550265 0.01888888888888889
2 0.14166666666666666 0.3222023809523809 0.015982142857142858 0.015255456349206348