2 0.33863095238095237 0.6355877976190476 0.06853835978835979 0.058375496031746035
2 0.520433201058201 0.5515104166666667 0.08131944444444444 0.05924603174603175
2 0.6255654761904762 0.5275496031746032 0.0499537037037037 0.0461780753968254
2 0.653449074074074 0.5493303571428572 0.04065806878306878 0.032237103174603175
2 0.5303075396825397 0.7113864087301587 0.08248015873015872 0.058375496031746035
2 0.7045601851851853 0.6991889880952381 0.07318452380952381 0.05663194444444444
2 0.3078472222222222 0.44521577380952376 0.05808531746031746 0.0435639880952381
2 0.2886772486772487 0.3236731150793651 0.07783399470899471 0.060116567460317454
2 0.06970238095238095 0.26486359126984127 0.07202380952380953 0.054017857142857145
2 0.5471527777777777 0.2208655753968254 0.04414351851851852 0.021780753968253967
2 0.7754232804232805 0.10977926587301587 0.07550925925925926 0.06273065476190476
2 0.964781746031746 0.06820436507936507 0.06448412698412699 0.0496031746031746
2 0.9695767195767195 0.028521825396825396 0.06084656084656084 0.04712301587301587
2 0.24718915343915343 0.06448412698412699 0.0710978835978836 0.05704365079365079
2 0.14715608465608465 0.38938492063492064 0.0496031746031746 0.044642857142857144