2 0.07147156084656084 0.4505877976190476 0.016689814814814814 0.014149305555555556
2 0.10375992063492064 0.4674578373015873 0.021769179894179893 0.010882936507936508
2 0.35698743386243387 0.48595982142857147 0.042083333333333334 0.029387400793650792
2 0.255406746031746 0.5452777777777778 0.044986772486772485 0.03047371031746032
2 0.2945866402116402 0.5482688492063492 0.036279761904761905 0.02122271825396825
2 0.21549933862433862 0.5703100198412698 0.047890211640211636 0.03047371031746032
2 0.6116666666666667 0.3621577380952381 0.033376322751322754 0.028841765873015873
2 0.5663194444444444 0.3972569444444444 0.03555224867724868 0.02829861111111111
2 0.8166468253968254 0.37821180555555556 0.037003968253968254 0.02829861111111111
2 0.7168783068783069 0.39453621031746033 0.034828042328042326 0.027209821428571427
2 0.680598544973545 0.40922867063492063 0.031924603174603175 0.026121031746031743
2 0.7027281746031747 0.4252827380952381 0.0326521164021164 0.022311507936507935
2 0.7201421957671957 0.44650545634920635 0.037003968253968254 0.022311507936507935
2 0.6613690476190476 0.4603844246031746 0.03555224867724868 0.025032242063492065
2 0.7306646825396826 0.45929563492063497 0.034828042328042326 0.02394345238095238
2 0.5235085978835978 0.4693625992063492 0.03845568783068783 0.02666418650793651
2 0.36243055555555553 0.851111111111111 0.029748677248677247 0.027209821428571427
2 0.4288194444444444 0.9357316468253968 0.040631613756613755 0.025577876984126984
2 0.35843915343915345 0.9580431547619047 0.030476190476190476 0.02122271825396825
2 0.486140873015873 0.8856671626984127 0.04353505291005291 0.03863839285714286
2 0.5307638888888889 0.8633556547619048 0.01958994708994709 0.025577876984126984
2 0.5721230158730158 0.7507068452380952 0.03555224867724868 0.0244890873015873
2 0.742635582010582 0.8032217261904763 0.031200396825396822 0.021768353174603173
2 0.7020039682539683 0.9131473214285715 0.01378637566137566 0.013060515873015871
2 0.714702380952381 0.9204960317460318 0.021769179894179893 0.014692460317460318
2 0.8072123015873016 0.8467584325396825 0.0268452380952381 0.021768353174603173
2 0.8347850529100529 0.8094791666666667 0.0326521164021164 0.02666418650793651
2 0.8746924603174604 0.8059424603174603 0.029748677248677247 0.02829861111111111
2 0.8837632275132276 0.8195486111111111 0.026121031746031743 0.019590773809523808
2 0.796329365079365 0.6358854166666666 0.0268452380952381 0.0244890873015873
2 0.7698445767195768 0.6255456349206349 0.033376322751322754 0.022311507936507935
2 0.4650992063492064 0.6805084325396825 0.03773148148148148 0.0244890873015873
2 0.4008862433862434 0.6592832341269841 0.025396825396825397 0.022311507936507935
2 0.39689484126984126 0.5477256944444444 0.031924603174603175 0.025577876984126984
2 0.42483134920634924 0.49684523809523806 0.029748677248677247 0.022857142857142857
2 0.38891203703703703 0.5009250992063492 0.040631613756613755 0.027752976190476192
2 0.4618353174603174 0.5137127976190476 0.04716269841269841 0.0315625
2 0.577202380952381 0.5134424603174603 0.0268452380952381 0.022311507936507935
2 0.680598544973545 0.5006522817460318 0.031924603174603175 0.02394345238095238
2 0.7665806878306878 0.5131696428571428 0.023945105820105818 0.018501984126984127
2 0.7070833333333333 0.49847718253968254 0.025396825396825397 0.017413194444444443
2 0.6729794973544974 0.5684052579365079 0.03990740740740741 0.028841765873015873
2 0.6399669312169313 0.5871800595238096 0.040631613756613755 0.027209821428571427
2 0.6755191798941799 0.6062251984126985 0.042083333333333334 0.027209821428571427
2 0.916412037037037 0.5934375 0.02757275132275132 0.0244890873015873
2 0.9283862433862434 0.5986061507936508 0.031200396825396822 0.020679563492063492
2 0.9040178571428571 0.7054141865079365 0.006448412698412698 0.005910218253968254
2 0.8961375661375661 0.6925198412698412 0.007880291005291005 0.00644593253968254
2 0.8844973544973544 0.7097123015873016 0.005373677248677248 0.004836309523809524
2 0.8667691798941799 0.7070262896825397 0.005013227513227513 0.004836309523809524
2 0.8907671957671958 0.7102480158730158 0.0057308201058201055 0.004298115079365079
2 0.9289120370370371 0.6984300595238095 0.006805555555555555 0.004836309523809524
2 0.9280158730158731 0.6758655753968255 0.006448412698412698 0.005372023809523809
2 0.9427017195767196 0.6917137896825396 0.006448412698412698 0.005372023809523809
2 0.8936309523809525 0.6577331349206349 0.0057308201058201055 0.004565972222222222
2 0.8726785714285714 0.6534350198412698 0.005373677248677248 0.005104166666666667
2 0.845816798941799 0.6370486111111111 0.007523148148148148 0.005104166666666667
2 0.926223544973545 0.6400024801587301 0.007880291005291005 0.004030257936507937
2 0.9353571428571429 0.6444345238095238 0.004656084656084656 0.003224206349206349
2 0.9441335978835979 0.6387946428571428 0.004298941798941799 0.003224206349206349
2 0.9489682539682539 0.6408085317460317 0.003938492063492063 0.003492063492063492
2 0.963832671957672 0.6331522817460317 0.007162698412698413 0.003224206349206349
2 0.9928439153439154 0.6790873015873016 0.007162698412698413 0.0075223214285714286
2 0.9822784391534392 0.6726413690476191 0.006087962962962963 0.004836309523809524