1 0.742363315696649 0.2351810515873016 0.05604497354497354 0.03225446428571429
1 0.06551587301587301 0.4531597222222222 0.04507936507936508 0.02668402777777778
1 0.059312169312169316 0.27629464285714284 0.050207231040564376 0.028544146825396827
1 0.17935626102292768 0.1901190476190476 0.051944444444444446 0.032859623015873016
1 0.7022530864197531 0.306187996031746 0.04707671957671958 0.027681051587301587
1 0.9343209876543209 0.13901785714285714 0.05156966490299823 0.029682539682539685
1 0.3573456790123457 0.38132440476190477 0.04807760141093475 0.02523313492063492
1 0.020348324514991183 0.9309945436507936 0.040696649029982365 0.02609871031746032
1 0.26982804232804236 0.36429811507936505 0.04567460317460317 0.02650297619047619
1 0.5359876543209876 0.25983382936507937 0.04181657848324515 0.02888640873015873
1 0.3924647266313933 0.24155505952380954 0.038571428571428576 0.026939484126984128
1 0.6713624338624339 0.4491592261904762 0.030401234567901236 0.02068948412698413
1 0.6798192239858907 0.5942088293650793 0.043783068783068785 0.027125496031746032
1 0.9305687830687832 0.45033978174603173 0.04765432098765432 0.025305059523809525
1 0.05172839506172839 0.8853546626984127 0.05746913580246914 0.03612103174603174
1 0.5606878306878307 0.8166145833333334 0.03518077601410935 0.027703373015873018
1 0.8892019400352734 0.6419122023809524 0.04648589065255732 0.026458333333333334
1 0.3855246913580247 0.670265376984127 0.05502204585537919 0.0314186507936508
1 0.07921075837742504 0.9265972222222222 0.04207671957671958 0.02187748015873016
1 0.3171031746031746 0.07326140873015873 0.04940917107583774 0.030042162698412696
1 0.20936507936507937 0.13437748015873013 0.049634038800705466 0.03159474206349206
1 0.16584656084656085 0.16001240079365078 0.04843915343915344 0.0316344246031746
1 0.20977072310405642 0.2805109126984127 0.04143738977072311 0.02423611111111111
1 0.24733686067019403 0.3877777777777778 0.033994708994708994 0.021121031746031745
1 0.47526895943562614 0.45079117063492063 0.0470326278659612 0.027003968253968252
1 0.14069223985890653 0.6833630952380952 0.055480599647266315 0.030071924603174604
1 0.0978968253968254 0.09414434523809523 0.05780864197530865 0.03060763888888889
1 0.22744708994708995 0.19811011904761905 0.04582010582010582 0.032829861111111115
1 0.5125793650793651 0.5892113095238095 0.051393298059964725 0.03103918650793651
1 0.029276895943562614 0.07690228174603174 0.04996031746031746 0.029310515873015874
1 0.13859347442680775 0.09503224206349206 0.04082451499118166 0.026892361111111113
1 0.2285758377425044 0.12993303571428572 0.0370679012345679 0.024174107142857143
1 0.23367724867724868 0.10696676587301587 0.04297619047619047 0.024776785714285716
1 0.03169312169312169 0.1797891865079365 0.03760141093474427 0.023568948412698413
1 0.009131393298059965 0.17601438492063493 0.01826278659611993 0.020245535714285712
1 0.04163139329805997 0.18779761904761905 0.026322751322751324 0.017827380952380952
1 0.0932010582010582 0.25669146825396827 0.04243827160493827 0.020850694444444443
1 0.13160934744268077 0.2646999007936508 0.03008377425044092 0.021150793650793653
1 0.27960758377425043 0.33419890873015873 0.04458553791887125 0.025381944444444447
1 0.36877865961199296 0.3589756944444445 0.029545855379188714 0.01873511904761905
1 0.23904761904761904 0.46745535714285713 0.04404761904761905 0.025381944444444447
1 0.192852733686067 0.46307291666666667 0.034378306878306876 0.017827380952380952
1 0.42760141093474424 0.45431051587301585 0.048346560846560846 0.026892361111111113
1 0.09159171075837742 0.7267162698412698 0.047808641975308645 0.027194940476190477
1 0.11522486772486772 0.7614657738095238 0.05747795414462082 0.03202876984126984
1 0.09508377425044091 0.7809548611111111 0.04727072310405644 0.02628968253968254
1 0.3929541446208113 0.9075644841269842 0.0370679012345679 0.022058531746031746
1 0.1587389770723104 0.8758358134920635 0.04351410934744268 0.02568452380952381
1 0.05533068783068783 0.946845238095238 0.03867724867724868 0.023871527777777776
1 0.42760141093474424 0.8839930555555556 0.03330687830687831 0.019037698412698412
1 0.6559082892416226 0.887016369047619 0.04512345679012346 0.02870535714285714
1 0.7386331569664903 0.8972891865079364 0.035454144620811284 0.020850694444444443
1 0.7735493827160494 0.7862425595238095 0.03867724867724868 0.022963789682539683
1 0.9545855379188712 0.7185565476190475 0.024708994708994708 0.01873511904761905
1 0.6728306878306879 0.6723239087301587 0.03813932980599647 0.025381944444444447
1 0.6408641975308642 0.683655753968254 0.04082451499118166 0.027497519841269843
1 0.45795414462081135 0.6428645833333334 0.04029100529100529 0.021453373015873016
1 0.6795414462081129 0.6072073412698413 0.04727072310405644 0.02326636904761905
1 0.7783862433862434 0.5821279761904762 0.03652998236331569 0.02326636904761905
1 0.8157186948853615 0.5718551587301587 0.047808641975308645 0.027497519841269843
1 0.9067724867724868 0.37771081349206354 0.04297619047619047 0.025987103174603173
1 0.9883024691358023 0.4673040674603175 0.023390652557319223 0.022058531746031746
1 0.8514417989417989 0.1742013888888889 0.04297619047619047 0.021453373015873016
1 0.9664021164021165 0.13703373015873016 0.03867724867724868 0.02326636904761905
1 0.9306790123456791 0.09049851190476191 0.03813932980599647 0.021453373015873016
1 0.9427645502645503 0.07176587301587302 0.035454144620811284 0.019640376984126982
1 0.8952248677248676 0.06330357142857143 0.0327689594356261 0.016619543650793652
1 0.8898544973544974 0.0793204365079365 0.034916225749559084 0.020850694444444443
1 0.8691710758377424 0.07720486111111112 0.025784832451499116 0.019640376984126982
1 0.8420414462081128 0.08339781746031746 0.0327689594356261 0.018129960317460315
1 0.8181393298059965 0.1326512896825397 0.03652998236331569 0.021150793650793653
1 0.8487566137566137 0.14640128968253968 0.031155202821869486 0.019037698412698412
1 0.7007627865961199 0.16060267857142857 0.030621693121693123 0.018432539682539682
1 0.7125793650793651 0.19399305555555554 0.034916225749559084 0.021150793650793653
1 0.7225176366843034 0.2165029761904762 0.03330687830687831 0.019037698412698412
1 0.56005291005291 0.024370039682539684 0.034783950617283954 0.021701388888888888
1 0.4149029982363316 0.1586706349206349 0.045537918871252206 0.02632688492063492
1 0.33299823633156966 0.025969742063492063 0.034783950617283954 0.02134672619047619
1 0.3639858906525573 0.012452876984126985 0.04111111111111111 0.022058531746031746
1 0.3241402116402116 0.09872519841269842 0.04996472663139329 0.028105158730158727
1 0.3548280423280423 0.4249429563492063 0.04095679012345679 0.023038194444444444
1 0.6407804232804233 0.29928323412698415 0.03350970017636684 0.0196875
1 0.6545546737213404 0.30933531746031745 0.03425485008818342 0.020525793650793652
1 0.2321031746031746 0.644734623015873 0.04772045855379189 0.027331349206349206