2 0.06634424603174603 0.7746362433862434 0.035962301587301584 0.03802910052910053
2 0.01984126984126984 0.7208994708994709 0.032242063492063495 0.036375661375661374
2 0.026661706349206348 0.7415674603174603 0.031001984126984128 0.03802910052910053
2 0.062003968253968256 0.4332010582010582 0.017361111111111112 0.01984126984126984
2 0.03782242063492063 0.4323743386243386 0.021081349206349208 0.011574074074074073
2 0.04712301587301587 0.4505621693121693 0.00992063492063492 0.011574074074074073
2 0.05952380952380952 0.39103835978835977 0.022321428571428572 0.028108465608465607
2 0.1314484126984127 0.4183201058201058 0.01488095238095238 0.01984126984126984
2 0.16865079365079366 0.4150132275132275 0.01488095238095238 0.016534391534391533
2 0.20895337301587302 0.39599867724867727 0.016121031746031748 0.01488095238095238
2 0.22259424603174602 0.42328042328042326 0.018601190476190476 0.02976190476190476
2 0.30319940476190477 0.0710978835978836 0.031001984126984128 0.03306878306878307
2 0.3862847222222222 0.16038359788359788 0.04092261904761905 0.05291005291005291
2 0.4681299603174603 0.15046296296296297 0.043402777777777776 0.046296296296296294
2 0.3342013888888889 0.23644179894179895 0.035962301587301584 0.04298941798941799
2 0.3943452380952381 0.2835648148148148 0.03968253968253968 0.04794973544973545
2 0.4755704365079365 0.28687169312169314 0.033482142857142856 0.034722222222222224
2 0.34350198412698413 0.6216931216931217 0.04712301587301587 0.06613756613756613
2 0.38318452380952384 0.9819775132275133 0.034722222222222224 0.036044973544973546
2 0.521453373015873 0.5654761904761905 0.05580357142857143 0.06944444444444445
2 0.5642361111111112 0.5902777777777778 0.034722222222222224 0.03968253968253968
2 0.7483878968253969 0.43898809523809523 0.033482142857142856 0.04133597883597884
2 0.7124255952380952 0.17526455026455026 0.031001984126984128 0.03968253968253968
2 0.8959573412698413 0.23892195767195767 0.03844246031746032 0.04794973544973545
2 0.884796626984127 0.014054232804232803 0.04092261904761905 0.028108465608465607
2 0.5735367063492064 0.7994378306878307 0.045882936507936505 0.06448412698412699
2 0.5561755952380952 0.8490410052910053 0.043402777777777776 0.06117724867724868
2 0.6287202380952381 0.8978174603174603 0.034722222222222224 0.04298941798941799
2 0.8184523809523809 0.906084656084656 0.032242063492063495 0.046296296296296294
2 0.8891369047619048 0.7440476190476191 0.03968253968253968 0.04298941798941799
2 0.8804563492063492 0.6216931216931217 0.027281746031746032 0.04298941798941799
2 0.9517609126984127 0.6440145502645502 0.033482142857142856 0.04794973544973545
2 0.9771825396825397 0.5787037037037037 0.017361111111111112 0.023148148148148147
2 0.9923115079365079 0.5720899470899471 0.015376984126984126 0.03968253968253968