1 0.970573192239859 0.0808407738095238 0.058849206349206346 0.03586061507936508
1 0.48003968253968254 0.31371775793650797 0.044916225749559086 0.027125496031746032
1 0.556984126984127 0.7109201388888888 0.052464726631393295 0.027472718253968253
1 0.5260934744268078 0.7854042658730159 0.05112874779541446 0.02952628968253968
1 0.2830687830687831 0.8122048611111111 0.0462610229276896 0.02490575396825397
1 0.20229717813051146 0.7716641865079364 0.049995590828924165 0.021634424603174603
1 0.13332451499118167 0.7273139880952382 0.0466005291005291 0.0259796626984127
1 0.46666666666666673 0.6855828373015873 0.06768518518518518 0.031889880952380954
1 0.5001587301587301 0.3886259920634921 0.05729276895943562 0.03052579365079365
1 0.3952954144620811 0.22212549603174603 0.04924162257495591 0.03630952380952381
1 0.3235449735449735 0.5116468253968254 0.023373015873015872 0.01316220238095238
1 0.2963977072310406 0.6789112103174603 0.05909171075837743 0.03150297619047619
1 0.6355467372134039 0.13606646825396826 0.03929453262786596 0.028769841269841268
1 0.7827645502645503 0.1945858134920635 0.04407848324514991 0.023234126984126986
1 0.8172795414462081 0.009327876984126984 0.06526014109347442 0.018653273809523807
1 0.6879717813051146 0.5839459325396825 0.06072751322751322 0.02795138888888889
1 0.5875749559082892 0.7583556547619048 0.05373456790123457 0.026579861111111113
1 0.6374162257495591 0.6944791666666666 0.04921075837742504 0.02847222222222222
1 0.8085714285714285 0.6535962301587303 0.04293650793650793 0.023700396825396826
1 0.18365079365079365 0.26341021825396826 0.039880952380952385 0.02390625
1 0.31969135802469134 0.7361210317460317 0.034166666666666665 0.016473214285714285