1 0.5396252204585538 0.41167906746031746 0.07598324514991182 0.041396329365079365
1 0.679157848324515 0.8008482142857143 0.06680776014109348 0.04062748015873016
1 0.6639021164021164 0.35148065476190476 0.07952821869488537 0.04405009920634921
1 0.8281569664902998 0.0978373015873016 0.08346560846560847 0.05082093253968254
1 0.7026543209876542 0.18881200396825396 0.07649029982363316 0.050143849206349206
1 0.7930026455026455 0.34460069444444447 0.07807760141093475 0.045567956349206344
1 0.6789991181657848 0.11071180555555556 0.07654320987654321 0.05094742063492063
1 0.8253703703703704 0.48038938492063493 0.06693562610229277 0.03792410714285714
1 0.5373500881834216 0.35603670634920637 0.06612433862433863 0.04039186507936508
1 0.4505952380952381 0.4914409722222222 0.06690917107583774 0.03577380952380953
1 0.3446340388007055 0.42938244047619045 0.05260141093474427 0.026470734126984127
1 0.8795238095238095 0.5432316468253968 0.07203262786596121 0.04200892857142857
1 0.3645326278659612 0.7551463293650794 0.048174603174603176 0.030602678571428572
1 0.0802557319223986 0.7449603174603174 0.06815255731922398 0.029890873015873017
1 0.5810714285714286 0.4579017857142857 0.07087301587301588 0.0357390873015873
1 0.7784435626102293 0.6749007936507936 0.04607142857142857 0.026847718253968252
1 0.6074603174603175 0.33020337301587305 0.06906966490299823 0.0397718253968254
1 0.7462081128747796 0.9730803571428571 0.051455026455026455 0.03322420634920635
1 0.6116666666666667 0.9201091269841271 0.04445767195767196 0.032614087301587304
1 0.9042019400352733 0.6177554563492064 0.06191798941798942 0.04375248015873016
1 0.3638536155202822 0.45006200396825397 0.05095679012345679 0.025367063492063493
1 0.8065167548500882 0.045262896825396824 0.06511463844797179 0.04656994047619048
1 0.29906966490299824 0.04892361111111111 0.03627865961199295 0.0225
1 0.38837301587301587 0.0831969246031746 0.030696649029982367 0.018836805555555555
1 0.4018606701940035 0.15043650793650792 0.03162698412698413 0.01726686507936508
1 0.4990740740740741 0.178953373015873 0.02697530864197531 0.018836805555555555
1 0.38 0.22343005952380954 0.04930335097001763 0.030349702380952383
1 0.6069797178130512 0.22683283730158732 0.05488536155202822 0.0381969246031746
1 0.6534920634920635 0.2155828373015873 0.06976631393298059 0.04290674603174603
1 0.16976631393298058 0.37622271825396825 0.04930335097001763 0.024069940476190474
1 0.2632583774250441 0.30767609126984125 0.03720899470899471 0.020930059523809524
1 0.11906966490299824 0.3356696428571429 0.04837301587301587 0.02459325396825397
1 0.05813932980599648 0.3508457341269841 0.03813932980599647 0.016220238095238097
1 0.018606701940035275 0.4918625992063492 0.03720899470899471 0.02302331349206349
1 0.09162698412698413 0.5122693452380952 0.041860670194003524 0.024069940476190474
1 0.14837301587301588 0.4902926587301587 0.043721340388007054 0.01988343253968254
1 0.09302469135802469 0.46229910714285716 0.039069664902998236 0.01936011904761905
1 0.06511463844797179 0.5389558531746033 0.03348765432098766 0.020930059523809524
1 0.3565740740740741 0.48205357142857147 0.04261904761904762 0.02277529761904762
1 0.5234964726631394 0.5028323412698413 0.04403880070546737 0.02277529761904762
1 0.7014285714285714 0.6322842261904762 0.046168430335097 0.026770833333333334
1 0.5284700176366843 0.6986086309523809 0.04119929453262786 0.027569444444444445
1 0.5625617283950618 0.7723263888888889 0.04830246913580247 0.03516121031746032
1 0.586715167548501 0.7725248015873016 0.03835537918871252 0.025171130952380952
1 0.6293342151675485 0.8032911706349206 0.05114197530864197 0.03635912698412698
1 0.5927513227513227 0.8404489087301588 0.050432098765432094 0.033960813492063494
1 0.46631834215167545 0.7481547619047619 0.04048941798941799 0.02277529761904762
1 0.18183862433862436 0.9589161706349206 0.06250881834215168 0.04075396825396825
1 0.11542328042328041 0.9675049603174604 0.049012345679012345 0.027569444444444445
1 0.05185185185185185 0.9639087301587301 0.06676807760141094 0.03635912698412698
1 0.06250881834215168 0.8861979166666667 0.04972222222222222 0.030364583333333334
1 0.22268077601410935 0.6446701388888889 0.046168430335097 0.029965277777777775
1 0.8083289241622574 0.19158234126984128 0.05540564373897707 0.033960813492063494
1 0.8758112874779541 0.17859871031746033 0.06250881834215168 0.03516121031746032
1 0.31561728395061733 0.5583953373015873 0.043932980599647266 0.02601190476190476
1 0.4800485008818342 0.9567782738095238 0.0432363315696649 0.027408234126984128
1 0.8682010582010582 0.882750496031746 0.05257495590828924 0.0346329365079365
1 0.43333774250440915 0.5320213293650794 0.036111111111111115 0.024037698412698413
1 0.2777777777777778 0.410577876984127 0.032989417989417985 0.017671130952380952
1 0.5115828924162258 0.44180059523809523 0.050083774250440916 0.031098710317460317
1 0.770136684303351 0.46247271825396824 0.05984126984126984 0.029270833333333333
1 0.8690079365079365 0.1339112103174603 0.06504409171075838 0.04390625
1 0.49387566137566136 0.3059697420634921 0.05917548500881835 0.027140376984126986