2 0.8343080357142857 0.8246660052910053 0.022549603174603174 0.02462632275132275
2 0.9660069444444445 0.6178670634920636 0.026302083333333334 0.029345238095238094
2 0.9786433531746032 0.5673313492063492 0.02870535714285714 0.033091931216931214
2 0.6678124999999999 0.2336739417989418 0.023199404761904765 0.028339947089947092
2 0.8664236111111111 0.839209656084656 0.020101686507936506 0.024477513227513226
2 0.4553819444444444 0.19708333333333333 0.018678075396825398 0.020803571428571428
2 0.7471130952380952 0.23009920634920636 0.02640376984126984 0.027579365079365082
2 0.8487003968253969 0.8690145502645503 0.020962301587301585 0.027440476190476192
2 0.6589558531746031 0.38533068783068786 0.02003472222222222 0.021438492063492062
2 0.7205828373015872 0.8891203703703703 0.017829861111111112 0.020849867724867722
2 0.5308060515873015 0.8846660052910053 0.01778521825396825 0.020459656084656084
2 0.5774826388888888 0.41416997354497354 0.018234126984126985 0.02209325396825397
2 0.5689037698412699 0.7357043650793651 0.014312996031746033 0.014500661375661377
2 0.5075272817460317 0.8286011904761905 0.01738095238095238 0.024560185185185185
2 0.5962078373015872 0.3296428571428571 0.021490575396825397 0.022318121693121692
2 0.6085565476190475 0.6846097883597885 0.015853174603174605 0.01759589947089947
2 0.5418030753968255 0.6803769841269841 0.01411954365079365 0.02110780423280423
2 0.592671130952381 0.8663888888888889 0.015887896825396826 0.02
2 0.45903769841269837 0.7100066137566138 0.014568452380952382 0.015995370370370368
2 0.8463417658730158 0.20917989417989416 0.021436011904761906 0.0253042328042328
2 0.47012400793650794 0.5190939153439154 0.01593501984126984 0.017103174603174603
2 0.6291691468253968 0.858614417989418 0.015944940476190477 0.012113095238095239
2 0.41719742063492066 0.2930886243386243 0.020771329365079364 0.024097222222222225
2 0.48709573412698415 0.3699503968253968 0.017626488095238094 0.018941798941798944
2 0.5118452380952382 0.7493617724867725 0.011197916666666667 0.013703703703703702
2 0.5243154761904761 0.25322420634920634 0.015329861111111112 0.015793650793650794
2 0.5797966269841269 0.910244708994709 0.017996031746031746 0.01999669312169312
2 0.6797594246031746 0.350109126984127 0.016448412698412698 0.022589285714285715
2 0.9027232142857143 0.32978174603174604 0.01816964285714286 0.021554232804232805
2 0.6271130952380952 0.2965542328042328 0.019362599206349206 0.018630952380952383
2 0.41125496031746034 0.46949735449735447 0.01509672619047619 0.017910052910052907
2 0.5412375992063492 0.45303902116402117 0.012289186507936508 0.016418650793650794
2 0.6776860119047619 0.2768452380952381 0.015094246031746032 0.019153439153439155
2 0.27268353174603177 0.9446527777777778 0.02065972222222222 0.022533068783068783
2 0.916344246031746 0.5774702380952381 0.018583829365079366 0.020261243386243386
2 0.7631746031746032 0.933151455026455 0.01604166666666667 0.01851190476190476
2 0.4678794642857143 0.16637896825396825 0.02023561507936508 0.021554232804232805
2 0.7566294642857143 0.32749338624338625 0.016331845238095236 0.01763888888888889
2 0.7722445436507936 0.46697751322751324 0.014955357142857142 0.017645502645502645
2 0.5431448412698413 0.7713392857142858 0.01167906746031746 0.013892195767195767
2 0.46508680555555554 0.8128902116402116 0.014955357142857142 0.01375330687830688
2 0.724047619047619 0.924484126984127 0.015086805555555555 0.014586640211640212
2 0.45977430555555554 0.22842592592592592 0.012963789682539683 0.01645171957671958
2 0.5737251984126984 0.8816798941798941 0.012003968253968253 0.014662698412698414
2 0.3901686507936508 0.3230919312169312 0.016984126984126983 0.01886904761904762
2 0.8187549603174603 0.8492493386243387 0.015972222222222224 0.01985780423280423
2 0.31739087301587304 0.4359292328042328 0.008070436507936507 0.008472222222222223
2 0.6990277777777778 0.761084656084656 0.016254960317460317 0.015833333333333335
2 0.611532738095238 0.2162334656084656 0.020833333333333332 0.02174272486772487
2 0.4375446428571429 0.7535714285714287 0.014027777777777778 0.01199404761904762
2 0.6458581349206349 0.265734126984127 0.0208953373015873 0.021792328042328044
2 0.8481299603174602 0.3384259259259259 0.019109623015873014 0.020677910052910052
2 0.4777703373015873 0.7856349206349207 0.011964285714285715 0.013072089947089947
2 0.5558382936507936 0.7065376984126984 0.014692460317460318 0.01300925925925926
2 0.731765873015873 0.47322089947089946 0.014950396825396825 0.01718584656084656
2 0.28993551587301586 0.3782208994708995 0.00630952380952381 0.006613756613756613
2 0.31240575396825393 0.4588624338624338 0.006014384920634921 0.006332671957671957
2 0.5664037698412698 0.43422949735449734 0.015240575396825398 0.013201058201058201
2 0.9816294642857143 0.48398148148148146 0.01470982142857143 0.016742724867724868
2 0.5090302579365079 0.41724537037037035 0.011098710317460318 0.011858465608465608
2 0.2939136904761905 0.8214285714285714 0.015476190476190475 0.013617724867724867
2 0.9617931547619047 0.6470006613756614 0.018276289682539682 0.018621031746031746
2 0.5132093253968254 0.4050925925925926 0.014228670634920634 0.014814814814814814
2 0.8853819444444445 0.9891567460317461 0.01357638888888889 0.016709656084656084
2 0.4591840277777778 0.18162367724867726 0.02066468253968254 0.028521825396825396
2 0.4950694444444444 0.8233035714285715 0.013546626984126984 0.019345238095238096
2 0.39936011904761903 0.22138888888888889 0.01548611111111111 0.018346560846560847
2 0.389233630952381 0.22991732804232803 0.012477678571428572 0.014060846560846562
2 0.2884970238095238 0.38496031746031745 0.006267361111111111 0.007195767195767196
2 0.29513640873015873 0.3815145502645503 0.00540922619047619 0.0077546296296296295
2 0.30311755952380953 0.37749338624338624 0.006247519841269842 0.008482142857142856
2 0.2964409722222222 0.3416633597883598 0.005719246031746031 0.006081349206349207
2 0.3345585317460318 0.3625760582010582 0.007648809523809524 0.007139550264550264
2 0.2771651785714286 0.3805621693121693 0.006287202380952381 0.006729497354497355
2 0.28756448412698415 0.43670965608465606 0.003747519841269841 0.005486111111111111
2 0.256453373015873 0.3882473544973545 0.004975198412698412 0.005443121693121693
2 0.5237475198412699 0.7742129629629629 0.010843253968253967 0.013316798941798942
2 0.5224553571428572 0.7847156084656085 0.00826140873015873 0.00953042328042328