1 0.7157142857142857 0.25886160714285716 0.07003086419753086 0.043916170634920634
1 0.7342813051146384 0.3850793650793651 0.07005731922398588 0.04439484126984127
1 0.6154276895943562 0.587953869047619 0.05873015873015872 0.034962797619047616
1 0.5132848324514991 0.5636036706349206 0.05671957671957671 0.032467757936507934
1 0.573399470899471 0.11576140873015874 0.06352292768959435 0.04272073412698413
1 0.4961728395061728 0.23235863095238096 0.06847442680776014 0.03877976190476191
1 0.3396825396825397 0.4036483134920635 0.04631834215167548 0.039392361111111114
1 0.2997045855379189 0.3851810515873016 0.044320987654320985 0.039112103174603174
1 0.6212081128747796 0.21840029761904764 0.04867283950617284 0.03880208333333333
1 0.9816446208112874 0.1703000992063492 0.03528659611992945 0.03485863095238095
1 0.6754320987654322 0.37178819444444444 0.06249118165784832 0.04123263888888889
1 0.8044135802469136 0.05206845238095238 0.04125220458553792 0.02263888888888889
1 0.2545546737213404 0.08800595238095238 0.040246913580246915 0.02546875
1 0.36221340388007056 0.4853075396825397 0.06238095238095238 0.035654761904761904
1 0.11117724867724868 0.7940352182539683 0.059360670194003526 0.03056051587301587
1 0.019620811287477953 0.8073363095238095 0.029179894179894184 0.017544642857142856
1 0.6504717813051146 0.5563343253968254 0.05533950617283951 0.03056051587301587
1 0.2867504409171076 0.48502480158730155 0.05634479717813051 0.027165178571428573
1 0.7279453262786596 0.4066393849206349 0.06137566137566137 0.018675595238095238
1 0.9684126984126985 0.3757936507936508 0.04728835978835979 0.019243551587301587
1 0.792336860670194 0.3141046626984127 0.04125220458553792 0.018110119047619045
1 0.980432098765432 0.2750545634920635 0.039131393298059966 0.02037450396825397
1 0.4291225749559083 0.22638144841269842 0.06137566137566137 0.02942956349206349
1 0.04477513227513227 0.4106001984126984 0.037226631393298064 0.02433531746031746
1 0.4492416225749559 0.2945808531746032 0.05131393298059964 0.02659970238095238
1 0.6202865961199294 0.36051339285714284 0.06540123456790124 0.03395833333333333
1 0.22738977072310407 0.7422519841269842 0.04829365079365079 0.02659970238095238
1 0.3481261022927689 0.9075099206349206 0.05231922398589065 0.02433531746031746
1 0.6278350970017637 0.12762400793650794 0.04829365079365079 0.031128472222222224
1 0.20776895943562612 0.019526289682539683 0.03521604938271605 0.02320436507936508
1 0.2656216931216931 0.013015873015873015 0.040246913580246915 0.016979166666666667
1 0.7812698412698413 0.2759027777777778 0.033201058201058196 0.018675595238095238
1 0.7465608465608465 0.20204613095238094 0.05030864197530864 0.02942956349206349