2 0.9193033509700177 0.2765873015873016 0.06710317460317461 0.03650297619047619
1 0.8148324514991182 0.6390699404761905 0.07186507936507937 0.03706597222222222
1 0.4440520282186949 0.4804563492063492 0.05463844797178131 0.03564484126984127
2 0.3405952380952381 0.33505208333333336 0.03421516754850088 0.01765376984126984
2 0.8212389770723104 0.10517609126984127 0.0444973544973545 0.02517857142857143
2 0.5626366843033509 0.6940451388888889 0.04855379188712522 0.02914434523809524
1 0.14776455026455027 0.5763864087301587 0.05305555555555556 0.029424603174603176
2 0.6749735449735449 0.3398164682539683 0.053712522045855374 0.027953869047619047
2 0.07136243386243386 0.38769593253968254 0.03757495590828924 0.023807043650793648
2 0.9422883597883599 0.16933035714285716 0.052566137566137566 0.028933531746031745
2 0.4808950617283951 0.19431299603174604 0.04102292768959436 0.023891369047619047
1 0.09682098765432098 0.3410094246031746 0.04876984126984127 0.024069940476190474
2 0.6267724867724868 0.7111879960317461 0.059731040564373894 0.032896825396825397
2 0.25586860670194 0.4661111111111111 0.047469135802469135 0.029945436507936508
1 0.7345679012345679 0.49380704365079364 0.06498677248677248 0.03705109126984127
1 0.42108465608465606 0.24651785714285715 0.04389770723104056 0.026686507936507935
1 0.3100176366843034 0.5180456349206349 0.051344797178130515 0.027800099206349207
2 0.2521913580246914 0.35208829365079364 0.04744268077601411 0.025577876984126984
1 0.5638668430335096 0.4616592261904762 0.06425925925925927 0.037212301587301586
2 0.24270282186948855 0.3118576388888889 0.04092592592592592 0.025533234126984126
2 0.8359964726631394 0.13847222222222225 0.0430026455026455 0.02687251984126984
2 0.7608024691358025 0.18916666666666668 0.04572751322751323 0.025054563492063493
2 0.12365079365079365 0.3279464285714286 0.0341005291005291 0.024270833333333332
2 0.6900396825396825 0.1479935515873016 0.03630070546737214 0.02056795634920635
2 0.8642813051146385 0.11713789682539683 0.04534832451499118 0.02564980158730159
1 0.7517592592592592 0.6288988095238095 0.05432980599647266 0.0418030753968254
2 0.8096075837742505 0.20538690476190477 0.044638447971781306 0.025592757936507934
1 0.4248941798941799 0.3525992063492064 0.03635802469135802 0.023772321428571427
1 0.3597442680776014 0.3732738095238095 0.0349294532627866 0.019995039682539684
1 0.6765079365079365 0.5494766865079365 0.05950176366843033 0.03019593253968254
1 0.9639594356261024 0.9793105158730159 0.0720811287477954 0.04037450396825397
2 0.6764329805996473 0.06742063492063491 0.034250440917107584 0.021421130952380952
2 0.014528218694885364 0.4997420634920635 0.029052028218694886 0.024985119047619048
1 0.8400308641975309 0.5216021825396825 0.0612962962962963 0.031160714285714285
2 0.9833421516754849 0.8121924603174604 0.03331569664902998 0.02961309523809524
1 0.29285273368606707 0.5695634920634921 0.04337742504409171 0.02703125
2 0.9575970017636684 0.06273313492063493 0.04317019400352733 0.024972718253968254
2 0.5500793650793651 0.22510168650793652 0.02966931216931217 0.015109126984126985
1 0.9670767195767196 0.8682440476190477 0.054607583774250436 0.04089285714285714
2 0.7726278659611993 0.2185515873015873 0.03865961199294533 0.025458829365079365
1 0.7377954144620811 0.10055059523809524 0.037098765432098765 0.021867559523809525
1 0.07205026455026455 0.3391344246031746 0.03398589065255732 0.023705357142857143
1 0.04588183421516755 0.33072420634920635 0.03466490299823633 0.01988095238095238
1 0.045542328042328044 0.37201636904761903 0.029907407407407407 0.01988095238095238
1 0.200515873015873 0.37813492063492066 0.038064373897707234 0.01988095238095238
2 0.06151234567901234 0.6750198412698413 0.04690035273368607 0.024087301587301588
1 0.21376984126984128 0.5631870039682539 0.045542328042328044 0.022941468253968252
1 0.24571869488536155 0.5721701388888888 0.04690035273368607 0.025617559523809525
1 0.34257495590828924 0.5710243055555555 0.03262786596119929 0.0233234126984127
1 0.49007495590828926 0.6606820436507936 0.05709435626102293 0.02905753968253968
1 0.5043474426807759 0.6801810515873016 0.035343915343915344 0.01911706349206349
1 0.5750396825396825 0.7386805555555556 0.047579365079365075 0.02446924603174603
1 0.5165828924162257 0.7289310515873016 0.047579365079365075 0.02867559523809524
1 0.502989417989418 0.7449875992063492 0.03942239858906525 0.024087301587301588
1 0.5461507936507937 0.7490029761904762 0.038743386243386246 0.017586805555555553
2 0.9203350970017637 0.8763219246031746 0.053015873015873016 0.028293650793650794
1 0.7527821869488536 0.7719444444444444 0.05641534391534392 0.034409722222222223
1 0.7245767195767195 0.7969866071428571 0.059814814814814814 0.035558035714285716
1 0.6620414462081129 0.7692683531746032 0.05437830687830688 0.026763392857142857
1 0.7011243386243386 0.6792261904761905 0.05369929453262787 0.029439484126984126
1 0.6644223985890653 0.6471106150793651 0.05505731922398589 0.034791666666666665
1 0.8968827160493827 0.6838144841269841 0.04962081128747796 0.025617559523809525
1 0.48939594356261024 0.6048611111111112 0.04486331569664903 0.022941468253968252
1 0.4883730158730159 0.4798363095238095 0.042821869488536154 0.02523561507936508
1 0.5427513227513228 0.48098214285714286 0.05505731922398589 0.03135168650793651
1 0.800705467372134 0.29956349206349203 0.040784832451499116 0.024851190476190478
2 0.9213536155202823 0.16402281746031747 0.038743386243386246 0.02446924603174603
1 0.4856569664902998 0.2443154761904762 0.04010141093474427 0.02141121031746032
1 0.304510582010582 0.365515873015873 0.03670634920634921 0.01911706349206349
1 0.24537918871252204 0.33798859126984127 0.03398589065255732 0.018353174603174604
1 0.17242945326278658 0.33947420634920633 0.041005291005291 0.023655753968253968
2 0.5291225749559083 0.22813988095238097 0.015246913580246912 0.01034970238095238
2 0.6939329805996473 0.1596825396825397 0.02628747795414462 0.014193948412698412
2 0.6726410934744268 0.12375496031746032 0.028915343915343915 0.018630952380952383
1 0.6439902998236331 0.12375496031746032 0.029440035273368605 0.018038194444444447
1 0.7946031746031746 0.04139880952380952 0.0320679012345679 0.02069940476190476
2 0.8390255731922399 0.08279761904761904 0.033646384479717815 0.021292162698412696
1 0.5165079365079366 0.5365649801587301 0.028915343915343915 0.016855158730158727
1 0.5209744268077601 0.5548983134920634 0.0389021164021164 0.020404265873015873
1 0.8833641975308643 0.6353050595238096 0.046869488536155204 0.027095734126984128
1 0.6039858906525573 0.5019444444444444 0.0401278659611993 0.021125992063492065
2 0.46429453262786596 0.5552752976190476 0.028752204585537917 0.011654265873015874
1 0.5977072310405643 0.5784672619047619 0.030868606701940037 0.01569940476190476
2 0.9734435626102292 0.09413938492063492 0.024153439153439153 0.014362599206349205
1 0.4817195767195767 0.34802579365079367 0.03864638447971781 0.02135168650793651
1 0.11726631393298059 0.31033234126984127 0.031635802469135804 0.01994295634920635