1 0.7549338624338625 0.39422619047619045 0.04966049382716049 0.029362599206349208
1 0.37936067019400355 0.26716021825396824 0.04343033509700176 0.027956349206349207
1 0.761441798941799 0.4464707341269841 0.049933862433862435 0.031969246031746036
1 0.527663139329806 0.4459275793650794 0.04485008818342152 0.026686507936507935
1 0.28178130511463845 0.3577628968253968 0.05191358024691358 0.02786458333333333
1 0.23641975308641977 0.46421626984126985 0.057826278659612 0.03271329365079365
1 0.21059523809523809 0.6133655753968255 0.057050264550264546 0.031750992063492064
1 0.08337742504409171 0.6446825396825397 0.04927689594356261 0.02977926587301587
1 0.1475352733686067 0.45351686507936506 0.05110229276895944 0.02790674603174603
1 0.04135361552028219 0.4349751984126984 0.05833333333333334 0.02638888888888889
1 0.12034391534391534 0.582313988095238 0.047385361552028216 0.029935515873015874
1 0.2634038800705467 0.5378844246031746 0.04799382716049382 0.027919146825396823
1 0.38278218694885363 0.5947916666666666 0.05107583774250441 0.02593998015873016
1 0.44669753086419756 0.5771453373015873 0.042455908289241624 0.025384424603174603
1 0.3039550264550265 0.7902628968253969 0.049290123456790125 0.02898313492063492
1 0.3502292768959436 0.7936160714285715 0.04332010582010582 0.024112103174603175
1 0.33859347442680776 0.8090575396825397 0.046119929453262785 0.023563988095238096
1 0.6334567901234568 0.7642534722222222 0.04368606701940035 0.024935515873015873
1 0.6665828924162257 0.742470238095238 0.047063492063492064 0.024379960317460318
1 0.6553659611992945 0.6431597222222222 0.04934744268077602 0.02933779761904762
1 0.5417813051146384 0.4687698412698412 0.04337742504409171 0.024427083333333332
1 0.5795590828924162 0.49094742063492064 0.04100970017636685 0.021039186507936507
1 0.4836155202821869 0.43997767857142855 0.045498236331569665 0.02425595238095238
1 0.7851014109347442 0.4199032738095238 0.05095238095238095 0.02761904761904762
1 0.3108289241622575 0.3689781746031746 0.04652557319223986 0.029712301587301586
1 0.3324294532627866 0.2900545634920635 0.04395061728395062 0.028387896825396823
1 0.36328042328042326 0.6300074404761905 0.036247795414462075 0.027750496031746032
1 0.01810846560846561 0.4220535714285714 0.03621693121693122 0.02664434523809524