1 0.10292768959435626 0.604000496031746 0.06171075837742505 0.03554315476190476
1 0.11552469135802469 0.3701686507936508 0.07062169312169311 0.04127728174603175
1 0.11964285714285715 0.6530481150793651 0.06362874779541447 0.03616319444444444
1 0.6827689594356261 0.5573933531746031 0.05699294532627865 0.03232390873015873
1 0.17758377425044092 0.6490823412698412 0.05465167548500882 0.031180555555555555
1 0.15776014109347444 0.5891542658730158 0.05425925925925926 0.03389136904761905
1 0.8109700176366843 0.40539682539682537 0.0592283950617284 0.03167162698412698
1 0.7091402116402116 0.596220238095238 0.0418694885361552 0.027594246031746032
1 0.6013712522045855 0.05309771825396826 0.04138888888888889 0.022333829365079366
1 0.26753086419753086 0.7088045634920636 0.057336860670194 0.031140873015873018
1 0.36748677248677253 0.6781870039682539 0.062059082892416226 0.03420138888888889
1 0.3226763668430335 0.3155952380952381 0.07069223985890653 0.03338045634920635
1 0.6916225749559083 0.12678323412698414 0.03571869488536156 0.023983134920634922
1 0.05713403880070547 0.35376488095238096 0.06090828924162257 0.03627232142857143
1 0.01334215167548501 0.3490798611111111 0.02668430335097002 0.028209325396825396
1 0.05619929453262786 0.390406746031746 0.060198412698412695 0.029813988095238095
1 0.1243694885361552 0.39779761904761907 0.07103174603174603 0.029561011904761906
1 0.026997354497354496 0.4227132936507937 0.05399029982363316 0.03494047619047619
1 0.40738977072310406 0.5338665674603175 0.05261904761904762 0.03013888888888889
1 0.2630246913580247 0.5719345238095238 0.05961199294532627 0.02967261904761905
1 0.07513227513227513 0.7638467261904762 0.0476058201058201 0.029079861111111112
1 0.028095238095238093 0.7693055555555556 0.04458553791887125 0.030776289682539683
1 0.8074779541446208 0.6065699404761905 0.0603615520282187 0.033690476190476194
1 0.8447089947089947 0.560404265873016 0.06294973544973545 0.031436011904761904
1 0.9901499118165784 0.5271651785714286 0.019695767195767197 0.028794642857142855
1 0.2797574955908289 0.6785193452380952 0.05444885361552028 0.03148561507936508
1 0.4449559082892416 0.7005481150793651 0.043055555555555555 0.03156746031746032
1 0.8742636684303351 0.6106274801587303 0.05649470899470899 0.030458829365079366
1 0.7506701940035273 0.5349503968253968 0.04820546737213404 0.03088541666666667
1 0.3334567901234568 0.1924404761904762 0.05925925925925926 0.031006944444444445