1 0.3700485008818342 0.09958581349206348 0.07449294532627865 0.04462301587301587
1 0.035793650793650794 0.11428075396825396 0.07159171075837743 0.041359126984126984
1 0.09335978835978836 0.13387152777777778 0.053209876543209876 0.029387400793650792
1 0.32989858906525577 0.2271999007936508 0.05030864197530864 0.02666418650793651
1 0.1523721340388007 0.28270585317460317 0.08029982363315696 0.04190228174603174
1 0.02515432098765432 0.2086954365079365 0.05030864197530864 0.04843253968253968
1 0.0880379188712522 0.23781001984126984 0.07159171075837743 0.04244791666666667
1 0.20316578483245148 0.19563492063492063 0.03869929453262787 0.027752976190476192
1 0.2912522045855379 0.3734920634920635 0.059166666666666666 0.03300843253968254
1 0.2164814814814815 0.40596478174603173 0.05952380952380952 0.03591765873015873
1 0.44309082892416224 0.41140625 0.040634920634920635 0.027209821428571427
1 0.5820238095238095 0.44652281746031747 0.06308641975308643 0.031049107142857142
1 0.2587918871252205 0.57765625 0.06288359788359789 0.032108134920634926
1 0.9316490299823633 0.16135168650793652 0.03676366843033509 0.020133928571428573
1 0.8518342151675485 0.2881473214285714 0.03966490299823633 0.02122271825396825
1 0.9851763668430336 0.37222470238095234 0.02964726631393298 0.017413194444444443
1 0.9563227513227514 0.3850124007936508 0.03192680776014109 0.014692460317460318
1 0.8136243386243386 0.41521577380952385 0.034828042328042326 0.010882936507936508
1 0.87505291005291 0.8222693452380953 0.06094797178130511 0.034828869047619046
1 0.9040784832451498 0.7874404761904762 0.05708112874779542 0.03047371031746032
1 0.9904938271604938 0.8018625992063493 0.01900793650793651 0.02666418650793651
1 0.9543871252204587 0.8508382936507937 0.05708112874779542 0.031019345238095235
1 0.5654717813051147 0.9927628968253969 0.035793650793650794 0.01447420634920635
1 0.41406525573192243 0.8818576388888889 0.05224426807760141 0.029930555555555557
1 0.013059964726631394 0.7368303571428572 0.02611992945326279 0.02829861111111111
1 0.017416225749559082 0.7545163690476191 0.02902557319223986 0.019047619047619046
1 0.4198721340388007 0.7643129960317461 0.04256613756613757 0.02122271825396825
1 0.5862742504409172 0.9762748015873016 0.04256613756613757 0.02394345238095238
1 0.8876322751322752 0.6092187499999999 0.05901234567901235 0.0244890873015873
1 0.8552204585537919 0.47861359126984127 0.03869929453262787 0.02122271825396825
1 0.29555555555555557 0.41929811507936504 0.053209876543209876 0.011428571428571429
1 0.6050617283950617 0.7506746031746031 0.05499559082892416 0.03530257936507936
1 0.9166534391534391 0.4035168650793651 0.03386243386243386 0.014692460317460318
1 0.6201322751322752 0.3161731150793651 0.03869929453262787 0.017413194444444443
1 0.1165784832451499 0.34556051587301584 0.06094797178130511 0.019590773809523808
1 0.012094356261022928 0.4669146825396825 0.024184303350970018 0.02829861111111111
1 0.9215520282186949 0.5260714285714285 0.028858024691358026 0.018313492063492063
1 0.315462962962963 0.19645585317460318 0.04811728395061728 0.0267609126984127
1 0.4920414462081129 0.3576934523809524 0.03691798941798942 0.026495535714285715
1 0.43761904761904763 0.33281001984126984 0.03755731922398589 0.02255704365079365
1 0.19955467372134036 0.5408382936507936 0.042649911816578484 0.027569444444444445
1 0.8227248677248677 0.8236979166666667 0.04646825396825397 0.03473214285714286