1 0.5771781305114638 0.03757440476190476 0.11114197530864198 0.06618303571428572
1 0.06310405643738977 0.224905753968254 0.06856701940035273 0.04188740079365079
1 0.6013624338624339 0.37085565476190474 0.08875661375661376 0.04980902777777778
1 0.21094797178130512 0.05503224206349206 0.05629188712522046 0.048752480158730155
1 0.8206172839506173 0.3781597222222222 0.05940035273368607 0.04055307539682539
1 0.2868827160493827 0.05420138888888889 0.06305555555555555 0.039422123015873015
1 0.4290652557319224 0.3986904761904762 0.06749559082892417 0.04258184523809524
1 0.11694444444444445 0.15958829365079366 0.05100970017636684 0.03153521825396825
1 0.34009700176366847 0.29187748015873016 0.08331569664902999 0.05026289682539682
1 0.4271649029982363 0.3684424603174603 0.07104938271604938 0.03622271825396826
1 0.4731878306878307 0.021592261904761906 0.10615961199294532 0.043187003968253965
1 0.056499118165784824 0.6230555555555555 0.07171075837742504 0.042123015873015875
1 0.4273853615520282 0.7816641865079366 0.06830246913580247 0.03972718253968254
1 0.40408289241622575 0.009543650793650793 0.0641005291005291 0.019089781746031747
1 0.29913580246913585 0.015553075396825397 0.05278659611992945 0.031108630952380954
1 0.6573412698412698 0.34500992063492064 0.07792768959435627 0.04241815476190476
1 0.41288359788359785 0.484640376984127 0.04147707231040564 0.023330853174603174
1 0.2809082892416226 0.5309499007936508 0.05404320987654321 0.03959077380952381
1 0.7000749559082893 0.696031746031746 0.057817460317460316 0.027571924603174605
1 0.24006172839506174 0.4418675595238095 0.057817460317460316 0.031108630952380954
1 0.031419753086419755 0.24037698412698413 0.05027336860670194 0.02969246031746032
1 0.19921516754850088 0.2322470238095238 0.07164021164021163 0.03888392857142857
1 0.22937830687830688 0.23366071428571428 0.05656084656084656 0.04029761904761905
1 0.15962081128747796 0.24497271825396827 0.06284391534391534 0.03181547619047619
1 0.4210493827160494 0.2152777777777778 0.08546737213403881 0.057266865079365084
1 0.011313932980599647 0.2523958333333333 0.022623456790123456 0.026865079365079363
1 0.7396693121693121 0.10145337301587301 0.05404320987654321 0.026158234126984127