1 0.06746031746031746 0.24794146825396826 0.09502645502645503 0.058918650793650794
1 0.5702777777777778 0.20382688492063494 0.05534391534391534 0.03422123015873016
1 0.5228924162257496 0.07303571428571429 0.05825837742504409 0.035275297619047616
1 0.4348015873015873 0.02525297619047619 0.07067460317460317 0.05050595238095238
1 0.10341710758377426 0.3602455357142857 0.08265432098765432 0.04425099206349206
1 0.07608906525573192 0.4701959325396825 0.08546737213403881 0.044404761904761905
1 0.434620811287478 0.08083829365079365 0.06553350970017637 0.04085565476190476
1 0.7427292768959436 0.07637152777777778 0.0359347442680776 0.027115575396825395
1 0.10128747795414463 0.7583506944444445 0.056662257495590826 0.026666666666666665
1 0.6054497354497355 0.1668625992063492 0.05540564373897707 0.03756448412698413
1 0.2707539682539683 0.18935019841269843 0.060661375661375666 0.04019345238095238
1 0.6496252204585538 0.38978422619047615 0.038831569664903 0.03155009920634921
1 0.40890652557319224 0.37843253968253965 0.061790123456790115 0.038077876984126985
1 0.157689594356261 0.6122544642857143 0.06623015873015874 0.03764384920634921
1 0.695273368606702 0.01839781746031746 0.032328042328042324 0.02185515873015873
1 0.02242063492063492 0.46840773809523806 0.04484126984126984 0.04013888888888889
1 0.6538227513227512 0.1901488095238095 0.055890652557319224 0.03742311507936508
1 0.727226631393298 0.2205282738095238 0.050895061728395065 0.032333829365079364
1 0.9093562610229278 0.0874330357142857 0.028584656084656084 0.027266865079365078
1 0.8293342151675486 0.5719568452380953 0.04716490299823633 0.028246527777777777
1 0.31441798941798943 0.6013293650793651 0.03676366843033509 0.02829861111111111
1 0.8813447971781305 0.6601016865079365 0.040634920634920635 0.021768353174603173
1 0.1605952380952381 0.7509796626984127 0.02902557319223986 0.018501984126984127
1 0.1683377425044092 0.6998263888888888 0.02321869488536155 0.013060515873015871
1 0.23508818342151674 0.6386061507936508 0.06965608465608465 0.03319444444444444
1 0.5441887125220458 0.32542410714285713 0.029991181657848323 0.026121031746031743
1 0.6254541446208113 0.305562996031746 0.035793650793650794 0.025577876984126984
1 0.8673148148148148 0.2884201388888889 0.028055555555555556 0.01197172619047619
1 0.6496384479717814 0.2369940476190476 0.028055555555555556 0.019047619047619046
1 0.32506172839506176 0.20243799603174603 0.019347442680776015 0.029387400793650792
1 0.30522927689594354 0.20053323412698412 0.03192680776014109 0.03428323412698413
1 0.29845679012345677 0.16733878968253968 0.04933862433862434 0.029930555555555557
1 0.5553130511463845 0.013876488095238096 0.058046737213403886 0.027752976190476192
1 0.8450661375661376 0.006257440476190476 0.035793650793650794 0.012517361111111111
1 0.8876322751322752 0.03319444444444444 0.035793650793650794 0.022857142857142857
1 0.8474823633156966 0.19645089285714287 0.027089947089947088 0.018501984126984127
1 0.8184611992945326 0.1899206349206349 0.030956790123456788 0.014149305555555556
1 0.8247486772486773 0.1730530753968254 0.028055555555555556 0.015238095238095238
1 0.7420326278659612 0.35426587301587303 0.034828042328042326 0.01632688492063492
1 0.8731216931216931 0.6244568452380952 0.04353615520282187 0.025577876984126984
1 0.7231657848324515 0.6516666666666666 0.03192680776014109 0.019047619047619046
1 0.6747927689594356 0.6587400793650794 0.041600529100529096 0.0244890873015873
1 0.6070723104056437 0.6426860119047619 0.035793650793650794 0.021768353174603173
1 0.5127469135802469 0.6660863095238095 0.040634920634920635 0.018501984126984127
1 0.7652513227513227 0.10829365079365079 0.015480599647266313 0.009796626984126984
1 0.8034656084656084 0.062309027777777776 0.02611992945326279 0.010339781746031746
1 0.8634435626102293 0.09931547619047619 0.014510582010582009 0.009250992063492064
1 0.690273368606702 0.23345734126984125 0.020317460317460317 0.008707837301587302
1 0.6675396825396825 0.452219742063492 0.021283068783068786 0.022857142857142857
1 0.6138447971781306 0.46963541666666664 0.01064373897707231 0.014149305555555556
1 0.19348765432098763 0.625 0.03869929453262787 0.02122271825396825
1 0.7628306878306877 0.15591021825396825 0.028055555555555556 0.014692460317460318
1 0.5383818342151675 0.04761656746031746 0.04353615520282187 0.014692460317460318
1 0.40826278659612 0.1308779761904762 0.05030864197530864 0.028841765873015873
1 0.8542548500881835 0.12271329365079364 0.021283068783068786 0.013603670634920635
1 0.8237786596119929 0.017142857142857144 0.024184303350970018 0.014692460317460318