2 0.47453703703703703 0.13950892857142858 0.0496031746031746 0.035962301587301584
2 0.6117724867724867 0.06510416666666667 0.04298941798941799 0.026041666666666668
2 0.5505952380952381 0.05890376984126984 0.036375661375661374 0.021081349206349208
2 0.6415343915343915 0.052703373015873016 0.03306878306878307 0.018601190476190476
2 0.640707671957672 0.1661706349206349 0.028108465608465607 0.017361111111111112
2 0.018187830687830687 0.3131200396825397 0.036375661375661374 0.033482142857142856
2 0.03306878306878307 0.4253472222222222 0.06613756613756613 0.054563492063492064
2 0.0710978835978836 0.5239335317460317 0.03968253968253968 0.021081349206349208
2 0.19593253968253968 0.49975198412698413 0.044642857142857144 0.027281746031746032
2 0.15128968253968253 0.5450148809523809 0.06117724867724868 0.043402777777777776
2 0.05291005291005291 0.9040178571428571 0.10582010582010581 0.09672619047619048
2 0.4183201058201058 0.7421875 0.11243386243386243 0.08308531746031746
2 0.30753968253968256 0.455109126984127 0.056216931216931214 0.034722222222222224
2 0.19593253968253968 0.1314484126984127 0.044642857142857144 0.0248015873015873
2 0.5596891534391535 0.8767361111111112 0.04133597883597884 0.034722222222222224