1 0.9440388007054673 0.24108382936507936 0.10210758377425044 0.07075892857142857
1 0.8025088183421516 0.3351339285714286 0.07551146384479718 0.04939484126984127
1 0.6891754850088183 0.21249007936507935 0.10446208112874779 0.07064484126984126
1 0.5101058201058202 0.6326066468253968 0.07135802469135803 0.040939980158730155
1 0.577037037037037 0.5990575396825397 0.08342592592592593 0.04522569444444444
1 0.7344753086419753 0.5807961309523809 0.06603615520282187 0.04068204365079365
1 0.6706701940035273 0.6256473214285715 0.06789241622574956 0.044821428571428575
1 0.5842283950617284 0.24164186507936508 0.0925 0.05568948412698412
1 0.5865696649029982 0.6372966269841269 0.060630511463844794 0.028834325396825396
1 0.48134920634920636 0.5004067460317461 0.06381834215167549 0.03068204365079365
1 0.7235273368606702 0.6194494047619047 0.035454144620811284 0.03436259920634921
1 0.5037125220458554 0.5849330357142857 0.047451499118165784 0.03467013888888889
1 0.5759832451499118 0.6585689484126984 0.05345238095238095 0.016259920634920634
1 0.7452821869488536 0.3011061507936508 0.07690476190476189 0.047720734126984125
1 0.9593606701940035 0.1832390873015873 0.07247795414462081 0.040322420634920635
1 0.7181437389770723 0.3756994047619047 0.08558201058201058 0.04604662698412698
1 0.3832583774250441 0.35241319444444447 0.10046737213403881 0.0580828373015873
1 0.16232804232804235 0.029303075396825397 0.12000000000000001 0.058606150793650794