2 0.5839858906525573 0.317765376984127 0.13068342151675486 0.07888640873015873
1 0.6753174603174603 0.5496825396825398 0.08896825396825397 0.055845734126984126
1 0.583831569664903 0.5454737103174603 0.08712081128747795 0.05973958333333333
1 0.6591710758377425 0.44668650793650794 0.10458553791887125 0.06814484126984127
1 0.8530599647266314 0.7714955357142858 0.08664902998236332 0.05116071428571429
1 0.7954938271604939 0.7328670634920635 0.07770282186948853 0.043125
1 0.4553659611992945 0.9666294642857143 0.06955026455026456 0.0449280753968254
1 0.3680026455026455 0.8304811507936508 0.07308641975308641 0.042306547619047626
2 0.9032980599647266 0.5476785714285713 0.07981040564373898 0.05530505952380953
2 0.07276014109347444 0.6225719246031746 0.051150793650793655 0.0323561507936508
1 0.5039285714285715 0.8895510912698413 0.07405202821869487 0.04860615079365079
1 0.767473544973545 0.5519568452380952 0.09360229276895943 0.06623511904761904
2 0.13341710758377423 0.23777281746031748 0.06445326278659612 0.04324156746031746
1 0.25440917107583777 0.28958829365079364 0.08540564373897706 0.05644593253968254
2 0.7462389770723105 0.5878844246031746 0.09140652557319225 0.05735119047619048
1 0.2828703703703703 0.8229017857142857 0.06198853615520283 0.03902777777777778
1 0.03222663139329806 0.284109623015873 0.06445326278659612 0.04785218253968254
2 0.03544973544973545 0.36660714285714285 0.06950176366843033 0.05018353174603175
1 0.7223412698412698 0.7523164682539683 0.09171516754850088 0.05428075396825397
1 0.11100970017636684 0.4919518849206349 0.09835537918871252 0.04845982142857143
1 0.20070987654320988 0.517172619047619 0.0784700176366843 0.04594246031746032
1 0.03920634920634921 0.22318204365079367 0.06264991181657849 0.046371527777777775
1 0.013677248677248677 0.21260664682539682 0.02735890652557319 0.04494295634920635
1 0.4199559082892416 0.8661929563492063 0.0641225749559083 0.04344742063492064
1 0.9221516754850089 0.7625843253968253 0.06768518518518518 0.04577132936507937
1 0.507363315696649 0.6772792658730159 0.05755291005291005 0.041299603174603176
1 0.5990961199294532 0.6030753968253968 0.0976278659611993 0.04327628968253969
2 0.03241622574955908 0.472936507936508 0.06483245149911816 0.05798363095238095
2 0.0432363315696649 0.5112475198412698 0.0864726631393298 0.04728670634920635
2 0.022865961199294533 0.6231696428571428 0.045731922398589066 0.0339781746031746
1 0.5649823633156967 0.44094742063492065 0.08368165784832451 0.04556547619047619
1 0.48527777777777775 0.44369295634920636 0.08468253968253968 0.049623015873015874