1 0.5543253968253968 0.7201041666666667 0.05478395061728395 0.03732886904761905
1 0.5600132275132275 0.7721329365079365 0.05481481481481481 0.03625
1 0.6035097001763668 0.5058382936507937 0.07188712522045855 0.037762896825396824
1 0.6985626102292769 0.8372495039682539 0.05557319223985891 0.03563740079365079
1 0.3467857142857143 0.5562772817460317 0.05991622574955908 0.03823412698412698
1 0.4916754850088183 0.4767708333333333 0.059356261022927695 0.03832589285714286
1 0.8136552028218694 0.8265203373015874 0.05860229276895943 0.03438988095238095
1 0.6085670194003527 0.7088888888888888 0.05599647266313933 0.03170882936507936
1 0.6138007054673721 0.7721428571428572 0.047579365079365075 0.031123511904761904
1 0.8018386243386243 0.45177083333333334 0.06202821869488537 0.03553323412698413
1 0.48999118165784833 0.5463095238095238 0.04630070546737214 0.02970734126984127
1 0.866657848324515 0.6676984126984127 0.045110229276895945 0.03225694444444444
1 0.7137433862433863 0.7016765873015872 0.05122574955908289 0.02537450396825397
1 0.051609347442680774 0.6866220238095239 0.04664021164021164 0.020213293650793652
1 0.07110670194003528 0.7257589285714287 0.039757495590828924 0.02107390873015873
1 0.027526455026455027 0.7119965277777778 0.04128747795414462 0.02365327380952381
1 0.49545414462081133 0.8799429563492063 0.03822751322751323 0.020644841269841268
1 0.4526366843033509 0.882093253968254 0.03670194003527336 0.01806299603174603
1 0.6021119929453262 0.5246974206349206 0.06652116402116402 0.024084821428571428
1 0.5482098765432099 0.48556051587301585 0.04893298059964727 0.030106646825396825
1 0.5424735449735449 0.521686507936508 0.045110229276895945 0.014623015873015873
1 0.21638007054673722 0.19353670634920636 0.03822751322751323 0.01978422619047619
1 0.944647266313933 0.040426587301587304 0.0359347442680776 0.01978422619047619
1 0.9129144620811287 0.037418154761904764 0.029056437389770727 0.01892361111111111
1 0.8808024691358025 0.03591269841269842 0.030582010582010582 0.01763392857142857
1 0.9129144620811287 0.02193452380952381 0.03822751322751323 0.015483630952380952
1 0.15941798941798943 0.8240327380952381 0.037464726631393296 0.01806299603174603
1 0.13074514991181657 0.8375818452380953 0.03364197530864197 0.010751488095238095
1 0.11010141093474426 0.8218824404761904 0.029056437389770727 0.011183035714285715
1 0.8938007054673722 0.8524181547619047 0.039757495590828924 0.02236359126984127
1 0.8238403880070547 0.3369667658730159 0.05122574955908289 0.01763392857142857
1 0.980542328042328 0.25052083333333336 0.03891534391534392 0.02451388888888889
1 0.436194885361552 0.07397321428571428 0.037464726631393296 0.020644841269841268