1 0.5611860670194003 0.4835367063492063 0.08526014109347443 0.043742559523809524
1 0.6956746031746032 0.6386830357142858 0.08013668430335097 0.050342261904761904
1 0.8655511463844797 0.8782440476190476 0.06562610229276897 0.04169146825396825
1 0.14007495590828925 0.40404017857142854 0.06516754850088184 0.039553571428571424
1 0.33454585537918874 0.6210813492063492 0.06173280423280423 0.03847222222222222
1 0.28462522045855376 0.6301388888888888 0.05605820105820106 0.03986607142857143
1 0.47485449735449736 0.14753968253968253 0.03861552028218695 0.027197420634920633
1 0.30421075837742506 0.8279414682539683 0.05771604938271605 0.033695436507936515
1 0.4793606701940035 0.18944444444444444 0.04384038800705468 0.028038194444444445
1 0.31948853615520284 0.3625818452380953 0.046719576719576716 0.028804563492063492
1 0.38070546737213407 0.3198412698412698 0.03333333333333333 0.018382936507936508
1 0.3947574955908289 0.28068948412698413 0.027451499118165783 0.01433779761904762
1 0.584294532627866 0.3163492063492063 0.0352910052910053 0.02022073412698413
1 0.7901675485008818 0.3009077380952381 0.044444444444444446 0.026101190476190476
1 0.8081437389770723 0.2435565476190476 0.04771164021164021 0.027571924603174605
1 0.7659876543209877 0.25201388888888887 0.04313492063492064 0.023896329365079363
1 0.40488977072310406 0.23234375 0.042482363315696645 0.022058531746031746
1 0.43168430335096997 0.2226016865079365 0.034638447971781304 0.017279265873015873
1 0.08398589065255732 0.4146924603174603 0.06600970017636684 0.02720486111111111
1 0.11992945326278659 0.43821924603174606 0.058165784832451495 0.03455853174603175
1 0.35488977072310407 0.37958333333333333 0.0483641975308642 0.02683779761904762
1 0.17156084656084658 0.27756448412698415 0.02548941798941799 0.015441468253968254
1 0.6885361552028219 0.4957539682539683 0.05555555555555555 0.03198412698412698
1 0.5525970017636684 0.5150545634920635 0.032023809523809524 0.022058531746031746
1 0.4199206349206349 0.676078869047619 0.06731922398589066 0.03823412698412698
1 0.04529982363315697 0.859451884920635 0.049074074074074076 0.028665674603174603
1 0.10145061728395062 0.5470436507936508 0.05567901234567901 0.023888888888888887
1 0.11277777777777778 0.5098859126984128 0.05567901234567901 0.03238095238095238
1 0.8765211640211641 0.29824652777777777 0.04361992945326279 0.021552579365079365
1 0.9236772486772488 0.29857886904761904 0.04597883597883598 0.02950892857142857