2 0.40757275132275134 0.41108630952380953 0.03802910052910053 0.023561507936507936
2 0.6159060846560847 0.4513888888888889 0.0248015873015873 0.0248015873015873
2 0.6390542328042328 0.46688988095238093 0.03141534391534392 0.016121031746031748
2 0.6382275132275133 0.35652281746031744 0.03306878306878307 0.023561507936507936
2 0.46378968253968256 0.3410218253968254 0.04133597883597884 0.01984126984126984
2 0.9020469576719576 0.4996701388888889 0.024394841269841268 0.021780753968253967
2 0.047556216931216935 0.09191964285714285 0.007123015873015873 0.004714781746031746
2 0.047556216931216935 0.09710565476190476 0.005446428571428571 0.006284722222222222
2 0.09092592592592592 0.03425347222222223 0.013409391534391534 0.008799603174603174
2 0.08401124338624338 0.1066889880952381 0.012152777777777778 0.007857142857142858
2 0.004818121693121694 0.12287450396825397 0.009636243386243387 0.014456845238095237
2 0.004398148148148148 0.1965674603174603 0.008799603174603175 0.009114583333333334
2 0.002933201058201058 0.23490575396825397 0.005866402116402116 0.010369543650793652
2 0.12193121693121695 0.13685763888888888 0.00837962962962963 0.006599702380952381
2 0.09951388888888889 0.11281746031746032 0.008799603174603175 0.008169642857142856
2 0.1338723544973545 0.11564484126984126 0.008799603174603175 0.006914682539682539
2 0.027235449735449734 0.009898313492063491 0.00921957671957672 0.0072271825396825395
2 0.013197751322751321 0.0036135912698412698 0.010476190476190476 0.005969742063492063
2 0.0253505291005291 0.05907986111111111 0.011312830687830688 0.007542162698412698