2 0.891114417989418 0.46134424603174606 0.0052976190476190475 0.004193948412698413
2 0.8602050264550265 0.45129712301587305 0.0047089947089947095 0.0035317460317460317
2 0.8740410052910053 0.4526240079365079 0.0052976190476190475 0.003090277777777778
2 0.8559358465608465 0.45681795634920636 0.0050033068783068785 0.0035317460317460317
2 0.8622652116402115 0.4635515873015873 0.0047089947089947095 0.0028695436507936507
2 0.8653571428571429 0.47922867063492064 0.0055919312169312166 0.004193948412698413
2 0.8790443121693122 0.47713045634920637 0.006478174603174603 0.00441468253968254
2 0.8357705026455026 0.4949032738095238 0.006478174603174603 0.003752480158730159
2 0.8379761904761904 0.5078199404761905 0.0055919312169312166 0.0035317460317460317
2 0.799265873015873 0.4772420634920635 0.007066798941798942 0.005520833333333333
2 0.7870469576719578 0.4754737103174603 0.006180555555555556 0.003752480158730159
2 0.7930820105820107 0.46609126984126986 0.0058862433862433864 0.00441468253968254
2 0.8047123015873016 0.46189484126984126 0.006772486772486773 0.00441468253968254
2 0.8042691798941799 0.4590252976190476 0.0035317460317460317 0.0035317460317460317
2 0.8382705026455026 0.47558531746031746 0.00441468253968254 0.003090277777777778
2 0.8223743386243386 0.49402033730158734 0.0050033068783068785 0.003752480158730159
2 0.8117757936507937 0.4826512896825397 0.003826058201058201 0.0026488095238095238
2 0.8128075396825396 0.48485863095238096 0.0029431216931216932 0.0035317460317460317
2 0.8156051587301587 0.48485863095238096 0.0032374338624338622 0.0026488095238095238
2 0.9401322751322752 0.49909970238095236 0.0050033068783068785 0.0033110119047619047
2 0.9547023809523809 0.48739831349206353 0.0052976190476190475 0.003752480158730159
2 0.9682440476190476 0.4925868055555555 0.0058862433862433864 0.003090277777777778
2 0.9429265873015873 0.4424652777777778 0.0047089947089947095 0.0035317460317460317
2 0.9698644179894179 0.44908978174603176 0.003826058201058201 0.0026488095238095238
2 0.972662037037037 0.45118799603174603 0.004120370370370371 0.001986607142857143
2 0.97692791005291 0.4657589285714286 0.00441468253968254 0.002428075396825397
2 0.9739847883597883 0.47238343253968257 0.003826058201058201 0.002428075396825397
2 0.9717757936507937 0.4813268849206349 0.0047089947089947095 0.003090277777777778
2 0.9798743386243386 0.4758060515873016 0.003826058201058201 0.003090277777777778
2 0.9785482804232805 0.4691815476190476 0.0035317460317460317 0.0035317460317460317
2 0.9801686507936509 0.47238343253968257 0.0055919312169312166 0.0028695436507936507
2 0.9901752645502645 0.4834226190476191 0.0032374338624338622 0.0033110119047619047
2 0.2415707671957672 0.0876984126984127 0.053968253968253964 0.03854910714285714
2 0.6251256613756614 0.19394593253968254 0.039834656084656084 0.030357142857142857
2 0.1680059523809524 0.39463789682539685 0.07259920634920634 0.051076388888888886
2 0.27047949735449733 0.3939161706349206 0.056537698412698414 0.042884424603174605
2 0.374239417989418 0.32742063492063495 0.05846560846560847 0.04577628968253968
2 0.5965343915343916 0.29465277777777776 0.027625661375661376 0.0245734126984127
2 0.6251256613756614 0.29417162698412697 0.03212301587301587 0.02650297619047619
2 0.5123710317460318 0.32621527777777776 0.03276455026455027 0.021200396825396827
2 0.4818551587301588 0.39608382936507935 0.03212301587301587 0.025057043650793653
2 0.5451388888888888 0.37223214285714284 0.031481481481481485 0.0245734126984127
2 0.6347619047619047 0.40716765873015875 0.04240410052910053 0.034692460317460316
2 0.7211739417989418 0.4081299603174603 0.02634259259259259 0.01927331349206349
2 0.013171296296296296 0.4885987103174603 0.02634259259259259 0.044330357142857144
2 0.302281746031746 0.43535466269841266 0.03790674603174603 0.02650297619047619
2 0.36331679894179897 0.44788442460317457 0.05075396825396825 0.03613839285714286
2 0.3947982804232804 0.44161954365079364 0.03790674603174603 0.02650297619047619
2 0.7455886243386243 0.449811507936508 0.028912037037037038 0.020719246031746033
2 0.7584391534391535 0.46884424603174607 0.028912037037037038 0.021200396825396827
2 0.6813425925925927 0.49703125 0.03405092592592593 0.025538194444444443
2 0.2618088624338624 0.624000496031746 0.05974867724867725 0.034692460317460316
2 0.41600198412698414 0.6093030753968254 0.05589616402116402 0.03324900793650794
2 0.08577050264550265 0.6825471230158731 0.0571792328042328 0.03903025793650794
2 0.12720899470899472 0.6758010912698412 0.028267195767195767 0.018792162698412697
2 0.365244708994709 0.7541021825396825 0.036620370370370366 0.028911210317460315
2 0.4195337301587302 0.7439831349206348 0.02441468253968254 0.018311011904761903
2 0.4513359788359788 0.7162748015873016 0.028912037037037038 0.022646329365079366
2 0.38452050264550264 0.6972420634920635 0.043045634920634915 0.03180307539682539
2 0.5422453703703703 0.6719444444444445 0.03726190476190477 0.03228422619047619
2 0.5891468253968254 0.6774875992063493 0.03854828042328042 0.03180307539682539
2 0.6251256613756614 0.6856770833333333 0.041117724867724866 0.029875992063492063
2 0.7186044973544974 0.8237301587301588 0.023769841269841267 0.020719246031746033
2 0.7333829365079365 0.5536507936507937 0.027625661375661376 0.024092261904761905
2 0.6366898148148148 0.5502777777777778 0.04625661375661375 0.034692460317460316
2 0.6508234126984127 0.5714781746031745 0.041117724867724866 0.028911210317460315